0 0.997348 0.978945 0.004610 0.039074
0 0.002044 0.152460 0.004088 0.060754
0 0.993957 0.263503 0.010650 0.058777
0 0.003075 0.699526 0.006150 0.048997
0 0.995421 0.908417 0.007860 0.053688
0 0.687873 0.326353 0.041706 0.077153
0 0.844582 0.005733 0.029960 0.011402
0 0.663906 0.297021 0.046835 0.069765
0 0.411075 0.991691 0.035967 0.013830
0 0.830646 0.222550 0.045584 0.077996
0 0.993072 0.465890 0.012119 0.062943
0 0.794536 0.232636 0.054589 0.086377
0 0.968679 0.006065 0.036311 0.012131
0 0.007253 0.799269 0.014495 0.075285
0 0.865052 0.095777 0.048027 0.079464
0 0.794547 0.988845 0.038937 0.019269
0 0.335612 0.007962 0.037306 0.015914
0 0.877837 0.031701 0.044351 0.063105
0 0.654692 0.390282 0.047935 0.074131
0 0.676716 0.438701 0.044691 0.078000
0 0.987683 0.374312 0.022682 0.076550
0 0.987184 0.538123 0.023614 0.066449
0 0.753450 0.289559 0.049372 0.097008
0 0.879144 0.481730 0.044164 0.055153
0 0.874441 0.174881 0.045061 0.070118
0 0.875383 0.373904 0.042810 0.069187
0 0.067522 0.130358 0.037396 0.073157
0 0.654019 0.014367 0.049198 0.028661
0 0.612062 0.360182 0.043525 0.066079
0 0.105399 0.133072 0.047870 0.071440
0 0.621013 0.463898 0.052267 0.081944
0 0.541734 0.691494 0.049960 0.069362
0 0.749330 0.441661 0.046079 0.068682
0 0.592603 0.725288 0.047276 0.071751
0 0.897726 0.419753 0.046122 0.070552
0 0.733735 0.510569 0.051656 0.065902
0 0.966004 0.426042 0.045325 0.062049
0 0.017517 0.965596 0.035034 0.065622
0 0.615735 0.871737 0.043914 0.067575
0 0.943516 0.973154 0.051603 0.050248
0 0.785755 0.517074 0.050572 0.078936
0 0.576521 0.518093 0.047059 0.070977
0 0.747502 0.584106 0.046317 0.077375
0 0.586018 0.312424 0.044108 0.064260
0 0.877164 0.542289 0.047756 0.070182
0 0.014413 0.450498 0.028827 0.078879
0 0.917405 0.329494 0.048032 0.075575
0 0.595326 0.652279 0.043255 0.067127
0 0.625877 0.797897 0.046807 0.081491
0 0.827793 0.702331 0.043569 0.074030
0 0.638802 0.715087 0.047181 0.079557
0 0.487898 0.699651 0.052182 0.072470
0 0.210843 0.118997 0.053167 0.081383
0 0.798586 0.596849 0.044657 0.077783
0 0.980989 0.811419 0.035990 0.078844
0 0.558163 0.965817 0.046884 0.064967
0 0.546997 0.766576 0.054079 0.075672
0 0.969967 0.926708 0.046107 0.077233
0 0.677837 0.789865 0.049181 0.074550
0 0.556042 0.583469 0.052878 0.078523
0 0.903901 0.241617 0.054403 0.084880
0 0.858429 0.756774 0.048499 0.074807
0 0.840044 0.970318 0.047068 0.056085
0 0.025817 0.742167 0.046686 0.075998
0 0.494192 0.620755 0.049954 0.076157
0 0.699995 0.033556 0.049570 0.067112
0 0.978858 0.699298 0.040125 0.081983
0 0.868797 0.637827 0.047205 0.086655
0 0.321851 0.978499 0.049613 0.039534
0 0.947463 0.564947 0.048344 0.071552
0 0.818553 0.829325 0.049128 0.079057
0 0.933177 0.717787 0.049649 0.068005
0 0.965509 0.267895 0.047643 0.084934
0 0.464669 0.446250 0.044893 0.076371
0 0.928332 0.881694 0.047328 0.069919
0 0.172477 0.017294 0.047051 0.034587
0 0.614189 0.960325 0.060845 0.075880
0 0.431180 0.748315 0.056286 0.073067
0 0.700085 0.883074 0.052840 0.080233
0 0.021294 0.210018 0.042577 0.076032
0 0.799127 0.118729 0.053578 0.079625
0 0.747492 0.836068 0.042795 0.070730
0 0.515100 0.443604 0.048586 0.073967
0 0.090710 0.055170 0.046289 0.080006
0 0.916674 0.130941 0.045626 0.072006
0 0.369107 0.428046 0.049752 0.070741
0 0.915263 0.791979 0.046406 0.083375
0 0.033490 0.040083 0.044513 0.078982
0 0.972038 0.146727 0.053800 0.079978
0 0.238996 0.569127 0.046202 0.069118
0 0.948366 0.493524 0.060936 0.068588
0 0.482997 0.856959 0.048155 0.074016
0 0.736865 0.950198 0.049920 0.084382
0 0.417913 0.681014 0.052660 0.074127
0 0.552938 0.874575 0.051077 0.079811
0 0.140465 0.054723 0.047894 0.082020
0 0.522103 0.361352 0.047979 0.076406
0 0.710169 0.153078 0.047271 0.071013
0 0.611339 0.246688 0.048802 0.074538
0 0.317633 0.777138 0.049248 0.077295
0 0.873575 0.850017 0.054366 0.083703
0 0.199216 0.881845 0.052781 0.080819
0 0.387965 0.359739 0.047663 0.073059
0 0.308148 0.466700 0.046548 0.071733
0 0.349062 0.831219 0.050031 0.078066
0 0.377542 0.947942 0.046664 0.074120
0 0.730631 0.721955 0.048717 0.070356
0 0.526198 0.265259 0.049591 0.068864
0 0.381296 0.021868 0.050229 0.043735
0 0.626898 0.049389 0.051710 0.070151
0 0.195989 0.963145 0.050679 0.070318
0 0.262475 0.498514 0.044672 0.068114
0 0.217470 0.639247 0.056832 0.067796
0 0.618178 0.167088 0.046386 0.073723
0 0.040661 0.889206 0.048958 0.075640
0 0.320539 0.379031 0.052035 0.080281
0 0.382892 0.625922 0.052427 0.079277
0 0.348288 0.298743 0.045564 0.078956
0 0.454070 0.948115 0.050038 0.078991
0 0.220623 0.725449 0.049719 0.081526
0 0.409203 0.510246 0.050318 0.075484
0 0.098332 0.321695 0.050745 0.072330
0 0.355112 0.529388 0.054284 0.079162
0 0.504361 0.186798 0.051503 0.076696
0 0.149380 0.343218 0.047765 0.073026
0 0.443610 0.369704 0.052768 0.078683
0 0.140891 0.190492 0.050788 0.075165
0 0.160111 0.652151 0.047353 0.072816
0 0.063461 0.798336 0.051229 0.076907
0 0.215250 0.306767 0.049512 0.066315
0 0.117571 0.410917 0.047739 0.089357
0 0.158133 0.820774 0.051709 0.080603
0 0.197982 0.437661 0.051121 0.080283
0 0.236962 0.818920 0.048451 0.076453
0 0.063123 0.262701 0.048922 0.077170
0 0.281522 0.606328 0.052959 0.081995
0 0.027268 0.378065 0.049697 0.072745
0 0.262621 0.934114 0.058492 0.081768
0 0.344096 0.210160 0.048860 0.074269
0 0.151947 0.729513 0.048916 0.079431
0 0.026854 0.551019 0.047825 0.073547
0 0.409487 0.110931 0.046424 0.071558
0 0.103906 0.650940 0.055435 0.080486
0 0.517785 0.093787 0.046564 0.078019
0 0.085189 0.572395 0.047676 0.073061
0 0.072935 0.492669 0.044861 0.073989
1 0.483622 0.292610 0.041334 0.087008
2 0.010771 0.605483 0.021542 0.042908
2 0.359621 0.735399 0.024176 0.030989
2 0.227431 0.489869 0.023396 0.030989
2 0.092122 0.740167 0.017937 0.026222
2 0.514818 0.495828 0.017937 0.023838
2 0.573699 0.032777 0.020277 0.025030
2 0.951552 0.337306 0.019497 0.030989
2 0.788166 0.850417 0.017157 0.029797
2 0.910608 0.917163 0.023396 0.036949
3 0.664945 0.538737 0.115423 0.159714
3 0.807663 0.378427 0.104504 0.158522
2 0.263306 0.011323 0.020277 0.022646
2 0.285922 0.132896 0.023396 0.032181
1 0.322967 0.087604 0.044453 0.070322
1 0.148009 0.271059 0.049661 0.066722
1 0.298356 0.030442 0.055664 0.060884
1 0.067515 0.701835 0.057847 0.080901
1 0.253334 0.112177 0.045295 0.084237
1 0.290988 0.184737 0.057301 0.075897