0 0.010429 0.988880 0.020846 0.019674
0 0.588148 0.319177 0.040744 0.078088
0 0.475735 0.013019 0.046192 0.026037
0 0.006321 0.742884 0.012642 0.067060
0 0.491340 0.989636 0.036635 0.017821
0 0.993837 0.179186 0.010847 0.069928
0 0.973052 0.597970 0.034140 0.070872
0 0.157345 0.008921 0.041882 0.017841
0 0.555412 0.309506 0.053853 0.074874
0 0.705823 0.099869 0.051662 0.113027
0 0.978020 0.982788 0.041814 0.031853
0 0.013143 0.207511 0.026158 0.072533
0 0.984858 0.782384 0.028307 0.072060
0 0.936628 0.601857 0.050740 0.081747
0 0.384297 0.976306 0.048317 0.044715
0 0.385617 0.356346 0.036529 0.052617
0 0.986117 0.703146 0.025822 0.074027
0 0.574454 0.463803 0.052099 0.079323
0 0.370192 0.013816 0.039936 0.027621
0 0.853158 0.586600 0.051287 0.072578
0 0.667854 0.981123 0.046558 0.034874
0 0.812594 0.601491 0.044114 0.086873
0 0.613651 0.975652 0.044179 0.046500
0 0.020964 0.034998 0.041928 0.069996
0 0.981022 0.862098 0.036079 0.076762
0 0.119975 0.972452 0.045114 0.051783
0 0.017269 0.283215 0.034444 0.069530
0 0.670104 0.531498 0.040760 0.065441
0 0.532626 0.482143 0.048495 0.073243
0 0.709454 0.018595 0.042929 0.037145
0 0.127807 0.878756 0.045027 0.081118
0 0.561468 0.085661 0.049579 0.075369
0 0.707022 0.893705 0.049476 0.072608
0 0.021524 0.138786 0.043035 0.072231
0 0.238916 0.404219 0.043639 0.079394
0 0.362717 0.407929 0.056084 0.066270
0 0.738396 0.640380 0.044322 0.073631
0 0.836787 0.966436 0.048759 0.064149
0 0.975116 0.025574 0.047781 0.051119
0 0.022333 0.851061 0.044518 0.069389
0 0.470791 0.046593 0.048023 0.070484
0 0.110318 0.593199 0.046731 0.065948
0 0.624659 0.477561 0.048499 0.064269
0 0.233241 0.539886 0.043710 0.072602
0 0.072361 0.882058 0.049086 0.067210
0 0.904951 0.960543 0.051714 0.075797
0 0.067285 0.959944 0.046266 0.074721
0 0.543915 0.976921 0.043214 0.043437
0 0.761742 0.020536 0.052622 0.041072
0 0.983883 0.324627 0.030170 0.079150
0 0.588493 0.401493 0.043530 0.067312
0 0.581834 0.939424 0.044807 0.072665
0 0.885170 0.883101 0.049600 0.080130
0 0.171415 0.459003 0.044221 0.070289
0 0.365625 0.603036 0.052244 0.075532
0 0.863715 0.517411 0.058471 0.066182
0 0.171707 0.921549 0.049923 0.070751
0 0.731424 0.831950 0.049361 0.074254
0 0.084046 0.035668 0.043139 0.071336
0 0.417223 0.939556 0.048784 0.073927
0 0.038089 0.413344 0.048314 0.075009
0 0.495890 0.276667 0.046623 0.082058
0 0.226002 0.023421 0.050408 0.046842
0 0.919700 0.165161 0.044412 0.072640
0 0.059801 0.572592 0.050435 0.079923
0 0.034694 0.499848 0.050630 0.071958
0 0.530809 0.219962 0.049689 0.071696
0 0.872403 0.802260 0.046321 0.073627
0 0.371131 0.527471 0.052368 0.069350
0 0.325233 0.027762 0.044921 0.055524
0 0.347521 0.853118 0.045857 0.077634
0 0.261557 0.289611 0.045906 0.075565
0 0.215391 0.710554 0.055745 0.063853
0 0.157729 0.816917 0.049523 0.069902
0 0.794126 0.372415 0.039765 0.067160
0 0.638540 0.140671 0.061823 0.056743
0 0.269366 0.637659 0.046942 0.071681
0 0.188904 0.386256 0.050190 0.079293
0 0.596181 0.056456 0.047711 0.068982
0 0.594591 0.849530 0.047822 0.074019
0 0.755826 0.939093 0.048609 0.072489
0 0.344646 0.128812 0.040062 0.083555
0 0.921096 0.497273 0.047212 0.071863
0 0.175284 0.604556 0.055196 0.072823
0 0.283572 0.441159 0.049269 0.073341
0 0.143588 0.302991 0.044977 0.083275
0 0.574959 0.660499 0.048949 0.075628
0 0.199754 0.296510 0.046240 0.085072
0 0.713034 0.567889 0.047626 0.079199
0 0.298498 0.140904 0.046991 0.074675
0 0.629385 0.788819 0.048431 0.070878
0 0.675791 0.630622 0.044581 0.077549
0 0.918238 0.025303 0.047516 0.050606
0 0.309107 0.326090 0.044521 0.070545
0 0.626708 0.910811 0.050199 0.077920
0 0.208937 0.832838 0.046285 0.076389
0 0.747541 0.452613 0.045107 0.070108
0 0.277629 0.044109 0.042869 0.066162
0 0.086852 0.358850 0.044382 0.077358
0 0.461681 0.704826 0.045390 0.073337
0 0.744222 0.360222 0.045305 0.068286
0 0.543027 0.589102 0.053196 0.071626
0 0.696582 0.370638 0.040623 0.074403
0 0.113858 0.492273 0.049448 0.067442
0 0.816486 0.727933 0.048423 0.079952
0 0.757556 0.086140 0.052101 0.082688
0 0.870054 0.719687 0.050237 0.079799
0 0.801740 0.455919 0.053542 0.070987
0 0.697399 0.463231 0.044915 0.069999
0 0.283232 0.216498 0.053297 0.075350
0 0.547471 0.759154 0.049807 0.077413
0 0.173513 0.196403 0.050658 0.086857
0 0.407837 0.467914 0.052610 0.085702
0 0.490406 0.601862 0.043717 0.075161
0 0.762926 0.765106 0.049376 0.081420
0 0.432560 0.630181 0.049564 0.074018
0 0.610183 0.553171 0.046940 0.074643
0 0.964023 0.099598 0.050085 0.073822
0 0.057851 0.719917 0.052645 0.085732
0 0.638834 0.402319 0.048767 0.077879
0 0.240804 0.927087 0.053307 0.081195
0 0.470194 0.500887 0.045322 0.073051
0 0.392385 0.064421 0.055279 0.072754
0 0.315499 0.950227 0.049339 0.077372
0 0.392588 0.712047 0.050044 0.071787
0 0.184604 0.071749 0.042184 0.077366
0 0.765443 0.567936 0.047867 0.083831
0 0.652415 0.059975 0.052670 0.083605
0 0.284996 0.543953 0.052354 0.083616
0 0.869763 0.049933 0.049726 0.081462
0 0.478531 0.780485 0.054593 0.077512
0 0.856843 0.444231 0.048672 0.075917
0 0.828041 0.109200 0.049501 0.079261
0 0.453213 0.337461 0.049977 0.081597
0 0.370796 0.286437 0.053205 0.072316
0 0.502803 0.132506 0.047755 0.079877
0 0.390016 0.799913 0.051653 0.074416
0 0.942314 0.424623 0.051923 0.078488
0 0.110251 0.234378 0.051088 0.083051
0 0.473464 0.942446 0.052363 0.076158
0 0.394284 0.210359 0.054366 0.074435
0 0.933995 0.275740 0.048177 0.077236
0 0.743334 0.281333 0.054994 0.079413
0 0.806383 0.292255 0.050548 0.079674
0 0.644435 0.274341 0.047708 0.075207
0 0.882082 0.334904 0.053726 0.078221
1 0.704329 0.727652 0.041334 0.091776
2 0.801424 0.859356 0.029636 0.038141
2 0.950382 0.774136 0.024956 0.046484
2 0.767110 0.132300 0.024956 0.038141
2 0.799865 0.087008 0.023396 0.035757