0 0.449566 0.003013 0.030945 0.006025
0 0.002209 0.579942 0.004418 0.062214
0 0.299627 0.003598 0.029742 0.007197
0 0.071582 0.398294 0.045597 0.078360
0 0.270568 0.995455 0.032199 0.007772
0 0.424168 0.994201 0.032704 0.009879
0 0.051772 0.368818 0.044002 0.066913
0 0.414749 0.192798 0.045508 0.072627
0 0.376410 0.188373 0.046554 0.074695
0 0.113571 0.896416 0.050727 0.076797
0 0.083592 0.950444 0.046058 0.085173
0 0.150089 0.591382 0.047574 0.090810
0 0.125722 0.648599 0.045871 0.072730
0 0.994310 0.346092 0.009927 0.061226
0 0.324816 0.992243 0.044337 0.013184
0 0.344598 0.019800 0.039256 0.039600
0 0.317574 0.041719 0.050103 0.065349
0 0.053869 0.513293 0.043420 0.071490
0 0.043112 0.577710 0.045434 0.071726
0 0.991660 0.027793 0.015327 0.055493
0 0.871979 0.969568 0.052978 0.057971
0 0.013529 0.414048 0.026999 0.072041
0 0.551812 0.987050 0.039881 0.022734
0 0.986911 0.954755 0.024533 0.074192
0 0.856580 0.924701 0.049311 0.084384
0 0.106612 0.545152 0.037816 0.069575
0 0.018022 0.814576 0.036044 0.075076
0 0.989309 0.427567 0.019660 0.078053
0 0.014728 0.494310 0.029421 0.075325
0 0.132235 0.744210 0.048610 0.078484
0 0.108958 0.812693 0.048820 0.073347
0 0.126761 0.977648 0.048833 0.042327
0 0.085224 0.703991 0.051746 0.079231
0 0.038482 0.966803 0.040764 0.063209
0 0.182729 0.726656 0.049090 0.082997
0 0.550880 0.014682 0.044659 0.029321
0 0.531621 0.067612 0.047481 0.073268
0 0.062361 0.855178 0.049169 0.084794
0 0.647852 0.095080 0.069491 0.076245
0 0.495646 0.978951 0.047637 0.038900
0 0.657626 0.013811 0.048142 0.027601
0 0.195036 0.887307 0.049399 0.071822
0 0.018549 0.033787 0.037075 0.067574
0 0.360521 0.357004 0.046635 0.093148
0 0.014861 0.334820 0.029670 0.074065
0 0.209839 0.640092 0.056934 0.074596
0 0.246606 0.903016 0.049004 0.078784
0 0.979226 0.788904 0.039708 0.074569
0 0.390930 0.031854 0.041822 0.063656
0 0.404032 0.364131 0.045516 0.075969
0 0.017469 0.185071 0.034918 0.070729
0 0.240335 0.804700 0.041063 0.085142
0 0.733852 0.975005 0.041059 0.046753
0 0.090850 0.473972 0.045257 0.070762
0 0.899330 0.729375 0.041317 0.083381
0 0.786736 0.875514 0.042907 0.093807
0 0.500656 0.105258 0.055317 0.065809
0 0.862804 0.747884 0.045297 0.071112
0 0.684503 0.975969 0.047127 0.044958
0 0.068280 0.060443 0.042889 0.056238
0 0.804916 0.020452 0.055337 0.040873
0 0.715050 0.591168 0.048604 0.061532
0 0.663889 0.598388 0.043259 0.076941
0 0.980800 0.693422 0.036421 0.071787
0 0.488831 0.874306 0.046583 0.083976
0 0.726783 0.648575 0.046273 0.064278
0 0.788684 0.962720 0.049233 0.071245
0 0.944763 0.735543 0.042944 0.077971
0 0.140066 0.458183 0.041223 0.070396
0 0.982845 0.199308 0.032320 0.078060
0 0.080399 0.306193 0.045646 0.071565
0 0.334133 0.455392 0.045920 0.075342
0 0.958399 0.863803 0.044232 0.076695
0 0.317088 0.143851 0.036166 0.087384
0 0.358066 0.102655 0.044814 0.076383
0 0.400611 0.956998 0.050185 0.081622
0 0.911209 0.058151 0.038634 0.065585
0 0.310902 0.944324 0.048117 0.076226
0 0.075359 0.156929 0.042635 0.067204
0 0.856202 0.604892 0.049611 0.072720
0 0.456387 0.814284 0.048938 0.079525
0 0.916238 0.641966 0.046881 0.078153
0 0.408986 0.869315 0.046310 0.079229
0 0.597894 0.521356 0.039483 0.079543
0 0.839549 0.840642 0.056490 0.101082
0 0.530770 0.928768 0.056406 0.095527
0 0.308046 0.833635 0.054352 0.087304
0 0.049087 0.244734 0.047075 0.069397
0 0.626374 0.454059 0.043764 0.071886
0 0.491352 0.182702 0.045849 0.083160
0 0.531317 0.801884 0.043576 0.073325
0 0.496242 0.493018 0.039732 0.077208
0 0.402458 0.786579 0.050657 0.072698
0 0.640513 0.938854 0.049346 0.083053
0 0.217709 0.024813 0.050542 0.049627
0 0.252669 0.358478 0.044817 0.073702
0 0.230839 0.428482 0.046771 0.072876
0 0.550208 0.663525 0.039925 0.068254
0 0.810654 0.547554 0.041060 0.076978
0 0.109806 0.087331 0.046703 0.071524
0 0.793932 0.617369 0.035487 0.071517
0 0.269884 0.725247 0.048579 0.080178
0 0.110118 0.212249 0.043522 0.079335
0 0.704229 0.033127 0.044539 0.066126
0 0.752345 0.811808 0.044134 0.068338
0 0.504547 0.664753 0.044396 0.072322
0 0.953923 0.435080 0.044076 0.070826
0 0.563916 0.746484 0.042966 0.078933
0 0.030812 0.115164 0.053246 0.070710
0 0.293581 0.215149 0.050561 0.075771
0 0.800841 0.407919 0.051462 0.069920
0 0.586868 0.051860 0.045596 0.082436
0 0.436107 0.095518 0.046547 0.083478
0 0.477666 0.587155 0.045498 0.069067
0 0.131657 0.365655 0.052525 0.077745
0 0.609995 0.836886 0.042663 0.084862
0 0.157310 0.050766 0.042466 0.084697
0 0.872105 0.034436 0.047409 0.068873
0 0.310212 0.379607 0.049966 0.067657
0 0.610620 0.720439 0.045628 0.072265
0 0.840895 0.480774 0.048157 0.072282
0 0.976175 0.282349 0.045705 0.080291
0 0.667023 0.805256 0.054271 0.076206
0 0.303032 0.296523 0.047300 0.072837
0 0.736761 0.099159 0.043706 0.079573
0 0.693443 0.151532 0.052691 0.072058
0 0.189314 0.477716 0.044534 0.084605
0 0.807775 0.744444 0.051179 0.074552
0 0.953691 0.581042 0.045095 0.083805
0 0.673066 0.698707 0.048837 0.075375
0 0.292170 0.632211 0.045536 0.083289
0 0.928728 0.503554 0.049909 0.085978
0 0.477048 0.731341 0.049788 0.080843
0 0.474304 0.270063 0.045775 0.059910
0 0.644381 0.524965 0.045646 0.076788
0 0.197052 0.337058 0.055612 0.078788
0 0.713278 0.365809 0.051076 0.087133
0 0.793289 0.176905 0.046870 0.077015
0 0.630001 0.376109 0.049223 0.072422
0 0.386686 0.535608 0.051091 0.082869
0 0.761708 0.352898 0.046946 0.078405
0 0.812196 0.259981 0.047612 0.068954
0 0.423315 0.284983 0.047365 0.074803
0 0.878996 0.531289 0.043508 0.076847
0 0.581731 0.416944 0.049609 0.086708
0 0.746421 0.713650 0.048979 0.076629
0 0.546927 0.189396 0.048523 0.074632
0 0.656454 0.311947 0.047038 0.080285
0 0.409211 0.449989 0.047363 0.080061
0 0.163141 0.238990 0.045728 0.082685
0 0.214381 0.249612 0.043170 0.082697
0 0.902971 0.132959 0.043628 0.079336
0 0.229967 0.091647 0.056648 0.079767
0 0.853555 0.387959 0.047803 0.071061
0 0.758741 0.547902 0.052418 0.075650
0 0.662428 0.224989 0.049200 0.077149
0 0.373387 0.674502 0.047009 0.082093
0 0.154858 0.141337 0.051243 0.079321
0 0.545215 0.492607 0.046409 0.071904
0 0.926780 0.366277 0.049295 0.074415
0 0.449678 0.506734 0.045801 0.081931
0 0.850430 0.161811 0.047075 0.077713
0 0.931558 0.241259 0.043475 0.070740
0 0.815444 0.093344 0.053909 0.083472
0 0.472470 0.411316 0.051267 0.089465
0 0.543262 0.583997 0.046332 0.075447
0 0.951299 0.104838 0.052795 0.075455
0 0.602930 0.236988 0.049420 0.079024
0 0.887921 0.309278 0.051253 0.086733
1 0.681713 0.541716 0.028856 0.048868
2 0.006482 0.236591 0.012964 0.036949
2 0.214953 0.140048 0.018717 0.027414
2 0.370540 0.472586 0.021057 0.034565
2 0.287482 0.882598 0.018717 0.027414
2 0.641159 0.730632 0.017937 0.035757
2 0.962860 0.157330 0.020277 0.028605
2 0.612693 0.112038 0.020277 0.030989