0 0.565158 0.995060 0.026733 0.008000
0 0.995164 0.382520 0.008212 0.054413
0 0.183797 0.003074 0.030911 0.006106
0 0.994868 0.570874 0.008832 0.050581
0 0.003762 0.332026 0.007523 0.040702
0 0.004959 0.154192 0.009918 0.057957
0 0.994761 0.457609 0.008954 0.056753
0 0.492247 0.008070 0.036172 0.016107
0 0.992332 0.841353 0.013622 0.067315
0 0.767047 0.988570 0.035451 0.019896
0 0.570375 0.008940 0.038484 0.017880
0 0.985740 0.977053 0.026692 0.043015
0 0.351510 0.978258 0.045936 0.040349
0 0.654202 0.388579 0.044242 0.064814
0 0.018946 0.970843 0.037893 0.055397
0 0.990322 0.302684 0.017441 0.069753
0 0.340904 0.921471 0.047706 0.082388
0 0.517532 0.983425 0.045142 0.029899
0 0.176912 0.983643 0.046221 0.029542
0 0.060318 0.980158 0.045514 0.036527
0 0.093806 0.520474 0.037626 0.060660
0 0.609739 0.980863 0.043699 0.035152
0 0.982294 0.015425 0.033750 0.030849
0 0.571007 0.436732 0.044500 0.076346
0 0.981200 0.623265 0.035635 0.073434
0 0.014053 0.630019 0.028059 0.069936
0 0.324585 0.536960 0.044839 0.074440
0 0.816502 0.974273 0.040700 0.048317
0 0.016989 0.900825 0.033978 0.068368
0 0.016202 0.814395 0.032386 0.069862
0 0.657016 0.450976 0.054984 0.069827
0 0.721521 0.972714 0.039245 0.051327
0 0.713428 0.734756 0.051875 0.075049
0 0.436405 0.897547 0.047140 0.077465
0 0.438394 0.817342 0.045941 0.072862
0 0.669040 0.965001 0.040793 0.066724
0 0.015695 0.735055 0.031382 0.070480
0 0.380915 0.868377 0.049732 0.067282
0 0.390300 0.940564 0.042050 0.066255
0 0.778443 0.642719 0.043431 0.062218
0 0.497944 0.769309 0.044839 0.068838
0 0.730729 0.666447 0.049251 0.079017
0 0.461012 0.504971 0.043481 0.068228
0 0.535150 0.808074 0.042413 0.066796
0 0.287154 0.856687 0.043197 0.070465
0 0.937068 0.964351 0.041190 0.068008
0 0.177677 0.858477 0.043181 0.064477
0 0.940692 0.842911 0.046484 0.075235
0 0.728462 0.809951 0.050001 0.071214
0 0.762825 0.907092 0.042607 0.074847
0 0.331265 0.471955 0.043657 0.070657
0 0.553631 0.498636 0.049059 0.078578
0 0.018270 0.480461 0.036540 0.071729
0 0.396979 0.726004 0.049430 0.066281
0 0.485533 0.842919 0.048206 0.071754
0 0.594974 0.921398 0.050096 0.062427
0 0.509461 0.684114 0.048730 0.059429
0 0.095368 0.578514 0.042515 0.074553
0 0.964882 0.799754 0.043283 0.074357
0 0.555934 0.873324 0.044370 0.071946
0 0.316788 0.704925 0.045339 0.066198
0 0.811591 0.908758 0.044169 0.073664
0 0.854660 0.881736 0.041770 0.067416
0 0.716330 0.888156 0.046995 0.075406
0 0.054756 0.776669 0.042476 0.068998
0 0.798367 0.808691 0.046283 0.070938
0 0.151175 0.936782 0.042187 0.072179
0 0.600505 0.724638 0.045250 0.067910
0 0.396677 0.795483 0.047211 0.068875
0 0.638064 0.884605 0.044320 0.073980
0 0.764330 0.756318 0.044756 0.070490
0 0.552278 0.738576 0.045221 0.076350
0 0.889411 0.921130 0.044379 0.072627
0 0.201552 0.931708 0.048371 0.069207
0 0.773608 0.377478 0.042146 0.078704
0 0.984849 0.223567 0.028283 0.071305
0 0.978843 0.713292 0.039606 0.065530
0 0.370496 0.525637 0.051369 0.070531
0 0.018138 0.279963 0.036277 0.065977
0 0.804418 0.353138 0.042861 0.069781
0 0.802837 0.704228 0.050902 0.070808
0 0.703029 0.427526 0.045298 0.068735
0 0.197748 0.670969 0.042542 0.064231
0 0.900372 0.646972 0.042955 0.067088
0 0.345935 0.791406 0.043565 0.067830
0 0.428860 0.671004 0.041230 0.068846
0 0.024036 0.400591 0.047358 0.074438
0 0.388316 0.015377 0.045245 0.030754
0 0.852262 0.022859 0.047667 0.045640
0 0.565874 0.658314 0.045542 0.075120
0 0.522747 0.610236 0.040693 0.064954
0 0.653074 0.711145 0.053418 0.069597
0 0.090055 0.827747 0.046879 0.074745
0 0.299109 0.602064 0.046593 0.067223
0 0.687047 0.017643 0.042240 0.035286
0 0.169917 0.759109 0.044809 0.071455
0 0.138733 0.817243 0.045523 0.060799
0 0.671667 0.792226 0.048153 0.072673
0 0.099910 0.944561 0.051161 0.072974
0 0.889927 0.820816 0.041409 0.071843
0 0.221618 0.444374 0.044270 0.067023
0 0.617606 0.793074 0.048660 0.076766
0 0.629468 0.628941 0.046567 0.076761
0 0.232350 0.826922 0.048263 0.078092
0 0.820029 0.623121 0.048529 0.072437
0 0.784224 0.456974 0.043819 0.071502
0 0.275032 0.539336 0.044817 0.069456
0 0.729432 0.376379 0.038879 0.067101
0 0.386994 0.457146 0.039502 0.062022
0 0.297822 0.778511 0.045124 0.076540
0 0.141540 0.517586 0.042584 0.062972
0 0.650733 0.200955 0.042624 0.062820
0 0.502546 0.539457 0.043878 0.071616
0 0.149934 0.660454 0.041662 0.071631
0 0.459733 0.723218 0.052744 0.085152
0 0.597141 0.569374 0.057060 0.077312
0 0.156769 0.585311 0.045204 0.064578
0 0.237184 0.739500 0.044628 0.074640
0 0.109385 0.244976 0.044149 0.074107
0 0.249548 0.664284 0.049589 0.067040
0 0.209568 0.600109 0.046833 0.065873
0 0.930920 0.702139 0.049222 0.071308
0 0.122001 0.181443 0.045577 0.068018
0 0.872026 0.388594 0.039261 0.075385
0 0.788789 0.023272 0.044429 0.046545
0 0.064015 0.448283 0.042908 0.067587
0 0.227372 0.367439 0.042386 0.067194
0 0.136075 0.448203 0.042697 0.063457
0 0.283837 0.387258 0.042348 0.062822
0 0.059698 0.034370 0.047088 0.068517
0 0.089924 0.692612 0.047420 0.079823
0 0.455924 0.428282 0.045899 0.068846
0 0.710889 0.101514 0.046342 0.074832
0 0.064510 0.358207 0.044383 0.059083
0 0.457582 0.613890 0.050078 0.065489
0 0.728659 0.525232 0.044092 0.071825
0 0.279959 0.460245 0.046973 0.070200
0 0.600397 0.372369 0.046152 0.073207
0 0.031213 0.099322 0.053676 0.078504
0 0.548825 0.361413 0.048446 0.079745
0 0.744302 0.133551 0.045775 0.073925
0 0.806434 0.545684 0.048512 0.067046
0 0.460709 0.035158 0.043353 0.066937
0 0.939556 0.601113 0.042305 0.072652
0 0.922871 0.527083 0.048844 0.073490
0 0.621174 0.256759 0.043937 0.072918
0 0.475873 0.364032 0.045516 0.063557
0 0.856365 0.483135 0.044691 0.074111
0 0.191618 0.315196 0.046213 0.067451
0 0.642763 0.322477 0.045930 0.065730
0 0.690603 0.341649 0.046711 0.077282
0 0.818057 0.071857 0.048438 0.064269
0 0.057616 0.169581 0.048451 0.068140
0 0.222141 0.524640 0.047380 0.075245
0 0.518023 0.435011 0.050883 0.078895
0 0.869545 0.584618 0.043795 0.077852
0 0.106280 0.109137 0.047886 0.065515
0 0.244491 0.167209 0.045168 0.065233
0 0.044694 0.584663 0.047068 0.076380
0 0.332799 0.293105 0.046584 0.070890
0 0.857060 0.129471 0.047787 0.068334
0 0.576673 0.294104 0.044867 0.067362
0 0.826984 0.422169 0.048146 0.070826
0 0.428566 0.071257 0.045671 0.075472
0 0.233531 0.273722 0.044894 0.068973
0 0.912941 0.446849 0.043619 0.073701
0 0.612061 0.028350 0.046619 0.056700
0 0.861071 0.201050 0.044249 0.073453
0 0.490544 0.289857 0.048499 0.067093
0 0.380435 0.072539 0.040987 0.068909
0 0.964261 0.436301 0.048021 0.077034
0 0.139736 0.313180 0.044945 0.072859
0 0.362069 0.349071 0.051334 0.073857
0 0.736528 0.259260 0.043585 0.068906
0 0.735188 0.030804 0.043489 0.061607
0 0.954460 0.159757 0.048457 0.069633
0 0.193674 0.201207 0.045039 0.073733
0 0.193271 0.042193 0.043091 0.062478
0 0.411195 0.147382 0.045534 0.064168
0 0.113064 0.033101 0.050517 0.066202
0 0.274742 0.222861 0.045153 0.079778
0 0.536010 0.147951 0.040073 0.065779
0 0.382940 0.258417 0.048044 0.070078
0 0.686242 0.240867 0.047967 0.069306
0 0.335012 0.055251 0.044773 0.072327
0 0.222713 0.096983 0.046057 0.070432
0 0.547129 0.228658 0.046709 0.065347
0 0.063290 0.264649 0.045600 0.075193
0 0.357979 0.139432 0.041893 0.062350
0 0.428364 0.337949 0.046536 0.070458
0 0.309532 0.150691 0.042585 0.061153
0 0.664601 0.129249 0.045983 0.072351
0 0.909281 0.340470 0.047244 0.072634
0 0.425812 0.220127 0.040414 0.068219
0 0.862853 0.290711 0.045660 0.069440
0 0.794177 0.143577 0.044279 0.071605
0 0.887141 0.067580 0.046900 0.074856
0 0.475313 0.205985 0.046352 0.074491
0 0.964183 0.086062 0.047205 0.075725
0 0.270924 0.046093 0.046072 0.071386
0 0.815144 0.213611 0.048563 0.080205
0 0.159280 0.124342 0.051099 0.074642
0 0.490691 0.114531 0.050069 0.072222
0 0.586459 0.137192 0.052193 0.068044
1 0.115128 0.376043 0.049912 0.060787
3 0.365860 0.640048 0.097485 0.171633