0 0.496204 0.001491 0.032090 0.002914
0 0.995088 0.008119 0.008783 0.016237
0 0.727925 0.993664 0.032007 0.010153
0 0.632728 0.004045 0.028798 0.008089
0 0.994668 0.580346 0.009051 0.058414
0 0.992964 0.977177 0.012333 0.042559
0 0.994365 0.842303 0.009641 0.056656
0 0.925055 0.006877 0.035704 0.013753
0 0.005629 0.171201 0.011257 0.066450
0 0.009176 0.973868 0.018351 0.049222
0 0.006533 0.249634 0.013065 0.070070
0 0.008594 0.654185 0.017185 0.066692
0 0.007570 0.434051 0.015140 0.073415
0 0.023319 0.008943 0.042017 0.017886
0 0.238067 0.008836 0.037408 0.017646
0 0.990105 0.693375 0.017939 0.070900
0 0.286037 0.985790 0.041816 0.025134
0 0.581185 0.981889 0.047132 0.032907
0 0.852175 0.880784 0.049493 0.075967
0 0.665423 0.978773 0.048068 0.039191
0 0.826209 0.973693 0.049665 0.049446
0 0.240197 0.974663 0.039801 0.047360
0 0.831367 0.815833 0.048351 0.070450
0 0.288925 0.012902 0.045742 0.025774
0 0.458349 0.893708 0.043590 0.072103
0 0.020730 0.914492 0.041460 0.072569
0 0.121590 0.979476 0.044374 0.037781
0 0.489451 0.961003 0.047522 0.074282
0 0.439405 0.962760 0.046193 0.071037
0 0.884538 0.823479 0.042204 0.067292
0 0.016169 0.821074 0.032338 0.071974
0 0.053894 0.969092 0.050817 0.058442
0 0.078938 0.409321 0.043411 0.066698
0 0.507312 0.886592 0.048371 0.079790
0 0.038031 0.435608 0.037338 0.072483
0 0.680513 0.867144 0.044802 0.070023
0 0.834721 0.018072 0.047099 0.036144
0 0.979846 0.460132 0.038093 0.074106
0 0.521843 0.810262 0.044234 0.072124
0 0.468545 0.788726 0.047025 0.070545
0 0.148031 0.020440 0.051777 0.040881
0 0.176492 0.873623 0.043071 0.071396
0 0.352821 0.969768 0.045383 0.057099
0 0.948006 0.963662 0.052300 0.069244
0 0.611274 0.747868 0.048980 0.064836
0 0.579613 0.687778 0.051168 0.073689
0 0.541305 0.736818 0.051105 0.077928
0 0.650942 0.796601 0.047217 0.073352
0 0.752466 0.960094 0.048039 0.070979
0 0.453983 0.227419 0.042262 0.071218
0 0.121813 0.917282 0.049955 0.071869
0 0.109032 0.365834 0.045204 0.072172
0 0.983530 0.141960 0.030957 0.072201
0 0.592187 0.023334 0.042760 0.046668
0 0.027199 0.514145 0.044929 0.068380
0 0.031598 0.698442 0.043284 0.073692
0 0.577127 0.806154 0.048672 0.071739
0 0.369562 0.895923 0.044914 0.083572
0 0.363979 0.775002 0.058588 0.070356
0 0.624116 0.922503 0.049148 0.072727
0 0.634014 0.478729 0.042793 0.064864
0 0.380907 0.462148 0.046174 0.074647
0 0.029250 0.358567 0.052430 0.070537
0 0.087476 0.029396 0.047703 0.058731
0 0.093842 0.579804 0.041291 0.069757
0 0.492823 0.243197 0.045562 0.080101
0 0.481855 0.550539 0.048820 0.075301
0 0.664760 0.534898 0.048886 0.081927
0 0.443924 0.720681 0.051767 0.085030
0 0.030167 0.599983 0.042788 0.067099
0 0.072385 0.892321 0.047397 0.075391
0 0.760466 0.610420 0.051277 0.061528
0 0.500478 0.439405 0.040647 0.075271
0 0.102792 0.477681 0.051905 0.071389
0 0.212984 0.923838 0.048050 0.072889
0 0.084251 0.303779 0.043782 0.072232
0 0.823114 0.418474 0.042540 0.070070
0 0.131822 0.749295 0.041501 0.066023
0 0.514747 0.626259 0.046238 0.075727
0 0.270095 0.910718 0.047447 0.061239
0 0.076535 0.731449 0.047847 0.073556
0 0.713668 0.811328 0.046460 0.072778
0 0.373908 0.309633 0.040617 0.062463
0 0.945849 0.878721 0.051017 0.075041
0 0.275767 0.659051 0.043389 0.069744
0 0.737006 0.747480 0.047092 0.072104
0 0.786375 0.370508 0.038803 0.073323
0 0.917648 0.772583 0.049076 0.068657
0 0.186951 0.477247 0.047082 0.082450
0 0.563980 0.537204 0.041965 0.069151
0 0.062518 0.809706 0.052431 0.073806
0 0.313629 0.862171 0.047799 0.080652
0 0.458185 0.474880 0.045421 0.059496
0 0.230549 0.619529 0.042957 0.079883
0 0.807089 0.663293 0.043798 0.076463
0 0.733782 0.552897 0.045291 0.073543
0 0.783870 0.782071 0.048299 0.080464
0 0.182484 0.578554 0.047758 0.078757
0 0.666383 0.720637 0.045329 0.068570
0 0.036760 0.279596 0.053395 0.079753
0 0.370875 0.587903 0.045130 0.078923
0 0.370079 0.382260 0.046873 0.068190
0 0.340891 0.705221 0.049718 0.074848
0 0.225097 0.423445 0.047248 0.077542
0 0.093977 0.657832 0.047994 0.073324
0 0.269875 0.579233 0.043967 0.072363
0 0.409750 0.834211 0.053574 0.080826
0 0.476687 0.367326 0.044822 0.071352
0 0.552264 0.093801 0.041695 0.070850
0 0.696287 0.230449 0.043092 0.075233
0 0.539560 0.026179 0.051451 0.052240
0 0.409968 0.521601 0.044681 0.064392
0 0.346423 0.244920 0.045585 0.073372
0 0.844739 0.731741 0.049553 0.082673
0 0.550618 0.467448 0.047558 0.068875
0 0.531066 0.369359 0.046815 0.069835
0 0.237435 0.511114 0.046174 0.069077
0 0.145730 0.315583 0.045567 0.074791
0 0.240195 0.731979 0.044522 0.071909
0 0.454081 0.626088 0.052221 0.085012
0 0.130436 0.832529 0.055566 0.084668
0 0.273435 0.448022 0.046074 0.078894
0 0.135167 0.542821 0.046947 0.078348
0 0.229521 0.826892 0.046534 0.069304
0 0.418153 0.410656 0.042752 0.070466
0 0.961950 0.617518 0.046830 0.076091
0 0.577650 0.608133 0.046019 0.067021
0 0.916493 0.571099 0.044892 0.079976
0 0.424034 0.294568 0.048254 0.075457
0 0.295555 0.514000 0.045752 0.073498
0 0.392631 0.687846 0.048289 0.074717
0 0.651444 0.259923 0.043434 0.072336
0 0.853873 0.471992 0.042228 0.075351
0 0.751315 0.470334 0.048431 0.083143
0 0.578261 0.164891 0.042685 0.081539
0 0.276499 0.788303 0.051606 0.072241
0 0.534029 0.295933 0.047441 0.065349
0 0.491187 0.106431 0.042782 0.069562
0 0.045990 0.191272 0.049531 0.076120
0 0.635763 0.074886 0.043585 0.070433
0 0.440436 0.149708 0.049953 0.078371
0 0.176023 0.721598 0.046563 0.066673
0 0.305812 0.134297 0.048643 0.073260
0 0.721301 0.025515 0.047291 0.051030
0 0.581145 0.246521 0.044023 0.067517
0 0.394035 0.040994 0.041666 0.075031
0 0.728630 0.094648 0.045487 0.067660
0 0.622675 0.322985 0.049235 0.074416
0 0.179420 0.382329 0.050037 0.072126
0 0.873879 0.060188 0.042607 0.075754
0 0.861501 0.644028 0.045929 0.080621
0 0.631504 0.402692 0.050311 0.074146
0 0.776920 0.045326 0.047524 0.077316
0 0.449526 0.066538 0.042443 0.074382
0 0.958168 0.725061 0.046941 0.079750
0 0.192578 0.133771 0.040830 0.075077
0 0.865673 0.554631 0.049654 0.070903
0 0.230270 0.339428 0.042186 0.079448
0 0.851171 0.316340 0.049296 0.068957
0 0.771422 0.295230 0.043122 0.067397
0 0.815669 0.149421 0.044383 0.075021
0 0.765334 0.146590 0.047007 0.075497
0 0.713060 0.364508 0.049017 0.070784
0 0.345706 0.057044 0.046649 0.079372
0 0.889519 0.258948 0.044969 0.073098
0 0.384500 0.196674 0.051044 0.077109
0 0.722212 0.283845 0.046526 0.071976
0 0.956861 0.038068 0.047262 0.075129
0 0.249835 0.264749 0.043323 0.067445
0 0.209346 0.211106 0.050333 0.074147
0 0.934017 0.348572 0.047130 0.073628
0 0.961042 0.201567 0.047360 0.070948
0 0.082567 0.131561 0.055116 0.084548
0 0.675583 0.132996 0.046744 0.079777
0 0.959764 0.280456 0.047613 0.069757
0 0.826918 0.239083 0.049413 0.075847
0 0.909905 0.122753 0.049342 0.062995
0 0.916090 0.488706 0.051110 0.069425
0 0.193675 0.295655 0.045217 0.074776
0 0.317349 0.324369 0.053579 0.082135
0 0.238229 0.093411 0.045903 0.076796
1 0.473484 0.301549 0.047573 0.064362
2 0.694191 0.494636 0.022617 0.040524
2 0.319067 0.085221 0.016378 0.029797