0 0.005574 0.199940 0.011149 0.061354
0 0.988766 0.524045 0.020455 0.076186
0 0.993647 0.729286 0.011131 0.058887
0 0.992657 0.016199 0.013399 0.032398
0 0.988454 0.641723 0.021208 0.071931
0 0.990732 0.437437 0.016761 0.069609
0 0.989730 0.857544 0.018966 0.079581
0 0.368439 0.986387 0.043324 0.024018
0 0.014230 0.969164 0.028461 0.058622
0 0.989711 0.219486 0.018812 0.062294
0 0.773642 0.984682 0.047802 0.027557
0 0.026310 0.013208 0.036766 0.026417
0 0.987095 0.146268 0.024134 0.068998
0 0.659110 0.876710 0.053165 0.059013
0 0.213499 0.982688 0.047490 0.031542
0 0.845265 0.980031 0.047593 0.036827
0 0.014401 0.532199 0.028801 0.082164
0 0.712756 0.908932 0.050944 0.076454
0 0.721645 0.976757 0.048746 0.043296
0 0.752448 0.874282 0.045943 0.068097
0 0.046376 0.851634 0.049753 0.070595
0 0.744178 0.798848 0.043519 0.079351
0 0.015281 0.281391 0.030518 0.072817
0 0.538924 0.014629 0.043502 0.029258
0 0.060244 0.915427 0.051274 0.071159
0 0.020943 0.697374 0.041887 0.078583
0 0.019088 0.798219 0.038176 0.073173
0 0.705778 0.685851 0.045486 0.067432
0 0.124116 0.867887 0.049533 0.071692
0 0.017244 0.446176 0.034457 0.068868
0 0.964712 0.681382 0.041262 0.074365
0 0.544967 0.963279 0.047889 0.069735
0 0.267901 0.894348 0.050245 0.069874
0 0.359276 0.021610 0.049762 0.043154
0 0.794445 0.940402 0.047139 0.069636
0 0.606640 0.906369 0.042839 0.073251
0 0.515279 0.896254 0.048892 0.077760
0 0.889809 0.801502 0.044156 0.067792
0 0.882150 0.891115 0.045962 0.079136
0 0.070240 0.739948 0.047036 0.073155
0 0.845820 0.766864 0.045892 0.068468
0 0.128039 0.017040 0.044108 0.034080
0 0.981581 0.069739 0.034970 0.072210
0 0.973942 0.362360 0.046742 0.068614
0 0.088679 0.814115 0.045588 0.073831
0 0.249689 0.720167 0.044274 0.065757
0 0.620765 0.021155 0.055854 0.042311
0 0.943553 0.891838 0.051685 0.080249
0 0.186496 0.941150 0.045032 0.078228
0 0.322545 0.970963 0.042292 0.054850
0 0.134840 0.782438 0.051387 0.088277
0 0.531932 0.737229 0.049314 0.083826
0 0.857102 0.688972 0.049900 0.073543
0 0.865594 0.416185 0.050054 0.074567
0 0.811938 0.833568 0.047605 0.072241
0 0.479540 0.672440 0.043169 0.074208
0 0.941109 0.813240 0.045207 0.064347
0 0.021381 0.069715 0.042761 0.078572
0 0.936614 0.739461 0.046422 0.071203
0 0.640640 0.656098 0.050023 0.074165
0 0.028076 0.604962 0.047383 0.077148
0 0.585426 0.628017 0.052000 0.072275
0 0.944505 0.596206 0.049605 0.069115
0 0.387521 0.943868 0.054054 0.061504
0 0.760272 0.716958 0.045239 0.072975
0 0.360011 0.870476 0.044157 0.069822
0 0.977118 0.288708 0.043613 0.064271
0 0.386424 0.435188 0.041214 0.068321
0 0.274408 0.963678 0.048698 0.069123
0 0.577930 0.703604 0.050359 0.072773
0 0.518744 0.622852 0.049542 0.073182
0 0.221132 0.665328 0.048758 0.073372
0 0.357322 0.674682 0.047421 0.067707
0 0.610789 0.569045 0.050096 0.067941
0 0.224346 0.783090 0.045557 0.072388
0 0.442827 0.450105 0.050566 0.070838
0 0.822906 0.604521 0.049017 0.073871
0 0.900142 0.635376 0.047892 0.081158
0 0.153817 0.703825 0.043715 0.068074
0 0.723078 0.607714 0.046157 0.079483
0 0.943831 0.422434 0.051610 0.078299
0 0.557847 0.050005 0.049110 0.065343
0 0.037997 0.216475 0.044677 0.072314
0 0.269214 0.813688 0.046161 0.077498
0 0.590520 0.803491 0.047673 0.077925
0 0.263457 0.447287 0.043351 0.066146
0 0.116708 0.533868 0.046955 0.075688
0 0.325547 0.820109 0.051768 0.082203
0 0.097921 0.674965 0.054368 0.079760
0 0.418256 0.382551 0.049141 0.076298
0 0.121554 0.334270 0.047419 0.074700
0 0.303833 0.588543 0.042727 0.062632
0 0.353698 0.752695 0.048001 0.074966
0 0.066984 0.043997 0.051051 0.083882
0 0.439836 0.778352 0.051655 0.075524
0 0.431195 0.695492 0.050272 0.082890
0 0.846729 0.349480 0.047555 0.070785
0 0.340276 0.438110 0.040631 0.067743
0 0.762298 0.427136 0.046213 0.079004
0 0.718570 0.407205 0.045397 0.074789
0 0.123116 0.104229 0.045114 0.071002
0 0.469399 0.377137 0.045696 0.073012
0 0.701548 0.503373 0.045485 0.071540
0 0.199538 0.319707 0.044721 0.064501
0 0.173613 0.833696 0.049702 0.076316
0 0.436275 0.554201 0.046591 0.068409
0 0.408880 0.875242 0.046791 0.073254
0 0.088623 0.590509 0.049696 0.078502
0 0.498322 0.228507 0.055223 0.074786
0 0.785251 0.029439 0.044983 0.058878
0 0.944220 0.521537 0.050696 0.073232
0 0.670775 0.571342 0.050853 0.080834
0 0.603034 0.476956 0.046441 0.076980
0 0.142681 0.599069 0.048559 0.078556
0 0.877140 0.525780 0.051472 0.083684
0 0.379018 0.517580 0.049270 0.079196
0 0.063271 0.462694 0.045853 0.066072
0 0.279946 0.380953 0.046765 0.074943
0 0.822951 0.290843 0.048596 0.067459
0 0.090671 0.267867 0.047691 0.070017
0 0.362888 0.598873 0.045331 0.070829
0 0.191097 0.610318 0.044487 0.076111
0 0.215250 0.433324 0.045901 0.073192
0 0.774058 0.579128 0.044071 0.073153
0 0.299903 0.664164 0.048994 0.076440
0 0.523839 0.543393 0.051000 0.075994
0 0.062141 0.350535 0.046889 0.071964
0 0.520101 0.291577 0.048233 0.068316
0 0.528827 0.363377 0.045949 0.066989
0 0.233563 0.363700 0.040961 0.068206
0 0.167060 0.384072 0.052486 0.073496
0 0.155747 0.153106 0.054687 0.081197
0 0.656648 0.249942 0.047963 0.071148
0 0.180908 0.056369 0.046120 0.080281
0 0.231109 0.031254 0.051548 0.062481
0 0.670071 0.033190 0.044294 0.066281
0 0.567525 0.116980 0.043004 0.076523
0 0.295897 0.515218 0.046424 0.071103
0 0.241218 0.524559 0.047167 0.072261
0 0.533437 0.173321 0.048506 0.077101
0 0.557807 0.425404 0.049322 0.081549
0 0.882504 0.259117 0.043356 0.066036
0 0.226161 0.102594 0.048635 0.063930
0 0.650875 0.154534 0.050123 0.077155
0 0.926953 0.186514 0.048008 0.065433
0 0.897191 0.338323 0.048443 0.080445
0 0.763248 0.306810 0.045436 0.070179
0 0.424318 0.293910 0.047137 0.071909
0 0.085764 0.179858 0.052162 0.079863
0 0.167159 0.481907 0.048861 0.070681
0 0.329461 0.275035 0.045930 0.070243
0 0.233377 0.172561 0.050970 0.074218
0 0.368524 0.118424 0.049065 0.070580
0 0.459650 0.038863 0.047406 0.069098
0 0.763932 0.093476 0.054135 0.071610
0 0.843484 0.071848 0.046650 0.075376
0 0.297343 0.215231 0.047961 0.075546
0 0.357599 0.333853 0.046889 0.070278
0 0.776173 0.231385 0.049064 0.071660
0 0.395208 0.051608 0.052386 0.078175
0 0.611292 0.213327 0.049134 0.077839
0 0.792286 0.153654 0.046990 0.070824
0 0.704232 0.175941 0.045758 0.072086
0 0.496548 0.107229 0.049770 0.083263
0 0.348619 0.190965 0.047353 0.073472
0 0.561489 0.251033 0.052722 0.080920
0 0.721355 0.258359 0.049852 0.078625
0 0.850486 0.202627 0.049735 0.078273
0 0.627522 0.084625 0.054126 0.082965
0 0.925320 0.112139 0.055246 0.078247
3 0.683272 0.795590 0.108404 0.175209
5 0.157632 0.258641 0.080328 0.112038