0 0.881768 0.001290 0.036352 0.002571
0 0.460176 0.002464 0.025719 0.004928
0 0.001953 0.212162 0.003906 0.053581
0 0.060906 0.002070 0.031000 0.004140
0 0.996658 0.636256 0.005873 0.050042
0 0.003767 0.777083 0.007534 0.046854
0 0.004809 0.380884 0.009618 0.064350
0 0.568235 0.991396 0.034178 0.014380
0 0.994319 0.943987 0.009944 0.056662
0 0.793375 0.990190 0.035727 0.016914
0 0.977441 0.990120 0.037779 0.016919
0 0.993687 0.140188 0.011071 0.061154
0 0.546267 0.006870 0.036217 0.013741
0 0.993284 0.854817 0.011918 0.065538
0 0.409582 0.007404 0.037819 0.014800
0 0.989059 0.316030 0.020057 0.062011
0 0.014176 0.918511 0.028352 0.068747
0 0.656982 0.010417 0.047980 0.020835
0 0.159970 0.011322 0.043003 0.022645
0 0.981711 0.731916 0.034679 0.071558
0 0.124782 0.383359 0.052388 0.065524
0 0.025007 0.978325 0.048674 0.040378
0 0.020280 0.850354 0.040561 0.073632
0 0.669415 0.589939 0.043167 0.064154
0 0.016570 0.713831 0.033096 0.065280
0 0.776106 0.011719 0.051319 0.023438
0 0.408774 0.978929 0.045007 0.038887
0 0.982209 0.531112 0.033675 0.069460
0 0.017896 0.556012 0.035792 0.070187
0 0.305311 0.426849 0.042461 0.067939
0 0.114000 0.333800 0.049736 0.072338
0 0.423235 0.460367 0.043316 0.078678
0 0.481572 0.979800 0.048856 0.037013
0 0.916288 0.973364 0.048864 0.050159
0 0.285986 0.910233 0.045753 0.079184
0 0.671945 0.533526 0.047852 0.065311
0 0.330161 0.905448 0.049360 0.071606
0 0.735405 0.966902 0.045811 0.063050
0 0.296779 0.364287 0.050110 0.066419
0 0.264698 0.971580 0.049744 0.053655
0 0.064818 0.311765 0.049722 0.071920
0 0.969125 0.794056 0.050077 0.074586
0 0.133023 0.611054 0.045494 0.070594
0 0.947862 0.017123 0.048284 0.034246
0 0.418389 0.853102 0.049772 0.068998
0 0.095072 0.877916 0.044762 0.067156
0 0.093978 0.465590 0.042103 0.066732
0 0.418977 0.920063 0.050616 0.071758
0 0.720090 0.906913 0.051460 0.070835
0 0.662390 0.973322 0.045682 0.050300
0 0.338494 0.842009 0.043847 0.060945
0 0.233927 0.361705 0.041100 0.067816
0 0.164473 0.955516 0.044827 0.067533
0 0.076444 0.949220 0.042466 0.078502
0 0.037674 0.367402 0.049360 0.077185
0 0.974853 0.265723 0.047150 0.068451
0 0.397237 0.164612 0.039530 0.085678
0 0.290798 0.127119 0.048548 0.068834
0 0.837929 0.969174 0.050334 0.058486
0 0.499047 0.025195 0.046109 0.050284
0 0.679395 0.104098 0.045767 0.078852
0 0.851725 0.686219 0.042790 0.075710
0 0.141112 0.673774 0.050493 0.067841
0 0.209245 0.970222 0.042742 0.056383
0 0.813743 0.735722 0.049005 0.076996
0 0.320482 0.083530 0.049078 0.061677
0 0.888676 0.637057 0.049047 0.076274
0 0.776007 0.933886 0.050309 0.073786
0 0.250086 0.857882 0.048524 0.070427
0 0.960754 0.681339 0.047894 0.072920
0 0.693696 0.692185 0.048560 0.065280
0 0.051042 0.687093 0.044488 0.081621
0 0.460575 0.435475 0.045118 0.081963
0 0.973379 0.601291 0.049725 0.069402
0 0.367324 0.956839 0.043407 0.075629
0 0.129784 0.554156 0.052290 0.064890
0 0.655836 0.163266 0.046792 0.078719
0 0.104371 0.797524 0.044168 0.083064
0 0.681313 0.863967 0.054013 0.074497
0 0.378158 0.712848 0.045249 0.061861
0 0.451519 0.048371 0.050241 0.075791
0 0.589532 0.947619 0.050962 0.075710
0 0.743652 0.685857 0.046775 0.075663
0 0.316504 0.024749 0.055707 0.049499
0 0.180768 0.883212 0.041932 0.073189
0 0.515428 0.657528 0.048844 0.073978
0 0.057345 0.817606 0.049248 0.078781
0 0.185675 0.367358 0.043143 0.065442
0 0.492113 0.569363 0.052795 0.075430
0 0.437976 0.111431 0.046719 0.065322
0 0.962078 0.933867 0.044288 0.067791
0 0.468441 0.887001 0.042618 0.073973
0 0.917224 0.897920 0.046704 0.073868
0 0.438830 0.244948 0.052695 0.062245
0 0.710738 0.622463 0.045596 0.077080
0 0.941540 0.518515 0.055642 0.078939
0 0.215749 0.811767 0.044345 0.066166
0 0.611311 0.156921 0.042124 0.080210
0 0.662337 0.791680 0.052188 0.079107
0 0.777892 0.059587 0.046709 0.066708
0 0.626519 0.896158 0.045496 0.072487
0 0.514787 0.499705 0.046963 0.075471
0 0.786087 0.239344 0.040110 0.082149
0 0.340578 0.770137 0.046541 0.071892
0 0.622387 0.686427 0.046732 0.069203
0 0.076519 0.239889 0.047096 0.081949
0 0.060046 0.522950 0.046645 0.066562
0 0.819993 0.894075 0.046657 0.074098
0 0.926280 0.459908 0.054148 0.060530
0 0.903234 0.570330 0.051992 0.073565
0 0.651888 0.061336 0.055757 0.073494
0 0.800663 0.624702 0.049500 0.080518
0 0.478597 0.363537 0.042706 0.069527
0 0.533366 0.963608 0.048243 0.069413
0 0.509243 0.747503 0.046141 0.070762
0 0.851505 0.307402 0.043021 0.069539
0 0.084207 0.632437 0.050519 0.085324
0 0.824534 0.551082 0.047840 0.069435
0 0.951369 0.120169 0.041487 0.070829
0 0.599368 0.029623 0.042148 0.059246
0 0.623398 0.422341 0.047391 0.069006
0 0.710300 0.764661 0.047478 0.075170
0 0.314962 0.295716 0.044178 0.065823
0 0.512932 0.420065 0.045169 0.071070
0 0.826553 0.039773 0.045410 0.077708
0 0.404007 0.291379 0.041005 0.062524
0 0.969000 0.188606 0.053765 0.076654
0 0.293850 0.235818 0.047947 0.073872
0 0.461646 0.717465 0.045213 0.068083
0 0.548189 0.600410 0.049326 0.070756
0 0.669456 0.458409 0.052802 0.072499
0 0.357279 0.454032 0.049737 0.078353
0 0.029062 0.135392 0.045089 0.080889
0 0.240224 0.586974 0.041691 0.072180
0 0.577571 0.778129 0.048449 0.072087
0 0.390701 0.392138 0.045124 0.071383
0 0.153898 0.814114 0.044705 0.069532
0 0.227667 0.518725 0.052891 0.071596
0 0.284120 0.689552 0.052105 0.081879
0 0.327352 0.629348 0.046407 0.079354
0 0.262531 0.189092 0.049058 0.069488
0 0.869844 0.864393 0.051109 0.072209
0 0.410157 0.659741 0.057262 0.068111
0 0.223219 0.086093 0.044001 0.069854
0 0.237935 0.433930 0.048767 0.080324
0 0.506088 0.107775 0.044872 0.073420
0 0.065783 0.059598 0.052257 0.080994
0 0.567683 0.392896 0.041057 0.083958
0 0.575268 0.857626 0.054797 0.073066
0 0.160269 0.739547 0.046926 0.067786
0 0.026971 0.223167 0.043485 0.075473
0 0.766304 0.859581 0.045583 0.071943
0 0.567222 0.137293 0.045748 0.069416
0 0.924263 0.266557 0.048340 0.076368
0 0.439288 0.177979 0.049083 0.060270
0 0.730635 0.540590 0.049674 0.079963
0 0.676078 0.243406 0.039027 0.072084
0 0.635795 0.349244 0.047470 0.068739
0 0.356323 0.193255 0.043568 0.070115
0 0.679158 0.382671 0.044594 0.071233
0 0.529414 0.348867 0.048441 0.065479
0 0.618417 0.520864 0.043758 0.076942
0 0.393477 0.786023 0.047494 0.077756
0 0.854508 0.386910 0.049174 0.075694
0 0.809049 0.136690 0.049049 0.078542
0 0.350490 0.553167 0.049493 0.082580
0 0.911034 0.087426 0.048501 0.081002
0 0.734697 0.458409 0.047728 0.070406
0 0.636924 0.273627 0.043110 0.069661
0 0.756362 0.361226 0.056650 0.087645
0 0.517158 0.875526 0.051420 0.080149
0 0.715970 0.307894 0.049867 0.072479
0 0.726558 0.113810 0.043316 0.075586
0 0.095402 0.174798 0.048003 0.075702
0 0.285145 0.593421 0.042201 0.080227
0 0.206402 0.227307 0.048381 0.065592
0 0.455766 0.308327 0.049504 0.075936
0 0.562221 0.524318 0.048116 0.076470
0 0.833752 0.238397 0.047686 0.074383
0 0.229771 0.736302 0.043657 0.074775
0 0.803811 0.482265 0.053422 0.072031
0 0.448613 0.789769 0.054057 0.081087
0 0.903626 0.335287 0.049402 0.072086
0 0.884289 0.202054 0.048710 0.080875
0 0.869097 0.464590 0.044899 0.068939
0 0.929556 0.390825 0.057638 0.071613
0 0.529059 0.269120 0.050064 0.073834
0 0.204973 0.153093 0.049643 0.073574
0 0.207539 0.662139 0.044612 0.070399
0 0.576806 0.297452 0.047156 0.073059
0 0.410127 0.584268 0.047847 0.073766
0 0.291586 0.800733 0.047429 0.075195
0 0.350523 0.343962 0.042056 0.076541
0 0.245294 0.284866 0.046685 0.072358
0 0.862468 0.121581 0.046263 0.075628
0 0.125039 0.111179 0.048762 0.073851
0 0.145846 0.239996 0.047767 0.082974
3 0.165821 0.452920 0.107624 0.157330
1 0.188047 0.299166 0.039774 0.071514
2 0.777248 0.302741 0.029636 0.035757