0 0.996475 0.826730 0.006021 0.039865
0 0.002267 0.398564 0.004534 0.045145
0 0.997467 0.699710 0.004391 0.045451
0 0.847683 0.003253 0.036334 0.006389
0 0.996438 0.617514 0.006015 0.048349
0 0.774323 0.993611 0.038232 0.010602
0 0.003701 0.123386 0.007402 0.046615
0 0.665630 0.005670 0.027284 0.011339
0 0.200905 0.004802 0.031584 0.009599
0 0.993454 0.405727 0.011495 0.062077
0 0.570563 0.990468 0.035271 0.016185
0 0.008797 0.974227 0.017595 0.048678
0 0.042421 0.988836 0.041197 0.019305
0 0.625898 0.985728 0.041051 0.025731
0 0.088188 0.983200 0.037164 0.030625
0 0.989115 0.536200 0.019905 0.068052
0 0.453593 0.009707 0.043097 0.019415
0 0.913788 0.983609 0.041118 0.029586
0 0.348518 0.985096 0.043778 0.026673
0 0.011674 0.046717 0.023324 0.074820
0 0.128258 0.983572 0.038332 0.029937
0 0.411843 0.981358 0.044501 0.033890
0 0.608820 0.012535 0.042854 0.025039
0 0.846427 0.982175 0.044053 0.032410
0 0.013138 0.655244 0.026261 0.078249
0 0.656424 0.775066 0.053469 0.057795
0 0.017590 0.516270 0.035171 0.075617
0 0.357611 0.485772 0.043646 0.074010
0 0.828500 0.194616 0.036011 0.065397
0 0.399883 0.017464 0.048173 0.034927
0 0.984857 0.127407 0.028413 0.075663
0 0.774992 0.639220 0.048829 0.072757
0 0.253320 0.899991 0.050603 0.070495
0 0.019600 0.279672 0.039200 0.080872
0 0.383768 0.522157 0.045751 0.069896
0 0.277134 0.016864 0.048215 0.033729
0 0.331562 0.021064 0.049814 0.042128
0 0.979638 0.772010 0.038604 0.075058
0 0.496589 0.407050 0.047382 0.077227
0 0.047373 0.455111 0.050560 0.070144
0 0.748934 0.848231 0.043352 0.071147
0 0.398088 0.917236 0.042733 0.069592
0 0.651829 0.706139 0.046372 0.075945
0 0.732940 0.965921 0.048162 0.064947
0 0.735722 0.687782 0.049390 0.069537
0 0.283471 0.183892 0.045913 0.072002
0 0.514226 0.959507 0.051749 0.071132
0 0.619318 0.465056 0.049997 0.073000
0 0.196123 0.959410 0.042390 0.077761
0 0.785743 0.928854 0.043467 0.076702
0 0.523576 0.562119 0.050142 0.070823
0 0.162008 0.899902 0.047792 0.079254
0 0.066129 0.946092 0.047872 0.068899
0 0.427725 0.848758 0.052007 0.075038
0 0.162789 0.415360 0.050919 0.067623
0 0.495023 0.879119 0.050765 0.080830
0 0.096628 0.843774 0.046121 0.071550
0 0.635024 0.604659 0.043428 0.069399
0 0.200341 0.465326 0.045988 0.075487
0 0.600362 0.401263 0.045028 0.070475
0 0.507312 0.631159 0.053113 0.073757
0 0.326609 0.751678 0.041851 0.064709
0 0.208852 0.823453 0.042681 0.071645
0 0.019581 0.198754 0.039162 0.070143
0 0.383839 0.606977 0.045650 0.078401
0 0.600100 0.658191 0.050851 0.079251
0 0.793359 0.436469 0.044389 0.077733
0 0.425105 0.225463 0.049541 0.070249
0 0.514677 0.471902 0.054231 0.070860
0 0.282919 0.606713 0.047796 0.071951
0 0.688579 0.890993 0.049569 0.074074
0 0.732490 0.775511 0.048620 0.070960
0 0.742953 0.027041 0.049339 0.053977
0 0.033171 0.892898 0.045439 0.075813
0 0.639996 0.935197 0.048696 0.068203
0 0.891464 0.926016 0.045708 0.069125
0 0.290823 0.441132 0.046076 0.074680
0 0.750330 0.578096 0.045488 0.079719
0 0.463226 0.055163 0.043123 0.063028
0 0.425524 0.549747 0.043087 0.072340
0 0.212015 0.242359 0.041113 0.072297
0 0.445696 0.627766 0.049212 0.067590
0 0.809878 0.360305 0.047246 0.068457
0 0.801108 0.559244 0.041190 0.066698
0 0.454674 0.956115 0.049604 0.080307
0 0.374032 0.784980 0.044652 0.073401
0 0.228967 0.582547 0.043208 0.074454
0 0.234903 0.661388 0.049367 0.071930
0 0.253475 0.740777 0.047778 0.073316
0 0.104907 0.577189 0.042766 0.070269
0 0.609294 0.539339 0.051322 0.069948
0 0.972847 0.862169 0.047353 0.074712
0 0.344358 0.308034 0.044210 0.071285
0 0.178622 0.761206 0.041878 0.069938
0 0.220791 0.043284 0.048893 0.070031
0 0.763643 0.502225 0.050702 0.064761
0 0.532859 0.702382 0.049866 0.079829
0 0.822711 0.258372 0.044865 0.072031
0 0.808471 0.851715 0.048972 0.079581
0 0.058426 0.798118 0.047399 0.080308
0 0.133863 0.039740 0.048288 0.077821
0 0.565138 0.498527 0.046206 0.072928
0 0.487212 0.754328 0.045582 0.076933
0 0.090141 0.026000 0.042486 0.052000
0 0.449661 0.155275 0.044912 0.062655
0 0.669520 0.552449 0.044697 0.062797
0 0.439467 0.768987 0.043996 0.073019
0 0.363046 0.062574 0.044367 0.077446
0 0.625183 0.841838 0.055385 0.078881
0 0.160731 0.524053 0.046699 0.067974
0 0.034756 0.722617 0.047767 0.074530
0 0.649741 0.036887 0.055186 0.063734
0 0.542653 0.383276 0.039640 0.069247
0 0.062929 0.624424 0.047138 0.076414
0 0.646511 0.100660 0.052084 0.064201
0 0.119803 0.152740 0.042113 0.083155
0 0.146315 0.683008 0.052695 0.075408
0 0.446883 0.289743 0.045831 0.068255
0 0.493250 0.110496 0.045641 0.066311
0 0.883105 0.685882 0.044344 0.068557
0 0.121970 0.770010 0.049815 0.077151
0 0.467224 0.514382 0.043310 0.074964
0 0.973185 0.460934 0.050170 0.083316
0 0.285386 0.811250 0.048207 0.082275
0 0.058237 0.316991 0.044048 0.072008
0 0.325858 0.385007 0.048920 0.078809
0 0.820484 0.711358 0.046308 0.078016
0 0.443366 0.423163 0.045059 0.075662
0 0.478822 0.340046 0.047264 0.071413
0 0.082536 0.512329 0.053686 0.069697
0 0.398891 0.373639 0.046815 0.077497
0 0.098379 0.429945 0.045793 0.079958
0 0.314454 0.128645 0.046055 0.066649
0 0.070496 0.182353 0.045955 0.074433
0 0.262058 0.265657 0.055124 0.081365
0 0.671947 0.471970 0.041659 0.075755
0 0.937072 0.716786 0.049261 0.078003
0 0.962434 0.631101 0.048588 0.073611
0 0.168964 0.341598 0.048761 0.070235
0 0.580322 0.329319 0.044732 0.072667
0 0.123595 0.262305 0.042840 0.076332
0 0.723502 0.214762 0.047226 0.064287
0 0.208398 0.119086 0.042762 0.075240
0 0.636682 0.359563 0.044410 0.070280
0 0.743454 0.422529 0.046435 0.071672
0 0.414149 0.074608 0.050081 0.084264
0 0.151406 0.598985 0.042523 0.072834
0 0.228788 0.403107 0.047504 0.074097
0 0.777440 0.225989 0.041766 0.076513
0 0.551309 0.049279 0.045978 0.077990
0 0.083065 0.097017 0.048765 0.077177
0 0.690139 0.630679 0.046712 0.085175
0 0.318259 0.673942 0.051287 0.079908
0 0.258795 0.115141 0.045588 0.074315
0 0.899383 0.845784 0.046477 0.080129
0 0.105094 0.341962 0.041503 0.075713
0 0.893481 0.605665 0.050951 0.074318
0 0.392347 0.281955 0.043054 0.074839
0 0.310079 0.544002 0.045448 0.073693
0 0.921407 0.541887 0.049878 0.071607
0 0.659116 0.169981 0.049463 0.067431
0 0.561639 0.252873 0.049892 0.078980
0 0.490061 0.229044 0.050825 0.083357
0 0.564260 0.157417 0.042866 0.087510
0 0.702706 0.369995 0.049924 0.074595
0 0.159591 0.203924 0.048317 0.079221
0 0.925546 0.215362 0.044799 0.075403
0 0.755780 0.152247 0.048097 0.075200
0 0.336242 0.221918 0.053948 0.072952
0 0.916236 0.463994 0.050133 0.068001
0 0.697017 0.070663 0.042066 0.084700
0 0.665102 0.289326 0.050244 0.083869
0 0.613046 0.244186 0.044912 0.082061
0 0.844561 0.426165 0.050126 0.089236
0 0.848634 0.523717 0.048324 0.080216
0 0.929303 0.384524 0.043224 0.078509
0 0.775069 0.311541 0.047287 0.081016
0 0.868309 0.150151 0.053188 0.068423
0 0.972980 0.202442 0.043358 0.072914
0 0.791110 0.102613 0.049376 0.073355
0 0.725620 0.295171 0.042437 0.078595
0 0.940424 0.292991 0.046215 0.071192
0 0.890068 0.320535 0.048564 0.077931
0 0.931825 0.078928 0.045828 0.070736
0 0.872606 0.230150 0.050974 0.079052
0 0.868433 0.075789 0.052763 0.071233
1 0.158802 0.094160 0.042114 0.066746
1 0.383408 0.442789 0.042114 0.065554
1 0.968319 0.960072 0.049912 0.065554
2 0.846268 0.312872 0.022617 0.032181