0 0.002641 0.083225 0.005282 0.047446
0 0.002626 0.402672 0.005252 0.048211
0 0.300998 0.992795 0.030793 0.012127
0 0.415510 0.004103 0.035834 0.008205
0 0.994269 0.264687 0.009869 0.054758
0 0.983661 0.989410 0.030866 0.018225
0 0.992564 0.340140 0.013005 0.064800
0 0.993112 0.825885 0.012184 0.071662
0 0.992271 0.555804 0.013748 0.073595
0 0.925627 0.988803 0.039385 0.019388
0 0.010830 0.900248 0.021661 0.071055
0 0.230681 0.987464 0.041972 0.022100
0 0.011651 0.812412 0.023292 0.071401
0 0.009980 0.327637 0.019951 0.081807
0 0.275403 0.011160 0.035677 0.022319
0 0.068662 0.985154 0.044353 0.026565
0 0.013109 0.731594 0.026218 0.074961
0 0.530753 0.984051 0.044120 0.028645
0 0.737918 0.985125 0.043029 0.026650
0 0.477114 0.983835 0.045613 0.029067
0 0.353239 0.010860 0.039961 0.021719
0 0.987469 0.197706 0.023239 0.070459
0 0.988033 0.100694 0.022104 0.073695
0 0.688769 0.983389 0.041474 0.029900
0 0.905744 0.557022 0.058444 0.086417
0 0.022761 0.966991 0.045522 0.062789
0 0.647654 0.014630 0.046565 0.029261
0 0.770485 0.014013 0.052195 0.028026
0 0.420503 0.974193 0.049979 0.048220
0 0.983715 0.421103 0.030441 0.074870
0 0.639603 0.977287 0.049027 0.042120
0 0.879856 0.958396 0.048261 0.079400
0 0.809580 0.974247 0.051846 0.048289
0 0.212801 0.708535 0.043095 0.070566
0 0.024824 0.555763 0.041986 0.083347
0 0.088942 0.309020 0.043133 0.075105
0 0.058347 0.260036 0.046247 0.067012
0 0.022128 0.034552 0.044256 0.068046
0 0.133956 0.974691 0.044753 0.047403
0 0.921790 0.939645 0.042378 0.069494
0 0.279979 0.951720 0.047305 0.074841
0 0.532492 0.017712 0.049615 0.035424
0 0.466288 0.402528 0.045824 0.067428
0 0.177750 0.747164 0.044059 0.075231
0 0.063434 0.709731 0.041275 0.069970
0 0.052401 0.886562 0.050709 0.069881
0 0.550651 0.394295 0.042418 0.079695
0 0.615168 0.771040 0.048841 0.076700
0 0.033141 0.464383 0.048304 0.072493
0 0.400825 0.913405 0.050277 0.073499
0 0.901265 0.481682 0.045585 0.072054
0 0.674518 0.483390 0.041840 0.055406
0 0.571106 0.948777 0.049075 0.075717
0 0.572520 0.730769 0.049272 0.071856
0 0.823345 0.520393 0.049686 0.070586
0 0.722702 0.828597 0.046639 0.073863
0 0.658096 0.910983 0.046254 0.076794
0 0.039525 0.633423 0.042463 0.072473
0 0.045362 0.325403 0.042193 0.065250
0 0.308263 0.881113 0.046106 0.070397
0 0.973222 0.034756 0.044863 0.069409
0 0.432898 0.858001 0.043409 0.066046
0 0.463231 0.799404 0.041354 0.075509
0 0.181457 0.031888 0.047567 0.063776
0 0.507191 0.807329 0.042587 0.070279
0 0.171700 0.875908 0.043181 0.079774
0 0.644550 0.707541 0.050881 0.073543
0 0.128000 0.839499 0.046015 0.071895
0 0.096412 0.932616 0.045036 0.080444
0 0.744921 0.900474 0.048958 0.075357
0 0.519719 0.881617 0.049568 0.079086
0 0.087825 0.639349 0.044761 0.070766
0 0.089625 0.560933 0.049197 0.074462
0 0.211381 0.828652 0.040229 0.076042
0 0.558567 0.324546 0.049263 0.069750
0 0.623282 0.855220 0.048435 0.075560
0 0.183706 0.964119 0.047867 0.068336
0 0.117291 0.494166 0.048066 0.072083
0 0.182612 0.645836 0.048039 0.074386
0 0.757551 0.780472 0.044399 0.069077
0 0.528156 0.684756 0.046272 0.072505
0 0.105479 0.029722 0.046555 0.059443
0 0.881392 0.805326 0.045653 0.065819
0 0.854846 0.876182 0.049789 0.077719
0 0.971810 0.939109 0.046442 0.078534
0 0.789271 0.726996 0.048174 0.075465
0 0.797353 0.901257 0.044806 0.075871
0 0.240121 0.894172 0.049129 0.076839
0 0.361815 0.794777 0.046686 0.074503
0 0.815966 0.801301 0.043165 0.071541
0 0.028419 0.199775 0.045094 0.075969
0 0.115210 0.105351 0.049810 0.076839
0 0.826657 0.607639 0.044552 0.066160
0 0.580954 0.657604 0.045923 0.067812
0 0.367778 0.715724 0.047504 0.068300
0 0.610565 0.596972 0.047799 0.067867
0 0.060347 0.802112 0.043403 0.070424
0 0.244700 0.305258 0.042889 0.067091
0 0.787950 0.457644 0.043070 0.064728
0 0.302254 0.648477 0.044974 0.064543
0 0.071037 0.150062 0.047350 0.069618
0 0.132804 0.643987 0.040508 0.079529
0 0.951788 0.515857 0.048388 0.074230
0 0.784887 0.563769 0.043629 0.067061
0 0.124925 0.755411 0.050697 0.082149
0 0.204362 0.241918 0.043636 0.069700
0 0.437266 0.348362 0.042401 0.073588
0 0.564375 0.464264 0.046493 0.066994
0 0.246840 0.205141 0.043871 0.066806
0 0.261817 0.507683 0.043167 0.076570
0 0.119378 0.250977 0.047338 0.066034
0 0.513051 0.187125 0.042207 0.062286
0 0.355977 0.472889 0.041022 0.066501
0 0.105773 0.416035 0.046133 0.077310
0 0.229501 0.437886 0.046787 0.077404
0 0.537083 0.529936 0.059158 0.069461
0 0.647715 0.538515 0.044752 0.073353
0 0.436081 0.252131 0.047409 0.069967
0 0.369398 0.371528 0.043382 0.069615
0 0.964080 0.766890 0.044400 0.072867
0 0.411253 0.660052 0.042438 0.073365
0 0.400588 0.306708 0.046825 0.069070
0 0.536792 0.254873 0.048182 0.076964
0 0.346050 0.134596 0.044186 0.072246
0 0.318324 0.340091 0.047662 0.075319
0 0.763207 0.647809 0.047275 0.081686
0 0.836034 0.690795 0.051144 0.074772
0 0.571194 0.864982 0.047823 0.081717
0 0.313475 0.764142 0.047512 0.076211
0 0.156650 0.408903 0.046518 0.071339
0 0.136036 0.180672 0.045031 0.070028
0 0.318792 0.203447 0.042292 0.069388
0 0.227403 0.116816 0.042739 0.067727
0 0.941672 0.407512 0.046777 0.073190
0 0.179228 0.307648 0.045311 0.073655
0 0.397108 0.431546 0.045834 0.070089
0 0.197226 0.577579 0.042136 0.070277
0 0.352550 0.546122 0.049830 0.068928
0 0.434931 0.739011 0.048653 0.077777
0 0.655935 0.624424 0.052355 0.079746
0 0.467346 0.481793 0.054861 0.076719
0 0.432915 0.183305 0.045483 0.073692
0 0.715726 0.543738 0.055358 0.076750
0 0.440008 0.586725 0.047059 0.072133
0 0.596405 0.527873 0.047627 0.083611
0 0.263466 0.377908 0.046424 0.075140
0 0.282096 0.257792 0.043890 0.076328
0 0.899665 0.712192 0.044127 0.075848
0 0.503886 0.390318 0.043700 0.077930
0 0.849387 0.464533 0.047676 0.074944
0 0.670527 0.419556 0.050437 0.064751
0 0.738481 0.475120 0.046369 0.072223
0 0.947828 0.612545 0.049514 0.073006
0 0.246526 0.584067 0.047207 0.068288
0 0.461252 0.662190 0.046234 0.073650
0 0.946125 0.691449 0.046188 0.071829
0 0.333212 0.057345 0.051597 0.076304
0 0.247216 0.662044 0.045081 0.072358
0 0.306752 0.467756 0.046889 0.070526
0 0.597736 0.038194 0.050847 0.072903
0 0.442438 0.104460 0.048596 0.071612
0 0.627788 0.461929 0.045596 0.071034
0 0.185876 0.156020 0.046881 0.072533
0 0.404327 0.526669 0.043900 0.073418
0 0.669281 0.158294 0.053211 0.067562
0 0.485169 0.275094 0.045012 0.079752
0 0.409005 0.057023 0.048781 0.071267
0 0.795439 0.360090 0.041526 0.067154
0 0.594502 0.269177 0.044565 0.069774
0 0.634366 0.306152 0.045191 0.069920
0 0.276515 0.116697 0.043095 0.069217
0 0.936984 0.844228 0.050441 0.082138
0 0.674443 0.347678 0.043676 0.071263
0 0.620636 0.110876 0.043733 0.074802
0 0.539734 0.607199 0.047475 0.072590
0 0.361927 0.257949 0.047677 0.076584
0 0.490977 0.050898 0.052388 0.068426
0 0.243386 0.042943 0.051069 0.075674
0 0.357156 0.637120 0.047168 0.076384
0 0.795144 0.057626 0.053577 0.069757
0 0.723296 0.061625 0.045861 0.072167
0 0.572743 0.135173 0.044225 0.076402
0 0.832952 0.201115 0.046062 0.072028
0 0.843914 0.341435 0.049224 0.078747
0 0.855966 0.033984 0.055420 0.067967
0 0.754029 0.399787 0.048260 0.072307
0 0.947473 0.198243 0.046621 0.075759
0 0.519846 0.113639 0.048429 0.072194
0 0.860866 0.267615 0.046032 0.066363
0 0.671771 0.080785 0.049643 0.078604
0 0.678548 0.242925 0.050206 0.071464
0 0.744292 0.231618 0.048061 0.074369
0 0.801031 0.271997 0.046207 0.081283
0 0.857269 0.115825 0.051210 0.082982
0 0.919036 0.132488 0.051259 0.076713
1 0.388087 0.169845 0.040554 0.063170
1 0.741373 0.147795 0.048353 0.064362
1 0.485962 0.551251 0.042894 0.058403
2 0.310879 0.827771 0.029636 0.036949
2 0.360401 0.207390 0.022617 0.030989
2 0.564340 0.216329 0.026516 0.044100