0 0.996330 0.978845 0.006641 0.039728
0 0.609378 0.594830 0.022400 0.035389
0 0.577639 0.994023 0.028087 0.009935
0 0.996254 0.120485 0.006378 0.045685
0 0.403865 0.003874 0.030679 0.007749
0 0.008084 0.529371 0.016109 0.079225
0 0.995800 0.455727 0.007320 0.051880
0 0.466550 0.005115 0.041329 0.010230
0 0.005529 0.916805 0.011058 0.062008
0 0.993323 0.877170 0.011793 0.062385
0 0.186998 0.988246 0.038443 0.021000
0 0.007228 0.420287 0.014457 0.064328
0 0.006238 0.141489 0.012477 0.061246
0 0.991906 0.802458 0.014529 0.060816
0 0.988492 0.303340 0.021163 0.066590
0 0.011673 0.977289 0.023345 0.042432
0 0.320748 0.988482 0.039368 0.019977
0 0.688070 0.987794 0.041462 0.021327
0 0.797189 0.688096 0.044460 0.068275
0 0.010059 0.054873 0.020115 0.072602
0 0.122492 0.009606 0.046051 0.019212
0 0.012592 0.828422 0.025173 0.072560
0 0.506437 0.986194 0.051727 0.024382
0 0.988876 0.038094 0.020599 0.073156
0 0.587856 0.865511 0.044990 0.069493
0 0.986924 0.717061 0.024213 0.069510
0 0.532988 0.010162 0.042836 0.020323
0 0.782933 0.645540 0.047747 0.071473
0 0.139418 0.627523 0.049050 0.070734
0 0.558741 0.892484 0.044620 0.067385
0 0.069646 0.012077 0.039641 0.024153
0 0.946559 0.977683 0.045731 0.041499
0 0.172335 0.099707 0.048203 0.077990
0 0.068015 0.604935 0.052182 0.075155
0 0.132036 0.979841 0.054318 0.037229
0 0.090321 0.531430 0.044125 0.072602
0 0.118729 0.375846 0.046319 0.081665
0 0.097639 0.406623 0.047945 0.074516
0 0.983827 0.519565 0.030361 0.071133
0 0.681550 0.127262 0.047913 0.062306
0 0.152191 0.053483 0.043798 0.067658
0 0.071315 0.672249 0.044606 0.078007
0 0.181535 0.536248 0.044484 0.069484
0 0.025853 0.467194 0.043004 0.063511
0 0.792707 0.973403 0.045687 0.050061
0 0.015224 0.305458 0.030408 0.070193
0 0.174595 0.944114 0.044863 0.076341
0 0.171520 0.709925 0.046975 0.082734
0 0.574712 0.795151 0.049136 0.072817
0 0.740382 0.978378 0.050572 0.039935
0 0.097428 0.943515 0.045931 0.069956
0 0.633001 0.977494 0.055584 0.041822
0 0.020882 0.657900 0.041765 0.074436
0 0.395485 0.974375 0.047263 0.047929
0 0.212015 0.567639 0.045951 0.073698
0 0.892236 0.970552 0.052077 0.055688
0 0.549531 0.739432 0.044978 0.062657
0 0.194247 0.639687 0.046701 0.067361
0 0.062268 0.807137 0.047822 0.071348
0 0.702541 0.937650 0.056031 0.068954
0 0.296912 0.839737 0.051376 0.062305
0 0.968919 0.186823 0.040478 0.068702
0 0.359070 0.746555 0.043152 0.064988
0 0.051602 0.968246 0.044353 0.060080
0 0.126089 0.704418 0.046232 0.084849
0 0.806522 0.912177 0.052547 0.067867
0 0.084874 0.742596 0.048724 0.071574
0 0.277261 0.017450 0.044573 0.034899
0 0.976739 0.258096 0.041115 0.073584
0 0.948528 0.096840 0.042011 0.063351
0 0.966484 0.922253 0.047097 0.082121
0 0.869082 0.015008 0.051594 0.030016
0 0.443672 0.882784 0.043338 0.067512
0 0.801800 0.761249 0.045308 0.072066
0 0.027362 0.743622 0.051467 0.075608
0 0.660704 0.076573 0.045647 0.076573
0 0.136436 0.516070 0.042822 0.079969
0 0.766471 0.856034 0.041631 0.081879
0 0.637824 0.912698 0.046570 0.072832
0 0.863207 0.920289 0.046514 0.077904
0 0.086726 0.871570 0.046076 0.070269
0 0.506078 0.919000 0.055243 0.087561
0 0.773247 0.569736 0.045053 0.066440
0 0.288723 0.775614 0.043229 0.065780
0 0.552322 0.962333 0.043586 0.068218
0 0.361583 0.892304 0.044077 0.071319
0 0.273576 0.705151 0.040466 0.064702
0 0.505713 0.831854 0.049126 0.069235
0 0.623890 0.663818 0.046084 0.066638
0 0.607404 0.018394 0.049970 0.036789
0 0.477721 0.762304 0.048357 0.074863
0 0.294828 0.557663 0.042889 0.065865
0 0.366069 0.672345 0.048706 0.068969
0 0.682547 0.022714 0.049806 0.045429
0 0.448009 0.960263 0.045992 0.070711
0 0.348327 0.816169 0.045612 0.071822
0 0.273101 0.953103 0.045444 0.072672
0 0.673837 0.729862 0.046722 0.076032
0 0.044846 0.535923 0.045818 0.070216
0 0.318710 0.628828 0.048514 0.082205
0 0.503100 0.596757 0.045837 0.069531
0 0.224986 0.701696 0.044379 0.079584
0 0.318486 0.418090 0.045509 0.071100
0 0.396678 0.846337 0.044896 0.074626
0 0.195695 0.788231 0.045575 0.073293
0 0.426060 0.788553 0.042317 0.073989
0 0.073990 0.464794 0.043723 0.068613
0 0.747077 0.771976 0.047775 0.070860
0 0.356398 0.571074 0.047127 0.069424
0 0.953016 0.040342 0.041159 0.065611
0 0.827122 0.835260 0.052451 0.082271
0 0.477885 0.524291 0.044850 0.074273
0 0.311816 0.911970 0.047879 0.079213
0 0.528244 0.258603 0.042631 0.058685
0 0.570127 0.496049 0.042128 0.067223
0 0.653440 0.519983 0.044136 0.065867
0 0.478236 0.672482 0.043481 0.081968
0 0.899224 0.857952 0.047436 0.077025
0 0.659766 0.834546 0.050495 0.080887
0 0.967409 0.652545 0.052986 0.084092
0 0.640711 0.597619 0.040713 0.067585
0 0.210838 0.398570 0.043210 0.070724
0 0.243919 0.796110 0.042197 0.081167
0 0.613243 0.745271 0.046326 0.069843
0 0.471921 0.276253 0.050829 0.074632
0 0.815398 0.587623 0.044602 0.077613
0 0.063925 0.244156 0.040685 0.073285
0 0.337222 0.105252 0.041088 0.062418
0 0.129841 0.819442 0.049729 0.072877
0 0.047829 0.374832 0.048507 0.069901
0 0.165224 0.310043 0.044428 0.059608
0 0.429474 0.446123 0.045315 0.074775
0 0.404144 0.376100 0.045766 0.070909
0 0.735372 0.028543 0.046018 0.057021
0 0.165742 0.383096 0.040706 0.081253
0 0.022186 0.200262 0.044162 0.072799
0 0.559322 0.567317 0.054186 0.081856
0 0.949759 0.749951 0.047338 0.069237
0 0.938295 0.210372 0.046684 0.072121
0 0.718888 0.840885 0.046475 0.078418
0 0.298078 0.063694 0.053284 0.069885
0 0.713334 0.681945 0.050906 0.075739
0 0.281667 0.475430 0.048719 0.070454
0 0.901815 0.771874 0.043022 0.070580
0 0.973526 0.370075 0.047809 0.077528
0 0.211233 0.894749 0.047321 0.073126
0 0.429253 0.703796 0.046906 0.077849
0 0.741286 0.498472 0.043303 0.075957
0 0.381906 0.467003 0.043902 0.074592
0 0.414942 0.527253 0.050264 0.077451
0 0.955867 0.833551 0.049970 0.078332
0 0.176498 0.460600 0.049111 0.071173
0 0.612999 0.478204 0.039819 0.071433
0 0.492134 0.426307 0.049026 0.076411
0 0.110234 0.082645 0.049805 0.077073
0 0.467723 0.045037 0.044427 0.069043
0 0.334358 0.502306 0.050627 0.086301
0 0.576060 0.660629 0.040094 0.071981
0 0.695955 0.487803 0.044352 0.073006
0 0.230159 0.477321 0.045455 0.077436
0 0.257805 0.611380 0.047863 0.082591
0 0.863042 0.610343 0.044459 0.072494
0 0.955708 0.568222 0.042850 0.077807
0 0.565284 0.207547 0.043706 0.070368
0 0.056917 0.081401 0.044614 0.067875
0 0.809565 0.427029 0.047260 0.068715
0 0.242452 0.047132 0.049292 0.082811
0 0.846749 0.690577 0.045304 0.080802
0 0.723322 0.264344 0.047146 0.068367
0 0.092308 0.305757 0.042971 0.073109
0 0.528549 0.669426 0.048264 0.074279
0 0.265605 0.401137 0.046438 0.072959
0 0.409634 0.613166 0.057875 0.080572
0 0.411116 0.300203 0.042689 0.070316
0 0.333140 0.188647 0.042603 0.065184
0 0.070591 0.164982 0.043650 0.071271
0 0.520492 0.491969 0.049136 0.067863
0 0.411737 0.044805 0.045177 0.065635
0 0.457441 0.355876 0.049053 0.071755
0 0.902046 0.423709 0.051507 0.066405
0 0.659670 0.438641 0.046712 0.074294
0 0.326285 0.260192 0.044750 0.066044
0 0.901375 0.530395 0.047127 0.072761
0 0.566444 0.102172 0.046552 0.068691
0 0.353815 0.037227 0.049372 0.074322
0 0.747953 0.417324 0.044493 0.073023
0 0.893567 0.356264 0.049275 0.071749
0 0.690700 0.594899 0.047129 0.078591
0 0.854667 0.458181 0.048422 0.079783
0 0.485944 0.200469 0.051846 0.073412
0 0.776063 0.204859 0.047455 0.071797
0 0.614270 0.345312 0.049119 0.070206
0 0.441631 0.107573 0.052549 0.079233
0 0.903467 0.057382 0.047960 0.063397
0 0.582070 0.273389 0.049282 0.077387
0 0.300104 0.347578 0.045183 0.071607
0 0.358749 0.343041 0.044060 0.067368
0 0.724295 0.093260 0.047578 0.070929
0 0.210002 0.152119 0.046683 0.071887
0 0.908486 0.134889 0.050224 0.067415
0 0.690942 0.202300 0.045635 0.074990
0 0.513427 0.323849 0.045702 0.073720
0 0.530165 0.161763 0.046535 0.068584
0 0.259636 0.134756 0.046070 0.072551
0 0.956995 0.443854 0.050127 0.082521
0 0.372741 0.261128 0.039989 0.069616
0 0.635417 0.270052 0.045919 0.076461
0 0.557057 0.374094 0.046740 0.077415
0 0.812139 0.152205 0.044744 0.078576
0 0.385759 0.112955 0.047447 0.075193
0 0.227938 0.327400 0.060467 0.077699
0 0.282133 0.229440 0.041483 0.069400
0 0.807851 0.056459 0.051376 0.080537
0 0.162201 0.236681 0.052018 0.075932
0 0.814937 0.261314 0.046096 0.077541
0 0.933496 0.310663 0.043756 0.067993
0 0.856147 0.098882 0.045018 0.076139
0 0.515160 0.081089 0.049520 0.068657
0 0.860078 0.297029 0.046002 0.075569
0 0.669983 0.331793 0.050732 0.073902
0 0.748945 0.330478 0.048409 0.070753
0 0.802921 0.353365 0.051504 0.068757
0 0.231330 0.244111 0.047784 0.071437
1 0.591636 0.431466 0.043673 0.061979