0 0.167223 0.003426 0.028329 0.006805
0 0.264387 0.991506 0.034463 0.014704
0 0.885423 0.003925 0.029982 0.007850
0 0.204573 0.005102 0.035050 0.010204
0 0.936795 0.005657 0.036447 0.011314
0 0.067084 0.990955 0.032734 0.015122
0 0.114724 0.025574 0.044513 0.050976
0 0.550236 0.986142 0.043089 0.024730
0 0.145506 0.034381 0.041471 0.065995
0 0.030424 0.027011 0.041882 0.053837
0 0.991541 0.886580 0.015252 0.067620
0 0.008900 0.875052 0.017800 0.071224
0 0.008582 0.431127 0.017144 0.070159
0 0.062855 0.036192 0.042143 0.069981
0 0.977916 0.954670 0.040266 0.072851
0 0.989799 0.414379 0.018427 0.064866
0 0.042695 0.520627 0.068941 0.077222
0 0.600569 0.010111 0.037051 0.020157
0 0.807000 0.985568 0.045685 0.025583
0 0.027063 0.978593 0.042715 0.039433
0 0.962543 0.922268 0.044201 0.078736
0 0.132915 0.984665 0.045743 0.027441
0 0.683278 0.437560 0.039493 0.066805
0 0.988598 0.336555 0.020817 0.066411
0 0.195579 0.459397 0.043359 0.067752
0 0.340866 0.011077 0.044979 0.022153
0 0.554559 0.011779 0.041014 0.023511
0 0.083714 0.743907 0.044212 0.070866
0 0.986508 0.613512 0.024838 0.068314
0 0.659506 0.194167 0.039344 0.065379
0 0.022918 0.635912 0.045836 0.077248
0 0.658048 0.977000 0.045869 0.042865
0 0.706336 0.807106 0.046054 0.064416
0 0.716552 0.441183 0.040764 0.083370
0 0.795579 0.232443 0.040960 0.068761
0 0.015345 0.357476 0.030634 0.064115
0 0.354950 0.976338 0.044782 0.043979
0 0.016457 0.198738 0.032809 0.075503
0 0.020873 0.731603 0.041746 0.074546
0 0.482175 0.901363 0.043492 0.070900
0 0.550855 0.945474 0.051198 0.069860
0 0.571206 0.881728 0.041138 0.072968
0 0.368200 0.770763 0.044393 0.067968
0 0.251405 0.960307 0.052671 0.067678
0 0.743551 0.814772 0.041147 0.067592
0 0.463936 0.965498 0.047670 0.065470
0 0.708443 0.968182 0.048820 0.060227
0 0.601233 0.970290 0.050714 0.056318
0 0.018440 0.284926 0.036829 0.067338
0 0.651707 0.020521 0.043638 0.041043
0 0.438399 0.737980 0.044590 0.063826
0 0.039016 0.882814 0.043596 0.075086
0 0.840249 0.953417 0.045494 0.069449
0 0.817852 0.758285 0.051831 0.063185
0 0.801922 0.910018 0.045301 0.079789
0 0.791644 0.822162 0.043704 0.083805
0 0.657552 0.898931 0.046695 0.076930
0 0.683669 0.771300 0.044409 0.079114
0 0.353761 0.106027 0.043106 0.067001
0 0.909730 0.962761 0.051197 0.071121
0 0.071764 0.941255 0.045426 0.070248
0 0.171577 0.945893 0.044973 0.088628
0 0.084645 0.678315 0.049444 0.077579
0 0.853534 0.884882 0.042586 0.070637
0 0.110315 0.875621 0.049571 0.078554
0 0.178051 0.418345 0.046146 0.072487
0 0.395560 0.934119 0.047475 0.075225
0 0.478407 0.017017 0.042014 0.034033
0 0.309201 0.732644 0.044729 0.072430
0 0.441074 0.646947 0.041373 0.068240
0 0.369269 0.846204 0.042406 0.071316
0 0.279525 0.891293 0.046376 0.076526
0 0.758971 0.221995 0.050218 0.074277
0 0.173270 0.767820 0.047298 0.070790
0 0.132464 0.721983 0.044161 0.068203
0 0.261083 0.698606 0.043921 0.076944
0 0.321036 0.836489 0.042645 0.072817
0 0.831109 0.020305 0.042975 0.040611
0 0.534793 0.661692 0.045513 0.075977
0 0.983658 0.174833 0.030711 0.072543
0 0.131229 0.644716 0.045172 0.071781
0 0.899358 0.875223 0.041789 0.072918
0 0.632974 0.595144 0.044164 0.068590
0 0.368269 0.495828 0.050445 0.067292
0 0.062706 0.811881 0.051646 0.065851
0 0.217874 0.728658 0.047765 0.068456
0 0.428084 0.017795 0.046399 0.035590
0 0.974223 0.794214 0.047606 0.068269
0 0.707249 0.884868 0.043928 0.080207
0 0.096671 0.578070 0.045666 0.073691
0 0.613271 0.770439 0.048502 0.065976
0 0.383080 0.576127 0.042012 0.076130
0 0.281362 0.794826 0.048359 0.070584
0 0.045775 0.445120 0.051386 0.065204
0 0.460593 0.801031 0.043082 0.076455
0 0.232207 0.808728 0.042271 0.073595
0 0.945182 0.850561 0.044814 0.068024
0 0.427202 0.548530 0.045583 0.071857
0 0.629566 0.230822 0.049958 0.078831
0 0.202468 0.872752 0.047137 0.076488
0 0.912549 0.335674 0.044464 0.083123
0 0.560776 0.802454 0.045981 0.072552
0 0.322190 0.070307 0.048123 0.073290
0 0.029921 0.101449 0.048029 0.077877
0 0.121958 0.796563 0.051787 0.068107
0 0.111886 0.463334 0.042679 0.066540
0 0.617496 0.848649 0.049555 0.079799
0 0.547649 0.436233 0.046372 0.070943
0 0.154951 0.510071 0.049245 0.078853
0 0.419018 0.855710 0.047711 0.076379
0 0.259713 0.028553 0.045021 0.057106
0 0.572539 0.724066 0.042781 0.074655
0 0.798655 0.701288 0.042645 0.069812
0 0.754171 0.889881 0.046933 0.078007
0 0.480967 0.694763 0.047965 0.074260
0 0.721016 0.033506 0.048551 0.067012
0 0.391584 0.654568 0.046343 0.073758
0 0.874953 0.328686 0.043199 0.076635
0 0.666656 0.565211 0.043136 0.071360
0 0.895723 0.797560 0.050379 0.073082
0 0.627018 0.701792 0.049924 0.065454
0 0.162182 0.590346 0.046498 0.068759
0 0.088500 0.150683 0.049094 0.070911
0 0.656171 0.294362 0.041052 0.066159
0 0.508385 0.827883 0.051606 0.077112
0 0.282127 0.546170 0.047501 0.067521
0 0.760810 0.443322 0.041968 0.066431
0 0.760263 0.649017 0.042728 0.072161
0 0.714857 0.646529 0.042038 0.075452
0 0.592882 0.641231 0.047706 0.073092
0 0.115981 0.380529 0.041620 0.070703
0 0.642146 0.475429 0.042859 0.071338
0 0.152681 0.110851 0.050610 0.079594
0 0.738483 0.732520 0.046725 0.074789
0 0.550259 0.586812 0.049929 0.070568
0 0.336764 0.662688 0.044527 0.078306
0 0.750118 0.512731 0.045166 0.070463
0 0.206387 0.645578 0.049305 0.073494
0 0.500482 0.069060 0.049822 0.071486
0 0.599139 0.542124 0.041659 0.074444
0 0.712664 0.548934 0.042911 0.077571
0 0.886931 0.683649 0.045305 0.072261
0 0.548133 0.513021 0.060821 0.068367
0 0.782289 0.573142 0.045786 0.071935
0 0.052793 0.236127 0.044036 0.074132
0 0.310815 0.480510 0.052412 0.069988
0 0.397995 0.064264 0.043533 0.073882
0 0.961268 0.720262 0.050304 0.071442
0 0.833414 0.641492 0.044638 0.071947
0 0.490480 0.144522 0.047406 0.069753
0 0.068772 0.380868 0.043587 0.076216
0 0.803390 0.065049 0.045476 0.075383
0 0.931563 0.639455 0.048173 0.070231
0 0.443468 0.094371 0.047425 0.071730
0 0.254288 0.485345 0.044056 0.074269
0 0.645929 0.081438 0.049562 0.070328
0 0.943903 0.181799 0.040625 0.071081
0 0.311164 0.160895 0.046678 0.071577
0 0.287965 0.624647 0.052013 0.075395
0 0.144852 0.320797 0.044520 0.070804
0 0.205279 0.561808 0.042518 0.075259
0 0.231243 0.102215 0.046114 0.071736
0 0.951299 0.044346 0.046672 0.061865
0 0.616818 0.144396 0.046031 0.072250
0 0.757761 0.300087 0.044836 0.067998
0 0.208495 0.344062 0.044026 0.068557
0 0.472451 0.584371 0.051533 0.074005
0 0.810925 0.501115 0.046847 0.079294
0 0.197790 0.184540 0.042552 0.089781
0 0.589455 0.398587 0.050648 0.074997
0 0.440734 0.174701 0.049104 0.072374
0 0.691034 0.141100 0.043124 0.074441
0 0.286344 0.300307 0.051948 0.065940
0 0.577420 0.090051 0.046013 0.075603
0 0.847863 0.431534 0.048786 0.078912
0 0.940220 0.116848 0.047695 0.071539
0 0.576149 0.217540 0.046550 0.072393
0 0.521064 0.204697 0.044138 0.069098
0 0.737743 0.145497 0.042258 0.076841
0 0.251336 0.171936 0.048345 0.069287
0 0.405268 0.321613 0.043241 0.072547
0 0.376207 0.177290 0.046521 0.075606
0 0.765386 0.372968 0.049224 0.069351
0 0.890751 0.257214 0.050795 0.067755
0 0.407785 0.454337 0.047659 0.074666
0 0.451670 0.369283 0.048119 0.086665
0 0.808847 0.320213 0.049248 0.074296
0 0.526331 0.280737 0.044655 0.068595
0 0.953508 0.554026 0.048729 0.069087
0 0.242178 0.404823 0.046327 0.073574
0 0.293939 0.409731 0.044922 0.072217
0 0.948165 0.476982 0.044469 0.071962
0 0.669642 0.364128 0.044192 0.071583
0 0.418187 0.247535 0.049840 0.070355
0 0.879198 0.593749 0.046577 0.076434
0 0.224017 0.266408 0.049239 0.072659
0 0.845541 0.217369 0.047397 0.072588
0 0.895359 0.184920 0.044732 0.063870
0 0.822326 0.139680 0.049625 0.075891
0 0.512514 0.375076 0.044537 0.078803
0 0.970479 0.252744 0.048340 0.074466
0 0.712606 0.328577 0.044721 0.072804
0 0.471829 0.259602 0.046584 0.070680
0 0.347778 0.422682 0.050217 0.075794
0 0.340618 0.286690 0.048726 0.069135
0 0.575677 0.314169 0.047655 0.077847
0 0.953111 0.379478 0.052649 0.081279
0 0.874067 0.114894 0.045321 0.077219
1 0.404075 0.756853 0.025736 0.083433
2 0.652077 0.763409 0.024176 0.044100
2 0.868884 0.844458 0.016378 0.022646