0 0.149977 0.761489 0.049911 0.090062
0 0.210861 0.923092 0.052096 0.066799
0 0.166283 0.811578 0.046589 0.071274
0 0.008092 0.558430 0.016176 0.072298
0 0.201606 0.868100 0.055032 0.080487
0 0.808127 0.003838 0.029817 0.007675
0 0.996003 0.170048 0.006539 0.050360
0 0.413062 0.919387 0.044912 0.066504
0 0.381395 0.937187 0.051416 0.078413
0 0.466899 0.991861 0.034231 0.013482
0 0.005343 0.154520 0.010687 0.066981
0 0.409584 0.833077 0.054086 0.091502
0 0.993178 0.746544 0.011793 0.062899
0 0.376154 0.795402 0.053332 0.088469
0 0.226169 0.971791 0.057113 0.053331
0 0.992096 0.664426 0.013884 0.068592
0 0.011513 0.017032 0.022997 0.034065
0 0.278472 0.982931 0.041412 0.030736
0 0.147082 0.987623 0.043885 0.021796
0 0.990278 0.031545 0.017882 0.063084
0 0.018123 0.919779 0.036245 0.114451
0 0.671371 0.014155 0.050935 0.028248
0 0.341254 0.022007 0.036823 0.043958
0 0.065888 0.976288 0.050485 0.044270
0 0.567734 0.922686 0.050910 0.078748
0 0.982319 0.815152 0.033334 0.070340
0 0.190854 0.425740 0.043287 0.079739
0 0.878961 0.978649 0.046696 0.039438
0 0.541046 0.974262 0.047642 0.048009
0 0.601003 0.958975 0.052917 0.078360
0 0.085257 0.430169 0.054599 0.074836
0 0.269505 0.801952 0.047618 0.072866
0 0.511531 0.037985 0.051151 0.074297
0 0.202864 0.286898 0.054669 0.078460
0 0.231650 0.738351 0.054849 0.070863
0 0.015669 0.241297 0.031287 0.076939
0 0.320702 0.819240 0.050185 0.083920
0 0.581025 0.435526 0.042374 0.072841
0 0.462339 0.027117 0.047282 0.054172
0 0.884890 0.676393 0.047194 0.077191
0 0.324254 0.943145 0.053327 0.086498
0 0.016512 0.338046 0.032918 0.080291
0 0.744341 0.966049 0.045395 0.064520
0 0.340195 0.284750 0.045676 0.070975
0 0.759643 0.021475 0.049290 0.042949
0 0.431281 0.376398 0.048083 0.082949
0 0.189275 0.214809 0.059208 0.088313
0 0.335164 0.386491 0.046896 0.075726
0 0.316014 0.635566 0.047371 0.078388
0 0.982120 0.290577 0.033651 0.082101
0 0.585641 0.808884 0.048512 0.094358
0 0.313029 0.459026 0.050126 0.079960
0 0.405684 0.021091 0.050410 0.042183
0 0.430926 0.180565 0.051928 0.079768
0 0.841387 0.310980 0.069735 0.097647
0 0.209672 0.537481 0.042397 0.078160
0 0.481870 0.356991 0.052206 0.070080
0 0.216953 0.137936 0.048862 0.083400
0 0.284614 0.721669 0.050737 0.083990
0 0.688587 0.957227 0.047033 0.076640
0 0.620041 0.879419 0.051003 0.081047
0 0.647781 0.457399 0.047467 0.079635
0 0.132584 0.025318 0.046359 0.050580
0 0.155460 0.360547 0.045959 0.073795
0 0.890826 0.808513 0.056818 0.070506
0 0.613021 0.745863 0.048075 0.069340
0 0.147657 0.447908 0.055884 0.081920
0 0.249985 0.333521 0.051607 0.077422
0 0.770016 0.840273 0.044814 0.070432
0 0.501401 0.817932 0.043819 0.075035
0 0.960202 0.951967 0.052381 0.078674
0 0.712675 0.884919 0.047206 0.082331
0 0.107210 0.904711 0.048531 0.089215
0 0.189465 0.056237 0.043045 0.088892
0 0.065803 0.369117 0.060182 0.077900
0 0.232635 0.462946 0.050029 0.076740
0 0.027412 0.492383 0.054757 0.078396
0 0.473773 0.138853 0.045326 0.077491
0 0.491399 0.936589 0.053462 0.089360
0 0.717963 0.796210 0.048054 0.086757
0 0.384589 0.666590 0.053219 0.084542
0 0.836002 0.030893 0.046480 0.061771
0 0.830087 0.875295 0.047907 0.077242
0 0.027149 0.693315 0.050319 0.075905
0 0.422249 0.100731 0.054235 0.071795
0 0.887810 0.355100 0.047514 0.073491
0 0.377448 0.435473 0.054982 0.093974
0 0.702453 0.048129 0.044523 0.079938
0 0.973087 0.539305 0.049737 0.079262
0 0.360526 0.585530 0.055309 0.086905
0 0.560416 0.297111 0.055944 0.088303
0 0.789363 0.927916 0.052732 0.080326
0 0.288849 0.036357 0.047083 0.072650
0 0.590921 0.228515 0.053275 0.083010
0 0.792970 0.066374 0.049600 0.075121
0 0.119740 0.534927 0.051699 0.081610
0 0.684928 0.287431 0.047089 0.076162
0 0.347177 0.113350 0.049700 0.074961
0 0.148341 0.626957 0.047732 0.081910
0 0.079096 0.181754 0.043864 0.088275
0 0.042070 0.071838 0.047886 0.092896
0 0.412409 0.499831 0.051492 0.077737
0 0.105027 0.694317 0.049917 0.087464
0 0.517327 0.547486 0.052382 0.074573
0 0.667337 0.620130 0.045940 0.078075
0 0.966627 0.220718 0.043736 0.078757
0 0.633039 0.538876 0.050577 0.077200
0 0.891151 0.883082 0.049163 0.074994
0 0.597615 0.362534 0.059685 0.080042
0 0.524873 0.107511 0.062759 0.070664
0 0.731974 0.552595 0.046159 0.077599
0 0.565222 0.645439 0.050546 0.076161
0 0.264861 0.162842 0.049765 0.095444
0 0.332487 0.203905 0.050885 0.078287
0 0.881659 0.444250 0.048040 0.095010
0 0.835194 0.651162 0.056556 0.093139
0 0.839280 0.743459 0.050914 0.079002
0 0.579061 0.546269 0.049578 0.075229
0 0.667504 0.107683 0.050498 0.073944
0 0.280984 0.546600 0.057563 0.094198
0 0.743579 0.718629 0.054839 0.087124
0 0.794791 0.414985 0.047362 0.091902
0 0.754358 0.476537 0.051282 0.080300
0 0.655420 0.202852 0.054671 0.075405
0 0.788518 0.147594 0.046965 0.076171
0 0.920464 0.735791 0.059248 0.074937
0 0.833130 0.213156 0.048637 0.072387
0 0.631072 0.300443 0.054861 0.084422
0 0.091112 0.092542 0.050811 0.084786
0 0.504540 0.708631 0.058912 0.088577
0 0.467663 0.506457 0.051807 0.075974
0 0.596874 0.115322 0.050983 0.082340
0 0.464066 0.274210 0.054087 0.090923
0 0.062106 0.605507 0.050195 0.082799
0 0.682485 0.394241 0.050458 0.081886
0 0.618418 0.665071 0.052396 0.082421
0 0.910414 0.593845 0.055021 0.076522
0 0.531568 0.431299 0.052215 0.077225
0 0.745115 0.329521 0.052256 0.079209
0 0.889994 0.042492 0.048929 0.084800
0 0.941416 0.148175 0.049511 0.072137
0 0.217839 0.629766 0.052083 0.083528
0 0.951940 0.051079 0.049723 0.072667
0 0.937648 0.362463 0.049109 0.081259
0 0.747909 0.241407 0.058026 0.088257
0 0.905427 0.249089 0.055440 0.083800
1 0.402125 0.319428 0.046793 0.059595
2 0.599825 0.597139 0.021057 0.030989
2 0.538994 0.495232 0.028856 0.041716
2 0.135405 0.852205 0.023396 0.042908
1 0.934784 0.486293 0.048353 0.078665