0 0.797899 0.003578 0.032384 0.007156
0 0.521849 0.004907 0.030841 0.009814
0 0.915543 0.991601 0.035658 0.013875
0 0.006483 0.779232 0.012967 0.084780
0 0.993938 0.048181 0.010729 0.060765
0 0.240419 0.005953 0.036227 0.011906
0 0.019601 0.286381 0.039182 0.060925
0 0.684744 0.986341 0.046912 0.024089
0 0.989738 0.349809 0.018666 0.070823
0 0.845673 0.017845 0.047762 0.035633
0 0.010661 0.931158 0.021322 0.080722
0 0.020901 0.233125 0.041755 0.074637
0 0.231482 0.981808 0.037136 0.033271
0 0.990284 0.120125 0.017906 0.075022
0 0.748192 0.985138 0.046180 0.026412
0 0.449055 0.408213 0.050750 0.081839
0 0.901255 0.018986 0.046963 0.037972
0 0.010713 0.541693 0.021425 0.072960
0 0.508441 0.903316 0.041152 0.069439
0 0.282750 0.577520 0.039325 0.074639
0 0.359148 0.979356 0.044421 0.037912
0 0.407773 0.970698 0.045821 0.055434
0 0.985695 0.742813 0.026628 0.071830
0 0.562277 0.981814 0.042323 0.033097
0 0.059328 0.973372 0.050789 0.050135
0 0.147224 0.010998 0.042505 0.021997
0 0.535671 0.675402 0.042641 0.093039
0 0.184998 0.920538 0.045606 0.070365
0 0.865942 0.042851 0.046558 0.067989
0 0.625397 0.977879 0.046162 0.041089
0 0.485936 0.945841 0.046233 0.074434
0 0.865108 0.973650 0.046605 0.049572
0 0.435501 0.937914 0.043326 0.070452
0 0.152719 0.968629 0.047199 0.059061
0 0.309217 0.616515 0.048523 0.078256
0 0.470901 0.869115 0.041233 0.073022
0 0.296977 0.966453 0.042651 0.063770
0 0.187550 0.842357 0.045757 0.069944
0 0.237168 0.930020 0.047930 0.068931
0 0.980111 0.883696 0.037836 0.064829
0 0.789463 0.890593 0.047413 0.066571
0 0.394393 0.895741 0.044602 0.067185
0 0.133382 0.877047 0.046344 0.081974
0 0.712527 0.949073 0.046491 0.066325
0 0.899493 0.926086 0.049550 0.070477
0 0.255153 0.859578 0.043365 0.069660
0 0.047517 0.915265 0.047638 0.076471
0 0.347385 0.405267 0.048439 0.070023
0 0.814403 0.957359 0.049031 0.071919
0 0.738225 0.885937 0.043169 0.071846
0 0.307496 0.863695 0.048839 0.073951
0 0.248284 0.657998 0.049502 0.069322
0 0.334747 0.925251 0.042760 0.070588
0 0.594760 0.022501 0.046628 0.044934
0 0.451973 0.672625 0.044996 0.072378
0 0.980753 0.203289 0.036364 0.068577
0 0.645901 0.396569 0.038475 0.065233
0 0.580217 0.689513 0.040358 0.070006
0 0.977110 0.673642 0.043124 0.071156
0 0.678651 0.522745 0.047144 0.065973
0 0.949163 0.348725 0.049570 0.068274
0 0.825365 0.844417 0.041716 0.075146
0 0.220491 0.721660 0.051529 0.077630
0 0.366710 0.812527 0.043482 0.069523
0 0.295186 0.782163 0.047759 0.075508
0 0.962021 0.019580 0.047638 0.039160
0 0.096824 0.762871 0.049622 0.071358
0 0.034459 0.639352 0.047689 0.071901
0 0.031915 0.841528 0.045167 0.067926
0 0.341456 0.740875 0.045039 0.072979
0 0.298533 0.697457 0.044323 0.073049
0 0.084098 0.839237 0.043563 0.071320
0 0.086816 0.450403 0.039384 0.060407
0 0.511649 0.437547 0.051048 0.075425
0 0.147222 0.792980 0.046060 0.076029
0 0.921652 0.396996 0.045666 0.073391
0 0.679633 0.692817 0.044070 0.070098
0 0.960747 0.952488 0.044460 0.076051
0 0.915918 0.164112 0.043125 0.079236
0 0.055405 0.567552 0.044990 0.080255
0 0.321858 0.532830 0.045070 0.072977
0 0.723038 0.531251 0.045114 0.071525
0 0.781066 0.813588 0.044089 0.071579
0 0.660801 0.786703 0.044409 0.072357
0 0.688989 0.449578 0.043510 0.066031
0 0.790548 0.661314 0.044353 0.075460
0 0.607392 0.920337 0.048898 0.071418
0 0.920292 0.851397 0.044488 0.073417
0 0.045759 0.033421 0.044032 0.066842
0 0.838277 0.740319 0.047691 0.074339
0 0.938110 0.638371 0.038008 0.077263
0 0.773216 0.735768 0.042876 0.070534
0 0.423408 0.581147 0.039473 0.079132
0 0.426800 0.832855 0.052113 0.070760
0 0.685279 0.862726 0.050360 0.079493
0 0.905157 0.700034 0.043694 0.074635
0 0.045257 0.422522 0.050355 0.067698
0 0.305605 0.019058 0.047062 0.038116
0 0.602114 0.762221 0.048225 0.077005
0 0.937217 0.771583 0.044369 0.076324
0 0.408559 0.757182 0.048640 0.075067
0 0.087592 0.376212 0.049609 0.065645
0 0.602986 0.608870 0.045543 0.075863
0 0.186758 0.640791 0.051084 0.069895
0 0.137256 0.172303 0.043176 0.065530
0 0.968236 0.280813 0.041950 0.077288
0 0.505253 0.811439 0.055520 0.071388
0 0.101068 0.618078 0.052789 0.068484
0 0.365357 0.024459 0.041897 0.048918
0 0.067712 0.688364 0.049374 0.072482
0 0.706961 0.228498 0.043344 0.069050
0 0.024077 0.093722 0.042155 0.062945
0 0.555506 0.901544 0.045760 0.076952
0 0.529217 0.343977 0.040737 0.070119
0 0.264401 0.503314 0.048866 0.071446
0 0.372782 0.562938 0.043567 0.073208
0 0.087559 0.515684 0.047208 0.069104
0 0.871835 0.811244 0.051225 0.074669
0 0.139768 0.571196 0.042837 0.071009
0 0.663727 0.613741 0.044926 0.074839
0 0.582100 0.159042 0.041842 0.062125
0 0.969827 0.580363 0.047675 0.074066
0 0.060304 0.311714 0.044681 0.078791
0 0.649242 0.026126 0.049878 0.052252
0 0.230702 0.582913 0.044177 0.072036
0 0.490950 0.523523 0.048824 0.070596
0 0.976819 0.500284 0.043827 0.073101
0 0.723612 0.027849 0.039739 0.055607
0 0.125222 0.698334 0.056595 0.070355
0 0.560017 0.411072 0.051719 0.078470
0 0.096752 0.182067 0.047395 0.073772
0 0.970784 0.420901 0.044196 0.068843
0 0.491944 0.731801 0.050792 0.073357
0 0.934771 0.230784 0.047315 0.073177
0 0.668288 0.329241 0.045942 0.074921
0 0.298513 0.436426 0.049023 0.086548
0 0.469284 0.024326 0.043023 0.048636
0 0.280230 0.274914 0.043894 0.075508
0 0.120786 0.247717 0.046452 0.068453
0 0.037809 0.163207 0.048140 0.065875
0 0.493359 0.616342 0.050338 0.078166
0 0.089711 0.090114 0.043535 0.069321
0 0.161927 0.505494 0.041662 0.074412
0 0.629460 0.291875 0.050233 0.070363
0 0.757126 0.400650 0.042295 0.070941
0 0.096838 0.024063 0.047593 0.048126
0 0.331102 0.071695 0.043094 0.068548
0 0.673415 0.245477 0.043357 0.071013
0 0.604580 0.360987 0.046388 0.072580
0 0.910804 0.084425 0.049394 0.076785
0 0.673091 0.149362 0.044616 0.068498
0 0.887941 0.258097 0.040059 0.066670
0 0.241369 0.054353 0.042696 0.067671
0 0.481319 0.342972 0.043029 0.073963
0 0.557590 0.496812 0.053019 0.076451
0 0.373207 0.332388 0.046291 0.070637
0 0.838794 0.311854 0.040480 0.070708
0 0.211389 0.386688 0.044822 0.069487
0 0.836342 0.099041 0.042098 0.076195
0 0.609931 0.523238 0.047353 0.077400
0 0.710409 0.376406 0.046100 0.073426
0 0.129026 0.430463 0.043329 0.075324
0 0.815009 0.428143 0.046634 0.075038
0 0.220689 0.307337 0.045719 0.069770
0 0.823431 0.510757 0.050903 0.066243
0 0.245485 0.209372 0.045812 0.074114
0 0.614635 0.081649 0.047479 0.068549
0 0.784672 0.044496 0.046048 0.068577
0 0.211681 0.508410 0.045512 0.076247
0 0.543944 0.044940 0.045476 0.067408
0 0.457893 0.271616 0.042127 0.071377
0 0.360119 0.133395 0.046060 0.073960
0 0.828390 0.598857 0.053059 0.084846
0 0.769283 0.482028 0.042960 0.072232
0 0.493475 0.097359 0.046087 0.067034
0 0.790973 0.274365 0.046265 0.065374
0 0.406625 0.266627 0.046345 0.072150
0 0.801413 0.201385 0.044455 0.073962
0 0.507217 0.237262 0.047533 0.074170
0 0.464296 0.162948 0.049427 0.070551
0 0.683429 0.075267 0.051869 0.064887
0 0.737929 0.287732 0.043640 0.068590
0 0.328966 0.225631 0.044032 0.075795
0 0.616648 0.203927 0.045907 0.068661
0 0.795206 0.350859 0.046140 0.072197
0 0.282223 0.097810 0.043664 0.076925
0 0.853945 0.206288 0.048104 0.070360
0 0.163741 0.074279 0.045546 0.076072
0 0.883340 0.341655 0.046455 0.078692
0 0.420205 0.053598 0.041993 0.073663
0 0.920376 0.514128 0.044381 0.076319
0 0.400868 0.182161 0.046113 0.066553
0 0.320250 0.325477 0.050154 0.080144
0 0.573568 0.282233 0.045533 0.073674
0 0.890136 0.612615 0.051203 0.083965
0 0.222650 0.132332 0.049253 0.067822
0 0.788656 0.122846 0.051007 0.069304
0 0.176588 0.223028 0.045407 0.076463
0 0.748815 0.182955 0.047653 0.080143
1 0.422012 0.458880 0.022617 0.088200
2 0.706669 0.738379 0.021057 0.032181