0 0.776015 0.476048 0.046200 0.072403
0 0.339313 0.001611 0.032109 0.003157
0 0.768350 0.004926 0.028979 0.009852
0 0.996086 0.130731 0.006550 0.049316
0 0.156514 0.992164 0.036277 0.013069
0 0.004021 0.149698 0.008043 0.057830
0 0.374103 0.992475 0.036358 0.012367
0 0.673716 0.007473 0.036200 0.014946
0 0.991382 0.901572 0.015690 0.052649
0 0.006994 0.228448 0.013988 0.068443
0 0.008391 0.510178 0.016777 0.062432
0 0.990972 0.638855 0.016369 0.083903
0 0.989579 0.834157 0.019171 0.069380
0 0.077539 0.987119 0.036718 0.022858
0 0.628037 0.985492 0.040956 0.026102
0 0.988905 0.241925 0.020410 0.075600
0 0.559621 0.984198 0.048227 0.028441
0 0.713927 0.980512 0.051746 0.035754
0 0.982560 0.727649 0.032986 0.078213
0 0.435471 0.981381 0.044454 0.034280
0 0.014691 0.071400 0.029338 0.074018
0 0.975745 0.956265 0.042837 0.069817
0 0.050935 0.016422 0.049771 0.032843
0 0.218062 0.980230 0.047224 0.036436
0 0.685048 0.808229 0.048020 0.070868
0 0.019196 0.660981 0.038393 0.076857
0 0.018885 0.290588 0.037767 0.064918
0 0.970599 0.019711 0.046493 0.039421
0 0.117651 0.967228 0.046880 0.062675
0 0.186446 0.842240 0.046629 0.080827
0 0.194079 0.927573 0.057526 0.076584
0 0.979390 0.448585 0.039125 0.074953
0 0.225544 0.874823 0.043240 0.061197
0 0.701775 0.863382 0.042479 0.062146
0 0.145004 0.881654 0.047002 0.074425
0 0.185808 0.406762 0.043608 0.067206
0 0.491933 0.022653 0.045478 0.045306
0 0.823760 0.819095 0.042346 0.071417
0 0.917764 0.021572 0.046397 0.043145
0 0.287456 0.019212 0.048631 0.038420
0 0.492963 0.791524 0.037152 0.081032
0 0.694976 0.935002 0.048232 0.067429
0 0.744362 0.534532 0.042116 0.064408
0 0.768815 0.965762 0.050886 0.065391
0 0.439390 0.421394 0.046494 0.064546
0 0.474841 0.859488 0.051909 0.074587
0 0.839532 0.147925 0.052749 0.082945
0 0.882271 0.942446 0.039693 0.069264
0 0.600913 0.429645 0.048311 0.072355
0 0.026617 0.581528 0.051281 0.082845
0 0.859134 0.867706 0.047401 0.065241
0 0.772069 0.659766 0.046521 0.067404
0 0.495271 0.537111 0.050420 0.077199
0 0.736676 0.824578 0.043324 0.067710
0 0.487367 0.940374 0.043220 0.071883
0 0.284290 0.755870 0.046822 0.071595
0 0.585414 0.681564 0.053121 0.070793
0 0.932068 0.405945 0.049838 0.071862
0 0.764523 0.736441 0.048810 0.076873
0 0.218011 0.797795 0.041017 0.070114
0 0.828001 0.702630 0.040919 0.070082
0 0.100601 0.500630 0.044404 0.081507
0 0.716202 0.755477 0.049543 0.076758
0 0.684519 0.503367 0.048137 0.071961
0 0.148699 0.440380 0.045711 0.068035
0 0.403088 0.766260 0.043618 0.075782
0 0.585348 0.860703 0.049554 0.068489
0 0.533309 0.496111 0.044098 0.073554
0 0.974988 0.363432 0.045630 0.082523
0 0.452329 0.564756 0.045489 0.071614
0 0.091342 0.798578 0.042675 0.070305
0 0.504353 0.435169 0.046132 0.072688
0 0.498189 0.124926 0.044656 0.071887
0 0.885152 0.166656 0.047886 0.075497
0 0.834741 0.938737 0.045805 0.073979
0 0.398046 0.485717 0.044052 0.075320
0 0.643544 0.577626 0.051626 0.082135
0 0.535281 0.798063 0.042981 0.073870
0 0.263052 0.822448 0.048515 0.070848
0 0.397196 0.953701 0.051422 0.079518
0 0.058045 0.515668 0.046752 0.077373
0 0.849392 0.438413 0.050733 0.072596
0 0.223726 0.514174 0.052775 0.067270
0 0.824241 0.597153 0.047175 0.078441
0 0.469708 0.651966 0.048948 0.085272
0 0.844409 0.229480 0.048751 0.080156
0 0.788151 0.347030 0.041797 0.078812
0 0.822555 0.288505 0.051220 0.073434
0 0.226283 0.591471 0.048671 0.072766
0 0.697071 0.427098 0.046949 0.068378
0 0.569963 0.751610 0.043126 0.070113
0 0.932473 0.250070 0.048928 0.072891
0 0.089270 0.423586 0.041810 0.065097
0 0.776284 0.583128 0.042189 0.068818
0 0.584252 0.034418 0.046114 0.068763
0 0.145237 0.796511 0.048761 0.073741
0 0.313171 0.691691 0.048230 0.074796
0 0.547613 0.300834 0.038116 0.073454
0 0.837877 0.365403 0.050576 0.074511
0 0.188999 0.033096 0.045164 0.066116
0 0.888501 0.353504 0.043296 0.072719
0 0.559907 0.924803 0.047187 0.074396
0 0.277494 0.561833 0.050858 0.079590
0 0.594576 0.604790 0.047526 0.076226
0 0.592603 0.300086 0.046050 0.088926
0 0.776975 0.233313 0.046058 0.065688
0 0.503811 0.275748 0.044055 0.074669
0 0.104355 0.139357 0.047592 0.081700
0 0.838508 0.513871 0.044372 0.065292
0 0.541892 0.621878 0.048697 0.078448
0 0.325269 0.533763 0.049050 0.076040
0 0.937214 0.320814 0.044913 0.074299
0 0.623522 0.363389 0.051417 0.076853
0 0.530782 0.196416 0.048894 0.074110
0 0.199888 0.335217 0.046932 0.071746
0 0.886124 0.274251 0.047589 0.074447
0 0.655476 0.276362 0.050126 0.076085
0 0.750296 0.399053 0.052902 0.074187
0 0.862419 0.770501 0.052918 0.074207
0 0.909709 0.881128 0.046753 0.070858
0 0.461638 0.073370 0.050870 0.081990
0 0.676272 0.357564 0.047944 0.078155
0 0.444343 0.488489 0.042323 0.065879
0 0.219396 0.132317 0.050313 0.068336
0 0.516899 0.363310 0.047241 0.066260
0 0.111447 0.283994 0.045060 0.071828
0 0.951404 0.190016 0.045229 0.064976
0 0.145080 0.515912 0.047104 0.072945
0 0.054840 0.740283 0.044393 0.070539
0 0.227305 0.438384 0.046479 0.072008
0 0.337167 0.380419 0.049854 0.076203
0 0.700482 0.045001 0.047195 0.072086
0 0.089311 0.220592 0.044782 0.076797
0 0.417908 0.358345 0.049650 0.069009
0 0.060801 0.088452 0.050525 0.080227
0 0.033576 0.429089 0.047761 0.080222
0 0.742710 0.181188 0.046181 0.062819
0 0.042977 0.230157 0.039748 0.074089
0 0.155100 0.091175 0.047182 0.072972
0 0.962801 0.079304 0.045226 0.079712
0 0.789177 0.163027 0.039968 0.072896
0 0.095337 0.351571 0.045150 0.066124
0 0.533883 0.073412 0.044522 0.071712
0 0.146831 0.327718 0.045260 0.071247
0 0.447454 0.786127 0.047298 0.085663
0 0.634674 0.072213 0.048203 0.073229
0 0.715145 0.237768 0.043742 0.073735
0 0.140195 0.610414 0.049390 0.077005
0 0.564780 0.131229 0.047449 0.073795
0 0.667975 0.202465 0.047511 0.070809
0 0.352802 0.200885 0.045002 0.065526
0 0.366877 0.120430 0.042283 0.066219
0 0.155570 0.248871 0.047318 0.070475
0 0.037314 0.349968 0.051015 0.064681
0 0.300534 0.207828 0.045318 0.068119
0 0.296327 0.295367 0.051444 0.073239
0 0.702902 0.126230 0.050176 0.072072
0 0.243062 0.194505 0.047151 0.074788
0 0.424692 0.282649 0.049137 0.070004
0 0.616672 0.225117 0.047375 0.076200
0 0.921198 0.114933 0.044003 0.081920
0 0.320927 0.082608 0.047597 0.082030
0 0.268084 0.082029 0.048682 0.079387
0 0.350943 0.303209 0.047607 0.073575
0 0.242670 0.298892 0.044744 0.076887
0 0.171260 0.172827 0.049675 0.075139
0 0.404608 0.205022 0.052120 0.088210
1 0.297621 0.466031 0.062391 0.078665
3 0.821311 0.063766 0.092806 0.127533
2 0.642718 0.955900 0.013258 0.021454