0 0.868013 0.993677 0.028881 0.010216
0 0.365894 0.004548 0.029720 0.009096
0 0.995609 0.291256 0.007260 0.057911
0 0.995343 0.594224 0.007766 0.054597
0 0.007557 0.361819 0.015080 0.059999
0 0.401758 0.986550 0.039954 0.023776
0 0.983387 0.020467 0.031568 0.040883
0 0.564822 0.978721 0.053786 0.039305
0 0.711235 0.982457 0.043872 0.031866
0 0.292684 0.982489 0.043811 0.031683
0 0.028306 0.977688 0.048156 0.041420
0 0.020617 0.829830 0.041234 0.068770
0 0.512634 0.969093 0.044457 0.058372
0 0.907125 0.972047 0.047784 0.052830
0 0.650084 0.959959 0.047488 0.074837
0 0.758042 0.967491 0.044322 0.061875
0 0.493138 0.909050 0.044682 0.065901
0 0.481472 0.779054 0.051135 0.069397
0 0.828971 0.970811 0.045599 0.055159
0 0.354737 0.828555 0.041940 0.072101
0 0.609835 0.919776 0.060173 0.083242
0 0.985079 0.454014 0.027797 0.072121
0 0.479406 0.846112 0.044850 0.060268
0 0.054330 0.931088 0.048806 0.069301
0 0.980543 0.822114 0.036907 0.070424
0 0.226972 0.963919 0.045918 0.068214
0 0.102768 0.950284 0.044217 0.073571
0 0.544690 0.921087 0.043068 0.073349
0 0.183802 0.906216 0.046192 0.070957
0 0.685300 0.908992 0.045888 0.074697
0 0.662983 0.688804 0.044571 0.068003
0 0.986178 0.150704 0.025836 0.067535
0 0.118128 0.874298 0.042833 0.068298
0 0.513525 0.738380 0.044634 0.070118
0 0.385580 0.873437 0.043064 0.070851
0 0.312746 0.715816 0.047332 0.084935
0 0.871224 0.934192 0.047655 0.077675
0 0.562548 0.739601 0.041919 0.068387
0 0.896337 0.697195 0.045921 0.068151
0 0.607260 0.695382 0.049478 0.066555
0 0.026259 0.755519 0.047118 0.074385
0 0.613279 0.829897 0.043672 0.065287
0 0.438880 0.955414 0.052263 0.073544
0 0.790539 0.892388 0.050034 0.074343
0 0.433024 0.876739 0.042166 0.070639
0 0.343915 0.968797 0.050450 0.059255
0 0.248267 0.804284 0.044808 0.073820
0 0.027504 0.451250 0.045495 0.067060
0 0.501086 0.530739 0.049148 0.070083
0 0.018134 0.299061 0.036269 0.069954
0 0.982104 0.218355 0.033884 0.065564
0 0.059552 0.852573 0.043579 0.070002
0 0.635238 0.752858 0.048522 0.072688
0 0.708888 0.540533 0.031921 0.083741
0 0.232113 0.880882 0.049186 0.073219
0 0.065037 0.697986 0.046568 0.081896
0 0.215932 0.674561 0.048636 0.067147
0 0.742575 0.665508 0.041809 0.072193
0 0.883053 0.615870 0.043207 0.063264
0 0.132068 0.651084 0.040759 0.062636
0 0.040076 0.643595 0.050040 0.072863
0 0.919374 0.887070 0.047155 0.079465
0 0.486229 0.601876 0.053537 0.080420
0 0.648069 0.477157 0.043247 0.067551
0 0.673801 0.615370 0.053849 0.069927
0 0.190201 0.829441 0.047021 0.069407
0 0.692087 0.803015 0.047489 0.075537
0 0.718205 0.734285 0.047287 0.076814
0 0.297627 0.800583 0.044631 0.077526
0 0.669259 0.543323 0.042245 0.065470
0 0.522376 0.661689 0.053536 0.072997
0 0.775208 0.796596 0.045323 0.073388
0 0.563289 0.419064 0.049465 0.078692
0 0.214803 0.749838 0.050576 0.072552
0 0.537756 0.485189 0.051575 0.084711
0 0.567920 0.544061 0.048499 0.071732
0 0.881173 0.805996 0.047824 0.077028
0 0.250106 0.423761 0.046908 0.064925
0 0.917578 0.760171 0.044486 0.070347
0 0.307758 0.345158 0.044774 0.066331
0 0.395522 0.782480 0.052886 0.083283
0 0.281187 0.660704 0.044807 0.069279
0 0.241163 0.617408 0.047897 0.078220
0 0.489324 0.432288 0.049598 0.071640
0 0.076783 0.431343 0.050038 0.067645
0 0.790901 0.591628 0.044182 0.065896
0 0.865909 0.448044 0.049580 0.073561
0 0.135906 0.722015 0.049497 0.071498
0 0.112181 0.380794 0.052114 0.071092
0 0.615511 0.415435 0.044679 0.070728
0 0.827383 0.795419 0.046175 0.072624
0 0.966037 0.749171 0.049593 0.080969
0 0.361030 0.724106 0.044495 0.073319
0 0.416528 0.436670 0.046656 0.073127
0 0.665912 0.274248 0.047758 0.069237
0 0.695600 0.437920 0.045062 0.063982
0 0.827402 0.395972 0.047092 0.070492
0 0.620174 0.545691 0.046116 0.072853
0 0.070315 0.580496 0.041389 0.064063
0 0.825908 0.499853 0.051215 0.074816
0 0.334664 0.286820 0.050890 0.073724
0 0.365127 0.459695 0.044922 0.067036
0 0.228387 0.371181 0.056958 0.067215
0 0.212112 0.471942 0.049385 0.077359
0 0.845619 0.574001 0.048189 0.077186
0 0.308076 0.224284 0.042997 0.062755
0 0.517234 0.294045 0.050533 0.071621
0 0.787290 0.692060 0.045343 0.076974
0 0.752282 0.543869 0.045402 0.074844
0 0.521797 0.373852 0.054137 0.077898
0 0.928735 0.633354 0.047888 0.079112
0 0.062524 0.502675 0.048311 0.072674
0 0.134784 0.321483 0.046107 0.072826
0 0.277685 0.282587 0.048277 0.080131
0 0.955490 0.511397 0.045954 0.072654
0 0.969869 0.384612 0.050091 0.070834
0 0.133280 0.440170 0.049946 0.068932
0 0.350872 0.384206 0.046769 0.072495
0 0.582795 0.348975 0.048697 0.072779
0 0.877048 0.373447 0.043160 0.069216
0 0.636694 0.340141 0.051603 0.084037
0 0.243534 0.214996 0.040185 0.059419
0 0.265640 0.489874 0.047367 0.073542
0 0.285633 0.561848 0.047425 0.069291
0 0.907784 0.546470 0.051760 0.077779
0 0.316062 0.469663 0.045607 0.071717
0 0.146568 0.582420 0.049139 0.067380
0 0.923751 0.422021 0.041617 0.065924
0 0.691102 0.364178 0.050021 0.073362
0 0.841219 0.317996 0.055409 0.073018
0 0.540524 0.242858 0.045186 0.075108
0 0.460517 0.361314 0.049839 0.080116
0 0.139620 0.511629 0.043213 0.060987
0 0.435295 0.280259 0.046924 0.073701
0 0.585863 0.257181 0.042890 0.078881
0 0.767367 0.461981 0.048555 0.077162
0 0.400698 0.343491 0.045187 0.068232
0 0.719593 0.300151 0.049835 0.073860
0 0.227545 0.293926 0.046697 0.078331
0 0.177442 0.288016 0.046999 0.081538
0 0.667315 0.196725 0.042622 0.069701
0 0.045450 0.359416 0.044537 0.070503
0 0.380951 0.257759 0.046949 0.077021
0 0.819123 0.249246 0.042429 0.068332
0 0.704998 0.226352 0.045753 0.070099
0 0.906255 0.291244 0.043976 0.066184
0 0.474048 0.214548 0.044054 0.069377
0 0.869014 0.247850 0.043235 0.069675
0 0.287388 0.157687 0.052282 0.077524
0 0.419593 0.170133 0.050965 0.077697
0 0.964754 0.308855 0.048782 0.065974
0 0.763477 0.364975 0.053084 0.078235
0 0.341371 0.138899 0.046930 0.066562
0 0.437020 0.098827 0.046721 0.072690
0 0.624953 0.220891 0.049235 0.079824
0 0.194413 0.214945 0.047393 0.070091
0 0.054053 0.248462 0.049532 0.076569
0 0.351213 0.063778 0.049800 0.072307
0 0.031239 0.126729 0.048428 0.078090
0 0.128800 0.208090 0.053313 0.075110
0 0.483114 0.139857 0.047205 0.069656
0 0.784521 0.149515 0.046959 0.076210
0 0.214491 0.079787 0.049960 0.078415
0 0.824298 0.068489 0.048269 0.074404
0 0.295081 0.038926 0.055536 0.072119
0 0.915040 0.181488 0.048120 0.071795
0 0.858919 0.158513 0.046555 0.070733
1 0.464905 0.496424 0.022617 0.096544