0 0.421656 0.993506 0.027826 0.010519
0 0.642741 0.993112 0.033454 0.011270
0 0.161860 0.003496 0.028232 0.006992
0 0.983241 0.989771 0.031255 0.017597
0 0.251303 0.991906 0.035456 0.013458
0 0.950074 0.005488 0.035532 0.010976
0 0.355184 0.007127 0.035206 0.014254
0 0.051357 0.991283 0.034075 0.014742
0 0.006139 0.207770 0.012277 0.063335
0 0.582688 0.006542 0.041037 0.013084
0 0.993480 0.930112 0.011556 0.067122
0 0.010151 0.640080 0.020303 0.075322
0 0.935840 0.986299 0.042474 0.024303
0 0.988411 0.189414 0.021352 0.072649
0 0.817366 0.984589 0.038277 0.027703
0 0.012302 0.400622 0.024604 0.079117
0 0.439056 0.012506 0.041719 0.025002
0 0.095285 0.985084 0.040015 0.026743
0 0.020271 0.962097 0.040541 0.072026
0 0.014659 0.310939 0.029231 0.079261
0 0.020604 0.881714 0.041209 0.072116
0 0.091299 0.458010 0.048506 0.081777
0 0.316382 0.975804 0.044953 0.045104
0 0.625147 0.906841 0.047879 0.069768
0 0.598546 0.964981 0.048721 0.066713
0 0.022345 0.538365 0.044488 0.083936
0 0.037883 0.796813 0.044434 0.072621
0 0.807934 0.700015 0.039730 0.065501
0 0.727181 0.966298 0.048626 0.064017
0 0.979044 0.679754 0.039985 0.080630
0 0.981311 0.487079 0.035220 0.070046
0 0.332438 0.585943 0.048820 0.077418
0 0.666795 0.768266 0.045788 0.068735
0 0.107746 0.329116 0.047512 0.070673
0 0.913783 0.938749 0.039539 0.074629
0 0.150150 0.569586 0.044261 0.065835
0 0.141380 0.975669 0.045880 0.045464
0 0.021613 0.100486 0.043226 0.068089
0 0.675700 0.689923 0.047482 0.074917
0 0.540862 0.872820 0.049478 0.075307
0 0.116599 0.402470 0.048924 0.066266
0 0.305713 0.650631 0.049107 0.070525
0 0.035164 0.031969 0.050629 0.063938
0 0.757011 0.882798 0.045641 0.075416
0 0.463421 0.555929 0.049796 0.070866
0 0.497150 0.691537 0.049405 0.076130
0 0.309749 0.725065 0.042785 0.067491
0 0.295813 0.916759 0.040619 0.071123
0 0.811977 0.028096 0.043731 0.056125
0 0.198002 0.298205 0.047020 0.071980
0 0.119070 0.510579 0.042086 0.071831
0 0.341249 0.865252 0.043351 0.077553
0 0.212414 0.808303 0.049773 0.079595
0 0.045532 0.473646 0.042798 0.076372
0 0.068673 0.859518 0.048257 0.073149
0 0.449382 0.954189 0.050810 0.076125
0 0.361028 0.940571 0.049024 0.073853
0 0.432672 0.437968 0.045457 0.074466
0 0.172404 0.872445 0.045485 0.070500
0 0.300297 0.480562 0.052149 0.087216
0 0.115162 0.753427 0.050026 0.078041
0 0.438380 0.623920 0.048479 0.078228
0 0.779141 0.958833 0.045403 0.078494
0 0.456570 0.371332 0.043452 0.073146
0 0.971458 0.766339 0.043522 0.064423
0 0.132981 0.829685 0.047875 0.076270
0 0.130586 0.032455 0.042200 0.064826
0 0.819085 0.921915 0.041590 0.076989
0 0.352983 0.755912 0.044168 0.071971
0 0.523466 0.950262 0.049602 0.072350
0 0.305216 0.806670 0.042346 0.077057
0 0.255702 0.854037 0.045129 0.073933
0 0.482893 0.316028 0.042780 0.061708
0 0.153958 0.705669 0.048742 0.075694
0 0.397164 0.872920 0.047706 0.079901
0 0.644507 0.835444 0.045090 0.072106
0 0.286481 0.385736 0.049188 0.073981
0 0.360267 0.403387 0.044860 0.066245
0 0.818027 0.577137 0.042564 0.075075
0 0.522481 0.797238 0.051969 0.074977
0 0.233711 0.261463 0.043913 0.075558
0 0.855139 0.630226 0.044611 0.073477
0 0.766891 0.771595 0.044705 0.073671
0 0.627464 0.438392 0.044434 0.077573
0 0.626259 0.541448 0.044598 0.067443
0 0.425305 0.807580 0.050111 0.074720
0 0.141218 0.289454 0.048931 0.082694
0 0.718118 0.737891 0.051065 0.086568
0 0.703558 0.882346 0.047420 0.080127
0 0.178403 0.626104 0.045674 0.074945
0 0.828638 0.832338 0.053587 0.071828
0 0.530027 0.175167 0.042431 0.075109
0 0.054024 0.719389 0.049026 0.078342
0 0.234453 0.558734 0.046003 0.075147
0 0.374936 0.513586 0.050334 0.086384
0 0.667932 0.952177 0.049325 0.080419
0 0.186752 0.951939 0.049238 0.082655
0 0.228853 0.361114 0.039570 0.071675
0 0.511299 0.606224 0.046686 0.079694
0 0.465310 0.860462 0.043827 0.074006
0 0.961501 0.943699 0.044385 0.077296
0 0.472215 0.480217 0.048456 0.071528
0 0.582903 0.826247 0.041838 0.072153
0 0.814911 0.461091 0.044873 0.058099
0 0.569973 0.380093 0.050593 0.076026
0 0.375054 0.653828 0.048375 0.075041
0 0.168659 0.349214 0.045346 0.072047
0 0.161787 0.493133 0.039875 0.081410
0 0.909341 0.569613 0.044880 0.076129
0 0.249770 0.748954 0.049679 0.081832
0 0.576767 0.479602 0.047706 0.072936
0 0.634747 0.624442 0.048041 0.074555
0 0.433825 0.208160 0.047595 0.072945
0 0.856115 0.382700 0.051191 0.076120
0 0.633292 0.025226 0.045971 0.050453
0 0.050836 0.278755 0.045038 0.082930
0 0.386528 0.037007 0.053224 0.073995
0 0.714654 0.631213 0.050939 0.081960
0 0.482761 0.170497 0.042894 0.067295
0 0.924177 0.717266 0.046828 0.080576
0 0.181059 0.208382 0.046019 0.066388
0 0.099312 0.190712 0.047428 0.075262
0 0.565342 0.590795 0.050608 0.086514
0 0.206843 0.494960 0.043292 0.078300
0 0.296053 0.034371 0.048104 0.068613
0 0.515709 0.029289 0.046774 0.058567
0 0.331172 0.334212 0.045284 0.072173
0 0.774023 0.629084 0.050460 0.084251
0 0.690627 0.508807 0.049279 0.078239
0 0.712870 0.032074 0.047757 0.064101
0 0.823112 0.098132 0.040765 0.073363
0 0.865535 0.542609 0.046294 0.079864
0 0.378610 0.224109 0.043929 0.076288
0 0.935172 0.629496 0.052951 0.070664
0 0.584444 0.307599 0.048903 0.074776
0 0.485009 0.244084 0.050423 0.067172
0 0.868892 0.914716 0.047975 0.087151
0 0.262525 0.204715 0.046483 0.075612
0 0.099019 0.106458 0.048121 0.075356
0 0.188182 0.128776 0.048641 0.073438
0 0.400671 0.149489 0.043694 0.075020
0 0.780244 0.236690 0.047513 0.075843
0 0.445061 0.116434 0.043158 0.071291
0 0.775549 0.065209 0.044586 0.084553
0 0.930832 0.815213 0.051842 0.079159
0 0.466905 0.053244 0.047060 0.069193
0 0.965392 0.235743 0.045237 0.064286
0 0.327714 0.114788 0.047052 0.068510
0 0.959978 0.417958 0.043242 0.070632
0 0.854682 0.049565 0.046710 0.081188
0 0.249494 0.070016 0.048595 0.077332
0 0.819884 0.184308 0.045859 0.078033
0 0.900638 0.028350 0.052222 0.056612
0 0.575491 0.149639 0.042569 0.079126
0 0.286378 0.300531 0.049112 0.078027
0 0.869747 0.455972 0.044701 0.070708
0 0.587789 0.054405 0.048567 0.070241
0 0.771524 0.157461 0.043671 0.073479
0 0.200615 0.041406 0.047160 0.072994
0 0.560202 0.231861 0.050308 0.077503
0 0.766628 0.511392 0.049144 0.081035
0 0.720376 0.178059 0.048405 0.072131
0 0.329789 0.246770 0.045117 0.074088
0 0.533866 0.089832 0.046199 0.066686
0 0.655465 0.348904 0.050689 0.078845
0 0.648752 0.255606 0.047792 0.073786
0 0.732003 0.100035 0.048022 0.067120
0 0.896566 0.228732 0.043598 0.072143
0 0.700155 0.269764 0.043348 0.071140
0 0.674295 0.154667 0.044239 0.074694
0 0.753676 0.308601 0.051771 0.076131
0 0.886217 0.110654 0.044329 0.073410
0 0.882467 0.324692 0.049077 0.080861
0 0.932913 0.154192 0.044785 0.078019
0 0.623131 0.159711 0.047141 0.077630
0 0.845784 0.255168 0.049424 0.079318
0 0.942931 0.302577 0.047634 0.074492
1 0.676253 0.427294 0.036654 0.065554