0 0.307556 0.001775 0.028403 0.003534
0 0.003480 0.136104 0.006959 0.041554
0 0.992414 0.007011 0.014003 0.014023
0 0.994943 0.871985 0.008667 0.056549
0 0.004560 0.736250 0.009119 0.064456
0 0.993029 0.375155 0.012301 0.061839
0 0.007459 0.562135 0.014908 0.067458
0 0.992993 0.957082 0.012537 0.068731
0 0.992693 0.050736 0.012979 0.057419
0 0.991269 0.705273 0.015669 0.066698
0 0.216975 0.009054 0.041586 0.018107
0 0.255990 0.988133 0.041231 0.020902
0 0.482661 0.008297 0.047412 0.016595
0 0.659742 0.988062 0.046043 0.020820
0 0.891562 0.988234 0.040522 0.020500
0 0.687638 0.008490 0.040122 0.016980
0 0.989463 0.209293 0.019362 0.077802
0 0.429875 0.008796 0.042600 0.017590
0 0.989850 0.623611 0.018442 0.069073
0 0.518036 0.941011 0.047155 0.068158
0 0.017852 0.954115 0.035704 0.068529
0 0.018310 0.017876 0.036619 0.035753
0 0.987091 0.545318 0.023966 0.076776
0 0.561930 0.979194 0.047409 0.038396
0 0.013163 0.090656 0.026326 0.066691
0 0.800270 0.014905 0.048323 0.029811
0 0.150102 0.908094 0.040989 0.063827
0 0.019507 0.876354 0.039015 0.074742
0 0.221206 0.884538 0.046503 0.064761
0 0.226477 0.956112 0.052828 0.070766
0 0.261104 0.662945 0.054486 0.065305
0 0.339719 0.931105 0.048143 0.072945
0 0.246999 0.729825 0.053425 0.075667
0 0.314594 0.868441 0.043655 0.066483
0 0.098523 0.956315 0.050883 0.070466
0 0.017107 0.321754 0.034176 0.073799
0 0.486406 0.825846 0.049173 0.077938
0 0.633957 0.633998 0.048295 0.062420
0 0.377885 0.303438 0.043603 0.070642
0 0.053423 0.776702 0.047886 0.074073
0 0.064028 0.619437 0.048046 0.076743
0 0.216382 0.811231 0.042365 0.068510
0 0.105515 0.835077 0.046499 0.072524
0 0.070454 0.886658 0.048357 0.075786
0 0.038094 0.697622 0.043389 0.080098
0 0.022543 0.508796 0.042848 0.071325
0 0.128319 0.446456 0.047768 0.073722
0 0.346753 0.031756 0.046764 0.063511
0 0.317552 0.698970 0.055530 0.069000
0 0.708959 0.886201 0.047483 0.073413
0 0.261454 0.511627 0.042842 0.080643
0 0.051218 0.444874 0.047279 0.075832
0 0.603829 0.941623 0.046943 0.068820
0 0.294526 0.765560 0.049528 0.080146
0 0.377685 0.881533 0.041537 0.075023
0 0.267073 0.852896 0.045361 0.074035
0 0.960973 0.917903 0.049061 0.073206
0 0.976358 0.769978 0.045180 0.072254
0 0.370573 0.243132 0.056051 0.064808
0 0.929161 0.026428 0.048112 0.052766
0 0.627183 0.868533 0.050872 0.076165
0 0.165657 0.840054 0.049676 0.073710
0 0.173346 0.688633 0.046181 0.074171
0 0.828639 0.889838 0.043969 0.073097
0 0.511673 0.748412 0.049806 0.073959
0 0.100681 0.508510 0.047490 0.066620
0 0.745851 0.945347 0.049571 0.074483
0 0.804977 0.512415 0.041392 0.075141
0 0.138522 0.768543 0.051418 0.085576
0 0.574868 0.878376 0.045394 0.082146
0 0.094278 0.404823 0.046196 0.075887
0 0.396346 0.756951 0.045974 0.074944
0 0.192853 0.421074 0.046389 0.067897
0 0.301598 0.488119 0.041950 0.085900
0 0.417511 0.482982 0.046887 0.077602
0 0.568759 0.665125 0.047956 0.069270
0 0.967820 0.843407 0.046402 0.066593
0 0.728975 0.826579 0.044547 0.074311
0 0.880292 0.046834 0.039751 0.067608
0 0.208938 0.494957 0.050401 0.079969
0 0.975152 0.432917 0.047343 0.076998
0 0.321217 0.622610 0.046920 0.074176
0 0.442961 0.783976 0.044699 0.080377
0 0.810728 0.666497 0.048348 0.072324
0 0.495501 0.488558 0.044532 0.071316
0 0.520736 0.671270 0.042232 0.070187
0 0.784089 0.429552 0.047784 0.077115
0 0.429586 0.214565 0.052513 0.074763
0 0.071726 0.031601 0.049615 0.063202
0 0.322121 0.195232 0.042831 0.071196
0 0.643388 0.778298 0.046288 0.080065
0 0.180199 0.604918 0.039000 0.075484
0 0.564494 0.594657 0.050519 0.063912
0 0.052894 0.089169 0.045626 0.074512
0 0.825489 0.963134 0.051020 0.070207
0 0.104517 0.581457 0.043287 0.066018
0 0.436918 0.655080 0.051520 0.082653
0 0.697657 0.739939 0.055631 0.086183
0 0.369000 0.507788 0.046714 0.074329
0 0.648895 0.701040 0.051206 0.068971
0 0.641848 0.027110 0.045422 0.054220
0 0.366205 0.596280 0.047241 0.079701
0 0.871039 0.865115 0.044885 0.071011
0 0.517764 0.557318 0.046016 0.068924
0 0.168766 0.021166 0.051160 0.042332
0 0.329990 0.304631 0.042404 0.086351
0 0.064938 0.331631 0.041485 0.075014
0 0.503324 0.304902 0.044241 0.071861
0 0.440143 0.550143 0.048560 0.071657
0 0.359384 0.165342 0.045148 0.075335
0 0.895815 0.691940 0.046672 0.071499
0 0.154061 0.373966 0.046481 0.068240
0 0.490995 0.053983 0.046259 0.071083
0 0.583749 0.762174 0.055974 0.083454
0 0.562972 0.251686 0.056780 0.065786
0 0.347869 0.380615 0.044886 0.068965
0 0.287810 0.147179 0.040013 0.072678
0 0.287932 0.407186 0.048303 0.075183
0 0.548674 0.335107 0.046354 0.069579
0 0.875447 0.941911 0.050869 0.074702
0 0.249858 0.590762 0.055414 0.072208
0 0.834401 0.809272 0.045840 0.078119
0 0.097823 0.117514 0.048526 0.070403
0 0.505630 0.400469 0.049635 0.073529
0 0.610372 0.569718 0.045227 0.081297
0 0.547034 0.188053 0.048849 0.069511
0 0.919476 0.614118 0.046845 0.070372
0 0.238691 0.391073 0.044492 0.079682
0 0.655572 0.488686 0.045543 0.072968
0 0.142368 0.155092 0.048694 0.076746
0 0.618612 0.430474 0.044376 0.074763
0 0.652069 0.127116 0.040526 0.068792
0 0.455681 0.159089 0.053768 0.079890
0 0.780494 0.848362 0.050801 0.079583
0 0.683866 0.228458 0.048658 0.067971
0 0.567301 0.036513 0.044467 0.067736
0 0.444462 0.278527 0.052442 0.073803
0 0.282724 0.271580 0.041556 0.068717
0 0.759444 0.173904 0.046796 0.075812
0 0.757065 0.501251 0.049387 0.069915
0 0.840166 0.156260 0.045347 0.071343
0 0.836387 0.721245 0.052283 0.075913
0 0.505204 0.147233 0.042942 0.073101
0 0.168292 0.283854 0.047098 0.078181
0 0.610886 0.070140 0.047311 0.072451
0 0.758674 0.654648 0.048192 0.083238
0 0.686033 0.386226 0.052410 0.069029
0 0.793870 0.133512 0.043604 0.087340
0 0.550643 0.451000 0.049027 0.070825
0 0.595141 0.149044 0.045876 0.069538
0 0.888604 0.121040 0.043162 0.076720
0 0.863919 0.629516 0.052529 0.077322
0 0.243362 0.134660 0.045230 0.071125
0 0.600482 0.319958 0.049691 0.076029
0 0.444047 0.060599 0.043718 0.073012
0 0.623484 0.218780 0.047905 0.075660
0 0.304695 0.048398 0.047486 0.075513
0 0.112746 0.327710 0.044181 0.075839
0 0.203768 0.342686 0.047488 0.081288
0 0.433115 0.352519 0.051288 0.077825
0 0.703750 0.165402 0.053178 0.079202
0 0.392662 0.120346 0.049044 0.073985
0 0.251140 0.210807 0.049690 0.070770
0 0.500033 0.223801 0.050010 0.074031
0 0.165790 0.080989 0.054266 0.071668
0 0.754121 0.040744 0.047981 0.064647
0 0.067350 0.240703 0.049083 0.077310
0 0.241686 0.050220 0.051817 0.078135
0 0.837991 0.554762 0.052823 0.081752
0 0.951522 0.569288 0.047142 0.073794
0 0.720658 0.594429 0.045520 0.070730
0 0.708211 0.078511 0.045870 0.075441
0 0.190882 0.211878 0.051271 0.077873
0 0.951401 0.490597 0.047575 0.062863
0 0.864209 0.227044 0.044455 0.075385
0 0.770917 0.571136 0.045202 0.071473
0 0.815003 0.227543 0.047235 0.076011
0 0.707025 0.294649 0.048405 0.079328
0 0.703592 0.464982 0.048563 0.078861
0 0.848374 0.399909 0.051188 0.078065
0 0.831845 0.071366 0.052278 0.075239
0 0.954324 0.172830 0.049632 0.076956
0 0.804099 0.354850 0.049065 0.073918
0 0.936255 0.094708 0.052627 0.070773
0 0.750722 0.340959 0.048017 0.075307
0 0.900169 0.482478 0.045658 0.074515
0 0.964860 0.349740 0.042484 0.069214
0 0.966431 0.272841 0.048063 0.069856
0 0.909140 0.264273 0.053287 0.074819
0 0.911523 0.347316 0.053415 0.080361
1 0.381458 0.422527 0.022617 0.070322
2 0.599435 0.377235 0.021837 0.032181
2 0.332715 0.500596 0.018717 0.023838
2 0.723436 0.764601 0.023396 0.032181
1 0.081158 0.178065 0.063304 0.064220
1 0.456888 0.462886 0.040929 0.086739
1 0.091527 0.746038 0.048024 0.074229
1 0.090435 0.672227 0.054572 0.078399
1 0.660715 0.580484 0.050206 0.080067
1 0.385398 0.058799 0.055118 0.062552
1 0.522375 0.879066 0.056209 0.075063
1 0.685818 0.953711 0.050206 0.080901