0 0.997674 0.642005 0.004652 0.065280
0 0.998152 0.226240 0.003696 0.058333
0 0.746707 0.996373 0.045316 0.007106
0 0.481104 0.981556 0.043206 0.035209
0 0.518515 0.984832 0.038568 0.028992
0 0.996937 0.881086 0.005966 0.059110
0 0.680791 0.003792 0.046038 0.007584
0 0.243116 0.994043 0.040115 0.011341
0 0.309000 0.583777 0.069379 0.096079
0 0.289047 0.096242 0.080602 0.090069
0 0.003124 0.546855 0.006248 0.064819
0 0.003291 0.836966 0.006583 0.077040
0 0.426633 0.972771 0.046699 0.053863
0 0.996453 0.386627 0.006905 0.075065
0 0.007541 0.464553 0.015082 0.083971
0 0.994776 0.034847 0.009861 0.058939
0 0.514260 0.006810 0.047880 0.013619
0 0.010927 0.034755 0.021855 0.069148
0 0.989081 0.943222 0.021203 0.066121
0 0.405411 0.868684 0.053089 0.093224
0 0.450461 0.929867 0.050776 0.083016
0 0.377068 0.926950 0.052018 0.086167
0 0.992298 0.740619 0.015020 0.074174
0 0.791417 0.012327 0.044999 0.024653
0 0.689711 0.471397 0.051306 0.074176
0 0.017639 0.916214 0.035277 0.083351
0 0.092601 0.936726 0.048333 0.076789
0 0.305346 0.983402 0.057594 0.031585
0 0.105223 0.863971 0.051948 0.081574
0 0.175066 0.407413 0.042327 0.078323
0 0.963106 0.013565 0.051433 0.027131
0 0.858903 0.977214 0.054364 0.044523
0 0.568301 0.937692 0.047942 0.077784
0 0.249244 0.559598 0.041798 0.080747
0 0.179872 0.877197 0.046265 0.075095
0 0.520741 0.881393 0.055737 0.075735
0 0.238373 0.031366 0.054611 0.062733
0 0.668356 0.404987 0.049966 0.086229
0 0.352722 0.657282 0.045245 0.077200
0 0.046914 0.496907 0.065678 0.073138
0 0.799363 0.890488 0.051612 0.071153
0 0.641796 0.934795 0.052390 0.078112
0 0.020535 0.706906 0.041070 0.077295
0 0.074507 0.215073 0.048780 0.078656
0 0.343436 0.038317 0.061206 0.076634
0 0.328221 0.873118 0.054471 0.092198
0 0.571909 0.804430 0.047978 0.078982
0 0.369334 0.804410 0.047306 0.083653
0 0.274597 0.893037 0.051068 0.085147
0 0.130760 0.328093 0.043839 0.076981
0 0.467407 0.812197 0.043936 0.073368
0 0.149747 0.807958 0.047742 0.084176
0 0.764159 0.953456 0.052390 0.082988
0 0.207925 0.610258 0.048315 0.082588
0 0.883959 0.835858 0.044395 0.071921
0 0.979484 0.820236 0.040382 0.072987
0 0.598561 0.671893 0.043626 0.071011
0 0.240030 0.946286 0.053723 0.078974
0 0.279260 0.199443 0.051019 0.084848
0 0.233975 0.478361 0.046576 0.071932
0 0.088037 0.038621 0.059754 0.077242
0 0.180081 0.493199 0.049931 0.078759
0 0.855452 0.906713 0.049731 0.085014
0 0.950024 0.960494 0.052163 0.072368
0 0.604873 0.871422 0.051884 0.089207
0 0.536926 0.504688 0.047758 0.069439
0 0.542150 0.582888 0.046886 0.073373
0 0.691434 0.761828 0.054665 0.078517
0 0.474178 0.338811 0.044669 0.072404
0 0.386392 0.593526 0.047602 0.074302
0 0.233296 0.830661 0.049774 0.076787
0 0.358079 0.351217 0.048589 0.076221
0 0.520346 0.275363 0.045347 0.066518
0 0.674895 0.848014 0.048642 0.086025
0 0.632229 0.729669 0.047968 0.073243
0 0.290273 0.766709 0.055187 0.073342
0 0.458166 0.033414 0.047473 0.066828
0 0.755851 0.667560 0.049166 0.085123
0 0.510177 0.431968 0.044458 0.075731
0 0.026700 0.399322 0.049543 0.086399
0 0.210395 0.362821 0.049524 0.090551
0 0.776268 0.516427 0.046281 0.073439
0 0.136083 0.547448 0.052602 0.080104
0 0.762611 0.824306 0.050852 0.078090
0 0.129654 0.203879 0.052963 0.085633
0 0.406736 0.399887 0.053118 0.083889
0 0.792162 0.736977 0.053071 0.085103
0 0.881041 0.456528 0.057293 0.070235
0 0.915049 0.772839 0.046353 0.075479
0 0.520650 0.201771 0.051241 0.066861
0 0.688894 0.665537 0.051887 0.088595
0 0.833014 0.494932 0.056641 0.071855
0 0.083785 0.573807 0.049688 0.081198
0 0.117110 0.735277 0.053483 0.076448
0 0.495657 0.708037 0.053380 0.079595
0 0.180864 0.277536 0.056296 0.080352
0 0.431704 0.136731 0.048009 0.075530
0 0.639821 0.524575 0.052401 0.082869
0 0.198369 0.715270 0.050056 0.080688
0 0.558336 0.720083 0.050348 0.086902
0 0.982795 0.299116 0.034004 0.076095
0 0.062835 0.748352 0.050364 0.074186
0 0.324493 0.433636 0.054687 0.083929
0 0.839895 0.256752 0.052422 0.073111
0 0.452225 0.475462 0.048259 0.082159
0 0.030589 0.116819 0.048990 0.079209
0 0.752168 0.432180 0.048490 0.080920
0 0.442223 0.266413 0.046649 0.072985
0 0.714992 0.309092 0.047939 0.077896
0 0.923233 0.175490 0.047351 0.073874
0 0.727919 0.591034 0.051779 0.084920
0 0.489994 0.132408 0.048633 0.090180
0 0.085850 0.417543 0.062127 0.079746
0 0.942019 0.333156 0.051174 0.069030
0 0.618397 0.277940 0.057094 0.075537
0 0.851353 0.347600 0.057082 0.092381
0 0.729436 0.202324 0.048871 0.077302
0 0.647353 0.178161 0.054325 0.086540
0 0.888168 0.582603 0.053515 0.078585
0 0.584098 0.352535 0.055203 0.086243
0 0.954829 0.532207 0.058149 0.089541
0 0.528731 0.058198 0.050115 0.084636
0 0.953383 0.424596 0.053529 0.083226
0 0.918582 0.687939 0.053502 0.080465
0 0.592616 0.202008 0.052885 0.082018
0 0.875482 0.101427 0.046887 0.079601
0 0.721250 0.054540 0.051130 0.080633
0 0.642419 0.082999 0.053023 0.084934
1 0.347533 0.250894 0.032755 0.056019
1 0.793236 0.282479 0.030415 0.059595
2 0.177519 0.578069 0.023396 0.033373
2 0.620492 0.982718 0.021837 0.034565
2 0.490641 0.923719 0.013258 0.023838
2 0.666895 0.709178 0.021057 0.028605
2 0.757751 0.347437 0.024956 0.036949
2 0.763600 0.014303 0.017937 0.028605
2 0.947262 0.122765 0.018717 0.030989
2 0.796745 0.462455 0.017157 0.033373