0 0.030724 0.003332 0.057169 0.006663
0 0.739592 0.002220 0.043003 0.004441
0 0.995125 0.874766 0.009200 0.074052
0 0.533253 0.007534 0.039802 0.015068
0 0.010507 0.361017 0.020988 0.089168
0 0.934983 0.986214 0.046257 0.026105
0 0.371131 0.985078 0.050098 0.027758
0 0.348612 0.010993 0.047479 0.021985
0 0.442497 0.426552 0.053289 0.092343
0 0.018917 0.229519 0.037741 0.080116
0 0.986659 0.353968 0.025822 0.077910
0 0.258204 0.974605 0.049910 0.048465
0 0.113931 0.979885 0.051307 0.038446
0 0.024349 0.886298 0.048663 0.079600
0 0.404350 0.947765 0.043518 0.074998
0 0.876485 0.643396 0.043419 0.070370
0 0.191552 0.971037 0.050055 0.055384
0 0.218900 0.018918 0.060320 0.037836
0 0.745104 0.977382 0.056019 0.043268
0 0.586005 0.978190 0.058554 0.041354
0 0.624382 0.924635 0.050876 0.074753
0 0.641034 0.647729 0.047323 0.076350
0 0.925994 0.021078 0.055375 0.042155
0 0.429488 0.020545 0.046406 0.041091
0 0.269168 0.895636 0.048887 0.078151
0 0.106745 0.815752 0.051686 0.082332
0 0.500686 0.972141 0.053329 0.053859
0 0.943414 0.864135 0.048612 0.075558
0 0.741479 0.652516 0.041736 0.072681
0 0.125061 0.732938 0.047196 0.084243
0 0.284154 0.519479 0.045835 0.068339
0 0.249858 0.816711 0.048260 0.075390
0 0.105148 0.029649 0.048455 0.059298
0 0.200943 0.840064 0.047554 0.076249
0 0.580947 0.032572 0.053242 0.065144
0 0.625675 0.275161 0.050872 0.078365
0 0.367668 0.867461 0.046188 0.076396
0 0.463603 0.601280 0.047521 0.075471
0 0.072561 0.746967 0.055526 0.091929
0 0.665107 0.574723 0.047870 0.078206
0 0.671310 0.432178 0.050590 0.082380
0 0.176649 0.442162 0.043240 0.073571
0 0.910643 0.931698 0.059449 0.083726
0 0.393047 0.063590 0.048267 0.070805
0 0.406181 0.203160 0.054072 0.081826
0 0.554216 0.091188 0.049350 0.078386
0 0.186796 0.617857 0.049809 0.080586
0 0.607757 0.723221 0.045790 0.082480
0 0.475344 0.122265 0.043570 0.069193
0 0.708914 0.167883 0.044379 0.072728
0 0.690394 0.031183 0.051715 0.062366
0 0.320036 0.440423 0.051048 0.077279
0 0.858197 0.567425 0.049724 0.080709
0 0.193085 0.068653 0.057870 0.082999
0 0.424501 0.125829 0.046769 0.076861
0 0.743166 0.913477 0.051956 0.071086
0 0.978822 0.622004 0.041708 0.081358
0 0.331817 0.728985 0.052390 0.074825
0 0.660048 0.341292 0.050897 0.075266
0 0.580697 0.581626 0.055834 0.077770
0 0.748155 0.737490 0.049804 0.078757
0 0.855806 0.475034 0.056673 0.079480
0 0.515261 0.627869 0.048706 0.077421
0 0.639295 0.840590 0.051542 0.079444
0 0.587592 0.800621 0.054361 0.083421
0 0.613020 0.421513 0.056831 0.088330
0 0.929256 0.079842 0.040783 0.067369
0 0.043280 0.403697 0.048990 0.076731
0 0.456683 0.340845 0.047595 0.074280
0 0.845392 0.962624 0.049315 0.073364
0 0.781013 0.355933 0.050424 0.078771
0 0.477712 0.795690 0.052400 0.085084
0 0.779854 0.602083 0.046802 0.076519
0 0.545636 0.514974 0.050875 0.077852
0 0.811574 0.034552 0.049797 0.069103
0 0.078711 0.202117 0.047671 0.073040
0 0.168098 0.134927 0.048935 0.077027
0 0.336830 0.072036 0.050552 0.071824
0 0.499275 0.302158 0.046123 0.076071
0 0.369601 0.490837 0.049140 0.076679
0 0.943257 0.774592 0.050063 0.074237
0 0.202730 0.320168 0.047187 0.073529
0 0.685106 0.951101 0.050178 0.077366
0 0.822860 0.796197 0.052000 0.082013
0 0.214975 0.190658 0.049136 0.084470
0 0.507017 0.870792 0.048838 0.077597
0 0.305582 0.806906 0.050039 0.081402
0 0.454148 0.246274 0.048121 0.076886
0 0.031789 0.301399 0.048754 0.072200
0 0.107826 0.481798 0.052691 0.076999
0 0.866725 0.030137 0.049442 0.060273
0 0.153998 0.358745 0.051694 0.079229
0 0.257578 0.369666 0.044578 0.072980
0 0.887581 0.824314 0.063356 0.092061
0 0.175350 0.706203 0.052517 0.086092
0 0.565813 0.178130 0.045072 0.081315
0 0.246189 0.121664 0.049922 0.077209
0 0.364046 0.658613 0.055160 0.085032
0 0.514054 0.194568 0.047799 0.082873
0 0.030005 0.146990 0.047165 0.080004
0 0.638560 0.056156 0.047684 0.074822
0 0.124406 0.262764 0.047058 0.073532
0 0.911640 0.424701 0.053291 0.087092
0 0.282257 0.062671 0.047130 0.078572
0 0.651572 0.204641 0.053994 0.078372
0 0.557114 0.691280 0.048255 0.083005
0 0.429367 0.874471 0.049887 0.086951
0 0.126341 0.591561 0.050273 0.082811
0 0.658842 0.751538 0.053107 0.078070
0 0.943331 0.683071 0.060155 0.091589
0 0.978129 0.259582 0.043256 0.083479
0 0.768717 0.499552 0.047306 0.078566
0 0.314643 0.588276 0.057493 0.088991
0 0.184018 0.529279 0.057743 0.080725
0 0.265063 0.234327 0.055828 0.082892
0 0.761940 0.187785 0.052945 0.079011
0 0.382443 0.352836 0.049429 0.083329
0 0.762890 0.828252 0.055306 0.089013
0 0.962752 0.167612 0.045152 0.075471
0 0.886464 0.113343 0.048093 0.074324
0 0.088850 0.119611 0.060823 0.080268
0 0.947102 0.521609 0.053547 0.088910
0 0.803738 0.121353 0.053386 0.088677
0 0.912718 0.333246 0.050738 0.081408
1 0.339344 0.224076 0.047573 0.078665
2 0.400565 0.424315 0.021837 0.038141
2 0.689511 0.784863 0.014818 0.020262
2 0.995468 0.932658 0.009064 0.029797