0 0.002247 0.262598 0.004494 0.063103
0 0.997628 0.722956 0.004692 0.071749
0 0.002758 0.051888 0.005516 0.064147
0 0.578049 0.994179 0.034691 0.009598
0 0.004664 0.898318 0.009328 0.064227
0 0.995555 0.348241 0.008157 0.065573
0 0.982055 0.985742 0.034033 0.025816
0 0.007358 0.425102 0.014696 0.081622
0 0.173735 0.007249 0.044498 0.014499
0 0.008424 0.538978 0.016827 0.076248
0 0.989136 0.146716 0.019990 0.070202
0 0.988038 0.066836 0.022236 0.075465
0 0.022188 0.132922 0.044376 0.080720
0 0.480885 0.013470 0.048748 0.026926
0 0.613722 0.018233 0.046976 0.036467
0 0.735551 0.024249 0.051304 0.048491
0 0.229140 0.823130 0.047468 0.073296
0 0.020017 0.804811 0.040034 0.083261
0 0.851119 0.022012 0.054584 0.044004
0 0.238716 0.885041 0.053530 0.083326
0 0.020892 0.646772 0.041785 0.074345
0 0.497286 0.299581 0.040131 0.057852
0 0.859071 0.968060 0.050164 0.060533
0 0.460688 0.554122 0.040629 0.064689
0 0.627479 0.970853 0.053379 0.055145
0 0.286540 0.033493 0.046579 0.066038
0 0.106044 0.031888 0.052497 0.063748
0 0.905999 0.943777 0.046748 0.079668
0 0.036010 0.578599 0.048428 0.075531
0 0.977515 0.883884 0.043764 0.087803
0 0.598883 0.455537 0.046083 0.074529
0 0.092363 0.938640 0.059776 0.085366
0 0.227800 0.964267 0.056444 0.067938
0 0.545913 0.803094 0.057566 0.067717
0 0.290459 0.365469 0.052161 0.076816
0 0.322141 0.534461 0.046797 0.064125
0 0.027323 0.720227 0.047276 0.068619
0 0.674666 0.875000 0.050716 0.078369
0 0.347910 0.872579 0.047058 0.072453
0 0.112529 0.858696 0.052247 0.074145
0 0.150418 0.486641 0.050927 0.087443
0 0.692791 0.955600 0.056230 0.077665
0 0.835199 0.866577 0.047459 0.085488
0 0.429336 0.965201 0.052583 0.066073
0 0.482459 0.920172 0.048916 0.088188
0 0.328849 0.943558 0.054644 0.080689
0 0.887200 0.873344 0.055449 0.089059
0 0.810260 0.735505 0.049738 0.075395
0 0.032203 0.294428 0.056093 0.070644
0 0.673764 0.785300 0.052492 0.086382
0 0.488387 0.732482 0.049985 0.093182
0 0.642592 0.618247 0.051402 0.075316
0 0.797648 0.931193 0.054743 0.078105
0 0.573647 0.391167 0.051934 0.068894
0 0.547088 0.181568 0.043660 0.066504
0 0.595245 0.679430 0.069986 0.096563
0 0.042459 0.903246 0.058228 0.076923
0 0.601208 0.916206 0.053963 0.082251
0 0.158585 0.194751 0.048666 0.075540
0 0.243596 0.319682 0.049019 0.076408
0 0.381064 0.364425 0.045187 0.072381
0 0.092692 0.434043 0.056540 0.071991
0 0.859030 0.772954 0.049800 0.076228
0 0.560575 0.031306 0.051528 0.062613
0 0.103152 0.144155 0.048895 0.075160
0 0.204483 0.247682 0.044777 0.072563
0 0.403380 0.435266 0.049811 0.070113
0 0.626119 0.835649 0.055344 0.087066
0 0.539996 0.946362 0.049187 0.072722
0 0.900524 0.365523 0.046860 0.070081
0 0.118580 0.555812 0.058260 0.066920
0 0.688017 0.658720 0.051392 0.081520
0 0.161778 0.813175 0.057116 0.083506
0 0.728424 0.813904 0.049101 0.073095
0 0.197071 0.361856 0.049347 0.075403
0 0.780281 0.436374 0.052302 0.069949
0 0.113330 0.632608 0.048865 0.076783
0 0.717195 0.729252 0.055350 0.084371
0 0.531403 0.475445 0.048546 0.074842
0 0.277759 0.210605 0.054424 0.068967
0 0.573649 0.099716 0.046372 0.076333
0 0.256448 0.436671 0.055364 0.085595
0 0.738982 0.909570 0.054108 0.081278
0 0.229680 0.738432 0.051356 0.080874
0 0.687959 0.393565 0.049233 0.076435
0 0.067416 0.349540 0.053920 0.080832
0 0.353314 0.681284 0.057798 0.075661
0 0.308243 0.142771 0.051208 0.081944
0 0.580750 0.531771 0.050650 0.076611
0 0.961783 0.780143 0.049709 0.081318
0 0.470942 0.429485 0.055271 0.083788
0 0.937800 0.648722 0.047294 0.078140
0 0.535582 0.337426 0.052703 0.079280
0 0.213972 0.659055 0.054821 0.083554
0 0.800259 0.646612 0.058374 0.100516
0 0.145212 0.399501 0.049580 0.074770
0 0.544109 0.724757 0.052401 0.078248
0 0.276669 0.793690 0.049875 0.088343
0 0.519517 0.593007 0.055301 0.080459
0 0.881607 0.279862 0.047197 0.083740
0 0.443376 0.843298 0.056483 0.089861
0 0.447062 0.077294 0.053439 0.084191
0 0.344960 0.467257 0.050416 0.079173
0 0.439177 0.182078 0.049396 0.086159
0 0.071930 0.501313 0.053707 0.072141
0 0.939637 0.424587 0.051752 0.081071
0 0.969344 0.552352 0.054795 0.093123
0 0.879856 0.699941 0.053447 0.087996
0 0.391788 0.088984 0.049546 0.075462
0 0.687713 0.212409 0.051771 0.081536
0 0.094739 0.783729 0.052680 0.073443
0 0.225874 0.569004 0.050138 0.077576
0 0.219521 0.062971 0.054565 0.085139
0 0.723968 0.328059 0.053730 0.076806
0 0.405789 0.631618 0.047829 0.088531
0 0.863404 0.088131 0.055767 0.085996
0 0.206524 0.151895 0.046744 0.087747
0 0.817461 0.372400 0.052918 0.079337
0 0.705418 0.549231 0.050538 0.083487
0 0.331779 0.784643 0.052247 0.088525
0 0.960466 0.305022 0.049497 0.080549
0 0.444214 0.359323 0.056150 0.079037
0 0.826482 0.513650 0.050048 0.084143
0 0.091378 0.250574 0.061101 0.098137
0 0.308840 0.613547 0.053951 0.090564
0 0.925654 0.202750 0.058520 0.079944
0 0.415064 0.521244 0.052589 0.082096
0 0.631115 0.077233 0.063443 0.087546
0 0.694065 0.129978 0.048577 0.077203
0 0.498506 0.224418 0.058871 0.081001
0 0.656748 0.313451 0.050915 0.078777
0 0.767301 0.273720 0.050179 0.078507
0 0.589354 0.244610 0.052668 0.082468
0 0.826164 0.262158 0.052435 0.082433
0 0.082035 0.705080 0.054416 0.080122
1 0.379508 0.248510 0.038994 0.070322
2 0.368200 0.038737 0.019497 0.029797
2 0.723826 0.056019 0.013258 0.021454
2 0.180248 0.856973 0.013258 0.021454
2 0.922696 0.712753 0.016378 0.023838
2 0.177129 0.525626 0.011698 0.016687
1 0.337375 0.335279 0.057301 0.110092