0 0.002150 0.150574 0.004294 0.072855
0 0.997622 0.465735 0.004756 0.074956
0 0.797418 0.080318 0.052679 0.087584
0 0.017883 0.994648 0.033680 0.009143
0 0.996708 0.859667 0.006368 0.064456
0 0.430535 0.994796 0.033082 0.010072
0 0.997213 0.197326 0.005477 0.077402
0 0.995666 0.102370 0.008200 0.070641
0 0.994909 0.941102 0.009551 0.063701
0 0.995661 0.688451 0.008280 0.071320
0 0.985576 0.987070 0.027419 0.023731
0 0.741394 0.989692 0.044394 0.018416
0 0.008960 0.534673 0.017909 0.075849
0 0.011151 0.059121 0.022303 0.091755
0 0.335431 0.989616 0.050347 0.018507
0 0.245646 0.985894 0.047177 0.025757
0 0.193129 0.987174 0.045132 0.023374
0 0.059846 0.980126 0.044786 0.037908
0 0.013194 0.453401 0.026308 0.072171
0 0.645533 0.014449 0.046303 0.028898
0 0.723327 0.532559 0.045697 0.077737
0 0.632048 0.428615 0.049106 0.078871
0 0.926317 0.981315 0.053102 0.035571
0 0.590652 0.729938 0.043446 0.061346
0 0.388455 0.672002 0.044578 0.074943
0 0.018116 0.834823 0.036219 0.101496
0 0.866275 0.013954 0.051615 0.027908
0 0.669991 0.380841 0.054397 0.093230
0 0.432301 0.624809 0.054037 0.085980
0 0.621030 0.877019 0.048763 0.079508
0 0.203890 0.031010 0.051830 0.062021
0 0.748702 0.814281 0.042112 0.068955
0 0.536878 0.974985 0.054890 0.048269
0 0.392826 0.759684 0.050103 0.081295
0 0.980926 0.034375 0.036832 0.068714
0 0.302069 0.584489 0.050443 0.076229
0 0.466873 0.969156 0.054737 0.060171
0 0.445985 0.031890 0.050710 0.063779
0 0.036535 0.915749 0.052829 0.082066
0 0.768510 0.018889 0.056452 0.037778
0 0.388594 0.857893 0.045858 0.079059
0 0.920147 0.017908 0.046308 0.035817
0 0.436529 0.816427 0.051916 0.090810
0 0.176050 0.078178 0.055271 0.084960
0 0.186085 0.442975 0.046822 0.083425
0 0.093873 0.529424 0.038725 0.090916
0 0.208009 0.361134 0.051522 0.085004
0 0.144021 0.759966 0.046400 0.075175
0 0.390792 0.035241 0.051072 0.070482
0 0.498600 0.910638 0.051996 0.080342
0 0.159256 0.675878 0.052260 0.079059
0 0.321332 0.755221 0.054095 0.082837
0 0.257587 0.040830 0.047868 0.074103
0 0.521834 0.561309 0.044810 0.077234
0 0.861259 0.887794 0.048096 0.073854
0 0.282900 0.666981 0.052352 0.085575
0 0.982712 0.618748 0.034081 0.086294
0 0.871614 0.964097 0.054550 0.070152
0 0.268934 0.935732 0.047921 0.075895
0 0.469547 0.574813 0.051317 0.079863
0 0.726785 0.447943 0.051252 0.072828
0 0.529442 0.674350 0.051424 0.080327
0 0.645177 0.963796 0.054262 0.070505
0 0.812520 0.864414 0.047891 0.070624
0 0.182755 0.173553 0.063170 0.093335
0 0.031630 0.590058 0.046309 0.073546
0 0.769985 0.951711 0.057475 0.071745
0 0.068167 0.818245 0.056246 0.082622
0 0.336693 0.043546 0.046375 0.087074
0 0.107489 0.294650 0.045109 0.080204
0 0.933873 0.683900 0.044719 0.073251
0 0.045627 0.732903 0.052532 0.083193
0 0.817168 0.612962 0.061532 0.081042
0 0.902408 0.747398 0.053803 0.074339
0 0.457187 0.480459 0.055801 0.089985
0 0.036673 0.336018 0.055026 0.088870
0 0.680154 0.627865 0.053315 0.082490
0 0.308411 0.500317 0.060454 0.081519
0 0.718867 0.708363 0.049358 0.074126
0 0.228100 0.713732 0.050717 0.080581
0 0.247650 0.418097 0.053945 0.083492
0 0.128430 0.612081 0.054968 0.080771
0 0.061936 0.261583 0.048432 0.083072
0 0.939104 0.605454 0.046222 0.074666
0 0.354874 0.928920 0.055956 0.088252
0 0.950206 0.522715 0.046757 0.071435
0 0.616838 0.634288 0.051439 0.084851
0 0.629263 0.548938 0.052797 0.081922
0 0.033994 0.143612 0.054432 0.086825
0 0.799493 0.528643 0.057119 0.084364
0 0.919374 0.460401 0.048026 0.074516
0 0.593310 0.807628 0.054094 0.078990
0 0.908117 0.829282 0.050930 0.077321
0 0.473395 0.294155 0.048999 0.075494
0 0.644791 0.091263 0.045195 0.074766
0 0.237675 0.510556 0.051072 0.080818
0 0.380209 0.439407 0.063587 0.090179
0 0.292205 0.296770 0.052547 0.073784
0 0.574085 0.346006 0.052570 0.084678
0 0.213517 0.248215 0.053850 0.086119
0 0.799002 0.375104 0.051160 0.074310
0 0.981356 0.321494 0.036598 0.075246
0 0.768545 0.669938 0.049712 0.078234
0 0.416911 0.357085 0.053390 0.079788
0 0.699436 0.793252 0.051312 0.083739
0 0.931868 0.906368 0.054722 0.087431
0 0.910000 0.377055 0.046572 0.079947
0 0.322564 0.229931 0.048874 0.080491
0 0.643406 0.754731 0.053195 0.085489
0 0.133124 0.888235 0.049172 0.083361
0 0.085622 0.671717 0.055216 0.084054
0 0.962732 0.184318 0.052264 0.092411
0 0.472985 0.387830 0.056459 0.087262
0 0.892780 0.566543 0.051067 0.081116
0 0.805143 0.765205 0.067426 0.078268
0 0.569056 0.590839 0.049733 0.084217
0 0.973070 0.816803 0.052244 0.082866
0 0.166351 0.308939 0.062027 0.081659
0 0.314876 0.141315 0.052908 0.083378
0 0.276627 0.832370 0.055334 0.097671
0 0.060440 0.463164 0.055821 0.079579
0 0.173311 0.552496 0.053997 0.085523
0 0.584517 0.043192 0.051402 0.079889
0 0.066837 0.051668 0.057394 0.087062
0 0.689999 0.278661 0.051694 0.080001
0 0.537787 0.847524 0.058518 0.098357
0 0.479959 0.201475 0.049970 0.082340
0 0.240826 0.150806 0.053543 0.082759
0 0.725478 0.072453 0.050089 0.076097
0 0.857925 0.447817 0.055599 0.089897
0 0.822404 0.153679 0.065197 0.075085
0 0.964643 0.411698 0.051047 0.100697
0 0.612421 0.167438 0.052441 0.081365
0 0.511765 0.115261 0.056280 0.079473
0 0.414459 0.241766 0.052992 0.085038
0 0.553871 0.169954 0.053854 0.076984
0 0.950040 0.097958 0.059421 0.076600
0 0.705877 0.158476 0.060628 0.092975
0 0.777988 0.270508 0.054474 0.076141
0 0.873336 0.079389 0.056297 0.088073
0 0.550375 0.263550 0.058197 0.094855
1 0.442289 0.707986 0.056931 0.076281
1 0.683662 0.489869 0.054592 0.081049
1 0.737474 0.882002 0.049912 0.069130
2 0.400955 0.564362 0.024176 0.039333
2 0.140084 0.352801 0.024956 0.033373
2 0.583057 0.401669 0.021837 0.033373
2 0.671964 0.216329 0.020277 0.034565
2 0.590856 0.669249 0.017157 0.029797