0 0.660947 0.651633 0.047392 0.072822
0 0.691234 0.378562 0.043162 0.081900
0 0.766238 0.270060 0.040350 0.074234
0 0.630094 0.337209 0.050062 0.080279
0 0.727931 0.360259 0.042528 0.078245
0 0.914148 0.123461 0.045770 0.073901
0 0.727053 0.271515 0.048433 0.078367
0 0.607305 0.297474 0.054132 0.075087
0 0.892839 0.088735 0.046483 0.079113
0 0.904559 0.251034 0.044761 0.082112
0 0.004083 0.596333 0.008166 0.059765
0 0.938332 0.266591 0.040962 0.078164
0 0.885849 0.667060 0.049633 0.083667
0 0.858156 0.639284 0.051336 0.070303
0 0.721756 0.443452 0.056638 0.075662
0 0.993778 0.755240 0.010935 0.066167
0 0.326790 0.324108 0.044553 0.068323
0 0.992803 0.578849 0.012726 0.070367
0 0.006225 0.480991 0.012450 0.069474
0 0.326041 0.262191 0.048865 0.072411
0 0.640861 0.120685 0.044369 0.061115
0 0.775157 0.176218 0.046272 0.062845
0 0.690800 0.989497 0.043869 0.018261
0 0.989741 0.371439 0.018914 0.078576
0 0.671587 0.100030 0.051011 0.087450
0 0.549251 0.989470 0.045339 0.018062
0 0.253140 0.007677 0.045398 0.015353
0 0.766418 0.115228 0.055707 0.079652
0 0.623529 0.202089 0.066316 0.087083
0 0.884584 0.563499 0.044538 0.089560
0 0.920660 0.530020 0.048939 0.086114
0 0.957496 0.011208 0.045068 0.022417
0 0.910735 0.446481 0.045846 0.073211
0 0.066623 0.342093 0.074952 0.090111
0 0.985756 0.178431 0.026670 0.089473
0 0.013233 0.793609 0.026414 0.066086
0 0.153100 0.477614 0.072534 0.084586
0 0.093445 0.452197 0.057827 0.122374
0 0.015141 0.391143 0.030197 0.074446
0 0.784892 0.405055 0.057971 0.076977
0 0.820932 0.124692 0.043791 0.076641
0 0.019536 0.243119 0.039071 0.075261
0 0.938424 0.186081 0.047181 0.062977
0 0.980685 0.683416 0.036572 0.069770
0 0.871010 0.197450 0.043174 0.065541
0 0.020044 0.690205 0.040088 0.080125
0 0.674978 0.575376 0.056753 0.077071
0 0.858754 0.030669 0.052345 0.061338
0 0.637065 0.709833 0.052870 0.085965
0 0.813199 0.598510 0.047866 0.090251
0 0.794980 0.680320 0.054074 0.077513
0 0.860270 0.805539 0.052736 0.084618
0 0.782932 0.495798 0.049264 0.080051
0 0.410940 0.015051 0.051198 0.030101
0 0.824746 0.229606 0.049543 0.084457
0 0.769904 0.030523 0.051090 0.061030
0 0.815869 0.327322 0.056560 0.083446
0 0.461794 0.457203 0.045327 0.090315
0 0.954090 0.381467 0.045630 0.071246
0 0.564000 0.020710 0.055682 0.041420
0 0.194740 0.420113 0.043184 0.096374
0 0.968702 0.069240 0.060157 0.083913
0 0.710516 0.185787 0.050947 0.075361
0 0.961847 0.463153 0.048537 0.076657
0 0.890506 0.961943 0.050102 0.073159
0 0.584493 0.132846 0.051758 0.080016
0 0.560000 0.206014 0.048424 0.070573
0 0.085780 0.967646 0.053721 0.061359
0 0.741105 0.559392 0.047458 0.086982
0 0.512633 0.445487 0.050634 0.081965
0 0.311524 0.575103 0.046201 0.072328
0 0.886872 0.339588 0.049757 0.083212
0 0.357614 0.585258 0.046417 0.070332
0 0.034081 0.582420 0.046702 0.065800
0 0.605326 0.064033 0.054645 0.078030
0 0.885392 0.879798 0.047770 0.074551
0 0.502425 0.038963 0.048014 0.075695
0 0.934484 0.906653 0.050028 0.089501
0 0.479695 0.371656 0.055000 0.093381
0 0.115638 0.035000 0.046779 0.069915
0 0.494879 0.575763 0.054006 0.078633
0 0.079203 0.214224 0.048656 0.075784
0 0.275617 0.961332 0.050609 0.073858
0 0.394035 0.962118 0.053720 0.072076
0 0.056383 0.516840 0.054297 0.088768
0 0.585678 0.489873 0.050203 0.074347
0 0.168517 0.190559 0.044584 0.079237
0 0.180978 0.029162 0.053381 0.058324
0 0.309860 0.025908 0.054020 0.051815
0 0.709828 0.775520 0.049046 0.081085
0 0.038753 0.920945 0.055270 0.079472
0 0.946701 0.621139 0.050384 0.086117
0 0.300753 0.464042 0.044229 0.078654
0 0.116715 0.699147 0.051630 0.076046
0 0.499550 0.166750 0.051984 0.091735
0 0.290896 0.378355 0.050048 0.077707
0 0.150446 0.346999 0.051853 0.082626
0 0.501074 0.760033 0.047064 0.071154
0 0.264008 0.541255 0.053313 0.074398
0 0.118295 0.275393 0.055960 0.076684
0 0.098655 0.776961 0.051644 0.081085
0 0.347631 0.665562 0.049597 0.078906
0 0.212091 0.149051 0.052142 0.092935
0 0.498709 0.677224 0.055498 0.077825
0 0.137264 0.626456 0.057857 0.076399
0 0.403881 0.147308 0.047580 0.078351
0 0.344701 0.941168 0.049117 0.085833
0 0.222187 0.771667 0.050289 0.088481
0 0.088105 0.863439 0.055427 0.080462
0 0.411773 0.473700 0.054490 0.078639
0 0.224347 0.938674 0.048644 0.080817
0 0.288246 0.200607 0.053800 0.075545
0 0.044471 0.113778 0.049850 0.073310
0 0.161105 0.089184 0.050404 0.068598
0 0.456048 0.962816 0.050054 0.070819
0 0.716529 0.863638 0.044564 0.074831
0 0.496992 0.260735 0.055697 0.080865
0 0.241690 0.460060 0.051291 0.083491
0 0.175906 0.560194 0.052982 0.084676
0 0.357030 0.195775 0.054599 0.085503
0 0.552527 0.588862 0.050444 0.082314
0 0.178757 0.276001 0.054359 0.078667
0 0.766869 0.958800 0.054972 0.079546
0 0.093430 0.131333 0.044074 0.079454
0 0.449658 0.627831 0.052973 0.085537
0 0.376242 0.838940 0.049810 0.083919
0 0.257589 0.649932 0.049423 0.083687
0 0.687238 0.936722 0.057019 0.074231
0 0.558823 0.940183 0.050974 0.077428
0 0.429552 0.345239 0.046691 0.080509
0 0.370615 0.059273 0.054078 0.085436
0 0.375869 0.342836 0.048665 0.075275
0 0.243724 0.084794 0.051380 0.082038
0 0.545046 0.799251 0.046351 0.077601
0 0.457230 0.079305 0.056245 0.090034
0 0.769597 0.860317 0.049916 0.082620
0 0.322120 0.741995 0.051984 0.084615
0 0.413431 0.776889 0.054187 0.083083
0 0.254133 0.847440 0.056011 0.075779
0 0.645036 0.870623 0.051644 0.083616
0 0.592953 0.892045 0.050624 0.082885
1 0.328426 0.862336 0.049133 0.056019
2 0.019593 0.300954 0.025736 0.032181
2 0.598265 0.671633 0.025736 0.039333
2 0.543673 0.855185 0.017937 0.032181
2 0.705499 0.698451 0.017157 0.026222
2 0.347143 0.525626 0.017937 0.023838
3 0.655197 0.475566 0.099045 0.133492
1 0.039138 0.181401 0.046932 0.062552
1 0.629609 0.627606 0.040383 0.077565
1 0.825250 0.763970 0.051844 0.118432