0 0.823343 0.994149 0.035635 0.009717
0 0.557415 0.014499 0.050799 0.028881
0 0.003871 0.090021 0.007741 0.066817
0 0.472189 0.992113 0.029969 0.013097
0 0.992424 0.495408 0.013325 0.057589
0 0.149637 0.006855 0.041269 0.013664
0 0.771187 0.039425 0.045194 0.066850
0 0.284307 0.801463 0.044041 0.079315
0 0.586904 0.107441 0.050490 0.087090
0 0.924839 0.737973 0.036276 0.051710
0 0.678472 0.573559 0.052590 0.087070
0 0.016506 0.696524 0.032959 0.084025
0 0.702974 0.623897 0.050653 0.073573
0 0.015961 0.976355 0.031923 0.044231
0 0.565545 0.148998 0.048461 0.082137
0 0.924095 0.684574 0.051592 0.076029
0 0.739577 0.057299 0.051358 0.078612
0 0.050889 0.697787 0.044484 0.074295
0 0.266792 0.872640 0.056106 0.078512
0 0.373961 0.411533 0.056776 0.056841
0 0.694997 0.985921 0.046721 0.025033
0 0.242364 0.806300 0.052528 0.080766
0 0.985089 0.571893 0.027884 0.066343
0 0.097871 0.984497 0.045684 0.028237
0 0.635511 0.713941 0.047820 0.079989
0 0.282714 0.013156 0.047429 0.026263
0 0.015022 0.210792 0.029948 0.084011
0 0.318940 0.081404 0.043647 0.081208
0 0.015648 0.784735 0.031291 0.082377
0 0.982060 0.816189 0.033889 0.077439
0 0.600534 0.677806 0.050215 0.083493
0 0.971832 0.967468 0.054093 0.061843
0 0.241170 0.076256 0.048472 0.076467
0 0.197644 0.099006 0.059098 0.078434
0 0.977870 0.897838 0.042288 0.074345
0 0.142926 0.337480 0.040280 0.061187
0 0.977046 0.020156 0.044167 0.040241
0 0.830463 0.660170 0.048630 0.078366
0 0.038113 0.625200 0.065024 0.075374
0 0.361995 0.048249 0.059966 0.096339
0 0.021399 0.900879 0.042797 0.082273
0 0.959282 0.614977 0.050197 0.069989
0 0.358766 0.975865 0.064866 0.044853
0 0.723936 0.539605 0.045124 0.081020
0 0.885859 0.268616 0.053798 0.075906
0 0.880808 0.965628 0.044437 0.065495
0 0.703362 0.702027 0.047587 0.070735
0 0.980438 0.165151 0.037218 0.080004
0 0.503767 0.131242 0.050499 0.068833
0 0.477020 0.557813 0.042802 0.072866
0 0.089210 0.019613 0.051519 0.039227
0 0.839029 0.943551 0.039491 0.080804
0 0.820582 0.578525 0.050233 0.085501
0 0.902137 0.616022 0.044230 0.080765
0 0.253873 0.570650 0.053823 0.072439
0 0.463712 0.034552 0.048401 0.069073
0 0.425341 0.845704 0.045745 0.075481
0 0.900309 0.503695 0.043430 0.076892
0 0.961040 0.084125 0.052926 0.088336
0 0.115229 0.072006 0.047109 0.079866
0 0.863524 0.553250 0.051150 0.101548
0 0.070125 0.881763 0.051343 0.081206
0 0.856790 0.875376 0.048214 0.069541
0 0.927857 0.043502 0.051705 0.077525
0 0.184958 0.864154 0.047876 0.096240
0 0.500772 0.637548 0.053749 0.079394
0 0.636652 0.128873 0.045263 0.082784
0 0.892195 0.777283 0.051677 0.070939
0 0.709439 0.823785 0.048682 0.069168
0 0.528912 0.958231 0.056071 0.076442
0 0.586343 0.961020 0.053245 0.074477
0 0.358616 0.468579 0.045490 0.081802
0 0.239027 0.966189 0.049676 0.064295
0 0.734012 0.756061 0.045014 0.080144
0 0.870177 0.710338 0.056217 0.068587
0 0.795799 0.722210 0.053841 0.077289
0 0.088513 0.455274 0.051253 0.071380
0 0.422932 0.415500 0.039168 0.095731
0 0.182613 0.768288 0.053828 0.084592
0 0.114420 0.927663 0.051493 0.080392
0 0.300391 0.950495 0.050205 0.079239
0 0.123590 0.594615 0.049344 0.079434
0 0.046352 0.235242 0.050071 0.083484
0 0.741934 0.960921 0.047710 0.074723
0 0.298605 0.568619 0.047610 0.080200
0 0.793866 0.959042 0.050401 0.078028
0 0.549498 0.581808 0.045756 0.076614
0 0.900866 0.106403 0.047903 0.071643
0 0.073567 0.799309 0.050894 0.072060
0 0.458291 0.911145 0.054904 0.080975
0 0.102241 0.682646 0.052906 0.068923
0 0.326446 0.870006 0.062248 0.080618
0 0.301027 0.157876 0.062403 0.075818
0 0.233040 0.637869 0.055660 0.075481
0 0.848105 0.304314 0.053945 0.082722
0 0.822704 0.144390 0.048640 0.074167
0 0.422009 0.111568 0.051075 0.075544
0 0.919224 0.849756 0.048280 0.073040
0 0.682009 0.063638 0.053340 0.085738
0 0.531517 0.862545 0.048000 0.084681
0 0.947487 0.536815 0.045374 0.081811
0 0.850647 0.057360 0.053653 0.088797
0 0.807594 0.796352 0.061212 0.086010
0 0.041855 0.040666 0.053254 0.079763
0 0.447927 0.702926 0.048435 0.079041
0 0.526816 0.357487 0.049059 0.095775
0 0.089229 0.182836 0.049171 0.075290
0 0.816589 0.471156 0.047180 0.078720
0 0.595038 0.233859 0.049838 0.077811
0 0.466150 0.784208 0.049700 0.083943
0 0.136238 0.151259 0.049283 0.086540
0 0.385173 0.537513 0.059634 0.079847
0 0.585010 0.852605 0.052195 0.081538
0 0.593675 0.506743 0.047514 0.077577
0 0.036372 0.130255 0.050583 0.089489
0 0.528836 0.734834 0.065005 0.087607
0 0.416557 0.622887 0.060814 0.075216
0 0.375155 0.198668 0.055022 0.084698
0 0.575592 0.310572 0.057182 0.080718
0 0.231627 0.721077 0.058201 0.083085
0 0.721016 0.215777 0.060569 0.075706
0 0.884200 0.181983 0.056784 0.083676
0 0.107222 0.386458 0.058975 0.070198
0 0.168478 0.660642 0.047533 0.079433
0 0.510002 0.501309 0.050496 0.081795
0 0.314436 0.424315 0.047743 0.078229
0 0.405446 0.303472 0.047535 0.095768
0 0.232679 0.499283 0.051222 0.075381
0 0.123777 0.511899 0.049802 0.079274
0 0.893760 0.424893 0.055290 0.083503
0 0.353885 0.331544 0.049983 0.086125
0 0.029799 0.413651 0.059557 0.088500
0 0.230902 0.192182 0.051033 0.082724
0 0.369179 0.721356 0.063267 0.097247
0 0.299722 0.678819 0.052779 0.097079
0 0.924342 0.329121 0.052863 0.084687
0 0.128206 0.802145 0.051488 0.086761
0 0.223639 0.421298 0.054637 0.084030
0 0.452125 0.246404 0.052555 0.094365
0 0.642980 0.384364 0.050551 0.080297
0 0.191648 0.283621 0.046250 0.084480
0 0.048822 0.532046 0.057482 0.084353
0 0.775870 0.382205 0.050499 0.089038
0 0.731483 0.438573 0.054615 0.084908
0 0.772252 0.268643 0.059280 0.085442
0 0.473500 0.373859 0.053793 0.086650
0 0.651949 0.235673 0.055937 0.090771
0 0.107887 0.267936 0.055312 0.082379
0 0.186999 0.368226 0.053231 0.074760
0 0.957189 0.401422 0.056978 0.083617
1 0.498050 0.205006 0.043673 0.047676
2 0.004922 0.594160 0.009844 0.034565
3 0.973064 0.703920 0.053872 0.161802