0 0.133845 0.170441 0.051472 0.071514
0 0.116904 0.986619 0.031857 0.024856
0 0.494004 0.845470 0.041943 0.053794
0 0.594775 0.121214 0.053175 0.070741
0 0.476368 0.746155 0.046714 0.078731
0 0.598131 0.064826 0.052536 0.059942
0 0.055662 0.005224 0.033944 0.010448
0 0.004257 0.161276 0.008512 0.064955
0 0.007604 0.490962 0.015133 0.067108
0 0.988392 0.291073 0.021539 0.055174
0 0.260857 0.613257 0.070661 0.111541
0 0.012296 0.013202 0.024502 0.026404
0 0.993140 0.961879 0.012186 0.066245
0 0.010100 0.087222 0.020096 0.065381
0 0.286922 0.990393 0.050826 0.016400
0 0.950020 0.006889 0.042628 0.013732
0 0.143438 0.417942 0.077427 0.094745
0 0.156423 0.474714 0.050805 0.083380
0 0.316895 0.429267 0.069270 0.113772
0 0.502582 0.022744 0.042816 0.045465
0 0.347564 0.249757 0.055165 0.115792
0 0.978489 0.336058 0.040923 0.077526
0 0.218815 0.547685 0.060413 0.109802
0 0.989219 0.028815 0.019992 0.057443
0 0.464633 0.017299 0.042241 0.034578
0 0.396186 0.573670 0.058705 0.152112
0 0.835931 0.010871 0.049311 0.021742
0 0.092499 0.961526 0.058270 0.074063
0 0.424598 0.827720 0.050978 0.075813
0 0.690673 0.357113 0.049043 0.076517
0 0.272639 0.930335 0.080328 0.088299
0 0.576617 0.014435 0.047014 0.028871
0 0.014680 0.863843 0.029350 0.092328
0 0.076954 0.457639 0.051007 0.070840
0 0.036674 0.436100 0.054511 0.076184
0 0.017385 0.675230 0.034716 0.075052
0 0.445717 0.966907 0.039234 0.062847
0 0.322988 0.332878 0.052399 0.069189
0 0.985924 0.730349 0.026209 0.078018
0 0.143690 0.573974 0.069417 0.105397
0 0.770244 0.973857 0.051350 0.049088
0 0.180693 0.879278 0.072290 0.108029
0 0.460530 0.889338 0.045374 0.083191
0 0.650599 0.977184 0.052053 0.042370
0 0.725370 0.419501 0.051513 0.072702
0 0.150586 0.814838 0.045310 0.079968
0 0.726375 0.322219 0.055082 0.074820
0 0.384433 0.014147 0.049441 0.028253
0 0.092262 0.543495 0.047881 0.064478
0 0.387211 0.897618 0.052261 0.074380
0 0.956611 0.977076 0.052449 0.042611
0 0.043005 0.911081 0.046312 0.072021
0 0.311023 0.522006 0.048046 0.074220
0 0.383098 0.970666 0.050253 0.055380
0 0.701360 0.956068 0.055763 0.083968
0 0.352652 0.843074 0.056255 0.074508
0 0.877902 0.427341 0.047360 0.060403
0 0.405650 0.774719 0.055863 0.082122
0 0.118499 0.674713 0.049211 0.075295
0 0.289280 0.842417 0.050131 0.080444
0 0.332874 0.764437 0.050911 0.070302
0 0.807658 0.942748 0.049402 0.078982
0 0.246680 0.479293 0.050234 0.072736
0 0.139843 0.021645 0.050999 0.043291
0 0.242180 0.812850 0.048078 0.078637
0 0.079659 0.621833 0.047899 0.082230
0 0.036635 0.126702 0.046947 0.070176
0 0.037015 0.583413 0.047893 0.076692
0 0.294314 0.282856 0.051298 0.070868
0 0.103776 0.055711 0.045349 0.069470
0 0.862559 0.593578 0.073103 0.095468
0 0.044179 0.748919 0.063419 0.105934
0 0.975254 0.839092 0.047386 0.084004
0 0.569989 0.779271 0.047752 0.068704
0 0.719171 0.624477 0.050503 0.076546
0 0.754423 0.568799 0.042651 0.068884
0 0.481159 0.465741 0.050381 0.073371
0 0.430447 0.462804 0.055416 0.075304
0 0.233388 0.089598 0.041043 0.074108
0 0.550066 0.930701 0.077048 0.088069
0 0.764484 0.385532 0.057637 0.073783
0 0.040523 0.041029 0.042950 0.069241
0 0.674818 0.583004 0.051359 0.077140
0 0.447635 0.626917 0.055023 0.083541
0 0.095180 0.819500 0.056382 0.105826
0 0.195623 0.772258 0.058156 0.074339
0 0.827320 0.837959 0.051599 0.072714
0 0.442518 0.343244 0.047635 0.073615
0 0.482796 0.386760 0.049297 0.073895
0 0.865730 0.963427 0.053185 0.069797
0 0.142950 0.093519 0.046539 0.070928
0 0.342029 0.683745 0.059165 0.079714
0 0.795414 0.599342 0.045712 0.078363
0 0.395412 0.312638 0.045067 0.068614
0 0.870113 0.358796 0.052293 0.069106
0 0.102681 0.343599 0.075267 0.080090
0 0.260590 0.032428 0.057529 0.064856
0 0.288525 0.208350 0.055280 0.067396
0 0.874050 0.717449 0.045734 0.072947
0 0.638851 0.033710 0.045187 0.067420
0 0.682280 0.760841 0.051169 0.082100
0 0.896743 0.297708 0.041031 0.073320
0 0.383783 0.388469 0.051148 0.074599
0 0.932781 0.613921 0.045584 0.074225
0 0.863091 0.493141 0.064631 0.087059
0 0.850899 0.284349 0.054379 0.093403
0 0.693145 0.508124 0.054565 0.072723
0 0.246429 0.388435 0.058491 0.096702
0 0.679571 0.676185 0.049821 0.076341
0 0.476912 0.135572 0.053813 0.070153
0 0.362199 0.079494 0.044652 0.066234
0 0.641665 0.465903 0.069446 0.093257
0 0.208548 0.152862 0.045627 0.076248
0 0.686041 0.034669 0.043675 0.068164
0 0.030882 0.345199 0.048922 0.076248
0 0.930519 0.803165 0.049821 0.073658
0 0.189915 0.069017 0.046032 0.081155
0 0.775080 0.884770 0.055351 0.083009
0 0.439503 0.081136 0.071380 0.090670
0 0.976272 0.114884 0.044025 0.069340
0 0.118350 0.253777 0.059930 0.068248
0 0.973362 0.190835 0.050477 0.070475
0 0.881260 0.847943 0.049483 0.080602
0 0.682201 0.120924 0.064862 0.092004
0 0.927548 0.692604 0.056263 0.077389
0 0.559739 0.392130 0.052038 0.077840
0 0.538862 0.054951 0.057367 0.083847
0 0.471385 0.214576 0.049737 0.075826
0 0.192115 0.331111 0.052567 0.075008
0 0.556135 0.701379 0.050007 0.090189
0 0.708169 0.862564 0.059890 0.089787
0 0.534706 0.285970 0.047709 0.085603
0 0.482780 0.306200 0.050786 0.075223
0 0.935472 0.442624 0.052231 0.075985
0 0.408231 0.186033 0.065743 0.074217
0 0.490420 0.554504 0.055934 0.082314
0 0.591485 0.329714 0.054429 0.084076
0 0.936296 0.526548 0.055715 0.081554
0 0.178807 0.249068 0.049237 0.077917
0 0.287960 0.125341 0.049067 0.078448
0 0.638732 0.289209 0.053071 0.074754
0 0.721629 0.205145 0.053167 0.090416
0 0.931802 0.356960 0.048252 0.080712
0 0.845243 0.204276 0.054295 0.071415
0 0.820973 0.075166 0.052298 0.069992
0 0.614315 0.681126 0.056065 0.086557
0 0.793989 0.243137 0.059254 0.082608
0 0.749339 0.053150 0.049510 0.080183
0 0.929985 0.080538 0.051296 0.072900
0 0.880378 0.119151 0.048674 0.087390
1 0.750342 0.492253 0.050692 0.069130
1 0.797135 0.448749 0.044453 0.065554
2 0.004532 0.259833 0.009064 0.028605
2 0.416943 0.687128 0.021837 0.034565