0 0.603070 0.611882 0.037430 0.073106
0 0.002252 0.591768 0.004443 0.069749
0 0.994996 0.192343 0.009756 0.051795
0 0.568157 0.609749 0.049294 0.073817
0 0.996688 0.355845 0.006381 0.062669
0 0.367179 0.038423 0.038369 0.076642
0 0.819353 0.117378 0.037844 0.076404
0 0.302200 0.429117 0.039576 0.077395
0 0.785034 0.116256 0.043598 0.071047
0 0.047636 0.003475 0.052320 0.006899
0 0.934843 0.744030 0.057963 0.058902
0 0.989952 0.218383 0.019783 0.095597
0 0.810953 0.995047 0.045055 0.009567
0 0.110138 0.995274 0.037757 0.008745
0 0.358853 0.574142 0.046531 0.079258
0 0.721212 0.986796 0.036761 0.024323
0 0.418718 0.950951 0.045617 0.073000
0 0.182046 0.196739 0.046151 0.079191
0 0.741046 0.457904 0.047811 0.085017
0 0.893450 0.722057 0.047536 0.068524
0 0.931099 0.004731 0.034530 0.009463
0 0.153134 0.169037 0.047096 0.074454
0 0.956465 0.992732 0.042768 0.012963
0 0.712283 0.437386 0.043558 0.069498
0 0.319672 0.561962 0.050301 0.069749
0 0.004980 0.926432 0.009961 0.076227
0 0.236918 0.543711 0.051094 0.079734
0 0.984170 0.131207 0.030870 0.070460
0 0.434301 0.642604 0.073190 0.091948
0 0.796895 0.954647 0.045770 0.071762
0 0.209502 0.579891 0.051519 0.080632
0 0.995291 0.668601 0.008972 0.065142
0 0.759959 0.931621 0.051245 0.086359
0 0.347218 0.990388 0.040487 0.017519
0 0.396578 0.977989 0.046099 0.041889
0 0.889569 0.425977 0.042975 0.069516
0 0.955643 0.153929 0.049321 0.074494
0 0.096057 0.027367 0.046522 0.054734
0 0.808857 0.273674 0.048766 0.077441
0 0.805202 0.538470 0.048266 0.073684
0 0.792773 0.484192 0.050475 0.070217
0 0.775765 0.016281 0.044609 0.032563
0 0.770833 0.243834 0.048978 0.078925
0 0.636744 0.303486 0.051434 0.074074
0 0.850979 0.436003 0.050233 0.073476
0 0.065489 0.045180 0.049628 0.070406
0 0.847804 0.842889 0.066822 0.091764
0 0.387772 0.913839 0.052875 0.079607
0 0.991369 0.590157 0.016666 0.073354
0 0.602218 0.335189 0.052890 0.080239
0 0.595219 0.008633 0.050728 0.017267
0 0.319946 0.870264 0.074927 0.081979
0 0.637025 0.785697 0.044365 0.078429
0 0.197389 0.444163 0.045805 0.075393
0 0.788890 0.778078 0.070402 0.100660
0 0.753786 0.813221 0.042336 0.074921
0 0.181775 0.373696 0.045028 0.072843
0 0.465009 0.586852 0.048094 0.083571
0 0.026316 0.978759 0.040973 0.040297
0 0.012666 0.238109 0.025329 0.089535
0 0.987784 0.821483 0.023180 0.077694
0 0.230115 0.376648 0.045162 0.079642
0 0.883002 0.015346 0.051036 0.030598
0 0.729851 0.019943 0.051955 0.039881
0 0.120600 0.895094 0.059294 0.099528
0 0.887228 0.977146 0.048386 0.043762
0 0.019999 0.427128 0.039998 0.084626
0 0.247811 0.461683 0.048489 0.065309
0 0.269361 0.608988 0.051103 0.081635
0 0.163386 0.851838 0.042982 0.069672
0 0.691773 0.961050 0.041840 0.069864
0 0.600632 0.807160 0.048413 0.082411
0 0.586490 0.698486 0.076174 0.080969
0 0.195338 0.948103 0.050127 0.101522
0 0.313268 0.946228 0.045884 0.073648
0 0.808809 0.041909 0.058302 0.073648
0 0.269912 0.030620 0.048689 0.061241
0 0.381375 0.491299 0.069734 0.101596
0 0.983118 0.044287 0.032483 0.070996
0 0.510328 0.865441 0.056726 0.067513
0 0.610517 0.975762 0.046027 0.046443
0 0.943961 0.080814 0.051867 0.066650
0 0.350831 0.769599 0.047185 0.071430
0 0.147235 0.017148 0.048686 0.034297
0 0.142103 0.968095 0.043706 0.062230
0 0.261125 0.971618 0.044155 0.054665
0 0.500351 0.971229 0.049004 0.055363
0 0.281663 0.758334 0.041426 0.071639
0 0.246322 0.847116 0.046545 0.082691
0 0.478639 0.720308 0.045713 0.088063
0 0.215907 0.034574 0.052465 0.069148
0 0.859362 0.566096 0.042617 0.074175
0 0.880723 0.801488 0.051967 0.079050
0 0.019434 0.067242 0.038867 0.080972
0 0.647745 0.918964 0.050218 0.077131
0 0.436076 0.755021 0.048177 0.080418
0 0.675300 0.115395 0.050677 0.079589
0 0.321576 0.708376 0.051230 0.080222
0 0.660497 0.718177 0.047918 0.070272
0 0.448232 0.021657 0.048197 0.043313
0 0.164059 0.707022 0.049096 0.082015
0 0.390330 0.715449 0.048719 0.083420
0 0.235326 0.749894 0.043538 0.081953
0 0.025201 0.643671 0.050340 0.071954
0 0.095410 0.818875 0.052146 0.067207
0 0.220827 0.254320 0.046964 0.071214
0 0.200084 0.802581 0.047322 0.086368
0 0.276732 0.339735 0.049495 0.071895
0 0.806536 0.385042 0.053249 0.081062
0 0.812828 0.695460 0.050544 0.081305
0 0.652066 0.066926 0.049857 0.074470
0 0.848574 0.943079 0.052854 0.085993
0 0.917856 0.918857 0.045293 0.073207
0 0.557955 0.960518 0.057311 0.076592
0 0.549483 0.817492 0.047524 0.081785
0 0.498118 0.025447 0.039786 0.050895
0 0.963714 0.695229 0.045685 0.068072
0 0.129152 0.080588 0.048443 0.077519
0 0.119482 0.749764 0.048752 0.080216
0 0.931782 0.824092 0.042697 0.072367
0 0.963994 0.941612 0.050966 0.080415
0 0.513661 0.564691 0.046758 0.070350
0 0.853251 0.648985 0.045111 0.081831
0 0.082255 0.118768 0.043513 0.076552
0 0.565109 0.407715 0.069155 0.080166
0 0.147095 0.628717 0.053794 0.070512
0 0.572375 0.532399 0.046080 0.065251
0 0.687259 0.861712 0.052214 0.083548
0 0.906660 0.636017 0.043783 0.071882
0 0.039196 0.927503 0.049606 0.074103
0 0.714393 0.666984 0.053952 0.070971
0 0.640800 0.196245 0.054670 0.089614
0 0.102492 0.229218 0.051981 0.075612
0 0.400989 0.415187 0.062516 0.086706
0 0.613356 0.479088 0.047867 0.071575
0 0.247204 0.115947 0.050760 0.073262
0 0.762558 0.640819 0.049591 0.073943
0 0.879991 0.504844 0.050658 0.075066
0 0.062703 0.430861 0.049052 0.082882
0 0.601262 0.058536 0.045630 0.067579
0 0.716192 0.563770 0.054288 0.084821
0 0.046320 0.561658 0.050434 0.066000
0 0.109081 0.340047 0.052813 0.082742
0 0.708037 0.769434 0.053663 0.078189
0 0.120309 0.442773 0.054118 0.072474
0 0.025026 0.156062 0.049777 0.069303
0 0.316303 0.166630 0.046224 0.071756
0 0.052782 0.315923 0.050084 0.087909
0 0.138141 0.526837 0.049116 0.090032
0 0.388431 0.312336 0.066792 0.103276
0 0.726797 0.081557 0.046103 0.065923
0 0.976788 0.515558 0.045803 0.073095
0 0.923903 0.222300 0.053522 0.076982
0 0.657515 0.545415 0.054931 0.085935
0 0.950907 0.579830 0.048996 0.074935
0 0.925731 0.341142 0.049966 0.091228
0 0.891298 0.286989 0.052071 0.076578
0 0.526356 0.332039 0.057518 0.074070
0 0.946378 0.419570 0.052669 0.088738
0 0.489780 0.485287 0.050029 0.082786
0 0.722487 0.167397 0.050304 0.072440
0 0.086367 0.657897 0.052290 0.084707
0 0.551541 0.063814 0.056588 0.074799
0 0.701271 0.249949 0.051143 0.075625
0 0.364959 0.134396 0.052132 0.079830
0 0.276125 0.256980 0.053151 0.079646
0 0.348315 0.225754 0.051024 0.072290
0 0.599229 0.137001 0.056133 0.077941
0 0.433240 0.111293 0.048220 0.082066
0 0.475165 0.308318 0.046168 0.082820
0 0.587873 0.255045 0.049670 0.079204
0 0.533617 0.252699 0.049355 0.072236
0 0.534819 0.163535 0.051960 0.077325
0 0.462762 0.226600 0.055424 0.072863
1 0.338954 0.374851 0.054592 0.048868
1 0.979870 0.302741 0.040260 0.069130
2 0.402125 0.136472 0.017157 0.029797
2 0.677813 0.175805 0.019497 0.029797
2 0.775298 0.427294 0.021057 0.029797
2 0.662995 0.986293 0.014818 0.027414