0 0.986603 0.002212 0.026793 0.004384
0 0.709375 0.343453 0.050534 0.083588
0 0.724307 0.289829 0.047214 0.091348
0 0.112816 0.996063 0.040831 0.007402
0 0.523235 0.736176 0.082284 0.084266
0 0.369257 0.004875 0.036487 0.009750
0 0.721221 0.548051 0.045238 0.084116
0 0.010377 0.841322 0.020746 0.083990
0 0.813706 0.005703 0.045238 0.011405
0 0.620802 0.297647 0.052637 0.096964
0 0.008444 0.742545 0.016831 0.069599
0 0.005389 0.270355 0.010755 0.075385
0 0.507197 0.006276 0.043301 0.012553
0 0.578457 0.006166 0.047572 0.012332
0 0.295922 0.992720 0.038743 0.013270
0 0.764312 0.534044 0.051930 0.091012
0 0.585503 0.258022 0.050759 0.085773
0 0.033542 0.007086 0.041597 0.014171
0 0.993640 0.793906 0.011852 0.075620
0 0.347636 0.988574 0.053562 0.021021
0 0.990688 0.698563 0.017697 0.074337
0 0.011420 0.462915 0.022787 0.082824
0 0.013136 0.670609 0.026207 0.068360
0 0.017636 0.934588 0.035271 0.098239
0 0.738197 0.954376 0.055017 0.078255
0 0.873141 0.572261 0.039502 0.065514
0 0.680712 0.242516 0.053023 0.084985
0 0.983165 0.545973 0.032724 0.083561
0 0.698319 0.933364 0.051391 0.079845
0 0.396869 0.340965 0.052740 0.071188
0 0.981236 0.622222 0.036692 0.078264
0 0.980407 0.950167 0.037922 0.070743
0 0.926893 0.209563 0.056816 0.094761
0 0.871676 0.206798 0.046868 0.082612
0 0.926646 0.979468 0.054790 0.038659
0 0.425222 0.276353 0.053518 0.084550
0 0.907173 0.285100 0.057031 0.086866
0 0.650867 0.963062 0.043778 0.071237
0 0.370317 0.274637 0.051818 0.085096
0 0.985715 0.377898 0.027017 0.080855
0 0.978169 0.128146 0.042472 0.102116
0 0.399664 0.974852 0.045347 0.048411
0 0.634747 0.880209 0.047904 0.073332
0 0.982118 0.871573 0.034705 0.076247
0 0.394607 0.199106 0.053168 0.088310
0 0.814091 0.922068 0.064648 0.083574
0 0.128332 0.767589 0.047366 0.073421
0 0.042997 0.870030 0.044861 0.075401
0 0.265670 0.021157 0.051757 0.042314
0 0.799469 0.466568 0.052637 0.081492
0 0.159762 0.710979 0.043379 0.085125
0 0.745621 0.791370 0.046343 0.070595
0 0.765186 0.862571 0.047569 0.074219
0 0.825908 0.633287 0.050821 0.068693
0 0.445521 0.735617 0.046888 0.067827
0 0.156219 0.021171 0.052210 0.042342
0 0.878905 0.449333 0.043736 0.080720
0 0.589056 0.385461 0.057417 0.087486
0 0.773549 0.282092 0.051152 0.097610
0 0.705791 0.644990 0.044253 0.071156
0 0.359401 0.924669 0.054436 0.085470
0 0.885214 0.091408 0.049585 0.077501
0 0.414003 0.654611 0.046150 0.075003
0 0.107710 0.536464 0.045556 0.071876
0 0.836832 0.324552 0.049601 0.078287
0 0.384541 0.433146 0.053440 0.082724
0 0.798828 0.775053 0.044722 0.080366
0 0.541687 0.616965 0.049145 0.088236
0 0.585003 0.566565 0.048852 0.077558
0 0.832693 0.534500 0.052867 0.084487
0 0.451999 0.357485 0.052856 0.081099
0 0.515965 0.965246 0.049862 0.066994
0 0.403626 0.035643 0.054536 0.071285
0 0.049390 0.678978 0.051688 0.069635
0 0.093211 0.104676 0.053261 0.093464
0 0.830156 0.058768 0.055943 0.094992
0 0.489030 0.815902 0.054925 0.088751
0 0.952438 0.049226 0.055845 0.091235
0 0.655804 0.158226 0.065293 0.111297
0 0.469736 0.639131 0.052170 0.083289
0 0.077354 0.957152 0.052607 0.082453
0 0.859385 0.861408 0.061756 0.090938
0 0.415151 0.798827 0.051620 0.074852
0 0.560643 0.182034 0.053434 0.088065
0 0.922033 0.372800 0.055555 0.077342
0 0.319117 0.036213 0.052034 0.072426
0 0.181725 0.080670 0.055418 0.094547
0 0.615174 0.776246 0.045234 0.076993
0 0.561729 0.811075 0.060537 0.079153
0 0.436231 0.579094 0.055280 0.079280
0 0.092188 0.195777 0.048433 0.078304
0 0.623551 0.483277 0.052138 0.078795
0 0.354416 0.785762 0.049044 0.075723
0 0.422320 0.495843 0.052590 0.080963
0 0.578736 0.915765 0.054945 0.075554
0 0.751587 0.713318 0.058370 0.084414
0 0.939713 0.911413 0.049606 0.082857
0 0.645682 0.047359 0.057466 0.088507
0 0.372289 0.517905 0.044841 0.073748
0 0.318740 0.856062 0.051216 0.076927
0 0.875122 0.680122 0.056086 0.080108
0 0.534317 0.498495 0.050228 0.079855
0 0.509216 0.065542 0.055234 0.088880
0 0.056891 0.778970 0.051047 0.082334
0 0.714747 0.040824 0.050102 0.081648
0 0.935113 0.818600 0.048403 0.075573
0 0.312933 0.526762 0.049264 0.078444
0 0.045911 0.133407 0.050082 0.084136
0 0.326722 0.419165 0.053120 0.081430
0 0.260173 0.213286 0.044465 0.075106
0 0.670960 0.793198 0.052405 0.077922
0 0.055792 0.493938 0.048500 0.079663
0 0.049762 0.393156 0.052654 0.081646
0 0.443246 0.094633 0.053754 0.081580
0 0.946616 0.452124 0.054534 0.086085
0 0.235486 0.525532 0.058550 0.079372
0 0.144375 0.479415 0.062246 0.087796
0 0.924998 0.539972 0.056544 0.088914
0 0.241560 0.846311 0.051800 0.079671
0 0.335594 0.120093 0.055078 0.085670
0 0.195327 0.388197 0.047153 0.083468
0 0.188178 0.805510 0.058129 0.096304
0 0.270237 0.453405 0.056681 0.086955
0 0.178825 0.946212 0.053728 0.075941
0 0.234432 0.620883 0.050102 0.080167
0 0.361434 0.689405 0.051492 0.085260
0 0.284804 0.348660 0.055314 0.081747
0 0.173813 0.290706 0.047786 0.079728
0 0.038364 0.289089 0.048226 0.092841
1 0.391538 0.123512 0.048685 0.071597
1 0.505901 0.412708 0.036743 0.071597
2 0.865524 0.150887 0.015616 0.025270
2 0.555963 0.869665 0.022964 0.033693
2 0.670785 0.887916 0.019290 0.028077
2 0.839344 0.815617 0.020209 0.032289