0 0.978819 0.466054 0.041748 0.080096
0 0.438226 0.001758 0.049114 0.003479
0 0.941449 0.996031 0.049780 0.007937
0 0.003145 0.333734 0.006290 0.047353
0 0.520820 0.993358 0.036233 0.011738
0 0.175032 0.989866 0.032675 0.019642
0 0.049811 0.327097 0.051233 0.071443
0 0.987348 0.043153 0.023951 0.075666
0 0.996027 0.775922 0.007480 0.058269
0 0.037924 0.269051 0.046001 0.075339
0 0.976792 0.836301 0.045320 0.078285
0 0.968578 0.078831 0.049588 0.080478
0 0.973625 0.909037 0.051859 0.079183
0 0.611132 0.005586 0.041356 0.011173
0 0.156156 0.838406 0.051700 0.073508
0 0.401926 0.304639 0.047068 0.072179
0 0.015472 0.025571 0.030938 0.051015
0 0.967501 0.726365 0.052487 0.109297
0 0.007842 0.245904 0.015637 0.087241
0 0.143397 0.888621 0.047118 0.067010
0 0.051151 0.029190 0.045442 0.058381
0 0.664364 0.011524 0.047320 0.023004
0 0.417407 0.256930 0.051030 0.078912
0 0.591275 0.811810 0.048044 0.074341
0 0.070928 0.990970 0.052385 0.017464
0 0.009704 0.755548 0.019407 0.071636
0 0.177153 0.554292 0.042534 0.065285
0 0.020529 0.981793 0.041058 0.034543
0 0.567385 0.867698 0.051110 0.079363
0 0.812630 0.985981 0.047452 0.026495
0 0.440114 0.820974 0.045813 0.068942
0 0.013982 0.908340 0.027964 0.088158
0 0.358013 0.972562 0.079547 0.052399
0 0.180963 0.807141 0.058696 0.085825
0 0.094108 0.030833 0.048179 0.061667
0 0.261428 0.957331 0.059804 0.083192
0 0.136589 0.965317 0.053215 0.067813
0 0.401925 0.795029 0.055168 0.072357
0 0.982264 0.344528 0.034790 0.069712
0 0.588799 0.664910 0.081581 0.102878
0 0.161795 0.616140 0.042400 0.074953
0 0.986278 0.588257 0.026057 0.088018
0 0.041764 0.873750 0.044012 0.067724
0 0.324157 0.891241 0.047591 0.078684
0 0.644407 0.971114 0.047115 0.054824
0 0.531289 0.936307 0.041550 0.076760
0 0.015235 0.674394 0.030453 0.083018
0 0.736507 0.352526 0.047112 0.083885
0 0.440438 0.739053 0.047715 0.081784
0 0.358228 0.839086 0.052298 0.079197
0 0.689101 0.329432 0.047672 0.087399
0 0.460606 0.899593 0.046142 0.077746
0 0.762095 0.606865 0.054017 0.076196
0 0.384782 0.015419 0.049748 0.030808
0 0.112809 0.433784 0.043452 0.075075
0 0.018085 0.449975 0.036170 0.093987
0 0.209038 0.621515 0.044851 0.065636
0 0.727625 0.275061 0.051460 0.072647
0 0.146745 0.488476 0.065460 0.093539
0 0.427152 0.966130 0.049503 0.064992
0 0.617508 0.892235 0.046416 0.077061
0 0.485111 0.808794 0.048135 0.086088
0 0.229856 0.767530 0.055856 0.073882
0 0.731805 0.897037 0.052118 0.076069
0 0.408581 0.886547 0.050315 0.083077
0 0.495407 0.709170 0.068324 0.099125
0 0.874322 0.640529 0.053092 0.065690
0 0.411726 0.585026 0.047272 0.064886
0 0.175519 0.114051 0.043845 0.065836
0 0.773666 0.956381 0.048288 0.076363
0 0.746775 0.547566 0.060900 0.077301
0 0.482884 0.965475 0.053665 0.066043
0 0.706108 0.413999 0.051164 0.079533
0 0.468271 0.578327 0.063595 0.118098
0 0.689364 0.951170 0.057997 0.085019
0 0.974518 0.279205 0.044653 0.075175
0 0.820674 0.022749 0.049106 0.045499
0 0.272789 0.821418 0.057268 0.081100
0 0.534407 0.799250 0.050133 0.085918
0 0.311719 0.474404 0.050950 0.075640
0 0.052740 0.754535 0.048343 0.066645
0 0.222105 0.693802 0.053036 0.067252
0 0.935831 0.642472 0.044746 0.073511
0 0.119724 0.092619 0.060496 0.077576
0 0.741656 0.019396 0.049044 0.038793
0 0.364137 0.464082 0.050968 0.076499
0 0.801593 0.846520 0.046350 0.085016
0 0.257256 0.477137 0.051386 0.083510
0 0.865752 0.416092 0.046998 0.079885
0 0.290162 0.400547 0.047743 0.075246
0 0.072861 0.827525 0.049959 0.087746
0 0.376977 0.385740 0.055003 0.086534
0 0.748215 0.470818 0.046777 0.069246
0 0.826125 0.932877 0.049254 0.071251
0 0.214512 0.517240 0.045230 0.096509
0 0.229515 0.261124 0.041100 0.092407
0 0.780517 0.770198 0.048622 0.084632
0 0.066860 0.430597 0.044317 0.071335
0 0.689446 0.856432 0.051058 0.080491
0 0.274285 0.615988 0.047059 0.115460
0 0.125494 0.355445 0.048358 0.080211
0 0.935626 0.549626 0.065498 0.089478
0 0.165587 0.045124 0.050605 0.073645
0 0.656550 0.249083 0.042234 0.074620
0 0.323150 0.717867 0.051090 0.075911
0 0.830489 0.359796 0.046855 0.078465
0 0.643371 0.725994 0.047831 0.078598
0 0.198326 0.419664 0.049906 0.078426
0 0.122234 0.738444 0.054477 0.080198
0 0.038387 0.130615 0.045740 0.074221
0 0.110512 0.174882 0.053253 0.079154
0 0.872462 0.567134 0.051917 0.081184
0 0.785761 0.328988 0.052630 0.078223
0 0.243091 0.353554 0.052984 0.081711
0 0.338485 0.040751 0.053750 0.081501
0 0.088585 0.552375 0.049087 0.084679
0 0.465268 0.286932 0.044542 0.076189
0 0.603072 0.286960 0.052994 0.082465
0 0.219365 0.029525 0.052568 0.059050
0 0.750093 0.210623 0.046552 0.079419
0 0.938572 0.377926 0.056490 0.080383
0 0.422292 0.057595 0.050240 0.079925
0 0.439977 0.423020 0.043760 0.075770
0 0.284067 0.278293 0.048734 0.083690
0 0.902695 0.049828 0.050187 0.079446
0 0.753886 0.700405 0.047522 0.083236
0 0.355268 0.119323 0.048288 0.071608
0 0.653248 0.059099 0.044950 0.086966
0 0.104899 0.269775 0.049443 0.079894
0 0.381127 0.711989 0.050046 0.080747
0 0.863871 0.767044 0.052125 0.081967
0 0.515701 0.030994 0.052245 0.061987
0 0.813426 0.712329 0.051728 0.082041
0 0.343925 0.313949 0.047977 0.084499
0 0.569676 0.476466 0.048869 0.078374
0 0.698129 0.192308 0.048836 0.078359
0 0.923113 0.293824 0.046766 0.070453
0 0.552802 0.394297 0.049796 0.082851
0 0.797735 0.246789 0.051362 0.083518
0 0.061635 0.634862 0.050001 0.083457
0 0.801062 0.446037 0.053708 0.079380
0 0.331543 0.213656 0.046069 0.080117
0 0.606231 0.564002 0.053228 0.086648
0 0.699375 0.674003 0.060439 0.093362
0 0.603246 0.372550 0.049099 0.079470
0 0.562368 0.181829 0.051291 0.082188
0 0.906115 0.845571 0.051130 0.093107
0 0.844681 0.220452 0.052519 0.090903
0 0.473488 0.098694 0.052919 0.083707
0 0.773646 0.134499 0.049868 0.074884
0 0.882825 0.166520 0.051061 0.077359
0 0.599855 0.052486 0.057067 0.080102
0 0.690222 0.111384 0.049850 0.078289
0 0.251794 0.173619 0.048670 0.091393
1 0.595925 0.228844 0.061611 0.066746
2 0.753462 0.414779 0.019497 0.033373
2 0.338174 0.803933 0.018717 0.027414
2 0.550302 0.133492 0.020277 0.026222
2 0.461006 0.852205 0.014818 0.019070
2 0.271885 0.529797 0.012478 0.017878
3 0.345193 0.568534 0.093586 0.147795