0 0.997000 0.012565 0.006000 0.025092
0 0.640449 0.003720 0.045484 0.007441
0 0.755533 0.995950 0.044995 0.007797
0 0.004345 0.244358 0.008691 0.046974
0 0.594766 0.655973 0.048969 0.071413
0 0.670244 0.948894 0.067929 0.094368
0 0.636126 0.974565 0.045703 0.048977
0 0.928197 0.083253 0.048621 0.076173
0 0.630704 0.675307 0.053152 0.080921
0 0.901331 0.114831 0.053870 0.080787
0 0.581512 0.002886 0.040836 0.005773
0 0.996650 0.570343 0.006500 0.067769
0 0.271180 0.622465 0.047269 0.074980
0 0.229669 0.618294 0.051759 0.082062
0 0.007987 0.821081 0.015965 0.084428
0 0.706889 0.987469 0.047469 0.023122
0 0.932694 0.024349 0.056222 0.048604
0 0.803168 0.987590 0.047312 0.022549
0 0.986500 0.971775 0.025974 0.054056
0 0.181473 0.850252 0.043478 0.083454
0 0.991426 0.236362 0.016407 0.065426
0 0.241430 0.010173 0.047100 0.020302
0 0.011937 0.717032 0.023835 0.079505
0 0.447389 0.191500 0.055044 0.077566
0 0.847240 0.667218 0.056487 0.078226
0 0.837089 0.601860 0.051782 0.083158
0 0.029902 0.980109 0.058995 0.037648
0 0.472282 0.253020 0.049180 0.086906
0 0.722065 0.801291 0.043555 0.073257
0 0.019451 0.044577 0.038858 0.082983
0 0.360594 0.979158 0.056445 0.039228
0 0.268115 0.843269 0.043340 0.078619
0 0.111725 0.838708 0.072344 0.094271
0 0.055992 0.016466 0.049702 0.032933
0 0.347863 0.019269 0.046685 0.038538
0 0.926198 0.976572 0.056788 0.044670
0 0.811776 0.924457 0.047185 0.076468
0 0.243378 0.972338 0.046332 0.053009
0 0.219607 0.825959 0.048481 0.086330
0 0.188327 0.196557 0.053588 0.088702
0 0.879763 0.037689 0.052641 0.075379
0 0.615557 0.408251 0.047920 0.080051
0 0.016412 0.547991 0.032814 0.075242
0 0.500766 0.177005 0.052643 0.075536
0 0.797625 0.026109 0.050129 0.052218
0 0.329745 0.944203 0.045026 0.074795
0 0.634712 0.869724 0.055954 0.081044
0 0.091254 0.942174 0.049056 0.081685
0 0.858376 0.968532 0.054485 0.061272
0 0.767049 0.873731 0.046809 0.087320
0 0.245855 0.751203 0.051670 0.075281
0 0.507797 0.099090 0.049659 0.082786
0 0.023451 0.293215 0.046902 0.070400
0 0.714634 0.904275 0.050378 0.082062
0 0.283307 0.920205 0.052356 0.081251
0 0.290404 0.720696 0.046336 0.084856
0 0.610995 0.792905 0.050490 0.082535
0 0.196049 0.935087 0.065301 0.088458
0 0.145384 0.174378 0.046725 0.074118
0 0.153450 0.536615 0.046561 0.071973
0 0.458423 0.122314 0.059289 0.069534
0 0.658867 0.032219 0.053625 0.064437
0 0.140295 0.363291 0.071834 0.078246
0 0.339056 0.739462 0.046102 0.073635
0 0.982356 0.677462 0.034349 0.085559
0 0.653076 0.339317 0.056460 0.109280
0 0.710475 0.283672 0.054985 0.060984
0 0.769899 0.767259 0.048787 0.079727
0 0.643278 0.465297 0.053984 0.094913
0 0.023833 0.446631 0.047665 0.080712
0 0.855846 0.155523 0.057910 0.081711
0 0.024440 0.633590 0.048845 0.079468
0 0.828330 0.217685 0.056861 0.069741
0 0.645520 0.551105 0.059039 0.064749
0 0.116504 0.274156 0.050910 0.085748
0 0.045186 0.820275 0.050994 0.083697
0 0.578502 0.460095 0.043026 0.078007
0 0.200526 0.268146 0.047144 0.074217
0 0.959129 0.926366 0.046757 0.077653
0 0.418177 0.532995 0.065655 0.072145
0 0.024724 0.202562 0.049432 0.077209
0 0.790831 0.168349 0.048670 0.074807
0 0.297644 0.026106 0.049549 0.052212
0 0.200192 0.036966 0.052975 0.073931
0 0.082069 0.407886 0.050749 0.077364
0 0.978437 0.385485 0.042452 0.064642
0 0.840371 0.842947 0.051902 0.075430
0 0.400902 0.615076 0.059113 0.087090
0 0.065591 0.124157 0.051345 0.074214
0 0.686287 0.693960 0.056809 0.080868
0 0.395263 0.470706 0.050568 0.072660
0 0.745075 0.340021 0.055787 0.074689
0 0.530866 0.849490 0.045656 0.082046
0 0.763801 0.613824 0.046837 0.074093
0 0.114344 0.065426 0.047000 0.080875
0 0.200630 0.492107 0.048683 0.081323
0 0.389516 0.044899 0.053052 0.077268
0 0.715557 0.043060 0.049643 0.080036
0 0.951370 0.759044 0.050922 0.078239
0 0.977702 0.521806 0.044264 0.086959
0 0.727151 0.499806 0.038899 0.077786
0 0.115105 0.592584 0.048885 0.090585
0 0.777400 0.274420 0.044472 0.084960
0 0.916217 0.630216 0.047869 0.072157
0 0.465193 0.461253 0.050866 0.081103
0 0.096388 0.724439 0.053651 0.085001
0 0.910177 0.216604 0.046103 0.081060
0 0.291195 0.323414 0.062439 0.071485
0 0.520520 0.275278 0.045791 0.077071
0 0.290917 0.104639 0.051929 0.076646
0 0.905488 0.821914 0.050111 0.081379
0 0.333728 0.587285 0.049569 0.090919
0 0.737051 0.166263 0.050950 0.077940
0 0.348110 0.367953 0.047921 0.080824
0 0.613061 0.237509 0.044967 0.079675
0 0.880706 0.371806 0.048022 0.071371
0 0.535826 0.548000 0.054896 0.085225
0 0.535833 0.725039 0.050278 0.082152
0 0.957002 0.257906 0.054965 0.073432
0 0.342371 0.495074 0.053402 0.087033
0 0.443377 0.384931 0.050281 0.079377
0 0.844064 0.296267 0.052576 0.078733
0 0.812769 0.432205 0.052626 0.081311
0 0.387306 0.130754 0.051288 0.079414
0 0.679673 0.161100 0.052670 0.080808
0 0.787760 0.513436 0.055401 0.088971
0 0.899512 0.548263 0.053852 0.082018
0 0.600670 0.157843 0.053489 0.072804
0 0.928893 0.461491 0.047981 0.080125
0 0.516379 0.378233 0.050067 0.097939
0 0.576283 0.305083 0.052004 0.083939
0 0.334191 0.245978 0.051170 0.076952
0 0.931197 0.341483 0.051872 0.084106
1 0.151783 0.241955 0.045233 0.066746
2 0.039870 0.086412 0.016378 0.022646
2 0.639989 0.079857 0.020277 0.030989
2 0.613473 0.023242 0.015598 0.025030
2 0.730065 0.220501 0.016378 0.026222
2 0.486742 0.797974 0.017937 0.027414
2 0.952721 0.560191 0.015598 0.028605