0 0.994942 0.976076 0.010026 0.047749
0 0.249594 0.002203 0.037973 0.004405
0 0.510619 0.996284 0.054122 0.007310
0 0.449573 0.193420 0.040388 0.111965
0 0.852339 0.994068 0.040059 0.010540
0 0.004389 0.018946 0.008722 0.037892
0 0.543376 0.429891 0.048432 0.068586
0 0.223602 0.366305 0.046057 0.074104
0 0.997305 0.827218 0.005267 0.075885
0 0.004897 0.458390 0.009795 0.070887
0 0.564098 0.384789 0.050770 0.081545
0 0.469801 0.138759 0.045486 0.076944
0 0.193267 0.340698 0.048262 0.076526
0 0.513502 0.006825 0.037940 0.013651
0 0.249265 0.404488 0.048604 0.077719
0 0.182498 0.989792 0.058467 0.019723
0 0.281169 0.927238 0.047996 0.080975
0 0.924101 0.923141 0.064812 0.112335
0 0.790263 0.040665 0.064501 0.081330
0 0.996588 0.510337 0.006714 0.073346
0 0.244857 0.895892 0.052179 0.080560
0 0.729098 0.726103 0.050644 0.089591
0 0.834838 0.065035 0.049809 0.080263
0 0.264746 0.682378 0.090623 0.105409
0 0.994536 0.238650 0.010337 0.055408
0 0.764487 0.752140 0.052917 0.078072
0 0.426690 0.265617 0.047349 0.077798
0 0.198150 0.935790 0.050752 0.091203
0 0.145777 0.877144 0.070188 0.108659
0 0.241256 0.970388 0.046424 0.057830
0 0.013880 0.935927 0.027761 0.074899
0 0.608505 0.010087 0.040856 0.020174
0 0.436340 0.010151 0.042856 0.020264
0 0.806740 0.981207 0.047886 0.035300
0 0.027356 0.981703 0.049729 0.034353
0 0.904632 0.418097 0.061767 0.123986
0 0.220499 0.763393 0.050295 0.080866
0 0.951676 0.010999 0.044039 0.021998
0 0.203226 0.602232 0.037600 0.071933
0 0.664675 0.690844 0.073693 0.103451
0 0.657305 0.977652 0.045560 0.042301
0 0.010000 0.235063 0.019993 0.077521
0 0.365693 0.987319 0.047982 0.023657
0 0.013599 0.609395 0.027178 0.072868
0 0.160098 0.621252 0.042092 0.065014
0 0.108582 0.771968 0.047655 0.078165
0 0.098241 0.973505 0.052901 0.051795
0 0.790862 0.414336 0.052276 0.085270
0 0.264596 0.804393 0.053085 0.079032
0 0.723553 0.860927 0.039700 0.067906
0 0.187874 0.529557 0.053103 0.070955
0 0.168132 0.794440 0.048088 0.073464
0 0.987847 0.128591 0.023356 0.078195
0 0.301775 0.606568 0.048036 0.076604
0 0.989676 0.646688 0.020064 0.076061
0 0.248150 0.567828 0.056032 0.077541
0 0.030623 0.674966 0.061219 0.099998
0 0.700190 0.798802 0.051897 0.076431
0 0.696142 0.598585 0.044309 0.072779
0 0.698381 0.943303 0.044692 0.068084
0 0.773658 0.936043 0.046326 0.092356
0 0.270045 0.319325 0.050370 0.077808
0 0.799278 0.347554 0.059078 0.079867
0 0.063095 0.734164 0.049371 0.091265
0 0.826978 0.863111 0.048871 0.072138
0 0.357142 0.690916 0.047053 0.073961
0 0.658792 0.861582 0.047742 0.071965
0 0.865225 0.929958 0.047564 0.078184
0 0.300309 0.169132 0.046405 0.070041
0 0.842072 0.444264 0.053594 0.066734
0 0.773677 0.832559 0.050076 0.077551
0 0.015407 0.370907 0.030778 0.077488
0 0.913234 0.748056 0.046865 0.084898
0 0.472881 0.396380 0.049915 0.080902
0 0.607578 0.961283 0.049710 0.075507
0 0.100736 0.510321 0.051649 0.082028
0 0.164818 0.448996 0.052945 0.078267
0 0.489751 0.317458 0.051663 0.077403
0 0.291503 0.244119 0.047653 0.075594
0 0.062110 0.867572 0.045109 0.084400
0 0.342120 0.933983 0.053176 0.089700
0 0.654206 0.285817 0.046732 0.063931
0 0.862258 0.355832 0.050897 0.071298
0 0.420947 0.376218 0.049730 0.075685
0 0.422901 0.846247 0.048750 0.063498
0 0.473221 0.954320 0.056910 0.068694
0 0.864195 0.751767 0.046225 0.077736
0 0.625982 0.494015 0.046914 0.077696
0 0.146060 0.314202 0.047035 0.077050
0 0.106149 0.605020 0.056553 0.080299
0 0.340935 0.218244 0.052415 0.083163
0 0.550957 0.935209 0.052304 0.076177
0 0.627545 0.611574 0.053421 0.073186
0 0.942041 0.812473 0.048818 0.086672
0 0.421373 0.942430 0.049451 0.089372
0 0.749151 0.465339 0.044937 0.071906
0 0.584182 0.758021 0.048189 0.074926
0 0.374381 0.288167 0.047716 0.078133
0 0.050366 0.482588 0.054180 0.084490
0 0.616206 0.399157 0.044663 0.090457
0 0.863206 0.130442 0.050235 0.075377
0 0.747366 0.603008 0.051424 0.081289
0 0.484385 0.854198 0.050646 0.076750
0 0.326366 0.374401 0.048426 0.083462
0 0.390807 0.532604 0.050608 0.077745
0 0.693460 0.507895 0.048245 0.101026
0 0.334448 0.484161 0.053164 0.085467
0 0.685586 0.192302 0.042231 0.070369
0 0.449605 0.559318 0.050771 0.082299
0 0.401519 0.650383 0.050893 0.077893
0 0.637666 0.219495 0.050925 0.070705
0 0.545409 0.548574 0.049909 0.081170
0 0.628342 0.058260 0.053643 0.081897
0 0.531580 0.636182 0.052483 0.079553
0 0.431219 0.755972 0.055204 0.076453
0 0.564601 0.030606 0.048256 0.061211
0 0.571246 0.853924 0.051175 0.083132
0 0.756772 0.138353 0.048144 0.083289
0 0.296213 0.088699 0.050707 0.080714
0 0.809433 0.230963 0.050865 0.083308
0 0.833632 0.541599 0.049864 0.077720
0 0.350021 0.106098 0.049324 0.079765
0 0.429821 0.057659 0.051418 0.069999
0 0.717383 0.092210 0.050887 0.079590
0 0.097034 0.198928 0.049469 0.079284
0 0.560189 0.301946 0.051167 0.076377
0 0.756079 0.223141 0.049422 0.078249
0 0.949025 0.670191 0.056475 0.086299
0 0.245544 0.052445 0.048667 0.072773
0 0.152378 0.234347 0.048640 0.074928
0 0.947676 0.508596 0.055708 0.080253
0 0.533713 0.133562 0.049462 0.079691
0 0.504424 0.053390 0.052531 0.085443
0 0.610121 0.132535 0.056690 0.082682
0 0.925720 0.303490 0.052215 0.083417
0 0.160602 0.086123 0.045206 0.073856
0 0.032970 0.149836 0.046443 0.083451
0 0.094553 0.094705 0.049142 0.072487
1 0.216903 0.188319 0.042894 0.078665
1 0.128776 0.684744 0.067850 0.067938
1 0.915677 0.153754 0.053812 0.104887
2 0.353382 0.752682 0.022617 0.034565
2 0.507799 0.426698 0.019497 0.028605
2 0.795575 0.521454 0.016378 0.027414
2 0.248098 0.267580 0.019497 0.025030
2 0.480113 0.640644 0.018717 0.022646
2 0.650127 0.339690 0.018717 0.030989