0 0.987316 0.003082 0.025131 0.006044
0 0.035548 0.002895 0.050304 0.005790
0 0.003158 0.500795 0.006299 0.064553
0 0.003148 0.343190 0.006295 0.061712
0 0.005448 0.775040 0.010896 0.072249
0 0.853073 0.004393 0.043591 0.008786
0 0.991582 0.984606 0.015491 0.028441
0 0.995185 0.092926 0.008769 0.063607
0 0.007548 0.676131 0.015096 0.071559
0 0.007693 0.067348 0.015386 0.080752
0 0.302581 0.007844 0.046024 0.015688
0 0.116214 0.664352 0.057688 0.074091
0 0.401283 0.010703 0.048724 0.021406
0 0.187309 0.988876 0.040822 0.021611
0 0.386462 0.989125 0.050713 0.020911
0 0.151783 0.631714 0.059300 0.082791
0 0.236088 0.011992 0.051097 0.023985
0 0.991766 0.826254 0.015824 0.080012
0 0.989912 0.704208 0.019447 0.079834
0 0.015237 0.142961 0.030414 0.065644
0 0.241371 0.979811 0.056024 0.038904
0 0.046755 0.920908 0.049378 0.074331
0 0.906918 0.018479 0.046398 0.036958
0 0.020386 0.439068 0.040772 0.090108
0 0.789791 0.020354 0.044452 0.040708
0 0.509722 0.974159 0.048801 0.049908
0 0.019856 0.243441 0.039713 0.093847
0 0.300253 0.663889 0.047540 0.065122
0 0.656468 0.834922 0.043109 0.072549
0 0.091087 0.964098 0.055778 0.070559
0 0.600187 0.967702 0.050405 0.062224
0 0.529056 0.026099 0.049674 0.052154
0 0.497880 0.376377 0.041524 0.070136
0 0.029379 0.729051 0.046760 0.077915
0 0.096426 0.570560 0.047841 0.077973
0 0.076754 0.166429 0.043930 0.069797
0 0.659728 0.949348 0.049129 0.070446
0 0.145122 0.746770 0.051562 0.077125
0 0.061058 0.489850 0.044657 0.074258
0 0.397560 0.110086 0.046631 0.076707
0 0.748993 0.661169 0.048067 0.070206
0 0.624719 0.034585 0.049153 0.069171
0 0.984877 0.389804 0.029625 0.079101
0 0.341064 0.063349 0.053812 0.096062
0 0.474783 0.707733 0.047145 0.076343
0 0.641039 0.593852 0.048607 0.076198
0 0.375663 0.358145 0.049859 0.077840
0 0.926967 0.811547 0.043648 0.080567
0 0.121646 0.428658 0.056707 0.102183
0 0.139197 0.036745 0.052266 0.073490
0 0.201149 0.393596 0.055727 0.076428
0 0.416704 0.415802 0.054254 0.089390
0 0.471075 0.042597 0.044043 0.074883
0 0.360855 0.939786 0.058257 0.076945
0 0.733755 0.502271 0.044327 0.080055
0 0.618306 0.893041 0.050036 0.075173
0 0.116617 0.113811 0.051153 0.076590
0 0.547836 0.398295 0.047640 0.078256
0 0.428356 0.557353 0.048771 0.079018
0 0.579842 0.185362 0.049684 0.078290
0 0.272852 0.929141 0.055208 0.072980
0 0.535579 0.131735 0.043609 0.080259
0 0.324163 0.599716 0.052953 0.078236
0 0.458342 0.478109 0.055709 0.091987
0 0.182872 0.296515 0.045588 0.091068
0 0.827815 0.839539 0.053216 0.085647
0 0.601560 0.487127 0.053441 0.079289
0 0.037327 0.831376 0.065379 0.088190
0 0.803571 0.658437 0.049111 0.082750
0 0.146509 0.930390 0.052551 0.077421
0 0.982816 0.509635 0.033758 0.080213
0 0.307831 0.849853 0.048644 0.081710
0 0.156674 0.543896 0.054238 0.081437
0 0.776794 0.743893 0.051218 0.082525
0 0.270158 0.730065 0.046413 0.075781
0 0.679116 0.643869 0.051296 0.078075
0 0.198800 0.178048 0.054888 0.086520
0 0.411657 0.637900 0.052791 0.083304
0 0.082892 0.364624 0.060351 0.091448
0 0.473430 0.921722 0.055547 0.090840
0 0.233491 0.660520 0.051169 0.077721
0 0.947198 0.738664 0.044952 0.077483
0 0.158047 0.829665 0.051730 0.077801
0 0.957835 0.894814 0.049771 0.085269
0 0.671492 0.080941 0.046625 0.074942
0 0.267934 0.069217 0.057227 0.089458
0 0.196151 0.473725 0.052114 0.075234
0 0.905404 0.411092 0.048563 0.077528
0 0.439222 0.803020 0.051041 0.078348
0 0.737059 0.255778 0.056836 0.084138
0 0.478003 0.277776 0.048404 0.076451
0 0.738179 0.155070 0.056715 0.084504
0 0.679685 0.222728 0.055676 0.081868
0 0.300449 0.486790 0.049841 0.079398
0 0.968283 0.228504 0.042911 0.066214
0 0.644273 0.755009 0.052160 0.078695
0 0.638716 0.422019 0.053506 0.087072
0 0.840854 0.478332 0.058249 0.076932
0 0.126230 0.235802 0.055395 0.083653
0 0.873897 0.612891 0.043471 0.077973
0 0.708972 0.865423 0.057241 0.090143
0 0.696042 0.724238 0.049741 0.078103
0 0.491313 0.619329 0.055490 0.086995
0 0.858748 0.052287 0.048883 0.076552
0 0.536143 0.875033 0.053384 0.080986
0 0.538109 0.766137 0.056539 0.082756
0 0.279365 0.371000 0.056771 0.086475
0 0.761792 0.421249 0.051804 0.084627
0 0.373632 0.542128 0.052298 0.086367
0 0.619064 0.332544 0.051078 0.082423
0 0.739934 0.065907 0.054513 0.082358
0 0.897227 0.501235 0.051545 0.080900
0 0.817199 0.344604 0.051595 0.093131
0 0.341263 0.271390 0.058199 0.085800
0 0.915679 0.662222 0.052389 0.084608
0 0.870722 0.308855 0.057876 0.094112
0 0.748111 0.582452 0.052887 0.076563
0 0.675910 0.309665 0.056675 0.081828
0 0.678897 0.507428 0.054439 0.091232
0 0.533573 0.241783 0.054366 0.086746
0 0.952480 0.135974 0.052385 0.080005
0 0.965287 0.047318 0.059058 0.088472
0 0.857705 0.747529 0.053255 0.094622
0 0.903334 0.230089 0.053983 0.089081
0 0.815668 0.173194 0.057599 0.086182
0 0.952053 0.322996 0.054879 0.089564
1 0.399005 0.187128 0.063950 0.081049
2 0.163481 0.103099 0.018717 0.034565
2 0.411483 0.741359 0.018717 0.028605
2 0.618152 0.834923 0.015598 0.029797
2 0.795965 0.820620 0.017157 0.027414
2 0.227821 0.877235 0.022617 0.040524