0 0.234898 0.994507 0.033378 0.008822
0 0.657411 0.370658 0.057460 0.083196
0 0.682671 0.405467 0.041888 0.066634
0 0.356354 0.988965 0.041987 0.018819
0 0.485217 0.003971 0.032667 0.007941
0 0.003924 0.442396 0.007847 0.061049
0 0.994992 0.181054 0.008348 0.050867
0 0.807798 0.991183 0.038241 0.014634
0 0.005317 0.619372 0.010635 0.066292
0 0.450789 0.981650 0.041158 0.033518
0 0.191530 0.828792 0.037376 0.080480
0 0.488419 0.985168 0.042113 0.026276
0 0.157786 0.822594 0.050125 0.082003
0 0.550845 0.008018 0.040938 0.016037
0 0.955259 0.008966 0.040745 0.017931
0 0.289959 0.678487 0.051293 0.078960
0 0.257451 0.653642 0.050484 0.075173
0 0.310676 0.979360 0.052440 0.037747
0 0.796123 0.009237 0.039802 0.018447
0 0.378247 0.780075 0.055652 0.082423
0 0.080661 0.705646 0.053560 0.089708
0 0.694676 0.009582 0.043656 0.019163
0 0.008316 0.138690 0.016594 0.064376
0 0.518719 0.610876 0.069701 0.128722
0 0.614978 0.433600 0.078407 0.085904
0 0.402587 0.715261 0.057174 0.079552
0 0.040384 0.749632 0.057440 0.074779
0 0.364144 0.234025 0.064269 0.073844
0 0.020334 0.913408 0.040668 0.073581
0 0.033429 0.975799 0.051368 0.045211
0 0.119849 0.977985 0.047903 0.040867
0 0.741158 0.982372 0.052815 0.031823
0 0.985436 0.939233 0.027363 0.078259
0 0.917649 0.980867 0.057967 0.034977
0 0.022468 0.834817 0.044912 0.073391
0 0.851697 0.975028 0.056879 0.046716
0 0.613782 0.013938 0.053852 0.027876
0 0.537033 0.696379 0.055700 0.066810
0 0.982144 0.043896 0.033847 0.087176
0 0.982398 0.544432 0.033079 0.093611
0 0.429418 0.014990 0.044892 0.029948
0 0.225537 0.719451 0.048941 0.088024
0 0.329496 0.815078 0.044693 0.083357
0 0.162587 0.905862 0.049335 0.074718
0 0.424556 0.938711 0.052844 0.078024
0 0.980347 0.434896 0.037261 0.081773
0 0.475888 0.751819 0.054982 0.067211
0 0.353551 0.017338 0.053046 0.034675
0 0.985114 0.312381 0.027667 0.073617
0 0.226399 0.017984 0.048135 0.035968
0 0.299542 0.901153 0.057936 0.083376
0 0.216261 0.930012 0.042172 0.077714
0 0.357159 0.898018 0.050497 0.081486
0 0.112523 0.025363 0.046889 0.050700
0 0.267740 0.800202 0.057922 0.072959
0 0.504384 0.449588 0.054354 0.068427
0 0.980700 0.829077 0.036616 0.082687
0 0.113926 0.640390 0.049842 0.080484
0 0.431452 0.855893 0.057881 0.076264
0 0.650294 0.736637 0.047848 0.071873
0 0.613658 0.968154 0.055179 0.060202
0 0.106195 0.916626 0.058294 0.072912
0 0.300714 0.095910 0.053305 0.071489
0 0.624542 0.798898 0.054038 0.069079
0 0.868527 0.770956 0.047706 0.071931
0 0.802564 0.683173 0.045270 0.073540
0 0.205478 0.598237 0.058635 0.076859
0 0.332482 0.151926 0.050296 0.075746
0 0.360841 0.666121 0.054857 0.074652
0 0.512244 0.912541 0.049576 0.092869
0 0.755866 0.706051 0.047877 0.067152
0 0.675958 0.962635 0.050011 0.070813
0 0.851116 0.913534 0.049174 0.067902
0 0.594963 0.535284 0.052281 0.069889
0 0.538251 0.506212 0.054092 0.075612
0 0.497691 0.823994 0.067312 0.083540
0 0.564323 0.935706 0.053304 0.077403
0 0.159744 0.412849 0.044674 0.074651
0 0.725757 0.350367 0.045302 0.085518
0 0.613603 0.872078 0.056274 0.075044
0 0.328632 0.531769 0.039385 0.076963
0 0.260618 0.380333 0.043966 0.073455
0 0.796307 0.924872 0.052776 0.073717
0 0.655532 0.566440 0.050512 0.075148
0 0.745603 0.623954 0.048931 0.076368
0 0.311583 0.398342 0.053577 0.085453
0 0.949687 0.496970 0.053637 0.067249
0 0.178513 0.502894 0.050549 0.083388
0 0.896554 0.835069 0.053383 0.079533
0 0.259889 0.146642 0.050342 0.072604
0 0.454526 0.645866 0.049189 0.080264
0 0.915346 0.418348 0.045509 0.085236
0 0.457188 0.339456 0.050519 0.071598
0 0.130542 0.565328 0.063495 0.086983
0 0.198026 0.177090 0.049155 0.075780
0 0.396425 0.603828 0.053333 0.079392
0 0.308828 0.313449 0.050616 0.074335
0 0.232995 0.520776 0.051492 0.090227
0 0.723906 0.552496 0.052833 0.075968
0 0.806359 0.339857 0.051578 0.078272
0 0.157708 0.057130 0.051115 0.069165
0 0.705749 0.471605 0.058356 0.085994
0 0.155010 0.132699 0.049520 0.070396
0 0.293319 0.028534 0.052181 0.057064
0 0.124196 0.473453 0.052940 0.091226
0 0.487034 0.268553 0.049977 0.083161
0 0.901062 0.633806 0.050328 0.082644
0 0.692585 0.873645 0.052439 0.077995
0 0.822543 0.601142 0.051780 0.070354
0 0.285791 0.507303 0.047968 0.076587
0 0.787219 0.801783 0.057251 0.087223
0 0.825617 0.496817 0.055956 0.072514
0 0.865801 0.691914 0.051919 0.073711
0 0.764532 0.301034 0.046952 0.077908
0 0.555413 0.773007 0.057707 0.089883
0 0.856400 0.384163 0.055610 0.103226
0 0.454136 0.550588 0.052080 0.083708
0 0.714834 0.770759 0.057416 0.079212
0 0.709823 0.077011 0.050105 0.084342
0 0.674570 0.288809 0.050877 0.073879
0 0.916177 0.550450 0.050505 0.084226
0 0.946652 0.768117 0.048117 0.084554
0 0.185678 0.338898 0.051722 0.085825
0 0.214397 0.267475 0.048134 0.074691
0 0.071215 0.448091 0.053108 0.081991
0 0.386327 0.419739 0.058948 0.075288
0 0.509398 0.372379 0.058973 0.076131
0 0.026603 0.214038 0.050163 0.077868
0 0.907437 0.034370 0.055259 0.068737
0 0.136490 0.210585 0.053982 0.074781
0 0.543048 0.201647 0.054244 0.081946
0 0.915133 0.323698 0.052582 0.075983
0 0.568898 0.048603 0.055358 0.075482
0 0.093891 0.118899 0.051126 0.076122
0 0.079035 0.329373 0.047653 0.081931
0 0.584020 0.143283 0.048120 0.085390
0 0.886222 0.151885 0.049002 0.071997
0 0.480086 0.142932 0.057595 0.094740
0 0.831235 0.150782 0.050974 0.076602
0 0.548501 0.292973 0.059542 0.077067
0 0.780208 0.179735 0.050375 0.084641
0 0.830001 0.249186 0.055464 0.080362
0 0.380360 0.522673 0.057981 0.080239
0 0.935840 0.099254 0.053614 0.080930
0 0.942454 0.239845 0.054410 0.080799
1 0.322187 0.232420 0.044453 0.081049
1 0.438779 0.774732 0.056152 0.059595
1 0.755411 0.036949 0.043673 0.073897
2 0.107719 0.261025 0.017937 0.030989
2 0.337785 0.439809 0.022617 0.030989
2 0.689901 0.340286 0.018717 0.025030