0 0.996787 0.507556 0.006427 0.073222
0 0.512619 0.451126 0.054935 0.075623
0 0.504848 0.507659 0.056497 0.063366
0 0.237527 0.506726 0.050869 0.064026
0 0.997950 0.034686 0.004099 0.067135
0 0.231734 0.449781 0.051242 0.089861
0 0.931331 0.002084 0.052539 0.004142
0 0.189146 0.680941 0.050777 0.083667
0 0.145831 0.670081 0.048677 0.085003
0 0.002729 0.379601 0.005430 0.066919
0 0.783235 0.003236 0.035889 0.006472
0 0.645816 0.192704 0.040817 0.077231
0 0.606191 0.190754 0.046614 0.091271
0 0.913455 0.760643 0.038975 0.072885
0 0.788400 0.600249 0.079446 0.091814
0 0.006401 0.245180 0.012779 0.075090
0 0.111247 0.783144 0.078174 0.117287
0 0.142761 0.988037 0.045233 0.021409
0 0.022164 0.897316 0.044327 0.080254
0 0.986473 0.597744 0.025638 0.075287
0 0.007243 0.035785 0.014485 0.070662
0 0.883024 0.727318 0.051969 0.092863
0 0.825627 0.540007 0.075620 0.102618
0 0.989844 0.862101 0.018768 0.074520
0 0.972587 0.650558 0.052705 0.076737
0 0.475972 0.986362 0.051681 0.024271
0 0.011173 0.496187 0.022298 0.084403
0 0.027886 0.139240 0.042197 0.065901
0 0.834708 0.011181 0.045256 0.022361
0 0.157812 0.011904 0.049853 0.023809
0 0.650589 0.012519 0.047121 0.024998
0 0.979522 0.961972 0.039421 0.073281
0 0.053698 0.186409 0.053143 0.075860
0 0.083043 0.843393 0.049228 0.080371
0 0.860943 0.977460 0.043337 0.041939
0 0.579363 0.011437 0.049293 0.022875
0 0.207806 0.790907 0.046464 0.072550
0 0.172216 0.869972 0.042428 0.071796
0 0.206405 0.573719 0.056719 0.077257
0 0.569310 0.606007 0.048421 0.067818
0 0.543903 0.552648 0.049361 0.083928
0 0.836224 0.453309 0.050177 0.066338
0 0.238069 0.731212 0.042851 0.065798
0 0.110629 0.930427 0.069779 0.101322
0 0.228148 0.875016 0.057336 0.098646
0 0.311287 0.659488 0.044599 0.075173
0 0.346231 0.436398 0.071714 0.082165
0 0.071377 0.964313 0.051466 0.068094
0 0.131198 0.390377 0.046280 0.067657
0 0.760815 0.705172 0.056762 0.086902
0 0.732167 0.642131 0.053560 0.080406
0 0.566878 0.981618 0.052696 0.033549
0 0.720202 0.782307 0.062819 0.086704
0 0.911917 0.631058 0.075628 0.090336
0 0.738561 0.852244 0.050046 0.075968
0 0.035222 0.824599 0.044696 0.076175
0 0.751152 0.347841 0.068864 0.099067
0 0.306841 0.575932 0.050267 0.077044
0 0.360607 0.704571 0.044791 0.074947
0 0.298702 0.730946 0.048326 0.074110
0 0.422153 0.975494 0.047465 0.045779
0 0.804405 0.401040 0.051584 0.078788
0 0.913630 0.405376 0.039648 0.091477
0 0.419228 0.716498 0.050758 0.080033
0 0.980486 0.384397 0.038221 0.110662
0 0.220550 0.967628 0.052527 0.061661
0 0.302802 0.212600 0.049964 0.073378
0 0.677100 0.331834 0.067251 0.089624
0 0.025313 0.743733 0.050360 0.078799
0 0.861799 0.811041 0.045374 0.073977
0 0.301961 0.387736 0.046136 0.085721
0 0.778187 0.893502 0.048115 0.079212
0 0.718367 0.917665 0.048189 0.091152
0 0.491471 0.638431 0.051573 0.074476
0 0.342119 0.778662 0.052253 0.080599
0 0.896022 0.557924 0.054039 0.075917
0 0.488800 0.062980 0.037771 0.063051
0 0.874121 0.918290 0.050864 0.076118
0 0.690041 0.677760 0.052945 0.076046
0 0.677711 0.964224 0.049307 0.068302
0 0.406033 0.642122 0.047595 0.081562
0 0.762027 0.962128 0.047645 0.071639
0 0.831754 0.695684 0.050845 0.079619
0 0.471851 0.924484 0.047629 0.070183
0 0.828509 0.889617 0.046902 0.076245
0 0.616486 0.782859 0.045776 0.077711
0 0.627820 0.946542 0.045676 0.079099
0 0.755794 0.245171 0.050599 0.065833
0 0.972948 0.734120 0.053354 0.081252
0 0.137795 0.205714 0.048822 0.076971
0 0.568654 0.923965 0.049754 0.073805
0 0.502193 0.786309 0.048247 0.071541
0 0.273802 0.956045 0.054437 0.084499
0 0.235510 0.024862 0.044763 0.049638
0 0.213133 0.336565 0.046081 0.072560
0 0.446612 0.777260 0.053093 0.082439
0 0.583533 0.494091 0.047085 0.070945
0 0.718316 0.453983 0.045171 0.072797
0 0.529120 0.882749 0.057509 0.078521
0 0.289114 0.091316 0.076092 0.076720
0 0.139890 0.522564 0.045526 0.076722
0 0.381696 0.527040 0.049518 0.077337
0 0.890072 0.480485 0.054733 0.074307
0 0.600686 0.690776 0.056332 0.112574
0 0.657807 0.120178 0.053252 0.073304
0 0.444508 0.861518 0.050796 0.077145
0 0.117324 0.041741 0.047107 0.080603
0 0.638928 0.432870 0.051472 0.077151
0 0.622558 0.602190 0.050601 0.074711
0 0.169148 0.136548 0.049739 0.076972
0 0.951463 0.809297 0.052499 0.082660
0 0.736329 0.531549 0.050597 0.079313
0 0.982233 0.283936 0.034532 0.074363
0 0.170766 0.444385 0.061229 0.081444
0 0.921458 0.875222 0.051635 0.080544
0 0.025704 0.657276 0.049731 0.075106
0 0.059146 0.414099 0.052109 0.076638
0 0.590725 0.847416 0.055405 0.074864
0 0.325000 0.929602 0.049370 0.082053
0 0.489122 0.180673 0.050125 0.077587
0 0.544317 0.707485 0.051185 0.077668
0 0.280555 0.288486 0.051441 0.087085
0 0.334302 0.157726 0.059651 0.080004
0 0.531726 0.095642 0.048412 0.081668
0 0.919210 0.959909 0.061436 0.076809
0 0.798301 0.146084 0.050208 0.073056
0 0.841630 0.182918 0.050843 0.071785
0 0.085266 0.348291 0.054694 0.077477
0 0.667065 0.831872 0.050872 0.086318
0 0.677678 0.553748 0.049267 0.078573
0 0.211213 0.091376 0.048215 0.079529
0 0.397738 0.037987 0.054280 0.075975
0 0.876247 0.360624 0.053457 0.080180
0 0.077533 0.572309 0.048794 0.077895
0 0.387247 0.927940 0.055576 0.079949
0 0.708148 0.215718 0.051658 0.099543
0 0.597493 0.094671 0.053425 0.079809
0 0.353658 0.078944 0.048478 0.079107
0 0.691592 0.038544 0.052356 0.077088
0 0.975276 0.147731 0.043057 0.066292
0 0.415935 0.429788 0.052056 0.081108
0 0.437278 0.331864 0.050101 0.075782
0 0.435846 0.104502 0.054711 0.079983
0 0.075007 0.072798 0.055760 0.083871
0 0.189683 0.224649 0.048290 0.080265
0 0.850998 0.056720 0.051785 0.075086
0 0.042184 0.263535 0.043763 0.076150
0 0.590264 0.411363 0.053211 0.082175
0 0.071605 0.491052 0.050793 0.079995
0 0.759392 0.041253 0.050793 0.070252
0 0.941065 0.254834 0.049937 0.080699
0 0.828048 0.269276 0.057610 0.079276
0 0.553104 0.251893 0.045851 0.075872
0 0.401935 0.226854 0.066106 0.086119
0 0.467610 0.274206 0.050470 0.083521
0 0.927322 0.103116 0.044099 0.073780
0 0.899683 0.197644 0.054381 0.097048
0 0.127176 0.291150 0.059710 0.098693
1 0.360011 0.314064 0.059271 0.058403
1 0.250438 0.636472 0.050692 0.081049
2 0.104600 0.472586 0.016378 0.029797
2 0.471924 0.453516 0.021057 0.034565
2 0.459836 0.150179 0.014038 0.023838
2 0.988059 0.461263 0.023882 0.035757