0 0.615806 0.779765 0.045698 0.079309
0 0.584812 0.800694 0.044823 0.066678
0 0.030477 0.003534 0.026539 0.007037
0 0.439312 0.037016 0.044481 0.071842
0 0.478375 0.043295 0.040493 0.069722
0 0.996698 0.488574 0.005554 0.050026
0 0.204524 0.152334 0.050654 0.067090
0 0.003554 0.060342 0.007107 0.065502
0 0.750740 0.842509 0.047786 0.084741
0 0.292306 0.116281 0.046785 0.066232
0 0.937858 0.839195 0.037007 0.065753
0 0.901664 0.837228 0.040933 0.084996
0 0.725541 0.902047 0.052372 0.072491
0 0.304261 0.071614 0.049060 0.068040
0 0.860130 0.574311 0.042884 0.071747
0 0.820604 0.585441 0.048164 0.075045
0 0.006382 0.154415 0.012765 0.088471
0 0.315608 0.006400 0.035145 0.012797
0 0.389552 0.990537 0.038171 0.015927
0 0.916143 0.613276 0.055580 0.080237
0 0.148688 0.469074 0.059924 0.094856
0 0.951459 0.571317 0.054347 0.078799
0 0.992416 0.877638 0.013499 0.070962
0 0.183166 0.425563 0.050632 0.093564
0 0.827471 0.987928 0.043900 0.021111
0 0.954239 0.985523 0.050722 0.025897
0 0.218239 0.011142 0.048301 0.022254
0 0.048164 0.980224 0.047504 0.036938
0 0.972313 0.642702 0.053110 0.092271
0 0.476211 0.986045 0.046236 0.024663
0 0.608563 0.527293 0.046736 0.070903
0 0.988779 0.040901 0.020701 0.068772
0 0.308444 0.869778 0.047045 0.066862
0 0.241296 0.107410 0.044014 0.079989
0 0.988787 0.235751 0.020560 0.069744
0 0.026869 0.556421 0.053738 0.090416
0 0.412077 0.792864 0.057178 0.081788
0 0.562895 0.529405 0.047184 0.083119
0 0.014926 0.406429 0.029840 0.086003
0 0.016455 0.746958 0.032910 0.064672
0 0.339125 0.898862 0.050910 0.078594
0 0.280027 0.818508 0.039106 0.068635
0 0.139267 0.050415 0.072735 0.100831
0 0.362427 0.019428 0.049108 0.038857
0 0.361259 0.774626 0.054651 0.080642
0 0.720308 0.969209 0.055515 0.058392
0 0.066730 0.104691 0.089418 0.082012
0 0.608980 0.595426 0.058848 0.068904
0 0.271377 0.026472 0.047716 0.052944
0 0.986923 0.121210 0.024256 0.077420
0 0.477523 0.632874 0.051637 0.068741
0 0.524752 0.683202 0.062070 0.105775
0 0.062280 0.030933 0.047865 0.061866
0 0.642697 0.881264 0.041000 0.080556
0 0.524981 0.016710 0.051692 0.033420
0 0.117962 0.331638 0.061732 0.103481
0 0.017606 0.305272 0.035167 0.071687
0 0.379030 0.853683 0.044468 0.076811
0 0.590182 0.876319 0.044526 0.073393
0 0.751219 0.032526 0.048191 0.065019
0 0.036252 0.214690 0.046764 0.070738
0 0.522638 0.591947 0.045588 0.073701
0 0.869107 0.953276 0.053970 0.089955
0 0.801739 0.814630 0.053506 0.083797
0 0.248138 0.876486 0.054297 0.081074
0 0.610585 0.968003 0.050385 0.060728
0 0.433773 0.115102 0.040308 0.075846
0 0.759037 0.562385 0.046712 0.065696
0 0.177835 0.538365 0.048780 0.077599
0 0.370399 0.258228 0.046628 0.069522
0 0.917011 0.019136 0.049368 0.038273
0 0.799869 0.728881 0.061191 0.074790
0 0.937438 0.919541 0.051380 0.077354
0 0.237946 0.795858 0.053124 0.077686
0 0.800836 0.023564 0.050225 0.047093
0 0.521704 0.083659 0.047659 0.087968
0 0.337966 0.199579 0.053803 0.071302
0 0.624428 0.177326 0.039999 0.063140
0 0.406536 0.951002 0.047458 0.070495
0 0.564228 0.936369 0.048285 0.071654
0 0.282663 0.949242 0.053750 0.079505
0 0.059151 0.292641 0.041870 0.076571
0 0.332101 0.511721 0.044889 0.082430
0 0.087186 0.186296 0.052093 0.073116
0 0.518879 0.784213 0.049952 0.078419
0 0.220916 0.641640 0.050829 0.074058
0 0.495584 0.936339 0.047923 0.075238
0 0.321127 0.650670 0.053094 0.069821
0 0.841091 0.668573 0.051331 0.078672
0 0.139927 0.910371 0.047315 0.071484
0 0.124796 0.829017 0.047607 0.069759
0 0.086765 0.958215 0.045304 0.066532
0 0.959038 0.760197 0.052281 0.085453
0 0.362199 0.594492 0.046404 0.076315
0 0.156591 0.669746 0.042205 0.079562
0 0.616210 0.025644 0.053385 0.051289
0 0.366596 0.083605 0.060941 0.077450
0 0.043809 0.665815 0.052662 0.079240
0 0.858913 0.221725 0.040428 0.066439
0 0.184601 0.776163 0.049998 0.071759
0 0.570748 0.063834 0.044474 0.071323
0 0.258557 0.235813 0.048838 0.080521
0 0.383860 0.165627 0.049575 0.082447
0 0.795976 0.418501 0.049616 0.080622
0 0.069800 0.467194 0.055100 0.085565
0 0.184924 0.955173 0.049712 0.077962
0 0.252362 0.711335 0.048922 0.084839
0 0.773060 0.649060 0.052448 0.084342
0 0.242778 0.482630 0.049142 0.069133
0 0.123044 0.586374 0.052262 0.080715
0 0.428009 0.672544 0.046716 0.075078
0 0.313202 0.411946 0.047686 0.077141
0 0.378375 0.691220 0.049459 0.079202
0 0.606990 0.452283 0.046448 0.071690
0 0.517112 0.198527 0.048105 0.066433
0 0.898969 0.073020 0.053525 0.070943
0 0.374364 0.338524 0.055243 0.083529
0 0.580177 0.143366 0.047301 0.084701
0 0.427702 0.309754 0.049092 0.073958
0 0.912179 0.140643 0.044680 0.071029
0 0.426758 0.218655 0.059824 0.078702
0 0.850997 0.119835 0.050472 0.072100
0 0.776427 0.338179 0.047759 0.080629
0 0.767999 0.489429 0.052016 0.077698
0 0.953392 0.393748 0.051769 0.076280
0 0.265350 0.348763 0.049458 0.079963
0 0.961522 0.489648 0.052539 0.075120
0 0.646800 0.078510 0.056809 0.085107
0 0.714076 0.495266 0.048638 0.088392
0 0.373819 0.424309 0.053753 0.079873
0 0.111900 0.750076 0.054525 0.079930
0 0.446883 0.559781 0.048374 0.083500
0 0.648009 0.283255 0.048761 0.078494
0 0.787589 0.088685 0.053606 0.081067
0 0.715390 0.329771 0.049449 0.071059
0 0.946425 0.204713 0.049530 0.067956
0 0.584750 0.224478 0.053739 0.074257
0 0.742180 0.194004 0.052718 0.078286
0 0.808971 0.232618 0.056148 0.079549
0 0.859321 0.322909 0.059829 0.083305
0 0.591005 0.316855 0.061321 0.080220
0 0.938059 0.308452 0.060376 0.071505
1 0.247318 0.575685 0.056931 0.090584
1 0.290992 0.564958 0.055372 0.078665
1 0.523007 0.394517 0.046793 0.083433
1 0.476604 0.151967 0.050692 0.075089
1 0.199745 0.095352 0.044453 0.076281
2 0.016473 0.491061 0.030415 0.045292
2 0.040260 0.435042 0.020277 0.028605
2 0.294111 0.500596 0.016378 0.028605
2 0.491031 0.825983 0.017157 0.028605
2 0.399395 0.292610 0.016378 0.022646
2 0.017643 0.977950 0.020277 0.034565