0 0.003970 0.544326 0.007940 0.054950
0 0.002190 0.681530 0.004352 0.069492
0 0.766477 0.082855 0.055661 0.072166
0 0.004285 0.598385 0.008569 0.058005
0 0.497531 0.878346 0.051691 0.068857
0 0.773108 0.140631 0.050587 0.075009
0 0.627281 0.934292 0.050112 0.074227
0 0.576680 0.292041 0.048699 0.063749
0 0.971731 0.996378 0.045373 0.007028
0 0.638138 0.977895 0.047171 0.041709
0 0.492592 0.800298 0.049732 0.080589
0 0.286628 0.994340 0.042082 0.010395
0 0.004959 0.312043 0.009913 0.064186
0 0.346531 0.006424 0.036138 0.012832
0 0.595322 0.989935 0.038737 0.017809
0 0.385534 0.524142 0.076076 0.114005
0 0.864850 0.207746 0.043104 0.071641
0 0.609847 0.752398 0.055098 0.080354
0 0.617409 0.675565 0.047891 0.080955
0 0.009487 0.773878 0.018973 0.080412
0 0.386814 0.063123 0.051050 0.071242
0 0.530428 0.761941 0.044244 0.072966
0 0.911324 0.987162 0.050044 0.023589
0 0.378469 0.132845 0.074256 0.087999
0 0.528545 0.212181 0.050273 0.081974
0 0.989089 0.843553 0.020862 0.082792
0 0.042301 0.984884 0.050690 0.028726
0 0.418482 0.028960 0.055060 0.057912
0 0.525454 0.983669 0.052426 0.030088
0 0.861173 0.011174 0.049677 0.022347
0 0.184403 0.073134 0.051194 0.077639
0 0.204181 0.027087 0.047044 0.054013
0 0.214228 0.849932 0.090674 0.098458
0 0.878419 0.165650 0.049238 0.065987
0 0.828406 0.555390 0.044423 0.079062
0 0.848037 0.620217 0.050604 0.076635
0 0.963631 0.877240 0.047985 0.075611
0 0.503992 0.156141 0.057881 0.077572
0 0.836276 0.247701 0.049241 0.076526
0 0.575960 0.922115 0.044724 0.075265
0 0.456491 0.338392 0.046825 0.075738
0 0.011755 0.141319 0.023497 0.075959
0 0.485091 0.943326 0.055925 0.074713
0 0.411991 0.897157 0.057094 0.083170
0 0.965222 0.949732 0.049697 0.083325
0 0.703907 0.051427 0.064985 0.102854
0 0.549842 0.450435 0.046990 0.094432
0 0.058844 0.929978 0.049716 0.069456
0 0.794174 0.615796 0.050233 0.073398
0 0.194191 0.972544 0.049567 0.053249
0 0.532864 0.527883 0.046597 0.083360
0 0.481528 0.282649 0.064314 0.070876
0 0.331069 0.753435 0.047281 0.095574
0 0.400941 0.971017 0.054687 0.055531
0 0.455713 0.743326 0.048350 0.077508
0 0.698031 0.800974 0.043936 0.079994
0 0.070456 0.629512 0.055676 0.125441
0 0.836665 0.345210 0.049135 0.078004
0 0.281920 0.547437 0.051023 0.066961
0 0.027467 0.602312 0.041873 0.079665
0 0.020294 0.388500 0.040588 0.087103
0 0.765709 0.949342 0.047943 0.078594
0 0.419787 0.178459 0.055262 0.078359
0 0.505777 0.423903 0.051830 0.076771
0 0.298673 0.825172 0.047003 0.085750
0 0.429746 0.814237 0.048975 0.078113
0 0.839341 0.951889 0.053078 0.093493
0 0.477264 0.653852 0.053545 0.086360
0 0.375507 0.795483 0.051371 0.080413
0 0.019413 0.488905 0.038825 0.072504
0 0.833664 0.825811 0.052396 0.079372
0 0.634404 0.486523 0.048193 0.071578
0 0.096790 0.717561 0.048534 0.080043
0 0.726489 0.217317 0.045215 0.078665
0 0.689585 0.177392 0.043381 0.080272
0 0.326622 0.661525 0.050004 0.076982
0 0.307694 0.034651 0.053154 0.069303
0 0.323092 0.179583 0.050189 0.076391
0 0.448865 0.227608 0.044558 0.083462
0 0.152833 0.799701 0.052178 0.086956
0 0.018642 0.221706 0.037276 0.083558
0 0.590404 0.116028 0.054967 0.081744
0 0.532484 0.629964 0.048755 0.076907
0 0.614537 0.053265 0.042682 0.075397
0 0.976339 0.745558 0.046727 0.073980
0 0.253121 0.107675 0.048401 0.066274
0 0.789205 0.329034 0.053793 0.088150
0 0.408475 0.693926 0.056683 0.079839
0 0.376408 0.618947 0.053802 0.077787
0 0.906045 0.464243 0.047848 0.067582
0 0.479281 0.570276 0.047340 0.076477
0 0.536450 0.029154 0.061021 0.058307
0 0.098822 0.140812 0.046765 0.084345
0 0.207423 0.723947 0.052897 0.079998
0 0.283773 0.618089 0.056445 0.067444
0 0.221552 0.506817 0.044730 0.064840
0 0.793219 0.761449 0.056003 0.102120
0 0.664031 0.415920 0.044677 0.078914
0 0.306344 0.264943 0.049781 0.079809
0 0.271883 0.194718 0.052803 0.082755
0 0.860131 0.436323 0.045827 0.070284
0 0.825673 0.120030 0.047548 0.076218
0 0.591061 0.217485 0.054335 0.080793
0 0.978376 0.643015 0.042501 0.073983
0 0.177973 0.649119 0.067294 0.075364
0 0.186790 0.224406 0.047769 0.078410
0 0.637631 0.347455 0.050801 0.077576
0 0.261585 0.307393 0.054962 0.075609
0 0.887019 0.538631 0.054580 0.083467
0 0.741854 0.425469 0.051300 0.068672
0 0.112117 0.452653 0.052102 0.079311
0 0.733113 0.504457 0.047608 0.078792
0 0.283025 0.474843 0.053237 0.085359
0 0.337474 0.344982 0.062572 0.078905
0 0.076801 0.521030 0.056747 0.082858
0 0.927003 0.139083 0.047281 0.091910
0 0.082848 0.059098 0.052568 0.084038
0 0.132134 0.221492 0.051645 0.088284
0 0.189170 0.574782 0.054413 0.079472
0 0.143211 0.363145 0.058595 0.084599
0 0.188154 0.439507 0.052523 0.091065
0 0.730469 0.305384 0.045470 0.090120
0 0.977821 0.115370 0.042970 0.086463
0 0.926555 0.042339 0.051329 0.084050
0 0.936989 0.230022 0.052621 0.081245
0 0.965022 0.423558 0.046433 0.080175
1 0.328816 0.900477 0.060831 0.065554
2 0.579158 0.035161 0.018717 0.029797
2 0.448918 0.917759 0.021837 0.035757
2 0.777248 0.014899 0.024956 0.029797
1 0.576818 0.821216 0.045233 0.083433
1 0.548353 0.321216 0.044453 0.072706
1 0.426301 0.417163 0.060831 0.107271
3 0.900079 0.865316 0.095925 0.135876
0 0.050871 0.800250 0.040929 0.079233
0 0.085251 0.819016 0.048569 0.071726
1 0.097257 0.884487 0.030015 0.090909
0 0.060966 0.319016 0.042566 0.082569
0 0.085251 0.281902 0.049661 0.086739
0 0.602869 0.550876 0.045841 0.065888
0 0.638068 0.564220 0.051844 0.075897
0 0.693186 0.884487 0.054027 0.072560
0 0.696460 0.933695 0.050752 0.067556