0 0.356658 0.004060 0.031464 0.008120
0 0.997615 0.233089 0.004102 0.054498
0 0.618990 0.225789 0.053368 0.082119
0 0.652018 0.194206 0.046214 0.076914
0 0.242355 0.853658 0.047524 0.077261
0 0.221642 0.891483 0.050339 0.076922
0 0.453774 0.150434 0.050706 0.075349
0 0.493269 0.135346 0.046250 0.073890
0 0.004477 0.807136 0.008954 0.061103
0 0.421227 0.851873 0.041406 0.065229
0 0.768495 0.346259 0.048764 0.080609
0 0.398311 0.820160 0.048427 0.075119
0 0.684530 0.253484 0.050877 0.084959
0 0.729163 0.336512 0.047521 0.080056
0 0.646955 0.285519 0.050967 0.073226
0 0.622237 0.009948 0.043082 0.019812
0 0.835253 0.576223 0.079153 0.102960
0 0.359793 0.966502 0.050906 0.063598
0 0.008457 0.624299 0.016892 0.075808
0 0.491679 0.219545 0.061719 0.086698
0 0.535170 0.247672 0.058111 0.086154
0 0.326938 0.942569 0.053356 0.080114
0 0.061999 0.985718 0.054640 0.025311
0 0.168497 0.329657 0.054866 0.095279
0 0.451158 0.460122 0.045568 0.078237
0 0.359831 0.371326 0.062115 0.096606
0 0.718392 0.153463 0.083759 0.090343
0 0.313392 0.325128 0.057757 0.081761
0 0.527928 0.644550 0.049530 0.084998
0 0.224660 0.010390 0.048916 0.020781
0 0.494398 0.438766 0.053807 0.091388
0 0.407997 0.333293 0.045507 0.072058
0 0.438270 0.271827 0.044721 0.075176
0 0.160127 0.685035 0.047081 0.067976
0 0.485140 0.623021 0.047553 0.075567
0 0.348122 0.860570 0.053801 0.085765
0 0.024310 0.365087 0.048260 0.083134
0 0.345452 0.268909 0.043867 0.067741
0 0.447370 0.377369 0.049819 0.079032
0 0.275851 0.499117 0.082962 0.095571
0 0.340349 0.453939 0.050528 0.081103
0 0.355147 0.776643 0.050834 0.072760
0 0.427721 0.021242 0.050968 0.042485
0 0.018555 0.964641 0.037109 0.067692
0 0.326297 0.640941 0.044946 0.072385
0 0.692610 0.393789 0.043822 0.077334
0 0.173209 0.577444 0.079060 0.107658
0 0.654141 0.651662 0.048182 0.073842
0 0.184333 0.435498 0.050473 0.081050
0 0.217995 0.369675 0.047866 0.075071
0 0.499166 0.784851 0.047425 0.064127
0 0.814866 0.023766 0.045208 0.047461
0 0.460881 0.732591 0.046677 0.069804
0 0.577837 0.184239 0.052016 0.076627
0 0.771888 0.429745 0.050694 0.077559
0 0.097643 0.853882 0.044122 0.068863
0 0.231066 0.975935 0.050703 0.044937
0 0.440364 0.658664 0.049300 0.079868
0 0.351499 0.701409 0.048835 0.068052
0 0.985568 0.405923 0.026800 0.075223
0 0.400990 0.061671 0.047254 0.079443
0 0.086356 0.226811 0.047715 0.079256
0 0.570533 0.685541 0.055187 0.079186
0 0.823093 0.494218 0.055883 0.071749
0 0.110408 0.318455 0.044307 0.076492
0 0.193044 0.798062 0.054608 0.087204
0 0.581822 0.980839 0.054873 0.035192
0 0.669790 0.578865 0.050051 0.072684
0 0.638712 0.108019 0.047604 0.090838
0 0.094804 0.414381 0.068525 0.111450
0 0.463989 0.063701 0.049504 0.091069
0 0.019414 0.727515 0.038800 0.070087
0 0.744791 0.262017 0.061248 0.063822
0 0.131975 0.741314 0.046832 0.073322
0 0.665530 0.032972 0.051743 0.065924
0 0.230153 0.222738 0.046039 0.069755
0 0.535908 0.743082 0.044026 0.073196
0 0.786840 0.086317 0.051872 0.075980
0 0.778658 0.665527 0.040643 0.089324
0 0.985399 0.079404 0.027334 0.070442
0 0.980670 0.619423 0.036716 0.080424
0 0.100312 0.155968 0.061084 0.081476
0 0.833992 0.114695 0.048242 0.070527
0 0.344872 0.553263 0.051134 0.075089
0 0.405595 0.492724 0.049153 0.071535
0 0.252387 0.632514 0.053394 0.079603
0 0.722128 0.036112 0.051268 0.072224
0 0.565688 0.585626 0.056987 0.063876
0 0.178369 0.966191 0.053397 0.064413
0 0.876756 0.437976 0.049705 0.067124
0 0.023130 0.861210 0.045294 0.072780
0 0.297331 0.831436 0.047933 0.077902
0 0.432235 0.946530 0.049159 0.077741
0 0.683313 0.709988 0.046407 0.078061
0 0.089561 0.015606 0.050727 0.031213
0 0.899227 0.971289 0.068075 0.054276
0 0.145721 0.841572 0.046117 0.072771
0 0.109619 0.678398 0.049620 0.073711
0 0.070623 0.758178 0.050765 0.076387
0 0.628263 0.498183 0.061676 0.078842
0 0.637217 0.410908 0.066549 0.092332
0 0.468713 0.889061 0.052045 0.078465
0 0.545364 0.392387 0.049428 0.081674
0 0.267268 0.749958 0.053269 0.078829
0 0.710293 0.838439 0.047268 0.077313
0 0.706812 0.926016 0.053096 0.088714
0 0.058085 0.313357 0.052913 0.078431
0 0.027788 0.449074 0.055315 0.079635
0 0.981737 0.169677 0.034581 0.071424
0 0.107182 0.538875 0.048162 0.085686
0 0.772874 0.785548 0.050781 0.079343
0 0.364265 0.150476 0.051973 0.083530
0 0.124023 0.090760 0.047855 0.072942
0 0.089062 0.934111 0.051767 0.089885
0 0.320450 0.030888 0.056926 0.061776
0 0.837408 0.688113 0.054461 0.082710
0 0.703903 0.503540 0.055427 0.077688
0 0.807184 0.898124 0.052879 0.076001
0 0.757303 0.960636 0.051967 0.074506
0 0.292978 0.228144 0.055054 0.083522
0 0.058363 0.672548 0.050503 0.092201
0 0.656290 0.957405 0.051819 0.077880
0 0.562751 0.101648 0.058330 0.073948
0 0.825250 0.249174 0.060438 0.073893
0 0.214338 0.063018 0.050545 0.077402
0 0.890943 0.720949 0.051666 0.080416
0 0.970157 0.694524 0.057940 0.093068
0 0.935846 0.018125 0.049087 0.036250
0 0.029793 0.216472 0.051174 0.087081
0 0.180582 0.125373 0.051158 0.090437
0 0.259900 0.135707 0.065980 0.083241
0 0.604235 0.753925 0.056757 0.086143
0 0.591104 0.919777 0.055251 0.085985
0 0.895451 0.150504 0.049760 0.073369
0 0.945741 0.199606 0.049127 0.079010
0 0.855129 0.331656 0.054003 0.086825
0 0.902509 0.234138 0.058046 0.086540
0 0.866494 0.038716 0.057071 0.077189
0 0.947039 0.308180 0.048102 0.071890
0 0.928186 0.908466 0.062212 0.095281
0 0.047478 0.083295 0.055586 0.083648
0 0.941626 0.089289 0.052624 0.079227
1 0.286702 0.412396 0.051472 0.057211
1 0.742933 0.736591 0.048353 0.083433
2 0.557321 0.017282 0.026516 0.034565
2 0.900859 0.300954 0.024176 0.036949
2 0.959740 0.374255 0.024956 0.033373
2 0.730065 0.433850 0.019497 0.028605
2 0.761650 0.571514 0.017157 0.025030
2 0.473874 0.275328 0.017157 0.028605
2 0.378728 0.205006 0.010918 0.016687
2 0.207154 0.185936 0.015598 0.030989
2 0.063266 0.379023 0.017937 0.023838