0 0.021250 0.002694 0.040362 0.005388
0 0.328735 0.002471 0.048751 0.004915
0 0.997845 0.830406 0.004311 0.076084
0 0.261564 0.952710 0.047956 0.072529
0 0.072205 0.004017 0.035817 0.008033
0 0.297970 0.962046 0.049805 0.074461
0 0.470451 0.003992 0.041521 0.007984
0 0.003764 0.443744 0.007528 0.071908
0 0.290474 0.636043 0.081867 0.080583
0 0.582797 0.992876 0.047613 0.013202
0 0.762254 0.993262 0.046345 0.012186
0 0.983729 0.007369 0.031693 0.014739
0 0.666058 0.769816 0.048948 0.082064
0 0.640274 0.807263 0.050812 0.070405
0 0.410024 0.009568 0.053324 0.019136
0 0.007440 0.671454 0.014852 0.084537
0 0.526052 0.538518 0.046142 0.079885
0 0.498932 0.583762 0.048863 0.088261
0 0.453798 0.133895 0.059736 0.131594
0 0.144035 0.985632 0.051934 0.026971
0 0.768148 0.634939 0.047854 0.069851
0 0.692184 0.986191 0.053159 0.026349
0 0.036093 0.382413 0.051004 0.073833
0 0.984023 0.462333 0.031202 0.100094
0 0.039262 0.454117 0.047007 0.092150
0 0.869406 0.980975 0.041837 0.036301
0 0.938273 0.978785 0.048739 0.040421
0 0.018934 0.821676 0.037869 0.080860
0 0.670982 0.869667 0.048967 0.074776
0 0.311875 0.789279 0.050455 0.078527
0 0.285340 0.717957 0.048725 0.084257
0 0.088639 0.576383 0.050947 0.078221
0 0.804701 0.661249 0.052808 0.078985
0 0.424768 0.047022 0.059601 0.074549
0 0.771823 0.024656 0.056980 0.049304
0 0.184791 0.948398 0.050979 0.085862
0 0.018473 0.310860 0.036945 0.077014
0 0.526158 0.781147 0.040462 0.074855
0 0.978516 0.954006 0.042002 0.082316
0 0.572093 0.087231 0.050438 0.072763
0 0.210082 0.871639 0.050599 0.080444
0 0.473565 0.502477 0.050328 0.086604
0 0.193786 0.032079 0.042344 0.064157
0 0.538812 0.019916 0.058695 0.039832
0 0.870364 0.033309 0.042640 0.066616
0 0.525701 0.294011 0.081638 0.087759
0 0.017579 0.107115 0.035116 0.088656
0 0.272119 0.535958 0.051946 0.072504
0 0.021815 0.595180 0.043618 0.071567
0 0.078797 0.941457 0.046825 0.073041
0 0.194589 0.792776 0.053936 0.077010
0 0.485397 0.741390 0.048773 0.071893
0 0.765684 0.904457 0.044831 0.077591
0 0.575628 0.604455 0.047703 0.084056
0 0.518053 0.958708 0.048424 0.081343
0 0.711833 0.738787 0.049868 0.081131
0 0.753517 0.710338 0.045185 0.079124
0 0.259537 0.458805 0.048444 0.076585
0 0.883664 0.356118 0.046431 0.074876
0 0.159476 0.328624 0.043245 0.066216
0 0.361090 0.075197 0.044651 0.096456
0 0.157321 0.484062 0.046700 0.076023
0 0.482736 0.226635 0.047763 0.081526
0 0.180707 0.562209 0.050440 0.080668
0 0.979639 0.165047 0.039723 0.080738
0 0.389036 0.300266 0.051115 0.081165
0 0.402779 0.129240 0.053950 0.084634
0 0.224428 0.718376 0.050933 0.082903
0 0.599922 0.744325 0.049229 0.086143
0 0.110696 0.507569 0.048595 0.076533
0 0.208827 0.103369 0.050061 0.075089
0 0.554547 0.686061 0.051592 0.097839
0 0.022785 0.230591 0.045570 0.075815
0 0.843070 0.095781 0.056984 0.087523
0 0.976787 0.687319 0.045905 0.092914
0 0.066363 0.651862 0.044763 0.086556
0 0.314316 0.105987 0.053764 0.073719
0 0.742441 0.434169 0.049176 0.075899
0 0.618487 0.938374 0.051051 0.081505
0 0.781406 0.383646 0.045606 0.083881
0 0.372189 0.837887 0.059836 0.093448
0 0.946512 0.758257 0.050655 0.074087
0 0.478755 0.873590 0.057570 0.078891
0 0.894161 0.284647 0.044976 0.073030
0 0.627797 0.549954 0.060178 0.075466
0 0.060709 0.747798 0.054347 0.092781
0 0.936772 0.913052 0.050965 0.079613
0 0.584724 0.356488 0.047163 0.078347
0 0.643080 0.470057 0.049690 0.080991
0 0.847777 0.793482 0.049765 0.075402
0 0.514438 0.428103 0.060706 0.087635
0 0.567319 0.857305 0.052150 0.086805
0 0.428319 0.459558 0.048843 0.075343
0 0.094814 0.836530 0.064697 0.106491
0 0.125285 0.641900 0.053418 0.088234
0 0.924520 0.657997 0.050809 0.076485
0 0.714461 0.926531 0.053866 0.092914
0 0.271347 0.041137 0.054175 0.082241
0 0.416598 0.376598 0.052881 0.084535
0 0.327334 0.477704 0.046225 0.093058
0 0.967205 0.832961 0.050108 0.083808
0 0.744380 0.164539 0.046691 0.074464
0 0.375871 0.451617 0.046826 0.082898
0 0.784296 0.812983 0.049459 0.086258
0 0.249555 0.276852 0.050822 0.074127
0 0.077127 0.138757 0.046485 0.079777
0 0.723383 0.511823 0.055681 0.078427
0 0.799181 0.570049 0.050354 0.079558
0 0.882417 0.159841 0.058117 0.074419
0 0.682938 0.183401 0.048222 0.082011
0 0.092014 0.050602 0.050394 0.075960
0 0.200080 0.402928 0.056816 0.088276
0 0.616374 0.046365 0.051436 0.085362
0 0.311150 0.188142 0.056436 0.084501
0 0.657924 0.103711 0.053327 0.081724
0 0.668605 0.398501 0.052093 0.084737
0 0.876335 0.728356 0.053393 0.100109
0 0.806923 0.262564 0.043362 0.104588
0 0.251849 0.199825 0.052733 0.076497
0 0.410295 0.757940 0.052815 0.093356
0 0.181617 0.179699 0.055721 0.090070
0 0.571353 0.201270 0.045621 0.081933
0 0.865543 0.431895 0.051571 0.080449
0 0.352443 0.238260 0.057089 0.085411
0 0.813726 0.933086 0.051926 0.083734
0 0.734010 0.079553 0.052988 0.086019
0 0.720092 0.285687 0.051444 0.082394
0 0.427374 0.241180 0.051327 0.084563
0 0.137302 0.247906 0.052755 0.079235
0 0.950921 0.498846 0.048651 0.080377
0 0.109154 0.360126 0.056925 0.091057
0 0.953671 0.589010 0.057604 0.088886
0 0.637648 0.223600 0.054714 0.090214
0 0.072708 0.232395 0.047557 0.081813
0 0.315650 0.350778 0.055988 0.083261
0 0.883847 0.567098 0.047865 0.079513
0 0.649073 0.312078 0.059092 0.083781
0 0.918828 0.088421 0.049676 0.083821
0 0.957162 0.248616 0.050785 0.089572
0 0.935048 0.358164 0.051576 0.086916
2 0.616202 0.612634 0.022617 0.038141
2 0.242249 0.512515 0.021837 0.023838
2 0.223922 0.303337 0.016378 0.025030
1 0.436830 0.551847 0.027296 0.097735