0 0.862469 0.002540 0.062944 0.005079
0 0.979927 0.996914 0.040077 0.006050
0 0.997580 0.175836 0.004780 0.064627
0 0.467688 0.002051 0.045765 0.004102
0 0.502579 0.236016 0.042183 0.072790
0 0.242177 0.996083 0.043052 0.007293
0 0.466772 0.238864 0.044775 0.075598
0 0.840920 0.985313 0.038544 0.027229
0 0.002332 0.703638 0.004663 0.068854
0 0.882292 0.978863 0.048813 0.039909
0 0.564806 0.006063 0.031038 0.012105
0 0.995169 0.094800 0.008788 0.061464
0 0.385484 0.005963 0.044201 0.011927
0 0.879969 0.618332 0.053577 0.083333
0 0.732885 0.989443 0.047155 0.018652
0 0.913154 0.597950 0.042719 0.081830
0 0.010941 0.922183 0.021883 0.083736
0 0.524605 0.012065 0.048123 0.024082
0 0.463670 0.987043 0.043251 0.023436
0 0.026089 0.975851 0.052177 0.045938
0 0.113912 0.661091 0.053970 0.081128
0 0.075042 0.610555 0.058923 0.074007
0 0.011453 0.034802 0.022907 0.069036
0 0.012366 0.600023 0.024733 0.073759
0 0.027671 0.783644 0.055341 0.086351
0 0.771201 0.967205 0.053345 0.063271
0 0.129445 0.964907 0.064899 0.069176
0 0.014015 0.512526 0.028030 0.090325
0 0.949997 0.011518 0.045068 0.023036
0 0.324643 0.978114 0.048158 0.041881
0 0.988337 0.718695 0.022484 0.079242
0 0.278170 0.121121 0.053758 0.077969
0 0.314809 0.922388 0.049318 0.075356
0 0.203465 0.358264 0.038319 0.068047
0 0.980775 0.506581 0.037528 0.079613
0 0.986668 0.040795 0.025502 0.073109
0 0.076294 0.941267 0.051614 0.089277
0 0.019393 0.112611 0.038786 0.082087
0 0.093121 0.533799 0.049572 0.078665
0 0.246873 0.035428 0.041597 0.070856
0 0.051033 0.462808 0.042955 0.061997
0 0.517875 0.976440 0.057851 0.044566
0 0.942490 0.963294 0.046056 0.071686
0 0.979721 0.584299 0.039591 0.072703
0 0.047744 0.688087 0.055218 0.074866
0 0.015388 0.268308 0.030702 0.077298
0 0.787017 0.908704 0.044421 0.074773
0 0.122746 0.801203 0.051623 0.077270
0 0.150332 0.146353 0.049820 0.062778
0 0.587399 0.968782 0.052875 0.059479
0 0.349055 0.508925 0.051499 0.077203
0 0.262010 0.957111 0.062460 0.082553
0 0.324801 0.575216 0.054855 0.082316
0 0.473650 0.157438 0.048085 0.073705
0 0.691849 0.834748 0.045838 0.097892
0 0.121187 0.275213 0.045466 0.069605
0 0.161263 0.313407 0.043189 0.071957
0 0.929633 0.517786 0.038090 0.078860
0 0.127132 0.360088 0.047887 0.067114
0 0.293593 0.027662 0.049288 0.055324
0 0.217280 0.111755 0.051331 0.077337
0 0.181068 0.251017 0.045702 0.068014
0 0.219289 0.857729 0.058503 0.078250
0 0.868770 0.704013 0.047448 0.072121
0 0.137716 0.207883 0.062388 0.070978
0 0.238403 0.397422 0.044315 0.088981
0 0.828829 0.867572 0.047355 0.079532
0 0.162566 0.018042 0.058651 0.036084
0 0.133345 0.444435 0.047563 0.073138
0 0.171649 0.080542 0.048839 0.081376
0 0.277364 0.870764 0.052577 0.087955
0 0.025175 0.396094 0.050348 0.076427
0 0.158736 0.532032 0.054565 0.074814
0 0.817289 0.725498 0.053827 0.080527
0 0.302847 0.790025 0.050253 0.071600
0 0.286635 0.515629 0.054255 0.081486
0 0.820632 0.605307 0.051233 0.078138
0 0.536945 0.069532 0.046848 0.079601
0 0.881687 0.495487 0.044478 0.076475
0 0.913336 0.739108 0.043816 0.075956
0 0.083057 0.020292 0.058173 0.040583
0 0.321316 0.665709 0.046767 0.083944
0 0.402635 0.050528 0.053727 0.069862
0 0.455841 0.481585 0.052249 0.072076
0 0.074819 0.328535 0.053194 0.075692
0 0.440041 0.941758 0.048018 0.083855
0 0.775267 0.492635 0.050824 0.082159
0 0.800777 0.396929 0.048676 0.079247
0 0.482696 0.778489 0.058128 0.081558
0 0.701019 0.615474 0.050828 0.079460
0 0.651171 0.034381 0.055903 0.068762
0 0.890180 0.816371 0.050227 0.072828
0 0.542127 0.376067 0.049461 0.075432
0 0.404184 0.503202 0.050404 0.074209
0 0.335863 0.111215 0.047565 0.069867
0 0.721466 0.906918 0.057069 0.084414
0 0.741353 0.560522 0.053384 0.084155
0 0.343580 0.735643 0.045875 0.082118
0 0.787096 0.797417 0.062738 0.081959
0 0.208732 0.658910 0.057849 0.081349
0 0.224420 0.759637 0.055497 0.084652
0 0.968495 0.434654 0.056723 0.077508
0 0.399951 0.123663 0.050184 0.072419
0 0.595362 0.364824 0.050553 0.077431
0 0.461182 0.861692 0.064553 0.081256
0 0.807244 0.257494 0.051118 0.080727
0 0.632852 0.516981 0.045282 0.081721
0 0.425827 0.573792 0.051341 0.074935
0 0.497780 0.426286 0.052718 0.077939
0 0.979026 0.240124 0.041528 0.074489
0 0.190998 0.452723 0.050896 0.077477
0 0.552565 0.757267 0.053257 0.074018
0 0.833505 0.523465 0.051689 0.081238
0 0.087443 0.085928 0.054545 0.079864
0 0.585404 0.554817 0.049087 0.076923
0 0.572597 0.127711 0.054516 0.080567
0 0.552717 0.490136 0.055412 0.084259
0 0.966063 0.839228 0.058981 0.091726
0 0.859488 0.262974 0.046828 0.065692
0 0.572765 0.293486 0.050558 0.074165
0 0.316953 0.218447 0.050169 0.076858
0 0.734722 0.026428 0.058206 0.052856
0 0.390816 0.361208 0.046226 0.073690
0 0.898131 0.913562 0.056539 0.087038
0 0.581196 0.212282 0.052905 0.077722
0 0.464650 0.048609 0.052283 0.082394
0 0.679000 0.747414 0.059733 0.078942
0 0.649799 0.109556 0.050131 0.075054
0 0.287273 0.336513 0.051429 0.068563
0 0.619813 0.661871 0.049172 0.080024
0 0.855142 0.415877 0.049368 0.084823
0 0.506136 0.693967 0.052521 0.088757
0 0.803337 0.038840 0.048547 0.071005
0 0.520399 0.574907 0.054850 0.079983
0 0.364630 0.886367 0.054954 0.083745
0 0.757643 0.206114 0.046440 0.079059
0 0.544548 0.892896 0.053637 0.085849
0 0.943335 0.285798 0.058409 0.068569
0 0.611579 0.882022 0.054554 0.078187
0 0.726630 0.449776 0.052143 0.079280
0 0.938702 0.149937 0.049919 0.077466
0 0.949429 0.073714 0.054821 0.077987
0 0.693029 0.271702 0.054297 0.074883
0 0.822237 0.175729 0.054732 0.081007
1 0.313608 0.438617 0.047573 0.092968
1 0.250438 0.144219 0.033535 0.047676
2 0.290602 0.259237 0.021837 0.036949
2 0.682882 0.657926 0.017157 0.026222