0 0.833409 0.002307 0.030741 0.004516
0 0.756954 0.994795 0.033122 0.008580
0 0.535662 0.003679 0.032033 0.007258
0 0.879211 0.705502 0.047928 0.076628
0 0.651058 0.003604 0.031765 0.007196
0 0.763558 0.927401 0.049577 0.073912
0 0.479141 0.809776 0.043132 0.069918
0 0.842702 0.725293 0.055555 0.075957
0 0.447364 0.832392 0.045765 0.076611
0 0.992849 0.629354 0.012549 0.070548
0 0.044275 0.003991 0.043203 0.007983
0 0.734152 0.961831 0.049364 0.071879
0 0.438487 0.993025 0.036683 0.011541
0 0.287129 0.004589 0.038977 0.009177
0 0.977897 0.990206 0.040310 0.016879
0 0.823874 0.349719 0.044214 0.076321
0 0.854496 0.991407 0.039040 0.014472
0 0.114237 0.005328 0.037579 0.010657
0 0.363406 0.377228 0.048447 0.072337
0 0.371871 0.445297 0.055479 0.083447
0 0.935042 0.306878 0.056931 0.090536
0 0.214961 0.006199 0.032400 0.012399
0 0.399930 0.006052 0.036742 0.012104
0 0.974178 0.321200 0.046938 0.077902
0 0.593829 0.008082 0.035758 0.016164
0 0.298246 0.751926 0.056428 0.075810
0 0.076592 0.183056 0.051378 0.070828
0 0.785402 0.333565 0.051635 0.085495
0 0.124922 0.837915 0.050745 0.073564
0 0.215690 0.974438 0.057022 0.048158
0 0.097191 0.147528 0.049987 0.073467
0 0.803006 0.414906 0.049460 0.081257
0 0.989730 0.378738 0.018639 0.062779
0 0.645738 0.987689 0.044427 0.021548
0 0.580507 0.279737 0.045328 0.083967
0 0.188860 0.945987 0.049551 0.081063
0 0.988231 0.540101 0.021793 0.086935
0 0.598030 0.337423 0.050079 0.081056
0 0.986901 0.021489 0.024707 0.042930
0 0.681147 0.907336 0.061934 0.120409
0 0.019395 0.803425 0.038791 0.061092
0 0.713204 0.013066 0.048677 0.026081
0 0.060602 0.775958 0.044954 0.076112
0 0.016617 0.951806 0.033234 0.070279
0 0.020573 0.716815 0.041146 0.080397
0 0.985794 0.099736 0.026590 0.072826
0 0.838386 0.531583 0.044656 0.080747
0 0.489450 0.962822 0.054827 0.071162
0 0.623105 0.249176 0.041667 0.073683
0 0.923602 0.973163 0.050421 0.050699
0 0.979985 0.766336 0.038097 0.074157
0 0.345309 0.013027 0.047945 0.026028
0 0.880775 0.550729 0.040725 0.070000
0 0.107800 0.770130 0.044453 0.070620
0 0.447163 0.920045 0.052420 0.080927
0 0.813407 0.962745 0.051598 0.071261
0 0.016080 0.436022 0.032127 0.085216
0 0.016696 0.587983 0.033336 0.081791
0 0.311799 0.957959 0.051446 0.069948
0 0.580342 0.962942 0.051344 0.070646
0 0.976096 0.194010 0.045013 0.071881
0 0.708131 0.517565 0.043597 0.071289
0 0.626467 0.658905 0.042675 0.102976
0 0.898002 0.236313 0.044596 0.094674
0 0.977136 0.463376 0.043632 0.076187
0 0.337249 0.890533 0.056444 0.077191
0 0.127441 0.960278 0.051390 0.075102
0 0.485771 0.276926 0.041972 0.072550
0 0.279784 0.889748 0.049324 0.082158
0 0.194527 0.444298 0.043958 0.063594
0 0.895166 0.790812 0.045062 0.095677
0 0.306470 0.411261 0.051188 0.080279
0 0.022931 0.173685 0.045861 0.070429
0 0.673349 0.658346 0.043581 0.069720
0 0.793830 0.608620 0.046262 0.083666
0 0.800382 0.782812 0.050998 0.074981
0 0.655243 0.332896 0.045648 0.068237
0 0.563424 0.105545 0.041743 0.074028
0 0.764054 0.842064 0.051693 0.082915
0 0.974770 0.843383 0.048018 0.075992
0 0.735382 0.657956 0.047832 0.071046
0 0.868993 0.864666 0.050640 0.077071
0 0.594994 0.890803 0.047069 0.080950
0 0.768053 0.715639 0.053649 0.084065
0 0.935930 0.717953 0.051897 0.078751
0 0.951697 0.642132 0.060091 0.105136
0 0.614510 0.113811 0.043477 0.067969
0 0.704465 0.802433 0.050353 0.083820
0 0.672362 0.575323 0.042370 0.081506
0 0.815485 0.259407 0.055936 0.076516
0 0.941738 0.903530 0.048589 0.075726
0 0.585418 0.174279 0.050760 0.081925
0 0.054808 0.354883 0.057931 0.076800
0 0.028141 0.058014 0.052204 0.073712
0 0.246457 0.338281 0.046874 0.087893
0 0.449618 0.023819 0.042242 0.047639
0 0.416959 0.637739 0.049769 0.081012
0 0.474983 0.356313 0.066147 0.084002
0 0.077862 0.708900 0.049443 0.077563
0 0.055030 0.858029 0.054246 0.082293
0 0.431029 0.287897 0.046593 0.072061
0 0.477492 0.112813 0.050188 0.078188
0 0.773554 0.032304 0.049934 0.064608
0 0.090579 0.070850 0.047011 0.070522
0 0.623345 0.777886 0.051002 0.079939
0 0.048598 0.633580 0.052738 0.079295
0 0.760469 0.248239 0.046792 0.079908
0 0.910271 0.438073 0.053135 0.087958
0 0.338182 0.520343 0.054119 0.074773
0 0.788488 0.163137 0.048339 0.076543
0 0.704112 0.357442 0.049953 0.072292
0 0.355049 0.698379 0.051615 0.085094
0 0.520195 0.172491 0.048717 0.078539
0 0.252123 0.447981 0.044335 0.091031
0 0.625519 0.037989 0.054198 0.073073
0 0.928960 0.552884 0.047660 0.079760
0 0.500985 0.038602 0.056912 0.077203
0 0.710339 0.279952 0.051472 0.076890
0 0.155115 0.134326 0.047794 0.082101
0 0.748324 0.574607 0.054037 0.085413
0 0.151265 0.617264 0.048068 0.074672
0 0.200057 0.782950 0.052565 0.083546
0 0.695803 0.438284 0.056040 0.084149
0 0.246330 0.093565 0.048824 0.072876
0 0.295198 0.047358 0.052740 0.072282
0 0.280789 0.661025 0.052803 0.077665
0 0.252582 0.565864 0.047490 0.087555
0 0.453209 0.438797 0.051131 0.078639
0 0.032496 0.273360 0.050911 0.084878
0 0.543962 0.550974 0.050041 0.080541
0 0.699858 0.140935 0.052514 0.079089
0 0.154509 0.236028 0.049222 0.082159
0 0.211820 0.176111 0.053518 0.086889
0 0.374738 0.270827 0.049866 0.081630
0 0.172612 0.046167 0.048963 0.073146
0 0.250346 0.245814 0.051960 0.082081
0 0.603415 0.496326 0.051836 0.073138
0 0.461254 0.537825 0.052353 0.081221
0 0.113097 0.350086 0.048077 0.078241
0 0.529224 0.468716 0.053207 0.079420
0 0.145008 0.536590 0.050453 0.075251
0 0.942539 0.060958 0.056395 0.084961
0 0.839143 0.046641 0.053466 0.077571
0 0.209863 0.511805 0.050107 0.077992
0 0.147668 0.413996 0.054579 0.089480
0 0.365356 0.188158 0.056362 0.075637
0 0.382266 0.090538 0.049653 0.088984
0 0.301939 0.149188 0.056669 0.084379
0 0.080968 0.470831 0.048137 0.088886
1 0.294891 0.343266 0.041334 0.073897
1 0.872784 0.153159 0.056931 0.122765
1 0.833400 0.649583 0.045233 0.069130
1 0.883702 0.635876 0.049133 0.058403
2 0.015693 0.659714 0.019497 0.036949
2 0.138525 0.887366 0.021837 0.029797
2 0.263696 0.782479 0.014818 0.025030
2 0.017643 0.228248 0.015598 0.025030
2 0.513648 0.576877 0.024956 0.035757
2 0.563170 0.221097 0.021057 0.034565
1 0.857966 0.430870 0.049133 0.077473