0 0.004523 0.947436 0.009046 0.034254
0 0.994803 0.645605 0.009152 0.067448
0 0.496060 0.007754 0.034772 0.015508
0 0.162820 0.990248 0.043865 0.016611
0 0.719889 0.007484 0.047292 0.014969
0 0.218481 0.896584 0.047698 0.063114
0 0.194708 0.930121 0.047826 0.071210
0 0.009537 0.601554 0.019029 0.067277
0 0.960672 0.985225 0.049678 0.026490
0 0.346812 0.084907 0.054290 0.078580
0 0.345053 0.983248 0.046509 0.030192
0 0.321326 0.125910 0.047865 0.071584
0 0.259556 0.085482 0.048277 0.083088
0 0.517001 0.981816 0.052483 0.033152
0 0.363367 0.029414 0.043737 0.058780
0 0.945249 0.014860 0.048587 0.029719
0 0.289657 0.037455 0.056649 0.074823
0 0.170265 0.778077 0.044833 0.074095
0 0.865180 0.968443 0.044179 0.059852
0 0.228989 0.976151 0.048910 0.044520
0 0.026157 0.042509 0.052313 0.084607
0 0.617808 0.886128 0.043770 0.069920
0 0.039572 0.953999 0.053109 0.084002
0 0.578385 0.018066 0.050761 0.036132
0 0.893884 0.910346 0.046264 0.071386
0 0.977834 0.896044 0.042298 0.073795
0 0.759314 0.623814 0.045900 0.068242
0 0.297929 0.970148 0.047096 0.056433
0 0.126939 0.790628 0.057600 0.083527
0 0.636427 0.965242 0.048098 0.066033
0 0.934815 0.859606 0.046153 0.077181
0 0.747421 0.962930 0.050437 0.070607
0 0.890771 0.024636 0.048230 0.049272
0 0.025721 0.235712 0.051380 0.080005
0 0.833324 0.861560 0.057325 0.072128
0 0.069361 0.885637 0.048281 0.080330
0 0.026405 0.810872 0.052788 0.090268
0 0.117310 0.966650 0.049800 0.063381
0 0.025696 0.698723 0.051291 0.080568
0 0.645913 0.780443 0.050292 0.086217
0 0.451272 0.908895 0.041816 0.076166
0 0.559152 0.949968 0.049844 0.087311
0 0.578704 0.291481 0.048271 0.074977
0 0.133837 0.022535 0.051362 0.045069
0 0.722928 0.678890 0.049544 0.076511
0 0.673481 0.855140 0.048627 0.080615
0 0.564333 0.359769 0.052668 0.080916
0 0.415362 0.397600 0.051840 0.066206
0 0.959006 0.621511 0.059001 0.063159
0 0.860189 0.793974 0.046033 0.073869
0 0.024065 0.537112 0.048010 0.074293
0 0.974914 0.071567 0.048169 0.082421
0 0.692018 0.954408 0.052987 0.086639
0 0.932113 0.775199 0.050140 0.078195
0 0.730527 0.852647 0.056139 0.066199
0 0.802897 0.032941 0.052430 0.065882
0 0.773632 0.264513 0.037635 0.082136
0 0.720707 0.476521 0.052983 0.070773
0 0.206655 0.036759 0.053233 0.073518
0 0.977509 0.354971 0.042958 0.078988
0 0.210222 0.826590 0.051563 0.066952
0 0.406843 0.699828 0.040625 0.077211
0 0.840312 0.620006 0.045198 0.079648
0 0.961787 0.698884 0.056254 0.083537
0 0.323152 0.384094 0.049267 0.074460
0 0.581837 0.756938 0.051378 0.076208
0 0.114353 0.300618 0.046901 0.067427
0 0.102197 0.223007 0.048054 0.074792
0 0.283681 0.899213 0.054618 0.078659
0 0.168305 0.164839 0.052475 0.079338
0 0.562784 0.215014 0.054804 0.074398
0 0.813610 0.933083 0.058152 0.078957
0 0.608192 0.401818 0.049513 0.076372
0 0.371205 0.751645 0.041896 0.084867
0 0.488675 0.839322 0.051641 0.078391
0 0.819270 0.708936 0.049271 0.079412
0 0.423069 0.564233 0.049087 0.073388
0 0.568277 0.862793 0.051122 0.079686
0 0.309169 0.683579 0.053281 0.081803
0 0.741217 0.550183 0.054265 0.077794
0 0.221765 0.705285 0.056348 0.074923
0 0.319540 0.780395 0.050670 0.077703
0 0.631573 0.326390 0.043997 0.074313
0 0.432087 0.243766 0.048897 0.074283
0 0.069657 0.156891 0.050333 0.074422
0 0.828486 0.365487 0.048603 0.078658
0 0.677061 0.602306 0.059099 0.095432
0 0.863189 0.307669 0.058715 0.073506
0 0.726435 0.278156 0.049320 0.073899
0 0.269215 0.816311 0.052045 0.077187
0 0.125526 0.577576 0.051402 0.079961
0 0.509608 0.616835 0.053943 0.080654
0 0.137727 0.491915 0.046152 0.065993
0 0.660566 0.510878 0.051266 0.078119
0 0.511568 0.520564 0.057996 0.070652
0 0.948058 0.470390 0.051216 0.072392
0 0.974696 0.224504 0.048113 0.085281
0 0.753395 0.755331 0.060301 0.092773
0 0.840843 0.227535 0.056380 0.081104
0 0.878085 0.552177 0.051427 0.071915
0 0.124120 0.093178 0.051599 0.081275
0 0.673454 0.069262 0.054420 0.076715
0 0.130837 0.671695 0.053179 0.079864
0 0.907261 0.419105 0.053066 0.082887
0 0.935161 0.547686 0.051967 0.075938
0 0.111512 0.395470 0.052100 0.070924
0 0.746552 0.400058 0.055968 0.088100
0 0.046879 0.615605 0.049849 0.085325
0 0.325640 0.603381 0.050640 0.076604
0 0.555894 0.672838 0.053571 0.083829
0 0.205393 0.404065 0.044794 0.089301
0 0.252725 0.256093 0.054442 0.083676
0 0.044086 0.308112 0.051541 0.078709
0 0.456745 0.693572 0.052817 0.089454
0 0.680184 0.368209 0.048309 0.083339
0 0.374256 0.917370 0.055639 0.088494
0 0.319295 0.506700 0.050336 0.070452
0 0.529592 0.432651 0.060622 0.091583
0 0.922929 0.339218 0.053929 0.077411
0 0.692951 0.196048 0.052610 0.084014
0 0.411447 0.112394 0.050482 0.075967
0 0.421104 0.477527 0.059262 0.083793
0 0.467637 0.161832 0.051052 0.075360
0 0.049856 0.391961 0.053298 0.082242
0 0.196938 0.253507 0.051644 0.081377
0 0.184505 0.560502 0.053607 0.086746
0 0.552886 0.135687 0.050742 0.075117
0 0.399329 0.325649 0.055304 0.076661
0 0.632732 0.178301 0.052959 0.083429
0 0.223154 0.491442 0.049265 0.080571
0 0.297741 0.311407 0.055894 0.083680
0 0.734370 0.059113 0.058650 0.082325
0 0.486149 0.244717 0.056571 0.086672
1 0.856796 0.488081 0.043673 0.072706
2 0.159582 0.317044 0.020277 0.030989
2 0.854846 0.163886 0.017937 0.025030
1 0.227957 0.629691 0.060029 0.070058
1 0.662625 0.707256 0.076947 0.071726