0 0.002371 0.612919 0.004741 0.049061
0 0.002436 0.793278 0.004862 0.070460
0 0.187512 0.003598 0.043612 0.007176
0 0.994974 0.970424 0.008602 0.055554
0 0.709279 0.005916 0.034717 0.011737
0 0.010328 0.088791 0.020601 0.087333
0 0.806671 0.009940 0.042867 0.019847
0 0.497386 0.990816 0.042204 0.016296
0 0.008363 0.209639 0.016667 0.080326
0 0.991569 0.182136 0.015401 0.063398
0 0.020962 0.033784 0.041924 0.057545
0 0.224282 0.988602 0.041092 0.020505
0 0.565515 0.985388 0.047721 0.026417
0 0.648131 0.825578 0.035790 0.056343
0 0.986820 0.100748 0.024703 0.082790
0 0.017499 0.502784 0.034995 0.075476
0 0.326523 0.979847 0.056515 0.037883
0 0.149396 0.389834 0.040578 0.064016
0 0.015115 0.338515 0.030141 0.083943
0 0.966912 0.015950 0.053028 0.031900
0 0.985463 0.274357 0.027168 0.078872
0 0.753606 0.973094 0.059561 0.050921
0 0.615459 0.973323 0.045522 0.050806
0 0.977757 0.516240 0.043222 0.077818
0 0.273778 0.958721 0.047621 0.077166
0 0.532240 0.018467 0.056468 0.036933
0 0.117404 0.032845 0.050890 0.065689
0 0.971387 0.591291 0.052397 0.079436
0 0.023326 0.678385 0.046649 0.076052
0 0.878551 0.971938 0.053464 0.053955
0 0.721030 0.640024 0.048136 0.077975
0 0.683675 0.970332 0.061051 0.056342
0 0.145884 0.185462 0.045615 0.069259
0 0.705514 0.423837 0.046553 0.068043
0 0.561695 0.557982 0.049042 0.067213
0 0.739845 0.368008 0.046636 0.067031
0 0.699657 0.173435 0.046622 0.074063
0 0.411096 0.437314 0.061121 0.074662
0 0.288161 0.033965 0.049143 0.067930
0 0.691584 0.356510 0.047787 0.070774
0 0.135022 0.957814 0.049843 0.074272
0 0.681139 0.585643 0.048603 0.074739
0 0.820751 0.482110 0.050702 0.066767
0 0.460460 0.484414 0.049945 0.075848
0 0.755609 0.029146 0.045210 0.058292
0 0.508730 0.904453 0.054210 0.066205
0 0.647230 0.525232 0.046836 0.070118
0 0.241531 0.068409 0.048637 0.074298
0 0.930366 0.441964 0.048193 0.074855
0 0.288339 0.372876 0.046733 0.072251
0 0.235795 0.767534 0.049212 0.080997
0 0.794516 0.867338 0.056470 0.079389
0 0.805798 0.789394 0.055094 0.072968
0 0.956131 0.661851 0.055924 0.082940
0 0.187983 0.923158 0.055747 0.075820
0 0.876950 0.788336 0.043820 0.067394
0 0.170359 0.321713 0.046429 0.072240
0 0.863045 0.251665 0.045172 0.069151
0 0.069466 0.917586 0.062383 0.083836
0 0.410332 0.358922 0.049531 0.077306
0 0.873430 0.659815 0.049924 0.077280
0 0.532426 0.832075 0.044972 0.073502
0 0.478863 0.765779 0.057264 0.087125
0 0.871550 0.515819 0.052560 0.074610
0 0.841235 0.587457 0.051771 0.079718
0 0.972193 0.909079 0.045151 0.075349
0 0.383456 0.488621 0.053796 0.075325
0 0.065318 0.829235 0.052674 0.080963
0 0.082329 0.745252 0.051734 0.072686
0 0.877005 0.429477 0.046548 0.077569
0 0.096114 0.292635 0.045672 0.079938
0 0.740320 0.765914 0.049706 0.078523
0 0.976387 0.811979 0.045953 0.073868
0 0.291190 0.700486 0.048748 0.074746
0 0.560113 0.285105 0.047995 0.075064
0 0.027691 0.581754 0.050515 0.080348
0 0.532280 0.156907 0.046205 0.076067
0 0.339247 0.332136 0.048377 0.081688
0 0.607369 0.601826 0.049317 0.077737
0 0.311397 0.890968 0.049657 0.076252
0 0.603309 0.904726 0.051754 0.077811
0 0.655949 0.203073 0.051992 0.079248
0 0.486723 0.413526 0.055980 0.078990
0 0.943016 0.751444 0.053334 0.082377
0 0.951806 0.077383 0.051577 0.083354
0 0.686539 0.272007 0.047493 0.073167
0 0.615198 0.694844 0.049966 0.073743
0 0.753861 0.578348 0.046949 0.084901
0 0.114643 0.118523 0.061622 0.085618
0 0.222431 0.850736 0.052718 0.080781
0 0.767593 0.452523 0.050436 0.077718
0 0.878557 0.178614 0.049763 0.071384
0 0.100968 0.575223 0.055160 0.088043
0 0.796864 0.222191 0.049995 0.075396
0 0.315684 0.803662 0.059881 0.088596
0 0.302673 0.450139 0.051505 0.074332
0 0.484340 0.182055 0.050497 0.078832
0 0.281636 0.291631 0.048514 0.080086
0 0.095523 0.438806 0.062091 0.087964
0 0.379510 0.258894 0.052525 0.077989
0 0.086709 0.200773 0.049172 0.086629
0 0.420418 0.126284 0.051694 0.076131
0 0.215523 0.418625 0.052170 0.077684
0 0.197939 0.557874 0.055261 0.088398
0 0.187509 0.239293 0.057668 0.083958
0 0.483456 0.655599 0.048805 0.072951
0 0.287542 0.533272 0.049972 0.084281
0 0.198057 0.122979 0.052796 0.080928
0 0.703843 0.508969 0.054829 0.080637
0 0.865922 0.066181 0.054209 0.079854
0 0.836125 0.136669 0.050468 0.077428
0 0.661384 0.077803 0.053624 0.076547
0 0.623769 0.372039 0.056005 0.087965
0 0.918937 0.922711 0.052882 0.086494
0 0.602284 0.047433 0.052732 0.077675
0 0.786615 0.324835 0.051455 0.074193
0 0.727773 0.115015 0.050181 0.079176
0 0.899676 0.313769 0.051047 0.080353
0 0.522664 0.346525 0.053740 0.082027
0 0.948858 0.361675 0.053689 0.083618
0 0.416500 0.912372 0.057874 0.081464
0 0.781518 0.139629 0.047420 0.074421
0 0.471259 0.261806 0.054322 0.085073
0 0.560795 0.472374 0.061406 0.087651
0 0.328936 0.150987 0.055991 0.087398
1 0.409534 0.202026 0.033535 0.067938
1 0.425131 0.044100 0.042894 0.078665
1 0.645058 0.284863 0.042894 0.078665
1 0.581498 0.802741 0.048353 0.070322
2 0.373269 0.955900 0.028076 0.033373
2 0.490641 0.852801 0.022617 0.032181
2 0.506239 0.046484 0.019497 0.035757
1 0.375609 0.569130 0.060831 0.075089