0 0.198880 0.995088 0.053397 0.008795
0 0.002029 0.747198 0.004054 0.063035
0 0.889896 0.994072 0.043360 0.009991
0 0.995855 0.023535 0.007244 0.046942
0 0.906618 0.005474 0.038969 0.010947
0 0.006342 0.141862 0.012678 0.069699
0 0.005505 0.248195 0.011010 0.074493
0 0.023043 0.398402 0.040555 0.078679
0 0.634427 0.991715 0.039077 0.014003
0 0.051275 0.362151 0.052618 0.078876
0 0.006946 0.495546 0.013830 0.073993
0 0.817986 0.989397 0.046585 0.018639
0 0.262808 0.008741 0.039919 0.017438
0 0.796161 0.187855 0.052511 0.082534
0 0.772092 0.126632 0.047877 0.092854
0 0.991900 0.208242 0.014560 0.072977
0 0.991295 0.110531 0.015598 0.066554
0 0.155932 0.272095 0.085582 0.079277
0 0.551722 0.988670 0.045976 0.019970
0 0.683353 0.985581 0.045023 0.025777
0 0.010440 0.939770 0.020880 0.084232
0 0.181985 0.414158 0.060743 0.122041
0 0.470422 0.986054 0.047191 0.024864
0 0.981453 0.961434 0.035243 0.073588
0 0.020183 0.098698 0.040366 0.070142
0 0.810934 0.057870 0.051688 0.085239
0 0.722575 0.972428 0.047545 0.052519
0 0.385002 0.980966 0.049067 0.034813
0 0.851657 0.070430 0.046554 0.074007
0 0.026001 0.297171 0.049661 0.068584
0 0.304479 0.035789 0.044630 0.071541
0 0.131853 0.463360 0.052524 0.062487
0 0.209479 0.331758 0.046819 0.076751
0 0.097583 0.330714 0.046171 0.069340
0 0.423965 0.783686 0.048654 0.076003
0 0.802474 0.553385 0.056215 0.077826
0 0.697978 0.565930 0.048179 0.079615
0 0.669825 0.034723 0.053651 0.069422
0 0.372633 0.379465 0.048681 0.070774
0 0.371124 0.079986 0.048782 0.072804
0 0.364995 0.461989 0.044200 0.065762
0 0.767327 0.595652 0.050782 0.079338
0 0.086180 0.509327 0.049352 0.073252
0 0.068797 0.028445 0.059228 0.056891
0 0.311661 0.628608 0.051672 0.078076
0 0.834329 0.615351 0.047043 0.086537
0 0.735378 0.031953 0.057957 0.063907
0 0.327176 0.967703 0.058981 0.061250
0 0.484046 0.701801 0.048565 0.074103
0 0.507829 0.904701 0.046379 0.078524
0 0.481613 0.406976 0.043372 0.069054
0 0.170226 0.518084 0.050285 0.078329
0 0.649260 0.536502 0.047967 0.086957
0 0.406841 0.030290 0.054668 0.060580
0 0.976756 0.550421 0.044641 0.066729
0 0.328611 0.275324 0.047030 0.075008
0 0.412204 0.357690 0.046372 0.076752
0 0.381527 0.725130 0.051668 0.075189
0 0.591852 0.375528 0.041410 0.076788
0 0.256716 0.312546 0.051690 0.082116
0 0.765689 0.259606 0.050413 0.066565
0 0.744003 0.324737 0.051022 0.069138
0 0.865462 0.801856 0.052974 0.079626
0 0.406655 0.139713 0.049013 0.078017
0 0.317537 0.430628 0.056060 0.070329
0 0.208683 0.130860 0.056429 0.075147
0 0.976046 0.719698 0.045766 0.083227
0 0.814452 0.754647 0.050511 0.076354
0 0.973570 0.398882 0.045093 0.071565
0 0.431229 0.697458 0.049348 0.075468
0 0.121581 0.110675 0.045960 0.071575
0 0.603378 0.523565 0.052109 0.080810
0 0.095365 0.954117 0.059392 0.087263
0 0.630532 0.283194 0.069676 0.054105
0 0.549434 0.207703 0.041049 0.076313
0 0.487731 0.040406 0.047727 0.075433
0 0.289205 0.559792 0.052176 0.077468
0 0.871988 0.143806 0.055079 0.073832
0 0.173426 0.049625 0.052528 0.080654
0 0.870886 0.425044 0.048355 0.081826
0 0.469153 0.332257 0.057504 0.080176
0 0.843799 0.876230 0.058173 0.074249
0 0.974079 0.849907 0.049826 0.078758
0 0.663575 0.113107 0.047747 0.071119
0 0.048513 0.755042 0.048848 0.070909
0 0.321903 0.709110 0.053218 0.078996
0 0.101417 0.648219 0.053200 0.071461
0 0.752371 0.397738 0.050102 0.073122
0 0.151121 0.601558 0.054948 0.092080
0 0.334676 0.890400 0.047408 0.082993
0 0.551179 0.481744 0.058449 0.071325
0 0.715079 0.646252 0.048449 0.082016
0 0.959197 0.479149 0.049025 0.069189
0 0.340362 0.527875 0.051332 0.076512
0 0.194469 0.696802 0.054253 0.081537
0 0.903014 0.365686 0.047780 0.077855
0 0.613079 0.910408 0.056530 0.079067
0 0.497744 0.492297 0.048655 0.086439
0 0.533623 0.601284 0.050976 0.079225
0 0.471052 0.620919 0.056851 0.082686
0 0.584035 0.804927 0.054151 0.092583
0 0.911257 0.848894 0.049957 0.076853
0 0.146600 0.795014 0.050635 0.085324
0 0.137111 0.186728 0.056361 0.083390
0 0.531118 0.822653 0.050875 0.090523
0 0.897024 0.727005 0.051196 0.080334
0 0.797068 0.451324 0.051546 0.077652
0 0.230401 0.769450 0.046712 0.087686
0 0.311479 0.350927 0.055870 0.079830
0 0.856574 0.325335 0.048123 0.076470
0 0.676795 0.425105 0.048991 0.075499
0 0.268936 0.477705 0.051785 0.083925
0 0.421889 0.918747 0.055657 0.081782
0 0.734182 0.896712 0.059079 0.084824
0 0.442403 0.478751 0.053847 0.076892
0 0.876395 0.520129 0.057474 0.084455
0 0.745901 0.749016 0.049837 0.073886
0 0.414557 0.571677 0.051903 0.084461
0 0.705474 0.287217 0.062308 0.080424
0 0.926750 0.056516 0.051884 0.070144
0 0.544221 0.403708 0.051304 0.075914
0 0.727881 0.495530 0.062219 0.082248
0 0.374449 0.819774 0.052898 0.095846
0 0.874176 0.223686 0.055871 0.074368
0 0.499582 0.129572 0.048018 0.079812
0 0.385323 0.282185 0.054077 0.085669
0 0.929167 0.299012 0.049295 0.076615
0 0.528795 0.326654 0.053008 0.078151
0 0.555793 0.123992 0.055971 0.083306
1 0.313608 0.175209 0.038214 0.088200
1 0.733185 0.819428 0.031975 0.060787
1 0.456717 0.846246 0.046793 0.066746
2 0.006872 0.346246 0.013744 0.034565
2 0.176739 0.830155 0.018717 0.032181
2 0.256677 0.821216 0.021057 0.030989
2 0.186097 0.943385 0.029636 0.032181
2 0.542894 0.932658 0.021057 0.029797
2 0.668455 0.687128 0.025736 0.032181
2 0.859526 0.658522 0.019497 0.032181
2 0.836519 0.526818 0.023396 0.028605
2 0.967929 0.907032 0.028856 0.040524
0 0.623611 0.216925 0.045233 0.073897
0 0.953891 0.174613 0.044453 0.079857