0 0.997241 0.770310 0.005067 0.061544
0 0.146188 0.774409 0.043331 0.060833
0 0.079505 0.319341 0.057810 0.066497
0 0.994372 0.326039 0.010474 0.046208
0 0.151908 0.839688 0.052391 0.092860
0 0.446018 0.992716 0.040137 0.012233
0 0.993422 0.224747 0.011855 0.063564
0 0.993128 0.530570 0.012831 0.062250
0 0.984924 0.590354 0.028681 0.072409
0 0.080969 0.379507 0.043773 0.071910
0 0.610053 0.006500 0.037146 0.013000
0 0.007513 0.520667 0.014994 0.065205
0 0.425357 0.008725 0.037864 0.017451
0 0.132933 0.280033 0.051818 0.073884
0 0.499795 0.986578 0.039240 0.023612
0 0.981692 0.917773 0.035033 0.079746
0 0.160778 0.240401 0.047889 0.076331
0 0.319766 0.011502 0.039508 0.022928
0 0.074592 0.985797 0.048805 0.025489
0 0.020647 0.977978 0.041294 0.041196
0 0.330864 0.982288 0.046920 0.032370
0 0.311824 0.896377 0.047774 0.067051
0 0.945776 0.903234 0.056377 0.083251
0 0.286044 0.978415 0.044956 0.040314
0 0.968837 0.012882 0.041061 0.025764
0 0.125965 0.133033 0.051551 0.079248
0 0.923759 0.010963 0.043515 0.021890
0 0.011462 0.122117 0.022912 0.070572
0 0.164501 0.099269 0.045725 0.072989
0 0.542441 0.973308 0.046136 0.050507
0 0.987392 0.054812 0.023498 0.071944
0 0.012581 0.665938 0.025129 0.082708
0 0.867962 0.961756 0.046859 0.072157
0 0.018798 0.909501 0.037596 0.071480
0 0.644383 0.972633 0.048716 0.051602
0 0.170046 0.975568 0.051744 0.047027
0 0.804297 0.958724 0.052166 0.079611
0 0.734863 0.015699 0.055503 0.031397
0 0.982883 0.388938 0.032652 0.099730
0 0.392430 0.976040 0.054048 0.044725
0 0.214881 0.962333 0.044755 0.072409
0 0.612171 0.281819 0.049952 0.072333
0 0.015184 0.363454 0.030320 0.078392
0 0.356120 0.881188 0.049892 0.081801
0 0.838064 0.896938 0.051011 0.082641
0 0.260454 0.931567 0.049566 0.087959
0 0.732698 0.677719 0.066343 0.101425
0 0.280666 0.258660 0.048047 0.074970
0 0.059972 0.868380 0.046453 0.071482
0 0.351581 0.675287 0.045747 0.082067
0 0.291883 0.194864 0.050093 0.076083
0 0.454111 0.661648 0.063002 0.068148
0 0.114627 0.905516 0.048561 0.083022
0 0.330390 0.803446 0.048476 0.075536
0 0.759791 0.474260 0.046818 0.073101
0 0.019456 0.211966 0.038849 0.077515
0 0.117593 0.431644 0.056714 0.084958
0 0.162963 0.544027 0.054942 0.071515
0 0.488821 0.902213 0.048155 0.077884
0 0.956191 0.767396 0.040472 0.071102
0 0.087198 0.804943 0.050657 0.077438
0 0.276985 0.842008 0.058069 0.084399
0 0.233889 0.684404 0.053252 0.083377
0 0.437976 0.856527 0.049888 0.078561
0 0.420238 0.506500 0.046176 0.071063
0 0.605368 0.219133 0.054315 0.078030
0 0.545431 0.875506 0.059257 0.077397
0 0.082798 0.040750 0.049297 0.065422
0 0.490789 0.813030 0.054895 0.086237
0 0.584754 0.933974 0.050632 0.075649
0 0.776527 0.097249 0.053357 0.078006
0 0.183511 0.619871 0.066130 0.089722
0 0.452740 0.753043 0.047538 0.082045
0 0.305943 0.703988 0.053232 0.077852
0 0.643095 0.779095 0.051838 0.082768
0 0.444583 0.574718 0.056204 0.074256
0 0.654747 0.696459 0.064288 0.085462
0 0.160131 0.702696 0.053960 0.080605
0 0.975258 0.673137 0.047329 0.083531
0 0.910332 0.761996 0.044769 0.081955
0 0.680213 0.626548 0.049494 0.083511
0 0.648206 0.870697 0.052488 0.082781
0 0.328804 0.592570 0.050119 0.078907
0 0.549664 0.193705 0.052159 0.069549
0 0.829646 0.619597 0.047470 0.081406
0 0.217571 0.800560 0.063993 0.090025
0 0.750498 0.863466 0.046319 0.080827
0 0.360255 0.030266 0.046850 0.060522
0 0.437347 0.058041 0.055056 0.064857
0 0.597252 0.840551 0.046998 0.079716
0 0.104859 0.711624 0.050968 0.078170
0 0.726774 0.527824 0.045040 0.089560
0 0.715793 0.787074 0.056207 0.084345
0 0.870764 0.781376 0.054803 0.084071
0 0.809725 0.808805 0.053646 0.085092
0 0.068147 0.235237 0.054645 0.090325
0 0.398385 0.733921 0.057031 0.086549
0 0.816914 0.337653 0.047765 0.075560
0 0.111339 0.523789 0.052719 0.083741
0 0.736419 0.400610 0.050685 0.074617
0 0.976810 0.178077 0.043052 0.091460
0 0.785891 0.415599 0.046928 0.080910
0 0.037357 0.476978 0.054765 0.082500
0 0.148715 0.030924 0.070197 0.061847
0 0.764533 0.602267 0.055764 0.074689
0 0.799611 0.691393 0.052749 0.088882
0 0.962415 0.101832 0.045516 0.066801
0 0.600467 0.561129 0.046529 0.072691
0 0.809761 0.518708 0.054109 0.079800
0 0.488431 0.081737 0.053358 0.078815
0 0.299292 0.122883 0.061812 0.058361
0 0.732358 0.081556 0.044932 0.083009
0 0.466323 0.482771 0.050055 0.073000
0 0.046551 0.707664 0.054409 0.081075
0 0.028075 0.784024 0.055244 0.079675
0 0.234725 0.515645 0.049402 0.085350
0 0.686673 0.437473 0.049939 0.079244
0 0.659348 0.518735 0.052425 0.087017
0 0.838015 0.426083 0.049878 0.083372
0 0.920643 0.681715 0.052994 0.080374
0 0.810334 0.242058 0.050701 0.082478
0 0.386513 0.608895 0.054402 0.091622
0 0.386288 0.456510 0.048140 0.081334
0 0.882275 0.491525 0.049061 0.079949
0 0.206426 0.198850 0.052925 0.086804
0 0.055737 0.589040 0.048516 0.078236
0 0.511083 0.691855 0.055903 0.089316
0 0.546045 0.438880 0.049649 0.078153
0 0.275934 0.035596 0.057489 0.070995
0 0.395140 0.187722 0.039880 0.085872
0 0.970914 0.286445 0.049814 0.084303
0 0.640904 0.060206 0.052166 0.083104
0 0.313633 0.504542 0.060069 0.087215
0 0.495491 0.163901 0.062024 0.078075
0 0.845712 0.167172 0.050659 0.079729
0 0.232399 0.121845 0.051853 0.080116
0 0.232672 0.418924 0.050319 0.085822
0 0.924239 0.559545 0.052053 0.082721
0 0.288807 0.371382 0.052866 0.084042
0 0.921922 0.365356 0.044843 0.087538
0 0.753060 0.307578 0.062571 0.083605
0 0.836417 0.081294 0.055460 0.076540
0 0.574597 0.356533 0.057415 0.084708
0 0.701621 0.155635 0.048792 0.089475
0 0.656050 0.188699 0.050012 0.081997
0 0.576758 0.114116 0.052954 0.084691
0 0.434269 0.280446 0.054489 0.082954
0 0.905930 0.283689 0.053885 0.074705
0 0.905982 0.065681 0.052710 0.085187
1 0.263306 0.634684 0.035875 0.051251
2 0.076134 0.508939 0.021837 0.038141
2 0.189607 0.830751 0.017937 0.026222
2 0.884482 0.129321 0.011698 0.017878
2 0.900469 0.181764 0.014038 0.020262
2 0.852117 0.026222 0.018717 0.026222
2 0.752292 0.743743 0.026516 0.047676