0 0.995441 0.558166 0.007911 0.051983
0 0.994497 0.699778 0.009898 0.060439
0 0.993994 0.761753 0.010638 0.056417
0 0.063674 0.003769 0.030477 0.007538
0 0.967768 0.006331 0.030187 0.012661
0 0.006252 0.912364 0.012505 0.068504
0 0.910541 0.439816 0.052990 0.070463
0 0.325435 0.986834 0.043933 0.023245
0 0.019826 0.012655 0.038920 0.025309
0 0.011124 0.301338 0.022248 0.077018
0 0.983061 0.845021 0.031905 0.069522
0 0.548712 0.974803 0.041070 0.047184
0 0.017046 0.588343 0.034091 0.072497
0 0.411532 0.966601 0.036291 0.063312
0 0.927913 0.384157 0.049331 0.067329
0 0.463452 0.589941 0.041589 0.061506
0 0.956181 0.970450 0.046642 0.056118
0 0.730885 0.964665 0.045861 0.064078
0 0.135652 0.013134 0.044422 0.026268
0 0.886444 0.956578 0.046322 0.082947
0 0.019061 0.471980 0.038123 0.072693
0 0.744885 0.910904 0.051630 0.076012
0 0.264080 0.594413 0.041627 0.067625
0 0.504353 0.968792 0.045468 0.058934
0 0.980713 0.352439 0.036469 0.082095
0 0.118740 0.965003 0.042456 0.067126
0 0.137457 0.905011 0.050357 0.072030
0 0.810234 0.812325 0.036334 0.080987
0 0.017461 0.378731 0.034922 0.072106
0 0.771825 0.871050 0.047895 0.068976
0 0.644235 0.901729 0.044461 0.070411
0 0.955900 0.897523 0.048507 0.072996
0 0.598475 0.559603 0.041838 0.061083
0 0.793954 0.735125 0.044180 0.072565
0 0.860700 0.361375 0.043800 0.069642
0 0.625596 0.967410 0.051164 0.061950
0 0.257225 0.958067 0.044117 0.073664
0 0.346393 0.919577 0.043582 0.074271
0 0.696493 0.019644 0.043059 0.039288
0 0.969373 0.690205 0.050334 0.067469
0 0.728758 0.752071 0.045112 0.073906
0 0.247449 0.779403 0.048769 0.059067
0 0.070332 0.889832 0.040459 0.070477
0 0.964665 0.781400 0.048736 0.075368
0 0.467719 0.687446 0.045197 0.071430
0 0.849840 0.800044 0.041376 0.065727
0 0.857539 0.879992 0.048953 0.073531
0 0.572704 0.028055 0.043593 0.056032
0 0.071277 0.965956 0.045594 0.064925
0 0.679267 0.864134 0.047640 0.072901
0 0.022513 0.740695 0.044260 0.076436
0 0.510947 0.724933 0.042861 0.077194
0 0.025465 0.189408 0.050929 0.076100
0 0.594721 0.622191 0.041592 0.071842
0 0.540338 0.910902 0.041552 0.070147
0 0.046527 0.817138 0.043624 0.080902
0 0.696875 0.797092 0.047463 0.077217
0 0.461626 0.934618 0.043688 0.068253
0 0.188269 0.869484 0.043939 0.071377
0 0.183763 0.948050 0.046871 0.082655
0 0.303855 0.616630 0.046347 0.078340
0 0.893428 0.508330 0.045325 0.071821
0 0.431316 0.642635 0.041915 0.077520
0 0.967774 0.624361 0.050505 0.069366
0 0.046339 0.277881 0.047102 0.069319
0 0.259948 0.880217 0.040772 0.073264
0 0.444850 0.532772 0.045857 0.071288
0 0.670091 0.152951 0.044090 0.069126
0 0.099585 0.687572 0.046549 0.067846
0 0.278048 0.526249 0.042013 0.074642
0 0.830016 0.031886 0.048505 0.063681
0 0.525812 0.829109 0.051058 0.071718
0 0.965457 0.547057 0.044055 0.079468
0 0.093711 0.794991 0.046002 0.071799
0 0.765011 0.797048 0.044644 0.071804
0 0.311431 0.335404 0.043088 0.072628
0 0.397569 0.394908 0.045773 0.076492
0 0.042600 0.654160 0.046146 0.082251
0 0.292183 0.021229 0.046685 0.042458
0 0.325484 0.679900 0.046440 0.070624
0 0.299107 0.911271 0.042347 0.072398
0 0.968320 0.293093 0.047352 0.068686
0 0.469990 0.480559 0.040857 0.061419
0 0.059928 0.346533 0.050092 0.067628
0 0.716770 0.440507 0.045831 0.066400
0 0.045898 0.545036 0.039093 0.083965
0 0.915810 0.023580 0.045631 0.047160
0 0.441710 0.837107 0.048521 0.063433
0 0.604601 0.173672 0.050721 0.077253
0 0.397752 0.707913 0.043773 0.071642
0 0.403405 0.894645 0.043553 0.068438
0 0.902904 0.756548 0.045490 0.079092
0 0.344713 0.169370 0.038346 0.082794
0 0.322197 0.268501 0.038416 0.061929
0 0.202868 0.513203 0.042507 0.074971
0 0.461022 0.301683 0.044333 0.064663
0 0.435643 0.761235 0.043482 0.072284
0 0.728165 0.054638 0.048291 0.073961
0 0.612690 0.494193 0.044785 0.077959
0 0.728659 0.678083 0.047658 0.069773
0 0.217661 0.726472 0.054921 0.067284
0 0.123869 0.625030 0.044011 0.073620
0 0.787523 0.477464 0.046344 0.071821
0 0.699820 0.537772 0.041615 0.069505
0 0.787793 0.173465 0.047562 0.065175
0 0.365610 0.857885 0.045936 0.073233
0 0.512745 0.520975 0.042364 0.066679
0 0.485852 0.065292 0.038460 0.071741
0 0.035125 0.058666 0.048007 0.067402
0 0.438961 0.361935 0.046911 0.078108
0 0.507256 0.600244 0.042291 0.073480
0 0.832308 0.574104 0.045894 0.066377
0 0.667525 0.669731 0.048891 0.077188
0 0.630272 0.120935 0.043352 0.067677
0 0.551422 0.615403 0.041798 0.076275
0 0.508670 0.283234 0.043264 0.070773
0 0.922534 0.092129 0.046371 0.077306
0 0.089022 0.543202 0.045514 0.070943
0 0.836896 0.662826 0.048730 0.073886
0 0.766329 0.410824 0.043518 0.068169
0 0.185838 0.640135 0.042484 0.076760
0 0.218808 0.129873 0.052397 0.072397
0 0.950712 0.477446 0.045697 0.072585
0 0.313926 0.437529 0.043577 0.072808
0 0.588471 0.090991 0.043310 0.071670
0 0.779073 0.593109 0.044866 0.076438
0 0.643300 0.588889 0.046681 0.076517
0 0.239144 0.078746 0.044150 0.069128
0 0.651559 0.220524 0.048147 0.077388
0 0.593007 0.844149 0.051137 0.075321
0 0.352723 0.608505 0.049482 0.074660
0 0.333641 0.760252 0.048617 0.078210
0 0.349086 0.035670 0.038721 0.071027
0 0.782079 0.083974 0.040212 0.082769
0 0.171009 0.092024 0.050404 0.074234
0 0.774238 0.239000 0.042319 0.067208
0 0.244018 0.205573 0.045088 0.067044
0 0.270288 0.117586 0.042223 0.072409
0 0.180179 0.026027 0.048631 0.052055
0 0.908082 0.581242 0.052628 0.073531
0 0.649947 0.355148 0.046084 0.068628
0 0.535646 0.411112 0.045671 0.070577
0 0.387469 0.155958 0.044889 0.079372
0 0.488310 0.374374 0.045429 0.073896
0 0.264070 0.398378 0.046677 0.073609
0 0.243763 0.475807 0.042978 0.075657
0 0.747263 0.536569 0.044880 0.068461
0 0.150596 0.731764 0.046014 0.073280
0 0.435978 0.115110 0.046282 0.070583
0 0.173949 0.166558 0.049037 0.070090
0 0.845269 0.476032 0.041506 0.067852
0 0.930882 0.259824 0.054392 0.071373
0 0.624028 0.040723 0.047125 0.071529
0 0.233518 0.315997 0.046005 0.068925
0 0.709274 0.190180 0.046432 0.078048
0 0.316560 0.133970 0.044068 0.081888
0 0.443795 0.039988 0.049558 0.077544
0 0.394314 0.081182 0.046672 0.077384
0 0.118913 0.426584 0.044524 0.073884
0 0.968681 0.219786 0.055877 0.064641
0 0.532836 0.211964 0.049106 0.081078
0 0.732476 0.284728 0.042041 0.072803
0 0.821824 0.106040 0.049364 0.079347
0 0.732039 0.370611 0.046191 0.068964
0 0.682746 0.283030 0.047010 0.079941
0 0.059917 0.132512 0.054450 0.078902
0 0.482945 0.142368 0.046214 0.071961
0 0.421533 0.251101 0.042426 0.069469
0 0.098717 0.311307 0.043381 0.077902
0 0.528241 0.068746 0.041146 0.073918
0 0.333571 0.514701 0.047647 0.076513
0 0.879007 0.295514 0.048246 0.072191
0 0.965347 0.150710 0.048686 0.065058
0 0.088058 0.221557 0.041030 0.072117
0 0.269976 0.273712 0.045953 0.071457
0 0.818998 0.314441 0.053208 0.071668
0 0.580569 0.343970 0.044085 0.074599
0 0.468810 0.218895 0.047747 0.071768
0 0.136037 0.260895 0.047876 0.073901
0 0.892544 0.166692 0.053406 0.060790
0 0.824424 0.238800 0.048200 0.071598
0 0.356513 0.324919 0.049134 0.082099
1 0.964030 0.080453 0.035095 0.072706
1 0.836519 0.733611 0.046793 0.067938
1 0.547573 0.746126 0.039774 0.083433
2 0.450088 0.426698 0.016378 0.023838
2 0.817802 0.384386 0.020277 0.032181
2 0.907098 0.351609 0.021057 0.030989
2 0.861085 0.090584 0.022617 0.028605
2 0.669234 0.956496 0.022617 0.032181