0 0.997100 0.285413 0.005066 0.038854
0 0.093158 0.991449 0.020103 0.014382
0 0.005190 0.870767 0.010380 0.043355
0 0.997476 0.582019 0.004162 0.047197
0 0.003264 0.799951 0.006528 0.061041
0 0.993150 0.141982 0.012191 0.062784
0 0.008052 0.110823 0.016104 0.076349
0 0.716042 0.989228 0.040434 0.018816
0 0.980449 0.008430 0.036885 0.016859
0 0.009199 0.477896 0.018399 0.077107
0 0.991590 0.416616 0.015069 0.066321
0 0.266225 0.009627 0.036524 0.019254
0 0.989115 0.228360 0.020070 0.073759
0 0.557732 0.012584 0.050730 0.025030
0 0.431123 0.987108 0.036793 0.022611
0 0.017503 0.929245 0.035006 0.076283
0 0.986203 0.961447 0.025849 0.064816
0 0.477966 0.983879 0.047963 0.028866
0 0.014494 0.608581 0.028988 0.075619
0 0.019097 0.734583 0.038194 0.075110
0 0.030178 0.974913 0.053144 0.046943
0 0.806642 0.972752 0.050461 0.051351
0 0.309992 0.981668 0.047651 0.033433
0 0.326971 0.871966 0.040683 0.077308
0 0.692243 0.019972 0.047374 0.039915
0 0.892469 0.966213 0.040505 0.064154
0 0.936933 0.972990 0.047997 0.050701
0 0.017059 0.197353 0.034099 0.066652
0 0.765193 0.945559 0.044155 0.063907
0 0.016767 0.369896 0.033534 0.085776
0 0.368482 0.890065 0.048084 0.064778
0 0.778274 0.080920 0.044650 0.085410
0 0.898140 0.686370 0.045592 0.076239
0 0.874629 0.743174 0.053332 0.086117
0 0.150093 0.974054 0.049944 0.048660
0 0.553247 0.973716 0.046565 0.049341
0 0.492078 0.936487 0.049437 0.074947
0 0.368429 0.818052 0.045776 0.070746
0 0.171212 0.565924 0.042798 0.069464
0 0.293254 0.926644 0.046827 0.073284
0 0.392063 0.971778 0.041044 0.053046
0 0.038810 0.427877 0.045129 0.081489
0 0.138171 0.759732 0.052297 0.064726
0 0.959530 0.899956 0.050170 0.076154
0 0.900646 0.808719 0.042355 0.073875
0 0.658470 0.663739 0.050598 0.077907
0 0.191462 0.655609 0.050685 0.066401
0 0.978469 0.738134 0.040865 0.073092
0 0.765056 0.875972 0.063165 0.078164
0 0.042543 0.521174 0.054229 0.072209
0 0.341660 0.665695 0.041494 0.071292
0 0.843129 0.885237 0.048686 0.068484
0 0.587454 0.785563 0.050122 0.074863
0 0.354682 0.742637 0.041730 0.073897
0 0.534842 0.769447 0.043142 0.074615
0 0.232837 0.969991 0.048105 0.056898
0 0.053533 0.656490 0.047927 0.076898
0 0.223373 0.875199 0.045897 0.064451
0 0.212743 0.517379 0.048416 0.075891
0 0.185235 0.736407 0.042786 0.072503
0 0.312804 0.548093 0.043609 0.062376
0 0.214949 0.595917 0.044598 0.070348
0 0.609654 0.858670 0.044549 0.080357
0 0.978942 0.345618 0.040027 0.075462
0 0.140503 0.684480 0.049080 0.084772
0 0.957582 0.217241 0.046651 0.071185
0 0.403684 0.769421 0.042513 0.073114
0 0.268745 0.399250 0.044684 0.060753
0 0.065702 0.851101 0.051061 0.073983
0 0.117457 0.850002 0.049215 0.079560
0 0.192099 0.819171 0.057136 0.070158
0 0.665909 0.755468 0.042213 0.080088
0 0.633140 0.600552 0.051652 0.080837
0 0.620037 0.730927 0.044269 0.076905
0 0.473889 0.627551 0.046733 0.072318
0 0.247883 0.454694 0.052515 0.070584
0 0.666209 0.406656 0.044374 0.074586
0 0.506212 0.853469 0.054696 0.088050
0 0.458276 0.699429 0.046081 0.073162
0 0.622998 0.953309 0.048281 0.082811
0 0.119233 0.469436 0.051202 0.084545
0 0.655674 0.864644 0.047088 0.079415
0 0.468285 0.526888 0.047499 0.078213
0 0.427116 0.500853 0.046984 0.071210
0 0.685011 0.956792 0.050337 0.076797
0 0.471786 0.776653 0.046292 0.072385
0 0.292549 0.817473 0.047857 0.077996
0 0.748575 0.035915 0.047068 0.071795
0 0.884943 0.472769 0.046715 0.069290
0 0.947581 0.645097 0.053750 0.077751
0 0.091180 0.402206 0.049056 0.077042
0 0.118989 0.324917 0.049975 0.066316
0 0.471652 0.021529 0.043531 0.043043
0 0.910610 0.586658 0.050904 0.077699
0 0.396736 0.590677 0.044363 0.071071
0 0.549949 0.694538 0.049636 0.069085
0 0.104411 0.604992 0.048588 0.078215
0 0.624221 0.520202 0.046869 0.076267
0 0.229048 0.696721 0.049241 0.078641
0 0.153876 0.404221 0.049934 0.068882
0 0.036863 0.101508 0.050245 0.072824
0 0.800558 0.740161 0.048898 0.075229
0 0.637271 0.102002 0.045836 0.091630
0 0.068527 0.735788 0.049054 0.072542
0 0.871988 0.537010 0.049605 0.065918
0 0.327564 0.019187 0.048792 0.038374
0 0.040707 0.249542 0.047322 0.072878
0 0.948746 0.164664 0.045891 0.074589
0 0.813985 0.551150 0.044480 0.077258
0 0.295986 0.711735 0.047852 0.078795
0 0.931459 0.517285 0.048404 0.076198
0 0.775003 0.607859 0.046441 0.071181
0 0.387518 0.670261 0.044891 0.069199
0 0.812538 0.662854 0.050258 0.081681
0 0.424972 0.034464 0.046132 0.068899
0 0.512206 0.418285 0.041927 0.078832
0 0.178202 0.465068 0.052456 0.077016
0 0.670424 0.544830 0.051653 0.075983
0 0.265268 0.522178 0.047911 0.075381
0 0.714165 0.598135 0.050224 0.078145
0 0.738943 0.701860 0.045209 0.078667
0 0.469379 0.441822 0.048265 0.073534
0 0.341693 0.471481 0.052685 0.073364
0 0.811394 0.045725 0.045182 0.082972
0 0.769149 0.511044 0.045398 0.077226
0 0.030109 0.026011 0.051734 0.051998
0 0.584132 0.462079 0.046927 0.071241
0 0.196135 0.252040 0.048209 0.059717
0 0.657545 0.328828 0.045246 0.084937
0 0.526167 0.069076 0.048302 0.069434
0 0.620153 0.193344 0.046798 0.069385
0 0.542573 0.620028 0.049915 0.071810
0 0.378179 0.305651 0.046808 0.069867
0 0.410131 0.247937 0.053863 0.069582
0 0.765236 0.433802 0.041638 0.066894
0 0.518910 0.545687 0.049849 0.077222
0 0.529442 0.296327 0.043107 0.069378
0 0.860229 0.034527 0.046951 0.064842
0 0.883579 0.097486 0.055442 0.071755
0 0.376680 0.191224 0.058023 0.075038
0 0.271373 0.329702 0.051132 0.070058
0 0.680058 0.121320 0.046139 0.073446
0 0.920977 0.033499 0.042770 0.066998
0 0.591317 0.376491 0.044862 0.073857
0 0.898678 0.167111 0.047902 0.080758
0 0.099213 0.033005 0.046056 0.066011
0 0.088192 0.231784 0.046176 0.071711
0 0.841115 0.310454 0.046282 0.074766
0 0.871487 0.369069 0.049484 0.084630
0 0.828243 0.443694 0.050835 0.077825
0 0.297277 0.145796 0.047360 0.076184
0 0.379921 0.123872 0.049560 0.061784
0 0.920570 0.380392 0.046931 0.080524
0 0.548272 0.132293 0.052904 0.079836
0 0.255486 0.105215 0.054617 0.075601
0 0.460533 0.364845 0.050430 0.075002
0 0.385075 0.386469 0.047087 0.077914
0 0.140097 0.256969 0.049091 0.072750
0 0.711497 0.423939 0.047895 0.070646
0 0.226574 0.207686 0.048551 0.078653
0 0.309584 0.071658 0.051944 0.076541
0 0.320587 0.394882 0.052207 0.078572
0 0.648095 0.252414 0.049506 0.072799
0 0.091277 0.159426 0.047453 0.065841
0 0.382129 0.056396 0.044637 0.070043
0 0.965556 0.077149 0.051938 0.068248
0 0.765350 0.169335 0.050099 0.071133
0 0.783359 0.258388 0.053671 0.078313
0 0.577524 0.289893 0.044369 0.079241
0 0.147021 0.188624 0.051279 0.064029
0 0.226082 0.052007 0.044362 0.065629
0 0.571445 0.190510 0.051553 0.080868
0 0.426957 0.148335 0.047849 0.075855
0 0.152224 0.067130 0.046078 0.083724
0 0.290750 0.234212 0.047187 0.082103
0 0.470737 0.283921 0.050227 0.073326
0 0.727597 0.298031 0.049588 0.070254
1 0.065606 0.308701 0.049133 0.057211
1 0.214953 0.348629 0.043673 0.051251
1 0.947262 0.814064 0.045233 0.090584
1 0.360011 0.551251 0.051472 0.082241
2 0.069895 0.488677 0.020277 0.026222
2 0.608014 0.143027 0.023396 0.035757
1 0.694581 0.697855 0.040554 0.082241