0 0.728091 0.992861 0.035278 0.011571
0 0.995851 0.369174 0.006864 0.053331
0 0.962429 0.003945 0.032624 0.007889
0 0.995556 0.890249 0.007396 0.054458
0 0.004744 0.875936 0.009488 0.060549
0 0.994561 0.174955 0.009225 0.063259
0 0.006106 0.642276 0.012211 0.062134
0 0.561902 0.990275 0.041381 0.016381
0 0.478859 0.989904 0.040951 0.017003
0 0.990687 0.787192 0.016904 0.078762
0 0.986000 0.980757 0.026170 0.035403
0 0.726884 0.008899 0.036241 0.017792
0 0.987170 0.466476 0.023632 0.079878
0 0.010219 0.187555 0.020408 0.068739
0 0.988365 0.265181 0.021257 0.084455
0 0.252094 0.010625 0.045159 0.021240
0 0.979597 0.716093 0.038876 0.065983
0 0.986209 0.548561 0.025524 0.069718
0 0.608667 0.011884 0.042176 0.023715
0 0.892226 0.981074 0.050181 0.034565
0 0.975920 0.650412 0.045193 0.068950
0 0.140758 0.011994 0.047300 0.023988
0 0.952753 0.796280 0.054228 0.117203
0 0.701515 0.824168 0.043668 0.070088
0 0.019020 0.950954 0.038041 0.085175
0 0.276568 0.415877 0.046389 0.060165
0 0.662633 0.803450 0.050956 0.063092
0 0.438156 0.022661 0.046329 0.045241
0 0.802923 0.022255 0.048109 0.044510
0 0.809026 0.901410 0.052794 0.076588
0 0.435207 0.972244 0.050829 0.052074
0 0.337427 0.683488 0.049732 0.064817
0 0.559796 0.023152 0.046384 0.046241
0 0.590045 0.701188 0.056286 0.069580
0 0.312743 0.014881 0.049423 0.029762
0 0.359498 0.879459 0.048647 0.074954
0 0.906596 0.869211 0.045774 0.069740
0 0.581579 0.763870 0.049800 0.076573
0 0.316368 0.452259 0.041468 0.065698
0 0.956858 0.589361 0.046503 0.077450
0 0.773582 0.722951 0.041981 0.068278
0 0.419071 0.694220 0.045507 0.070964
0 0.849098 0.608124 0.055593 0.083756
0 0.021081 0.579409 0.042161 0.064458
0 0.386865 0.022344 0.049370 0.044628
0 0.654402 0.717493 0.052740 0.082545
0 0.046555 0.797300 0.043355 0.067959
0 0.762390 0.958119 0.049139 0.078134
0 0.021240 0.424795 0.042481 0.080161
0 0.619873 0.968888 0.048939 0.059045
0 0.379252 0.745000 0.045396 0.072184
0 0.927424 0.685486 0.051941 0.074475
0 0.116991 0.676619 0.046008 0.068279
0 0.693836 0.551937 0.051722 0.065549
0 0.907810 0.768447 0.043878 0.093236
0 0.407026 0.828374 0.044963 0.077492
0 0.448503 0.882099 0.047611 0.085169
0 0.402699 0.552234 0.044859 0.070390
0 0.024057 0.721424 0.048114 0.080827
0 0.278852 0.548186 0.043709 0.076536
0 0.574875 0.868394 0.052754 0.081922
0 0.679384 0.923044 0.052249 0.080132
0 0.754418 0.842700 0.046410 0.070761
0 0.516223 0.619093 0.047701 0.074872
0 0.129925 0.965230 0.050479 0.066151
0 0.170668 0.435303 0.043480 0.074786
0 0.840138 0.963086 0.054542 0.070277
0 0.638668 0.870676 0.048094 0.074428
0 0.829037 0.673980 0.053280 0.070238
0 0.255772 0.962219 0.048845 0.071714
0 0.386850 0.951698 0.052645 0.071879
0 0.529932 0.775997 0.049248 0.077127
0 0.368942 0.629669 0.046334 0.071085
0 0.839859 0.748061 0.053068 0.074652
0 0.408397 0.198446 0.047634 0.069424
0 0.439707 0.606489 0.048015 0.080028
0 0.490929 0.544979 0.046063 0.071340
0 0.498001 0.692241 0.050054 0.076725
0 0.333287 0.260550 0.042852 0.075709
0 0.311479 0.609761 0.048224 0.077131
0 0.080457 0.877554 0.052122 0.083867
0 0.759937 0.648039 0.049182 0.076114
0 0.291372 0.903991 0.052810 0.078548
0 0.676664 0.127794 0.043047 0.081433
0 0.337320 0.520892 0.047408 0.077283
0 0.068219 0.961639 0.051123 0.073132
0 0.755971 0.383908 0.051298 0.065809
0 0.889228 0.478332 0.045299 0.070498
0 0.630456 0.070837 0.050953 0.068769
0 0.281456 0.208817 0.046092 0.071625
0 0.747830 0.565657 0.046473 0.074913
0 0.630677 0.598938 0.045329 0.069059
0 0.618240 0.412932 0.046770 0.071170
0 0.572161 0.629155 0.053006 0.075512
0 0.488958 0.822695 0.049996 0.077464
0 0.091255 0.779022 0.041409 0.076427
0 0.180170 0.929852 0.048680 0.075826
0 0.861962 0.407846 0.046482 0.082466
0 0.505235 0.455202 0.046369 0.077559
0 0.552538 0.483078 0.044345 0.067940
0 0.648503 0.224865 0.053357 0.065870
0 0.306690 0.740061 0.046674 0.069366
0 0.637057 0.295546 0.041603 0.071094
0 0.935135 0.521607 0.050047 0.081943
0 0.837023 0.056857 0.050835 0.067896
0 0.806271 0.412633 0.045303 0.077049
0 0.156451 0.718892 0.047244 0.069468
0 0.786810 0.500467 0.054575 0.079968
0 0.054789 0.040505 0.049881 0.077838
0 0.954489 0.903643 0.053672 0.083882
0 0.581460 0.209863 0.045053 0.069093
0 0.844810 0.515699 0.051836 0.083076
0 0.311320 0.149922 0.055178 0.069969
0 0.137878 0.799907 0.051244 0.092659
0 0.911037 0.029621 0.049446 0.059157
0 0.211778 0.529329 0.048678 0.077391
0 0.422734 0.363557 0.047605 0.072201
0 0.185720 0.845063 0.049317 0.076422
0 0.070081 0.637423 0.049627 0.077554
0 0.240073 0.816763 0.046105 0.072886
0 0.030714 0.284828 0.048908 0.069909
0 0.118623 0.158233 0.046763 0.076089
0 0.219955 0.661955 0.052965 0.075807
0 0.559141 0.102290 0.049460 0.073997
0 0.222015 0.435102 0.047770 0.074639
0 0.739185 0.071997 0.046263 0.082569
0 0.560548 0.553658 0.054297 0.070899
0 0.166062 0.069806 0.050855 0.067810
0 0.691148 0.278620 0.048579 0.076168
0 0.379842 0.415379 0.052382 0.081663
0 0.281484 0.305412 0.049170 0.076042
0 0.307262 0.075205 0.051833 0.070906
0 0.074171 0.115064 0.054248 0.076345
0 0.834686 0.129228 0.046859 0.067662
0 0.563904 0.355358 0.042977 0.075337
0 0.177291 0.177000 0.043335 0.067763
0 0.235134 0.352297 0.053052 0.083552
0 0.680572 0.399576 0.054429 0.081544
0 0.223884 0.160614 0.044988 0.074642
0 0.303154 0.821931 0.051353 0.077039
0 0.258037 0.111088 0.050258 0.075691
0 0.479819 0.132952 0.049919 0.077976
0 0.427531 0.093766 0.050502 0.081322
0 0.825255 0.223556 0.046564 0.073539
0 0.536669 0.268173 0.049566 0.082590
0 0.623076 0.137999 0.052734 0.064988
0 0.130288 0.271928 0.049828 0.077729
0 0.185413 0.604820 0.047458 0.075512
0 0.679525 0.483171 0.047865 0.073385
0 0.126491 0.584138 0.047462 0.074943
0 0.728812 0.159087 0.052831 0.080626
0 0.069929 0.442429 0.047276 0.075267
0 0.884931 0.150058 0.047648 0.078550
0 0.605761 0.485443 0.052719 0.073438
0 0.062436 0.523751 0.050837 0.075181
0 0.459028 0.277631 0.047270 0.075016
0 0.138532 0.504925 0.049178 0.072925
0 0.060570 0.355150 0.047990 0.074836
0 0.932707 0.105045 0.049517 0.076703
0 0.507942 0.340830 0.047062 0.084968
0 0.135614 0.358708 0.052081 0.082841
0 0.762670 0.260361 0.052113 0.080904
0 0.529979 0.180876 0.048857 0.077001
0 0.197377 0.287732 0.054060 0.086351
0 0.898719 0.352690 0.051406 0.072755
0 0.383826 0.265537 0.048041 0.075082
0 0.048181 0.191043 0.048084 0.082849
0 0.948146 0.285930 0.051822 0.074145
0 0.899664 0.273355 0.045800 0.074859
0 0.969861 0.052649 0.049719 0.077000
0 0.933395 0.205323 0.051010 0.084031
1 0.335055 0.324791 0.049912 0.070322
1 0.443848 0.513111 0.052252 0.077473
2 0.211054 0.079261 0.023396 0.034565
2 0.150223 0.139452 0.021837 0.026222
2 0.264476 0.258641 0.027296 0.035757
2 0.407584 0.309297 0.018717 0.032181
2 0.157632 0.551251 0.017937 0.025030
2 0.112789 0.847437 0.017157 0.021454
2 0.580328 0.928486 0.030415 0.042908
2 0.623221 0.918355 0.019497 0.032181
2 0.886821 0.588796 0.022617 0.035757
2 0.958571 0.391538 0.021057 0.032181
2 0.640379 0.544696 0.017937 0.033373
2 0.721097 0.520858 0.017157 0.033373
2 0.790896 0.212753 0.016378 0.029797
2 0.644668 0.028605 0.017157 0.030989
2 0.849387 0.017282 0.014818 0.017878