0 0.625613 0.001371 0.031999 0.002698
0 0.664527 0.001370 0.035844 0.002740
0 0.998424 0.323294 0.003153 0.053348
0 0.004642 0.887077 0.009285 0.060430
0 0.719944 0.995380 0.027971 0.007624
0 0.002554 0.736893 0.005108 0.047325
0 0.001743 0.078714 0.003486 0.066621
0 0.452808 0.995237 0.031478 0.007889
0 0.996653 0.734285 0.005775 0.047843
0 0.996463 0.679103 0.006699 0.048655
0 0.003704 0.191605 0.007407 0.058265
0 0.994657 0.011783 0.009632 0.023565
0 0.995862 0.087868 0.007060 0.054711
0 0.172005 0.005911 0.032578 0.011821
0 0.059275 0.990602 0.043007 0.016303
0 0.006538 0.344197 0.013075 0.076840
0 0.832656 0.985084 0.036700 0.026891
0 0.869514 0.982922 0.037957 0.031258
0 0.969605 0.008622 0.034578 0.017244
0 0.018069 0.942891 0.036137 0.067300
0 0.009229 0.469514 0.018443 0.075234
0 0.539032 0.987939 0.044624 0.021235
0 0.582280 0.009235 0.041999 0.018471
0 0.662782 0.985864 0.049353 0.025314
0 0.269653 0.011147 0.041991 0.022287
0 0.029492 0.873718 0.050213 0.082999
0 0.842598 0.644897 0.042041 0.059297
0 0.016223 0.016202 0.032444 0.032404
0 0.011882 0.585981 0.023765 0.079458
0 0.987302 0.200249 0.023701 0.076150
0 0.200122 0.982406 0.046965 0.032248
0 0.713114 0.012940 0.044068 0.025881
0 0.016623 0.671295 0.033247 0.081014
0 0.259784 0.977490 0.047507 0.041808
0 0.988164 0.539358 0.021964 0.070951
0 0.288243 0.934787 0.045908 0.086464
0 0.848959 0.749369 0.046141 0.069304
0 0.334615 0.929909 0.045358 0.083582
0 0.498641 0.755579 0.044925 0.076190
0 0.402348 0.416143 0.057162 0.070808
0 0.041017 0.817278 0.047412 0.062427
0 0.792080 0.894150 0.051167 0.079293
0 0.393248 0.014358 0.050419 0.028715
0 0.416836 0.469859 0.044511 0.074308
0 0.721186 0.872523 0.046307 0.078169
0 0.912516 0.882916 0.045349 0.079123
0 0.851837 0.920968 0.054070 0.090312
0 0.314158 0.017976 0.044242 0.035952
0 0.450437 0.943846 0.046218 0.085517
0 0.825925 0.824889 0.045160 0.066734
0 0.767330 0.821415 0.038735 0.069554
0 0.271194 0.773027 0.039689 0.072636
0 0.315980 0.392473 0.050820 0.077704
0 0.201925 0.726086 0.044505 0.074113
0 0.824098 0.023221 0.047577 0.046390
0 0.305964 0.869325 0.054078 0.081160
0 0.883671 0.789463 0.048073 0.093772
0 0.310326 0.324390 0.052403 0.070845
0 0.247343 0.725158 0.046220 0.084196
0 0.819827 0.695306 0.044057 0.070573
0 0.208107 0.804629 0.040775 0.081450
0 0.700544 0.774982 0.052807 0.078713
0 0.510373 0.448585 0.042766 0.076212
0 0.267203 0.062570 0.042430 0.069261
0 0.707154 0.952347 0.048677 0.080153
0 0.886477 0.671806 0.042247 0.078634
0 0.699587 0.702554 0.052070 0.072845
0 0.027700 0.406404 0.037828 0.070742
0 0.435075 0.847123 0.042636 0.068927
0 0.116484 0.928973 0.046316 0.067789
0 0.175963 0.938820 0.043014 0.081862
0 0.478844 0.821919 0.046594 0.074337
0 0.266253 0.370259 0.044248 0.081454
0 0.489850 0.899535 0.049165 0.080203
0 0.016783 0.255459 0.033533 0.070089
0 0.470981 0.244915 0.042029 0.076834
0 0.381355 0.873574 0.049460 0.075336
0 0.042667 0.749360 0.049026 0.070687
0 0.361735 0.528783 0.043816 0.074922
0 0.266725 0.460386 0.047422 0.077707
0 0.656341 0.078589 0.044336 0.080331
0 0.162806 0.807830 0.043085 0.070905
0 0.106962 0.727524 0.049465 0.074377
0 0.931859 0.697839 0.050154 0.077326
0 0.837812 0.417430 0.046339 0.084880
0 0.929252 0.797506 0.047911 0.085660
0 0.290520 0.580555 0.041986 0.079772
0 0.641409 0.686140 0.054101 0.081796
0 0.883453 0.597468 0.046474 0.071003
0 0.972816 0.661444 0.040237 0.083978
0 0.878857 0.438976 0.042965 0.067953
0 0.156406 0.058438 0.048141 0.069693
0 0.472139 0.701165 0.050691 0.084314
0 0.334086 0.590452 0.042155 0.074008
0 0.210571 0.316061 0.046186 0.078283
0 0.240620 0.633453 0.045790 0.071656
0 0.503445 0.593160 0.046461 0.084842
0 0.171184 0.640567 0.039176 0.073730
0 0.732204 0.640891 0.046487 0.076215
0 0.973344 0.255682 0.044666 0.076201
0 0.601241 0.933172 0.050459 0.078930
0 0.089021 0.479999 0.049197 0.080971
0 0.201402 0.520449 0.044006 0.073775
0 0.087190 0.659621 0.049793 0.076839
0 0.481767 0.517868 0.048169 0.076347
0 0.312019 0.784313 0.042387 0.080865
0 0.246500 0.546160 0.045604 0.084379
0 0.790702 0.100427 0.045979 0.077877
0 0.605898 0.316568 0.044032 0.069699
0 0.620915 0.247624 0.038917 0.075683
0 0.363727 0.330596 0.045013 0.075110
0 0.094053 0.578852 0.047819 0.076378
0 0.057765 0.027021 0.047663 0.054041
0 0.658676 0.216838 0.044360 0.082534
0 0.553180 0.174917 0.046901 0.068850
0 0.758013 0.035457 0.049852 0.070914
0 0.101780 0.045854 0.042268 0.069002
0 0.622032 0.585480 0.045289 0.078757
0 0.933815 0.606171 0.045476 0.074630
0 0.521861 0.376987 0.041341 0.082426
0 0.755747 0.711273 0.048534 0.080265
0 0.048276 0.575386 0.045029 0.095839
0 0.440441 0.058342 0.046243 0.081432
0 0.479397 0.037494 0.048063 0.074989
0 0.211047 0.406665 0.041537 0.087689
0 0.436893 0.225356 0.050026 0.091707
0 0.681033 0.162225 0.046400 0.077390
0 0.700491 0.063701 0.053289 0.076270
0 0.877715 0.028846 0.040859 0.057693
0 0.926989 0.037056 0.050623 0.074113
0 0.843097 0.141035 0.045022 0.069055
0 0.725969 0.556207 0.049223 0.078129
0 0.250501 0.277845 0.042855 0.091419
0 0.916538 0.181258 0.044377 0.075839
0 0.413937 0.344040 0.053305 0.084239
0 0.540456 0.538151 0.048515 0.072984
0 0.572932 0.455273 0.045997 0.080234
0 0.120863 0.152680 0.045196 0.078639
0 0.564470 0.377374 0.041327 0.084078
0 0.933125 0.113631 0.049356 0.071595
0 0.302537 0.096356 0.053013 0.088423
0 0.579447 0.245575 0.045544 0.076271
0 0.368180 0.085794 0.047077 0.094513
0 0.489126 0.308485 0.048764 0.083841
0 0.667094 0.298990 0.044136 0.079488
0 0.525845 0.701869 0.053446 0.089612
0 0.645141 0.371758 0.047093 0.076098
0 0.167217 0.451391 0.041882 0.083090
0 0.539307 0.101065 0.049706 0.077635
0 0.367508 0.174891 0.045779 0.079824
0 0.714841 0.445276 0.044388 0.078307
0 0.779894 0.375008 0.045238 0.075847
0 0.199592 0.078867 0.044438 0.081496
0 0.169787 0.234507 0.046142 0.073344
0 0.767492 0.174990 0.046381 0.078860
0 0.065906 0.143067 0.045801 0.083889
0 0.116771 0.438174 0.048363 0.090181
0 0.040494 0.330380 0.044852 0.083469
0 0.951967 0.340393 0.051206 0.077301
0 0.929578 0.517170 0.048617 0.075096
0 0.293953 0.184729 0.051162 0.078163
0 0.435207 0.142026 0.050565 0.073601
0 0.664166 0.490755 0.045090 0.076873
0 0.069271 0.383596 0.047008 0.084218
0 0.081358 0.227340 0.047634 0.085628
0 0.790000 0.294918 0.048373 0.079801
1 0.126826 0.099523 0.034315 0.032181
1 0.820531 0.577473 0.061611 0.082241
1 0.853676 0.494636 0.054592 0.069130
1 0.609183 0.519666 0.053812 0.076281
2 0.394326 0.205006 0.023396 0.035757
2 0.733185 0.210965 0.027296 0.040524
2 0.988596 0.361740 0.021837 0.034565
2 0.048838 0.648987 0.017157 0.032181