0 0.997543 0.601603 0.004603 0.050859
0 0.997414 0.132501 0.004624 0.067572
0 0.002299 0.681476 0.004599 0.067331
0 0.002166 0.177445 0.004333 0.058676
0 0.092418 0.993085 0.035628 0.011450
0 0.792709 0.994102 0.034279 0.010064
0 0.207466 0.003842 0.039569 0.007684
0 0.035490 0.004708 0.033782 0.009408
0 0.728490 0.992681 0.040108 0.012226
0 0.639779 0.004726 0.037759 0.009453
0 0.236239 0.991573 0.043047 0.014226
0 0.571527 0.005942 0.040129 0.011885
0 0.991646 0.908352 0.015183 0.064874
0 0.992674 0.475857 0.013281 0.071514
0 0.077387 0.009982 0.039933 0.019911
0 0.643100 0.988767 0.044063 0.019817
0 0.507774 0.988332 0.044658 0.020612
0 0.408677 0.174912 0.055341 0.070955
0 0.011517 0.392644 0.022996 0.079363
0 0.986156 0.776239 0.025772 0.073007
0 0.014648 0.941797 0.029295 0.070882
0 0.014673 0.306792 0.029347 0.077853
0 0.019421 0.485341 0.038842 0.076170
0 0.128908 0.104086 0.052130 0.075555
0 0.112876 0.034876 0.050749 0.069751
0 0.512861 0.015030 0.050683 0.030060
0 0.423148 0.029606 0.052395 0.059117
0 0.016945 0.111219 0.033852 0.075105
0 0.460655 0.068093 0.050978 0.081493
0 0.385876 0.980047 0.049058 0.036948
0 0.826680 0.025248 0.052771 0.050377
0 0.522960 0.313592 0.046076 0.073341
0 0.646456 0.526678 0.042777 0.068224
0 0.575844 0.609364 0.051694 0.074998
0 0.441433 0.140300 0.051004 0.077006
0 0.851651 0.749817 0.048716 0.068485
0 0.399719 0.094911 0.048709 0.075478
0 0.515411 0.077030 0.051025 0.079425
0 0.509217 0.488418 0.045465 0.069987
0 0.400191 0.352879 0.041358 0.067352
0 0.532720 0.149949 0.050043 0.073794
0 0.163976 0.043003 0.049309 0.076482
0 0.022812 0.560628 0.045624 0.066059
0 0.164490 0.153648 0.047858 0.075394
0 0.022750 0.806245 0.045500 0.082795
0 0.328830 0.444683 0.050371 0.093330
0 0.060458 0.136560 0.050169 0.074740
0 0.826622 0.964004 0.047839 0.069012
0 0.699462 0.656872 0.049853 0.071450
0 0.095309 0.891024 0.052658 0.085072
0 0.648431 0.131961 0.045458 0.070116
0 0.889799 0.023194 0.050983 0.046389
0 0.850058 0.825820 0.046532 0.071222
0 0.462558 0.215966 0.050199 0.077141
0 0.793684 0.406934 0.046357 0.073785
0 0.127011 0.198330 0.051131 0.080822
0 0.815071 0.886501 0.050575 0.077753
0 0.596148 0.539295 0.052247 0.081529
0 0.398767 0.242681 0.051448 0.072667
0 0.723375 0.728270 0.051633 0.087759
0 0.495281 0.562412 0.051142 0.072946
0 0.053005 0.934383 0.044484 0.081357
0 0.590741 0.943955 0.047866 0.076667
0 0.467610 0.680281 0.051519 0.078078
0 0.881533 0.902524 0.051378 0.076605
0 0.359719 0.502343 0.049824 0.084021
0 0.113211 0.959685 0.050318 0.067465
0 0.153212 0.906071 0.051837 0.076043
0 0.789231 0.712939 0.050680 0.078023
0 0.816189 0.476295 0.047761 0.070862
0 0.973517 0.849286 0.050069 0.076599
0 0.059656 0.838777 0.049287 0.082677
0 0.438405 0.856623 0.048184 0.072632
0 0.469809 0.765349 0.050351 0.079089
0 0.619673 0.296773 0.046801 0.074176
0 0.729475 0.529132 0.048190 0.074137
0 0.653519 0.237136 0.046806 0.071242
0 0.283996 0.084824 0.043778 0.068376
0 0.460636 0.358518 0.047556 0.075723
0 0.373089 0.419854 0.043752 0.073895
0 0.632226 0.601512 0.047450 0.074087
0 0.416772 0.927156 0.050624 0.075875
0 0.680738 0.580721 0.044998 0.078500
0 0.547571 0.898686 0.050263 0.077666
0 0.611891 0.073658 0.048946 0.073046
0 0.067564 0.426278 0.047804 0.072445
0 0.884640 0.673914 0.054267 0.077072
0 0.716414 0.220822 0.048101 0.072486
0 0.781219 0.337703 0.050460 0.068331
0 0.505275 0.389412 0.052090 0.082784
0 0.911580 0.959702 0.048537 0.074571
0 0.713862 0.408560 0.049668 0.073475
0 0.505164 0.641200 0.049121 0.073284
0 0.858706 0.148821 0.050260 0.079516
0 0.557442 0.679728 0.052395 0.078282
0 0.667571 0.717620 0.053866 0.083284
0 0.567606 0.358240 0.054718 0.084873
0 0.758564 0.875291 0.047553 0.077260
0 0.798725 0.069724 0.053034 0.073025
0 0.687423 0.476352 0.051079 0.078373
0 0.745491 0.604348 0.049203 0.075581
0 0.972768 0.673527 0.049559 0.079135
0 0.763879 0.468986 0.048668 0.075798
0 0.669673 0.359513 0.049161 0.077811
0 0.198501 0.953950 0.049174 0.075159
0 0.848584 0.624332 0.048182 0.075190
0 0.499836 0.935385 0.051050 0.077732
0 0.367889 0.298300 0.051708 0.074241
0 0.197850 0.608493 0.048768 0.073260
0 0.687883 0.076636 0.051951 0.070779
0 0.404489 0.543978 0.053991 0.081942
0 0.760251 0.783148 0.061269 0.095793
0 0.908383 0.082117 0.055537 0.072899
0 0.588173 0.816782 0.054509 0.079203
0 0.631852 0.888137 0.056975 0.088522
0 0.936446 0.762770 0.047480 0.073957
0 0.615680 0.741547 0.050768 0.082703
0 0.046127 0.350124 0.048649 0.075163
0 0.902018 0.828729 0.049333 0.073484
0 0.365806 0.614707 0.049323 0.074731
0 0.352898 0.749190 0.048157 0.075919
0 0.928194 0.384843 0.044748 0.067717
0 0.227184 0.889195 0.050491 0.079050
0 0.285984 0.423920 0.049798 0.082159
0 0.199055 0.456976 0.057950 0.077563
0 0.440774 0.609739 0.050797 0.077623
0 0.098780 0.785573 0.051019 0.075002
0 0.566034 0.272397 0.050546 0.079346
0 0.698944 0.848421 0.050160 0.082046
0 0.574732 0.451079 0.055272 0.088868
0 0.205786 0.123264 0.047598 0.080130
0 0.522691 0.810542 0.053240 0.092345
0 0.743063 0.282853 0.051147 0.077995
0 0.242920 0.485836 0.052939 0.079137
0 0.418205 0.788518 0.054344 0.076940
0 0.856009 0.520744 0.053706 0.088358
0 0.932133 0.621146 0.054252 0.087215
0 0.913102 0.156897 0.051684 0.070367
0 0.905986 0.561766 0.053654 0.073991
0 0.976272 0.317915 0.046167 0.082838
0 0.190530 0.530964 0.053813 0.075162
0 0.259024 0.755288 0.047855 0.077470
0 0.742684 0.071111 0.047550 0.071321
0 0.061093 0.266650 0.049527 0.077023
0 0.969996 0.212216 0.048743 0.078404
0 0.395634 0.706752 0.045993 0.075133
0 0.108494 0.482307 0.051923 0.076948
0 0.221358 0.676050 0.054276 0.086112
0 0.070615 0.541572 0.049933 0.066532
0 0.307401 0.945628 0.052948 0.086744
0 0.294072 0.637595 0.049407 0.073624
0 0.920590 0.229725 0.055952 0.076354
0 0.967235 0.433038 0.051022 0.081438
0 0.970428 0.116432 0.048049 0.077482
0 0.922880 0.481917 0.051340 0.079790
0 0.316844 0.319134 0.044002 0.088797
0 0.116785 0.712726 0.051686 0.076766
0 0.164934 0.819974 0.052795 0.079792
0 0.923168 0.308780 0.052206 0.072533
0 0.880909 0.413954 0.050383 0.075716
0 0.306644 0.852905 0.055625 0.083070
1 0.458276 0.447557 0.053032 0.051251
1 0.694581 0.166269 0.049912 0.067938
2 0.035580 0.233015 0.023396 0.034565
2 0.257067 0.186532 0.026516 0.036949
2 0.363911 0.123957 0.020277 0.030989
2 0.840808 0.110846 0.028856 0.035757
2 0.950382 0.964243 0.029636 0.042908
2 0.879023 0.730036 0.017937 0.032181