0 0.320547 0.995709 0.029335 0.006956
0 0.002952 0.814831 0.005904 0.046295
0 0.002979 0.951241 0.005958 0.048784
0 0.661476 0.003796 0.043892 0.007592
0 0.006435 0.739677 0.012853 0.063840
0 0.992780 0.372201 0.012971 0.067721
0 0.027918 0.988768 0.044302 0.019534
0 0.929540 0.989304 0.046307 0.018541
0 0.640337 0.988559 0.041686 0.019829
0 0.992465 0.076585 0.013545 0.061453
0 0.711966 0.987823 0.043930 0.021147
0 0.443913 0.007803 0.040406 0.015607
0 0.718511 0.014328 0.050521 0.028657
0 0.271580 0.983850 0.047869 0.029006
0 0.210405 0.982784 0.045702 0.031038
0 0.578064 0.980333 0.052117 0.035967
0 0.013415 0.882933 0.026828 0.074868
0 0.833354 0.013438 0.047506 0.026877
0 0.370419 0.975898 0.049055 0.044742
0 0.330818 0.012118 0.042442 0.024236
0 0.979921 0.585029 0.038431 0.093234
0 0.982446 0.673145 0.033099 0.068194
0 0.983404 0.747324 0.031256 0.070781
0 0.879758 0.971565 0.042649 0.053619
0 0.449836 0.974434 0.057852 0.047776
0 0.013280 0.574479 0.026548 0.075240
0 0.604101 0.390275 0.043261 0.070599
0 0.508049 0.627621 0.044613 0.063594
0 0.398341 0.012773 0.044886 0.025546
0 0.126369 0.866107 0.052070 0.073375
0 0.426505 0.751464 0.046722 0.072292
0 0.086803 0.964847 0.052335 0.066953
0 0.392050 0.571373 0.048857 0.075552
0 0.511864 0.563401 0.047416 0.064829
0 0.092526 0.810394 0.040906 0.065242
0 0.021355 0.177831 0.042710 0.072845
0 0.554416 0.520801 0.038532 0.071905
0 0.936260 0.602578 0.043907 0.069060
0 0.189493 0.895435 0.049009 0.077269
0 0.402718 0.946775 0.048368 0.085754
0 0.079963 0.885850 0.052275 0.078603
0 0.605689 0.943427 0.052303 0.087685
0 0.648762 0.677502 0.046749 0.072912
0 0.775158 0.911835 0.050390 0.072531
0 0.141384 0.930922 0.052424 0.067751
0 0.878433 0.031962 0.044221 0.063699
0 0.968483 0.894740 0.044215 0.068522
0 0.365325 0.650068 0.053690 0.072335
0 0.241050 0.933245 0.053708 0.086901
0 0.541320 0.735382 0.048280 0.069353
0 0.020418 0.104641 0.040832 0.075378
0 0.277475 0.875157 0.051898 0.074426
0 0.823891 0.871123 0.049626 0.074846
0 0.631986 0.856810 0.050219 0.073497
0 0.697747 0.703605 0.048529 0.072082
0 0.935061 0.539140 0.049764 0.067950
0 0.497751 0.831724 0.047034 0.072162
0 0.837264 0.945375 0.051904 0.075994
0 0.933587 0.943943 0.050154 0.070862
0 0.775192 0.838764 0.051725 0.080799
0 0.557101 0.615453 0.046093 0.071420
0 0.407288 0.509574 0.056393 0.082737
0 0.576090 0.332923 0.049018 0.077195
0 0.508912 0.960816 0.050026 0.074614
0 0.320168 0.460581 0.046323 0.072626
0 0.699126 0.561231 0.049268 0.071564
0 0.714938 0.937291 0.050022 0.072200
0 0.479833 0.375338 0.040506 0.069665
0 0.927701 0.032954 0.051713 0.065907
0 0.346531 0.722913 0.051292 0.075535
0 0.137287 0.792059 0.050605 0.084678
0 0.524475 0.345473 0.044119 0.075500
0 0.229225 0.809146 0.047058 0.069685
0 0.326704 0.839741 0.052790 0.082138
0 0.435999 0.612824 0.052662 0.076463
0 0.662293 0.767821 0.052680 0.082591
0 0.596134 0.715804 0.045600 0.074468
0 0.716881 0.500087 0.052785 0.081236
0 0.547498 0.813799 0.049295 0.077890
0 0.423993 0.833105 0.050986 0.075202
0 0.045877 0.821318 0.047214 0.074048
0 0.911413 0.767261 0.049636 0.077012
0 0.067865 0.738923 0.045695 0.066175
0 0.460682 0.540692 0.049761 0.074412
0 0.926837 0.834714 0.048497 0.070303
0 0.735107 0.417108 0.049541 0.074890
0 0.135983 0.430437 0.048038 0.083848
0 0.767513 0.757130 0.051623 0.072949
0 0.259487 0.728384 0.053215 0.077034
0 0.858217 0.584930 0.054557 0.072863
0 0.609304 0.575305 0.053479 0.070387
0 0.095210 0.030389 0.046451 0.060779
0 0.811805 0.527002 0.052502 0.074254
0 0.667375 0.442660 0.050748 0.072402
0 0.754359 0.037192 0.052398 0.073171
0 0.372645 0.443199 0.051886 0.074151
0 0.799620 0.605101 0.049657 0.077822
0 0.649414 0.163912 0.044386 0.068984
0 0.861866 0.795713 0.052071 0.083470
0 0.394105 0.063459 0.045845 0.070036
0 0.777147 0.098558 0.054250 0.088860
0 0.765023 0.485666 0.045707 0.083096
0 0.161542 0.492563 0.051153 0.070808
0 0.893347 0.659770 0.047525 0.075305
0 0.186260 0.425329 0.049364 0.078095
0 0.092607 0.577686 0.043586 0.072511
0 0.884042 0.518038 0.051344 0.082987
0 0.959062 0.361330 0.049829 0.079864
0 0.762804 0.236487 0.046740 0.072940
0 0.051338 0.573495 0.041568 0.073922
0 0.060676 0.086631 0.046818 0.079889
0 0.302890 0.542347 0.051875 0.074340
0 0.277003 0.642903 0.047355 0.072556
0 0.266420 0.367463 0.048312 0.070202
0 0.440254 0.424388 0.054513 0.076374
0 0.338542 0.096599 0.050570 0.066981
0 0.101172 0.492855 0.051265 0.076415
0 0.293652 0.039348 0.046987 0.068875
0 0.166346 0.230389 0.050593 0.077294
0 0.158311 0.105382 0.052023 0.078805
0 0.189573 0.645150 0.048259 0.073494
0 0.319378 0.159324 0.052106 0.076793
0 0.641337 0.280310 0.051026 0.082052
0 0.442555 0.067052 0.046117 0.067945
0 0.784158 0.340816 0.045260 0.075712
0 0.071304 0.662672 0.050061 0.076978
0 0.166708 0.323257 0.048128 0.078989
0 0.069411 0.221676 0.047055 0.074815
0 0.219018 0.283599 0.050930 0.074165
0 0.689001 0.122580 0.048629 0.078195
0 0.208285 0.093117 0.050132 0.082078
0 0.088630 0.322525 0.050444 0.076701
0 0.263322 0.114893 0.051437 0.079301
0 0.499288 0.071497 0.054293 0.072576
0 0.570709 0.091550 0.051765 0.080252
1 0.141644 0.169249 0.060831 0.064362
1 0.454377 0.720501 0.029636 0.065554
1 0.181418 0.809893 0.031195 0.096544
1 0.653247 0.939809 0.042114 0.077473
1 0.974168 0.433850 0.044453 0.092968
2 0.096021 0.084029 0.017937 0.029797
2 0.115908 0.068534 0.023396 0.032181
2 0.065606 0.159714 0.017937 0.026222
2 0.071845 0.522646 0.014818 0.017878
2 0.823651 0.354589 0.021057 0.034565
2 0.299570 0.118594 0.016378 0.032181
3 0.538214 0.428486 0.106844 0.113230