0 0.367075 0.995598 0.030565 0.008183
0 0.001651 0.855777 0.003302 0.069038
0 0.249400 0.992985 0.035442 0.011841
0 0.658500 0.003943 0.034870 0.007887
0 0.015631 0.005903 0.031195 0.011807
0 0.944044 0.007597 0.038272 0.015194
0 0.667029 0.988107 0.039316 0.020979
0 0.991461 0.940112 0.015653 0.070237
0 0.009167 0.055119 0.018327 0.077151
0 0.388708 0.008871 0.047016 0.017742
0 0.706944 0.009649 0.043593 0.019297
0 0.990730 0.841134 0.017383 0.076047
0 0.127834 0.985336 0.049764 0.026691
0 0.991572 0.321820 0.015973 0.083019
0 0.012100 0.250730 0.024164 0.079504
0 0.611017 0.979921 0.050935 0.037195
0 0.037810 0.983480 0.044444 0.029907
0 0.988160 0.409095 0.022336 0.082406
0 0.048929 0.605328 0.052310 0.076399
0 0.405886 0.974950 0.052042 0.047136
0 0.831171 0.977060 0.054110 0.042713
0 0.931932 0.970905 0.051600 0.055171
0 0.134698 0.592313 0.048318 0.070702
0 0.372232 0.887497 0.043164 0.069589
0 0.502944 0.620746 0.050349 0.073261
0 0.520467 0.934083 0.044481 0.072748
0 0.612108 0.451275 0.043130 0.068243
0 0.967467 0.882031 0.046525 0.067442
0 0.391222 0.730265 0.047028 0.068326
0 0.093053 0.835461 0.040344 0.085897
0 0.738280 0.952758 0.047609 0.072553
0 0.518542 0.477696 0.047765 0.070511
0 0.286868 0.965648 0.048372 0.066414
0 0.887987 0.827237 0.041596 0.072677
0 0.534116 0.568231 0.049571 0.073392
0 0.136079 0.800985 0.045177 0.076320
0 0.643359 0.667963 0.053974 0.078057
0 0.689430 0.919331 0.049654 0.075884
0 0.098584 0.940156 0.049999 0.079966
0 0.026718 0.667074 0.048813 0.088731
0 0.598673 0.613916 0.045838 0.076245
0 0.678039 0.609597 0.054266 0.072835
0 0.235487 0.624662 0.046084 0.075815
0 0.080153 0.020827 0.045765 0.041653
0 0.799758 0.884774 0.047699 0.075616
0 0.274596 0.685817 0.049562 0.082972
0 0.901802 0.680005 0.043675 0.068839
0 0.912964 0.911750 0.048248 0.074852
0 0.087983 0.654718 0.046249 0.072633
0 0.655571 0.479498 0.047892 0.069914
0 0.184370 0.823337 0.047705 0.078521
0 0.846302 0.862483 0.042597 0.072475
0 0.508026 0.852708 0.046358 0.083105
0 0.628644 0.543662 0.051781 0.079773
0 0.815987 0.410873 0.044884 0.073505
0 0.666383 0.851415 0.053201 0.081818
0 0.149828 0.893270 0.047524 0.077992
0 0.435888 0.559923 0.046447 0.081123
0 0.552298 0.828046 0.046251 0.079195
0 0.619178 0.913855 0.048568 0.079601
0 0.695843 0.689364 0.043541 0.073449
0 0.250094 0.767274 0.051675 0.081540
0 0.567474 0.918396 0.046065 0.083165
0 0.406786 0.803008 0.050663 0.075985
0 0.861488 0.402783 0.044351 0.080925
0 0.242213 0.859765 0.049994 0.080775
0 0.317506 0.899204 0.053071 0.081717
0 0.633099 0.377254 0.054703 0.077282
0 0.384351 0.617734 0.054387 0.072892
0 0.790251 0.530565 0.044869 0.070002
0 0.043837 0.076183 0.048421 0.078333
0 0.386049 0.531664 0.053584 0.086333
0 0.751638 0.036156 0.051334 0.072313
0 0.539420 0.734464 0.047918 0.075626
0 0.081463 0.563874 0.053015 0.079508
0 0.299649 0.813582 0.054170 0.082630
0 0.787616 0.187845 0.047032 0.069092
0 0.272085 0.575158 0.048955 0.076781
0 0.182931 0.627044 0.048145 0.076809
0 0.746054 0.742206 0.045506 0.079727
0 0.972352 0.036937 0.052210 0.069555
0 0.807083 0.790189 0.055918 0.083662
0 0.052824 0.775585 0.047875 0.076278
0 0.514618 0.390377 0.050091 0.077389
0 0.335629 0.643296 0.050361 0.078927
0 0.976506 0.495709 0.046103 0.082994
0 0.965731 0.580038 0.048743 0.078029
0 0.819116 0.705688 0.045424 0.075772
0 0.461089 0.673658 0.054355 0.082272
0 0.160456 0.533572 0.050085 0.076880
0 0.389365 0.193478 0.048910 0.067068
0 0.450951 0.031511 0.050344 0.063023
0 0.623786 0.137621 0.048665 0.076097
0 0.646636 0.064242 0.051948 0.072106
0 0.046042 0.287226 0.051978 0.081501
0 0.761106 0.119134 0.045851 0.083672
0 0.396143 0.383477 0.054581 0.081873
0 0.174791 0.040813 0.049768 0.066501
0 0.919696 0.606474 0.047598 0.072105
0 0.265266 0.242927 0.045030 0.064783
0 0.819521 0.327169 0.049590 0.074201
0 0.050131 0.203963 0.056118 0.070622
0 0.553703 0.215555 0.051300 0.074824
0 0.807263 0.067218 0.052992 0.078786
0 0.420819 0.462998 0.054587 0.088056
0 0.415216 0.308196 0.049949 0.079120
0 0.965238 0.673323 0.052407 0.075926
0 0.858420 0.647396 0.049130 0.074346
0 0.373610 0.260464 0.051628 0.075194
0 0.830716 0.251290 0.049211 0.071074
0 0.272883 0.055142 0.053565 0.084860
0 0.494475 0.270793 0.050583 0.076873
0 0.221078 0.268262 0.047160 0.080049
0 0.120207 0.169320 0.050451 0.077244
0 0.258361 0.170709 0.052809 0.074889
0 0.610959 0.216501 0.049631 0.076437
0 0.258905 0.489340 0.053762 0.080169
0 0.947298 0.195619 0.050115 0.069692
0 0.206500 0.144505 0.045700 0.073081
0 0.541011 0.066175 0.049688 0.078569
0 0.860067 0.083953 0.053206 0.083584
0 0.905042 0.363415 0.051071 0.078560
0 0.663718 0.239554 0.045288 0.088087
0 0.748324 0.233154 0.048320 0.073381
0 0.342552 0.069094 0.051748 0.077960
0 0.952048 0.322367 0.050518 0.070465
0 0.954244 0.109685 0.054510 0.081991
1 0.194286 0.317640 0.035095 0.089392
1 0.322187 0.524434 0.042894 0.047676
1 0.453987 0.815852 0.036654 0.094160
1 0.810783 0.477950 0.048353 0.059595
2 0.168940 0.348629 0.026516 0.041716
2 0.304250 0.109058 0.024176 0.041716
2 0.134625 0.747914 0.024956 0.034565
2 0.131116 0.700238 0.019497 0.034565
2 0.576428 0.418355 0.016378 0.028605
2 0.761650 0.444577 0.020277 0.033373
2 0.655586 0.299762 0.014038 0.022646
2 0.546013 0.684744 0.019497 0.027414
2 0.764770 0.823004 0.020277 0.032181
2 0.777638 0.843862 0.021057 0.030989
2 0.987426 0.275328 0.021057 0.030989