0 0.413742 0.439255 0.038808 0.075999
0 0.384118 0.418625 0.041069 0.069922
0 0.003058 0.045539 0.006116 0.059366
0 0.002986 0.618263 0.005971 0.060398
0 0.065344 0.993779 0.038158 0.010849
0 0.257929 0.004684 0.037166 0.009368
0 0.364779 0.693685 0.052431 0.075019
0 0.360225 0.630075 0.047116 0.065167
0 0.429352 0.990071 0.038401 0.018163
0 0.477534 0.007802 0.042607 0.015605
0 0.010718 0.542689 0.021437 0.073434
0 0.020770 0.856432 0.041541 0.084484
0 0.989869 0.856524 0.018624 0.071356
0 0.883613 0.013915 0.051104 0.027830
0 0.032996 0.012029 0.042662 0.024049
0 0.981845 0.967969 0.034613 0.061047
0 0.799340 0.554564 0.047887 0.068865
0 0.483010 0.984663 0.046647 0.028691
0 0.770404 0.973290 0.054505 0.050963
0 0.833810 0.532040 0.044442 0.073503
0 0.327244 0.980442 0.050197 0.036646
0 0.469325 0.520357 0.052478 0.079362
0 0.260371 0.330684 0.045113 0.069719
0 0.562341 0.981231 0.053852 0.035014
0 0.460758 0.454367 0.054046 0.080112
0 0.015450 0.375283 0.030852 0.074819
0 0.190781 0.012960 0.048217 0.025921
0 0.016208 0.768011 0.032412 0.084150
0 0.142301 0.980832 0.049236 0.037021
0 0.362845 0.013656 0.051375 0.027313
0 0.980878 0.595739 0.036488 0.080828
0 0.369907 0.559942 0.045102 0.067431
0 0.049160 0.915301 0.049345 0.078236
0 0.539438 0.516307 0.045216 0.070506
0 0.322140 0.585483 0.050194 0.073359
0 0.869734 0.629495 0.043805 0.067752
0 0.267609 0.265993 0.045302 0.073146
0 0.206753 0.552672 0.044870 0.072408
0 0.254050 0.580169 0.045255 0.069539
0 0.800809 0.918844 0.051021 0.079448
0 0.327857 0.511202 0.047995 0.073459
0 0.727278 0.914766 0.043353 0.071770
0 0.981390 0.339734 0.035358 0.078168
0 0.883027 0.551973 0.050282 0.080079
0 0.919747 0.028914 0.049754 0.057828
0 0.736051 0.666565 0.048766 0.071184
0 0.060205 0.828298 0.049563 0.071991
0 0.981213 0.218081 0.035708 0.069412
0 0.762786 0.020729 0.045147 0.041458
0 0.289621 0.654226 0.055535 0.084941
0 0.510976 0.140218 0.046347 0.077895
0 0.023234 0.211870 0.046435 0.085030
0 0.455099 0.295505 0.050455 0.076684
0 0.204756 0.632245 0.049258 0.077638
0 0.669245 0.624223 0.048691 0.080247
0 0.250654 0.486652 0.046747 0.074079
0 0.407259 0.859947 0.042927 0.076219
0 0.310540 0.311476 0.047323 0.070073
0 0.022703 0.453478 0.045348 0.076783
0 0.185811 0.460015 0.050649 0.073224
0 0.543945 0.022338 0.052007 0.044676
0 0.920801 0.850968 0.042302 0.057408
0 0.626452 0.578861 0.045211 0.070896
0 0.217960 0.796558 0.045104 0.073897
0 0.507171 0.928481 0.049914 0.080551
0 0.528205 0.825522 0.045664 0.072252
0 0.697672 0.535402 0.048290 0.071189
0 0.906335 0.786488 0.044838 0.073229
0 0.700432 0.774431 0.047483 0.079124
0 0.754764 0.595364 0.051918 0.071258
0 0.667991 0.453956 0.046918 0.073922
0 0.622928 0.961568 0.045238 0.073105
0 0.567323 0.574910 0.051191 0.078546
0 0.884379 0.467705 0.054426 0.086942
0 0.289472 0.434168 0.050203 0.077842
0 0.795975 0.833279 0.050231 0.081232
0 0.419355 0.546888 0.047473 0.078322
0 0.404689 0.773549 0.046615 0.076595
0 0.820699 0.315829 0.051142 0.071023
0 0.595357 0.800028 0.051636 0.073708
0 0.183143 0.377738 0.043073 0.079009
0 0.246867 0.727816 0.049222 0.085644
0 0.192547 0.969820 0.044357 0.058571
0 0.292560 0.855729 0.048687 0.069940
0 0.169405 0.802997 0.047166 0.084871
0 0.124046 0.861512 0.055440 0.086656
0 0.818020 0.725799 0.048812 0.081884
0 0.477329 0.357423 0.051155 0.080283
0 0.820769 0.400740 0.053802 0.084863
0 0.762620 0.356560 0.046225 0.074480
0 0.928239 0.942451 0.051630 0.079085
0 0.937828 0.500004 0.052917 0.085649
0 0.343462 0.847803 0.047396 0.076913
0 0.717336 0.185117 0.044745 0.069518
0 0.738444 0.091575 0.045081 0.069754
0 0.768861 0.752775 0.053084 0.089303
0 0.715260 0.387049 0.046331 0.078179
0 0.654386 0.824825 0.052792 0.082625
0 0.661436 0.208041 0.046308 0.068276
0 0.657627 0.057638 0.047004 0.071251
0 0.125560 0.512242 0.048165 0.076886
0 0.126598 0.410197 0.050097 0.074422
0 0.094669 0.671409 0.046890 0.075344
0 0.487571 0.736508 0.050521 0.079620
0 0.052772 0.343247 0.046086 0.073651
0 0.671640 0.134064 0.048378 0.075303
0 0.029814 0.065524 0.047837 0.071700
0 0.294724 0.065147 0.044681 0.068752
0 0.733429 0.263606 0.046496 0.079872
0 0.562489 0.086607 0.046052 0.078745
0 0.603348 0.490407 0.049544 0.081201
0 0.549869 0.727254 0.049757 0.077221
0 0.231250 0.199706 0.048507 0.074415
0 0.256540 0.115085 0.050604 0.072295
0 0.949350 0.391135 0.048976 0.078400
0 0.392290 0.091793 0.047138 0.068900
0 0.796241 0.062629 0.047304 0.075313
0 0.046854 0.139870 0.052368 0.077593
0 0.477998 0.620963 0.052186 0.096291
0 0.891157 0.086113 0.047357 0.074836
0 0.323696 0.236552 0.047510 0.072051
0 0.437573 0.220582 0.051688 0.074443
0 0.710649 0.032242 0.053211 0.064484
0 0.343871 0.073290 0.044808 0.070703
0 0.614642 0.092090 0.048811 0.076731
0 0.195721 0.124917 0.045834 0.072632
0 0.092740 0.585985 0.053745 0.081894
0 0.035491 0.603254 0.052550 0.077971
0 0.395278 0.170839 0.050587 0.079065
0 0.959053 0.070872 0.046729 0.070901
0 0.510765 0.239746 0.049878 0.078116
0 0.316340 0.141068 0.052260 0.072313
0 0.881218 0.340084 0.051210 0.080926
0 0.120741 0.062420 0.047798 0.069745
0 0.163549 0.285157 0.048666 0.070186
0 0.530668 0.352958 0.048223 0.079508
0 0.781793 0.186475 0.052634 0.081245
0 0.952214 0.142921 0.048657 0.069357
0 0.623909 0.303154 0.055863 0.085782
0 0.442885 0.125013 0.051219 0.077539
0 0.838617 0.233625 0.054627 0.087007
0 0.946991 0.268482 0.053512 0.078070
0 0.074853 0.223852 0.052475 0.078289
0 0.137513 0.183678 0.051406 0.078494
1 0.324916 0.380810 0.032755 0.082241
1 0.982600 0.507151 0.034800 0.077473
1 0.553422 0.163886 0.046793 0.070322
2 0.363911 0.492253 0.028076 0.040524
2 0.387307 0.475566 0.029636 0.045292
2 0.347143 0.362932 0.019497 0.034565
2 0.481673 0.117402 0.014038 0.027414
2 0.635310 0.518474 0.023396 0.030989
2 0.705499 0.599523 0.023396 0.030989
2 0.810003 0.604291 0.017157 0.026222
2 0.818972 0.994041 0.019497 0.011919