0 0.010955 0.566175 0.021911 0.079488
0 0.002120 0.334468 0.004241 0.059669
0 0.997733 0.286887 0.004094 0.055369
0 0.848312 0.003256 0.040854 0.006513
0 0.996362 0.431009 0.006367 0.054635
0 0.996180 0.623743 0.006651 0.054840
0 0.005366 0.718508 0.010725 0.058964
0 0.006502 0.487532 0.012947 0.062704
0 0.993741 0.085188 0.010929 0.066148
0 0.345485 0.006633 0.037344 0.013266
0 0.654400 0.007971 0.043832 0.015943
0 0.455135 0.008649 0.041801 0.017299
0 0.012635 0.910802 0.025269 0.076347
0 0.376217 0.355615 0.043888 0.081839
0 0.377385 0.767882 0.043317 0.067485
0 0.337728 0.358210 0.045129 0.078721
0 0.028703 0.013545 0.051289 0.027080
0 0.013790 0.052117 0.027523 0.079723
0 0.015937 0.831573 0.031845 0.071193
0 0.936359 0.982185 0.046338 0.032608
0 0.297693 0.012799 0.045546 0.025599
0 0.094149 0.972028 0.051925 0.052784
0 0.604160 0.975068 0.050372 0.046577
0 0.359524 0.914610 0.055298 0.081202
0 0.350038 0.837131 0.047767 0.075907
0 0.195687 0.968019 0.047140 0.061119
0 0.331486 0.972671 0.047205 0.051382
0 0.844961 0.972216 0.042516 0.052288
0 0.520174 0.427586 0.048039 0.076978
0 0.019282 0.654133 0.038563 0.076275
0 0.690228 0.971832 0.052160 0.053154
0 0.934700 0.017989 0.049090 0.035977
0 0.981159 0.365294 0.035974 0.080319
0 0.336744 0.733490 0.047339 0.074306
0 0.127305 0.930180 0.051889 0.078264
0 0.020101 0.424563 0.040201 0.078558
0 0.980954 0.762502 0.036220 0.073808
0 0.262854 0.408419 0.046297 0.072235
0 0.409522 0.419076 0.047109 0.073209
0 0.817586 0.914656 0.048877 0.077948
0 0.076405 0.896054 0.048665 0.077415
0 0.475206 0.757445 0.050586 0.074421
0 0.261646 0.801658 0.041200 0.073688
0 0.980121 0.871260 0.037987 0.080562
0 0.771539 0.217527 0.043436 0.071031
0 0.568950 0.929987 0.058710 0.086613
0 0.852191 0.526506 0.053138 0.073658
0 0.130066 0.298499 0.044255 0.071859
0 0.289283 0.542905 0.047265 0.081054
0 0.744683 0.281189 0.041724 0.074445
0 0.056599 0.811080 0.045559 0.079365
0 0.451101 0.470793 0.053144 0.079749
0 0.315386 0.471923 0.048090 0.078847
0 0.103609 0.791188 0.048495 0.080721
0 0.427452 0.328397 0.047962 0.086397
0 0.244682 0.479501 0.052745 0.074775
0 0.607140 0.195244 0.046410 0.078133
0 0.848816 0.451636 0.045210 0.068494
0 0.700570 0.898005 0.050294 0.073500
0 0.790824 0.316681 0.042904 0.069921
0 0.890738 0.945440 0.048587 0.070839
0 0.812654 0.248326 0.044770 0.077330
0 0.426625 0.941959 0.050041 0.081322
0 0.384100 0.272358 0.051278 0.082356
0 0.815718 0.396469 0.048639 0.080762
0 0.478540 0.365728 0.048195 0.080394
0 0.900956 0.650731 0.041571 0.069762
0 0.283712 0.869548 0.051428 0.078046
0 0.763914 0.406932 0.050470 0.080228
0 0.706390 0.820837 0.048535 0.072124
0 0.492412 0.079568 0.049109 0.078318
0 0.429541 0.552954 0.053351 0.079259
0 0.309983 0.066813 0.052124 0.078781
0 0.634013 0.890994 0.051556 0.075659
0 0.871411 0.055045 0.046238 0.073050
0 0.433223 0.052997 0.045898 0.075674
0 0.597997 0.833911 0.047685 0.068818
0 0.889563 0.570799 0.049484 0.081415
0 0.464370 0.833870 0.049883 0.079363
0 0.726855 0.507424 0.049247 0.079535
0 0.670590 0.061730 0.048369 0.078849
0 0.339825 0.567329 0.049229 0.072137
0 0.940377 0.812447 0.045219 0.069161
0 0.093044 0.158576 0.045067 0.072119
0 0.899868 0.866833 0.049219 0.073222
0 0.645983 0.247532 0.050783 0.084310
0 0.026419 0.261708 0.052376 0.079107
0 0.792534 0.478466 0.044927 0.073895
0 0.483017 0.252886 0.047306 0.080722
0 0.223506 0.901448 0.049061 0.076631
0 0.330713 0.141988 0.046083 0.074568
0 0.272152 0.196597 0.050726 0.079431
0 0.286686 0.297159 0.048074 0.078980
0 0.612870 0.486015 0.053424 0.085462
0 0.087572 0.041402 0.050653 0.081224
0 0.847376 0.815967 0.048626 0.073089
0 0.139233 0.476652 0.044562 0.072039
0 0.630966 0.768022 0.048640 0.076059
0 0.116159 0.392980 0.048572 0.078421
0 0.134278 0.205542 0.048788 0.078126
0 0.715264 0.745252 0.044396 0.072688
0 0.680031 0.146529 0.050451 0.076719
0 0.125011 0.715971 0.056431 0.083355
0 0.659627 0.688607 0.051218 0.081656
0 0.627014 0.403299 0.054373 0.085094
0 0.200339 0.548127 0.051288 0.079807
0 0.236369 0.332113 0.048357 0.077355
0 0.504864 0.701509 0.045903 0.078449
0 0.546208 0.823509 0.051517 0.077728
0 0.785995 0.714971 0.046555 0.073644
0 0.459354 0.618454 0.044995 0.071471
0 0.141972 0.060749 0.050306 0.079469
0 0.776408 0.853275 0.051668 0.076893
0 0.919977 0.740555 0.046892 0.075426
0 0.340084 0.649827 0.052939 0.079773
0 0.381320 0.081285 0.051353 0.079547
0 0.916231 0.184977 0.046133 0.069480
0 0.191958 0.257211 0.049056 0.076884
0 0.904891 0.108741 0.048660 0.075650
0 0.552094 0.354063 0.057702 0.090426
0 0.696778 0.433754 0.051167 0.081428
0 0.235039 0.660290 0.050492 0.079634
0 0.633065 0.569415 0.052145 0.080574
0 0.203220 0.728591 0.054915 0.083765
0 0.848850 0.323785 0.049385 0.077543
0 0.548980 0.742305 0.048996 0.074416
0 0.962378 0.635058 0.053495 0.074039
0 0.411140 0.837837 0.049170 0.078599
0 0.162684 0.354573 0.048015 0.078132
0 0.420784 0.674550 0.047942 0.076554
0 0.435438 0.192066 0.047585 0.077874
0 0.775791 0.070914 0.051140 0.084831
0 0.746108 0.145771 0.048872 0.080019
0 0.219959 0.140392 0.052485 0.078224
0 0.550503 0.615696 0.048421 0.075559
0 0.708117 0.589107 0.051930 0.083141
0 0.165637 0.618250 0.048161 0.074389
0 0.090857 0.537822 0.051426 0.079770
0 0.594897 0.112422 0.051978 0.084084
0 0.537149 0.264017 0.052265 0.080742
0 0.963705 0.528782 0.051364 0.081153
0 0.083855 0.256946 0.053676 0.090411
0 0.850339 0.732517 0.047960 0.078353
0 0.969074 0.174422 0.047211 0.075521
0 0.894878 0.412946 0.049454 0.079252
0 0.880185 0.253049 0.051105 0.083831
1 0.499220 0.466031 0.036654 0.071514
2 0.130726 0.593564 0.023396 0.030989
2 0.473484 0.703218 0.022617 0.035757
2 0.457886 0.975566 0.017937 0.025030
2 0.778028 0.918951 0.032755 0.047676
2 0.801814 0.540524 0.021057 0.034565