0 0.001782 0.484467 0.003515 0.075993
0 0.157892 0.992805 0.038308 0.012217
0 0.212244 0.992776 0.039274 0.012081
0 0.995861 0.551014 0.007640 0.061508
0 0.651181 0.004993 0.039944 0.009986
0 0.380611 0.990250 0.046295 0.017137
0 0.234579 0.007121 0.040865 0.014243
0 0.851310 0.986561 0.046186 0.023973
0 0.723718 0.989121 0.041394 0.018964
0 0.013886 0.828231 0.027773 0.084177
0 0.522740 0.649636 0.049714 0.073869
0 0.983169 0.941483 0.031969 0.085654
0 0.125299 0.763284 0.042743 0.065514
0 0.719850 0.495832 0.043332 0.068653
0 0.516860 0.455663 0.051069 0.081641
0 0.912901 0.447364 0.041431 0.066930
0 0.692825 0.577440 0.048632 0.079128
0 0.108682 0.966169 0.048105 0.064917
0 0.155449 0.935867 0.047748 0.079546
0 0.523122 0.837447 0.052172 0.086003
0 0.726291 0.645854 0.047667 0.074116
0 0.466913 0.432373 0.047256 0.080105
0 0.240500 0.783674 0.044629 0.072223
0 0.559654 0.922415 0.045103 0.070918
0 0.424743 0.742667 0.043870 0.073517
0 0.016252 0.681592 0.032500 0.073740
0 0.112409 0.838216 0.050154 0.081790
0 0.030713 0.762546 0.054799 0.086469
0 0.553284 0.717821 0.051269 0.080006
0 0.896292 0.520460 0.041410 0.077022
0 0.559727 0.499403 0.049325 0.079504
0 0.639828 0.516826 0.055785 0.083440
0 0.356502 0.956523 0.053194 0.072823
0 0.694331 0.770116 0.048091 0.070963
0 0.552601 0.389980 0.043189 0.069978
0 0.982386 0.484637 0.034261 0.079585
0 0.863319 0.569039 0.050178 0.085592
0 0.475642 0.714392 0.046258 0.076350
0 0.699231 0.858093 0.046818 0.083554
0 0.672945 0.450355 0.056117 0.086687
0 0.817522 0.952677 0.048873 0.077929
0 0.041390 0.947376 0.046168 0.074389
0 0.942581 0.527150 0.045496 0.078409
0 0.300297 0.966343 0.052746 0.064388
0 0.901446 0.638754 0.046542 0.075783
0 0.586704 0.800703 0.051275 0.078905
0 0.431316 0.931043 0.042728 0.075981
0 0.350691 0.592334 0.046622 0.077268
0 0.745426 0.761030 0.048773 0.077496
0 0.351310 0.179343 0.045653 0.074446
0 0.117000 0.689962 0.048293 0.073804
0 0.881842 0.385443 0.047602 0.081738
0 0.555747 0.585305 0.053513 0.081558
0 0.206424 0.940318 0.046459 0.078779
0 0.270461 0.867006 0.050475 0.083052
0 0.837434 0.207804 0.050636 0.077483
0 0.459898 0.626401 0.044376 0.077154
0 0.974231 0.738352 0.050349 0.078069
0 0.969197 0.865027 0.047781 0.083053
0 0.857884 0.740745 0.047733 0.081297
0 0.446590 0.206948 0.043926 0.073088
0 0.746862 0.401475 0.048242 0.079906
0 0.901893 0.969897 0.051305 0.057789
0 0.624177 0.962893 0.048020 0.071033
0 0.726949 0.933978 0.050495 0.078915
0 0.774463 0.857871 0.046615 0.078740
0 0.632528 0.756761 0.050487 0.078463
0 0.312607 0.454666 0.046147 0.074905
0 0.319800 0.236839 0.049851 0.076540
0 0.193643 0.375011 0.045330 0.073215
0 0.387622 0.884561 0.063077 0.085082
0 0.981910 0.350600 0.034885 0.075627
0 0.399560 0.282279 0.046328 0.072068
0 0.857371 0.858350 0.049118 0.074174
0 0.063730 0.699717 0.047551 0.076665
0 0.926116 0.782531 0.046738 0.075799
0 0.074356 0.339478 0.044777 0.073094
0 0.390797 0.424315 0.045829 0.073671
0 0.787771 0.681970 0.053299 0.084949
0 0.327788 0.666980 0.055303 0.081720
0 0.465261 0.278683 0.045350 0.077370
0 0.376870 0.069236 0.048591 0.073267
0 0.063568 0.603387 0.050015 0.066292
0 0.224599 0.551718 0.048250 0.077596
0 0.261928 0.404855 0.057151 0.092175
0 0.403127 0.588718 0.050864 0.082981
0 0.163689 0.441207 0.052138 0.080714
0 0.656184 0.227648 0.051285 0.079334
0 0.165989 0.834741 0.049827 0.075930
0 0.391833 0.504753 0.050635 0.076268
0 0.881726 0.242669 0.047694 0.076226
0 0.507059 0.158908 0.051183 0.079600
0 0.276195 0.731251 0.049633 0.077022
0 0.666005 0.148306 0.048545 0.074130
0 0.316457 0.371582 0.053034 0.080587
0 0.386897 0.674366 0.052922 0.071744
0 0.824686 0.017987 0.046612 0.035975
0 0.311029 0.794523 0.048763 0.080098
0 0.809951 0.140165 0.050907 0.078121
0 0.676340 0.308223 0.049643 0.076129
0 0.938055 0.384435 0.047990 0.073946
0 0.186578 0.224068 0.039606 0.065276
0 0.040184 0.534302 0.049894 0.081020
0 0.736599 0.229723 0.051032 0.076707
0 0.121875 0.371332 0.048869 0.080629
0 0.383755 0.792664 0.053751 0.079599
0 0.155203 0.638524 0.048454 0.081373
0 0.398561 0.141166 0.055989 0.077764
0 0.216047 0.283102 0.047140 0.074606
0 0.120744 0.241675 0.053939 0.081604
0 0.413390 0.031482 0.043635 0.062912
0 0.753295 0.023016 0.050180 0.045970
0 0.155805 0.541754 0.047882 0.076411
0 0.959346 0.023566 0.046794 0.047094
0 0.566719 0.172087 0.050698 0.075645
0 0.744770 0.314439 0.053111 0.080974
0 0.285489 0.183295 0.049305 0.077713
0 0.659950 0.052232 0.049650 0.077045
0 0.028792 0.275435 0.051280 0.085823
0 0.068210 0.446069 0.051690 0.080410
0 0.717852 0.152679 0.047658 0.074544
0 0.560896 0.037170 0.052443 0.074242
0 0.850588 0.093853 0.046007 0.075837
0 0.720253 0.070052 0.048565 0.076728
0 0.461212 0.062438 0.043486 0.077708
0 0.150795 0.172067 0.052582 0.079529
0 0.042814 0.026513 0.047055 0.053025
0 0.940783 0.290082 0.052575 0.073501
0 0.901604 0.092570 0.048034 0.077454
0 0.976339 0.092469 0.045718 0.081355
0 0.052380 0.109094 0.046631 0.079677
1 0.079254 0.210965 0.049912 0.088200
1 0.494541 0.390346 0.050692 0.036949
2 0.650907 0.583433 0.023396 0.034565
2 0.825601 0.741359 0.017157 0.026222
2 0.846268 0.801549 0.025736 0.032181
2 0.905929 0.737187 0.020277 0.034565
2 0.730845 0.853993 0.016378 0.027414
2 0.785437 0.946365 0.021057 0.028605
2 0.773739 0.270560 0.022617 0.033373