0 0.443945 0.002011 0.039288 0.004011
0 0.996387 0.920898 0.006268 0.059593
0 0.997294 0.181091 0.005411 0.057106
0 0.299630 0.995409 0.034459 0.007645
0 0.701664 0.996065 0.041611 0.006998
0 0.327304 0.003639 0.032483 0.007278
0 0.995973 0.770705 0.007044 0.053581
0 0.011719 0.989363 0.023419 0.018662
0 0.897520 0.991856 0.036887 0.013848
0 0.232430 0.992774 0.037676 0.012297
0 0.648698 0.399053 0.050957 0.071861
0 0.650519 0.332557 0.050203 0.073929
0 0.586666 0.444886 0.047069 0.073369
0 0.008304 0.754346 0.016608 0.081959
0 0.480215 0.384761 0.044686 0.077751
0 0.440012 0.378132 0.046439 0.072161
0 0.555385 0.399169 0.046889 0.084634
0 0.504984 0.443386 0.039651 0.072553
0 0.604835 0.360867 0.041774 0.070762
0 0.612579 0.801158 0.051329 0.074496
0 0.051085 0.980212 0.049081 0.036471
0 0.547394 0.489884 0.052805 0.084805
0 0.964374 0.977669 0.049930 0.043158
0 0.357734 0.666904 0.047564 0.067402
0 0.424701 0.549416 0.047323 0.069304
0 0.682434 0.021471 0.052587 0.042941
0 0.252113 0.466341 0.051266 0.080400
0 0.876614 0.021964 0.047729 0.043928
0 0.289155 0.438450 0.050514 0.086846
0 0.370623 0.610512 0.049361 0.072591
0 0.645738 0.478556 0.046367 0.074912
0 0.016446 0.847089 0.032889 0.080866
0 0.015409 0.375717 0.030770 0.078197
0 0.444977 0.462732 0.050297 0.078108
0 0.802292 0.875350 0.046952 0.074885
0 0.311350 0.627007 0.054751 0.080427
0 0.858179 0.794927 0.047389 0.075831
0 0.920414 0.944041 0.053611 0.075240
0 0.409010 0.678296 0.045338 0.070675
0 0.481567 0.567425 0.047462 0.074962
0 0.712746 0.651586 0.046310 0.071778
0 0.441896 0.807132 0.048170 0.067691
0 0.336993 0.496655 0.052351 0.083286
0 0.350001 0.885354 0.047420 0.075479
0 0.592609 0.601629 0.046927 0.072847
0 0.981274 0.696005 0.036345 0.065452
0 0.366547 0.956315 0.045302 0.071410
0 0.432939 0.617279 0.056255 0.069288
0 0.703510 0.463415 0.051139 0.080026
0 0.422132 0.876118 0.055530 0.073624
0 0.413899 0.952190 0.044408 0.077516
0 0.117330 0.894271 0.048044 0.072284
0 0.858959 0.866195 0.054399 0.067607
0 0.690114 0.748590 0.047742 0.077299
0 0.855333 0.945244 0.052814 0.078551
0 0.493055 0.806354 0.046226 0.076626
0 0.848882 0.337328 0.048153 0.066907
0 0.085064 0.745702 0.041133 0.070797
0 0.167375 0.805383 0.051739 0.064149
0 0.018145 0.613101 0.036291 0.076558
0 0.949624 0.892848 0.050180 0.065079
0 0.305215 0.707218 0.054340 0.067056
0 0.244645 0.882311 0.046279 0.069972
0 0.112869 0.812737 0.048075 0.076434
0 0.850456 0.409286 0.049033 0.070384
0 0.664753 0.675135 0.045040 0.077296
0 0.068342 0.927064 0.051421 0.078785
0 0.694828 0.542490 0.050080 0.077858
0 0.287849 0.916912 0.049270 0.080503
0 0.776202 0.788913 0.053281 0.085504
0 0.524925 0.665551 0.052496 0.081142
0 0.922642 0.421673 0.047443 0.067841
0 0.038946 0.731354 0.046439 0.072049
0 0.596217 0.941523 0.048000 0.067555
0 0.799873 0.419419 0.048222 0.076778
0 0.531753 0.755307 0.053699 0.074855
0 0.456402 0.731693 0.050218 0.078950
0 0.665355 0.818976 0.050734 0.081085
0 0.750368 0.298532 0.042942 0.072166
0 0.478024 0.934348 0.048913 0.074869
0 0.957072 0.216544 0.046792 0.071326
0 0.336502 0.785887 0.050742 0.072968
0 0.793946 0.225495 0.044548 0.069139
0 0.765411 0.638205 0.051114 0.075576
0 0.112660 0.550029 0.051665 0.075516
0 0.828647 0.518623 0.049753 0.076127
0 0.942339 0.481021 0.051346 0.061599
0 0.971985 0.626262 0.048728 0.071100
0 0.166288 0.960369 0.046157 0.076380
0 0.882347 0.510026 0.049640 0.073010
0 0.276480 0.778415 0.053586 0.083161
0 0.758607 0.479628 0.053265 0.081029
0 0.131128 0.733563 0.049529 0.077841
0 0.695965 0.953140 0.056471 0.074375
0 0.195330 0.385132 0.047089 0.073198
0 0.514005 0.313962 0.050309 0.074193
0 0.314875 0.232760 0.047000 0.074540
0 0.958986 0.551343 0.047204 0.070332
0 0.378716 0.322597 0.047768 0.074043
0 0.054800 0.457413 0.055315 0.080762
0 0.077584 0.672170 0.047570 0.069751
0 0.267978 0.313147 0.051506 0.085696
0 0.206908 0.541564 0.050070 0.078497
0 0.850364 0.261046 0.048988 0.071554
0 0.969372 0.288485 0.053386 0.074901
0 0.322810 0.323544 0.050561 0.074938
0 0.849290 0.669499 0.046481 0.081952
0 0.120778 0.472185 0.049934 0.075560
0 0.905764 0.346062 0.050977 0.079627
0 0.934745 0.155340 0.052200 0.078802
0 0.189266 0.709855 0.053920 0.083668
0 0.384355 0.127039 0.049017 0.075821
0 0.378731 0.209745 0.051848 0.082126
0 0.906479 0.654792 0.052347 0.075389
0 0.176810 0.095379 0.050579 0.085276
0 0.075247 0.310805 0.049595 0.072912
0 0.209625 0.233591 0.050339 0.083037
1 0.160361 0.570918 0.045233 0.102503
1 0.289432 0.565554 0.049133 0.065554
1 0.325696 0.560191 0.038994 0.045292
1 0.636869 0.749106 0.034315 0.056019
1 0.746443 0.702622 0.060051 0.056019
2 0.232111 0.390942 0.021837 0.035757
2 0.085103 0.585816 0.021057 0.027414
2 0.066386 0.598331 0.013258 0.026222
2 0.026612 0.954708 0.017937 0.026222
2 0.085493 0.983909 0.015598 0.025030
2 0.310099 0.873063 0.015598 0.022646
2 0.333495 0.945769 0.018717 0.025030
2 0.891891 0.784267 0.018717 0.028605
2 0.837299 0.766389 0.017157 0.030989
2 0.834959 0.902265 0.017157 0.030989
2 0.613863 0.898689 0.017937 0.030989
2 0.780368 0.268176 0.024956 0.038141
2 0.390427 0.043504 0.018717 0.025030
2 0.529636 0.100119 0.019497 0.028605