0 0.571799 0.996308 0.036546 0.006383
0 0.002573 0.594529 0.005112 0.075774
0 0.114257 0.002096 0.047016 0.004123
0 0.997894 0.618864 0.004119 0.062752
0 0.005075 0.261607 0.010150 0.058114
0 0.331307 0.650738 0.045136 0.080238
0 0.010694 0.901817 0.021389 0.070293
0 0.291490 0.656293 0.044422 0.071820
0 0.354310 0.009840 0.043262 0.019679
0 0.392261 0.986292 0.041349 0.024622
0 0.039097 0.946577 0.047432 0.077427
0 0.843298 0.695370 0.054014 0.077765
0 0.879226 0.651807 0.047708 0.077334
0 0.989714 0.455929 0.019318 0.072781
0 0.678179 0.983307 0.049154 0.030765
0 0.874377 0.451808 0.048236 0.072064
0 0.312535 0.982594 0.044838 0.031941
0 0.013292 0.812659 0.026583 0.075251
0 0.786445 0.923527 0.043602 0.067556
0 0.656416 0.759811 0.049700 0.074990
0 0.643868 0.876521 0.046488 0.067557
0 0.975910 0.970861 0.046172 0.055628
0 0.616677 0.800804 0.043516 0.075982
0 0.303826 0.584533 0.045253 0.070972
0 0.972487 0.770218 0.049258 0.075592
0 0.894738 0.519628 0.051810 0.085509
0 0.160324 0.589891 0.049592 0.079488
0 0.775455 0.829801 0.045570 0.071871
0 0.205424 0.966734 0.048066 0.064847
0 0.121789 0.621379 0.051190 0.080903
0 0.193654 0.380699 0.048465 0.075310
0 0.983407 0.538779 0.032118 0.085225
0 0.518571 0.505660 0.046449 0.080077
0 0.150452 0.970274 0.054141 0.057077
0 0.835459 0.860189 0.054605 0.069780
0 0.977616 0.864766 0.043357 0.073555
0 0.955645 0.704253 0.046889 0.066579
0 0.699187 0.909218 0.046919 0.067603
0 0.830838 0.960695 0.053906 0.075680
0 0.459033 0.971090 0.050446 0.054720
0 0.747111 0.700929 0.048854 0.070646
0 0.942203 0.547627 0.048208 0.082716
0 0.215256 0.895209 0.041526 0.081521
0 0.458053 0.708541 0.045445 0.072830
0 0.402528 0.554406 0.047743 0.074698
0 0.912175 0.940596 0.050253 0.072425
0 0.354140 0.565467 0.050847 0.074049
0 0.299814 0.412291 0.044283 0.082662
0 0.504397 0.687982 0.046309 0.068218
0 0.488371 0.893878 0.041523 0.090059
0 0.913717 0.848116 0.046381 0.074186
0 0.068804 0.574348 0.045936 0.074397
0 0.380258 0.487660 0.045446 0.069566
0 0.435226 0.637923 0.049748 0.068340
0 0.550185 0.926753 0.048735 0.077702
0 0.729902 0.773740 0.057255 0.081805
0 0.444532 0.527107 0.048548 0.081242
0 0.966458 0.038396 0.049074 0.076792
0 0.843587 0.384811 0.045824 0.074343
0 0.461112 0.393816 0.044668 0.069604
0 0.112738 0.540554 0.056504 0.071214
0 0.263711 0.488241 0.052962 0.076332
0 0.622378 0.697303 0.046481 0.073251
0 0.417167 0.777485 0.050201 0.080253
0 0.116413 0.466107 0.057799 0.073855
0 0.205635 0.552084 0.052928 0.078658
0 0.969843 0.632166 0.048989 0.079243
0 0.286035 0.931402 0.051423 0.073695
0 0.798732 0.547546 0.050402 0.079806
0 0.492983 0.770176 0.052257 0.071777
0 0.172748 0.849511 0.049061 0.078924
0 0.262340 0.817245 0.045675 0.073748
0 0.539409 0.844363 0.050571 0.076921
0 0.626244 0.529864 0.045555 0.071492
0 0.355248 0.952939 0.049929 0.077217
0 0.200905 0.718703 0.046746 0.076309
0 0.703963 0.621419 0.051179 0.080355
0 0.936476 0.472798 0.054410 0.074421
0 0.436998 0.851092 0.050208 0.073101
0 0.749784 0.593618 0.042750 0.093835
0 0.507987 0.612988 0.047909 0.071198
0 0.254248 0.714298 0.050346 0.084735
0 0.377357 0.870214 0.051878 0.078862
0 0.076829 0.749160 0.046323 0.067783
0 0.409862 0.391121 0.049282 0.082107
0 0.563458 0.539196 0.052761 0.081311
0 0.817614 0.215508 0.048050 0.073149
0 0.075214 0.652284 0.047553 0.076937
0 0.650964 0.376274 0.045214 0.087165
0 0.256078 0.380329 0.050128 0.085840
0 0.151240 0.751150 0.048106 0.088784
0 0.642338 0.456376 0.053275 0.077629
0 0.131071 0.326963 0.053680 0.074251
0 0.052680 0.394078 0.051461 0.083507
0 0.699107 0.458196 0.053980 0.079155
0 0.112785 0.226068 0.045507 0.075953
0 0.179207 0.040805 0.050056 0.081610
0 0.046634 0.478951 0.055525 0.076821
0 0.208921 0.296106 0.050019 0.080295
0 0.067512 0.190299 0.047593 0.074655
0 0.338389 0.350914 0.052265 0.075006
0 0.769963 0.406238 0.051939 0.082590
0 0.522124 0.314548 0.050480 0.077887
0 0.033016 0.301287 0.051356 0.084339
0 0.606511 0.319066 0.050003 0.075822
0 0.769002 0.312330 0.042548 0.076137
0 0.332192 0.235590 0.047530 0.079216
0 0.854169 0.177504 0.047706 0.077051
0 0.891594 0.353459 0.051560 0.082933
0 0.855264 0.279627 0.055457 0.084253
0 0.388571 0.286623 0.051242 0.079593
0 0.277817 0.238688 0.053426 0.076174
0 0.550862 0.053479 0.054478 0.086562
0 0.443783 0.288857 0.049226 0.080770
0 0.587978 0.145659 0.051741 0.086205
0 0.577462 0.238795 0.055931 0.089920
0 0.233170 0.160710 0.051075 0.085979
1 0.172840 0.423123 0.051472 0.078665
1 0.264086 0.557807 0.043673 0.059595
1 0.487522 0.451132 0.041334 0.075089
1 0.800645 0.733015 0.045233 0.073897
1 0.086663 0.965435 0.052252 0.069130
1 0.535875 0.431466 0.049133 0.073897
1 0.552642 0.364124 0.054592 0.087008
1 0.836909 0.474374 0.049133 0.078665
1 0.124877 0.401669 0.052252 0.071514
2 0.039870 0.827175 0.013258 0.023838
2 0.077694 0.923719 0.024956 0.028605
2 0.577208 0.736591 0.022617 0.035757
2 0.731235 0.971990 0.021837 0.032181
2 0.815852 0.673421 0.022617 0.030989
2 0.915287 0.795590 0.020277 0.020262
2 0.993518 0.737783 0.012964 0.026222
2 0.977288 0.367104 0.021057 0.033373
2 0.709398 0.274136 0.023396 0.033373
2 0.686392 0.131704 0.030415 0.041716
2 0.382238 0.047080 0.024176 0.032181
2 0.051958 0.089988 0.017157 0.034565
2 0.033241 0.234803 0.020277 0.028605
1 0.713298 0.316448 0.060831 0.077473
1 0.700820 0.381406 0.051472 0.071514