0 0.116756 0.355308 0.046428 0.062080
0 0.087375 0.996125 0.041657 0.007557
0 0.813117 0.001395 0.040288 0.002757
0 0.710625 0.001669 0.041968 0.003274
0 0.106335 0.331246 0.067790 0.109855
0 0.997314 0.976705 0.005276 0.046353
0 0.343924 0.001473 0.042161 0.002894
0 0.036816 0.995416 0.038644 0.008319
0 0.005812 0.011390 0.011624 0.022780
0 0.139347 0.295476 0.050656 0.075609
0 0.788357 0.994801 0.039894 0.009499
0 0.131756 0.090818 0.064096 0.099108
0 0.573109 0.004241 0.037536 0.008482
0 0.496387 0.994999 0.037056 0.009109
0 0.076014 0.468540 0.045542 0.097260
0 0.959492 0.993950 0.049558 0.011763
0 0.959627 0.003777 0.046311 0.007554
0 0.004495 0.822598 0.008989 0.060683
0 0.005624 0.467370 0.011236 0.059591
0 0.882160 0.011500 0.045009 0.023001
0 0.005867 0.961433 0.011734 0.071565
0 0.491511 0.845464 0.045520 0.066949
0 0.260533 0.620884 0.042632 0.072805
0 0.283211 0.664751 0.049383 0.077855
0 0.035123 0.007773 0.036289 0.015546
0 0.988561 0.603850 0.022525 0.081735
0 0.136834 0.025884 0.048458 0.051768
0 0.089329 0.011073 0.044476 0.022146
0 0.987446 0.735681 0.024165 0.074103
0 0.721757 0.603162 0.042019 0.074908
0 0.871779 0.505524 0.047167 0.073322
0 0.609532 0.175007 0.047342 0.074354
0 0.021277 0.406219 0.042553 0.070935
0 0.280739 0.973606 0.042959 0.050611
0 0.021122 0.882642 0.042244 0.073091
0 0.645818 0.135618 0.056365 0.066085
0 0.310232 0.424916 0.041946 0.068378
0 0.654782 0.977053 0.048542 0.043224
0 0.442393 0.983914 0.051990 0.030027
0 0.483293 0.021090 0.041313 0.042180
0 0.020875 0.331156 0.041750 0.069858
0 0.762925 0.574635 0.052996 0.084286
0 0.294477 0.554286 0.044076 0.068919
0 0.986250 0.840653 0.026510 0.077830
0 0.591584 0.982097 0.049986 0.033602
0 0.328874 0.976545 0.049247 0.044447
0 0.143820 0.709047 0.043195 0.067698
0 0.025196 0.057369 0.047383 0.084137
0 0.197232 0.587454 0.053784 0.062537
0 0.879833 0.779361 0.045789 0.066599
0 0.121071 0.911594 0.043439 0.062992
0 0.973404 0.666265 0.046625 0.078273
0 0.296964 0.912945 0.042508 0.070333
0 0.171678 0.815774 0.045907 0.075550
0 0.988279 0.127402 0.022404 0.067193
0 0.853747 0.448628 0.047028 0.076962
0 0.704283 0.968993 0.047958 0.059647
0 0.217013 0.656586 0.048219 0.069724
0 0.178342 0.904999 0.048026 0.078400
0 0.038910 0.550569 0.044606 0.068527
0 0.021558 0.621282 0.043115 0.074199
0 0.230102 0.212910 0.045054 0.070224
0 0.891019 0.854767 0.042696 0.071748
0 0.861901 0.036826 0.050296 0.073373
0 0.447363 0.074760 0.047850 0.063652
0 0.074080 0.071851 0.046388 0.072752
0 0.833067 0.826615 0.048080 0.075876
0 0.787357 0.508065 0.043436 0.067477
0 0.184342 0.735724 0.045628 0.070055
0 0.921197 0.920366 0.048525 0.073102
0 0.803788 0.437163 0.044888 0.075311
0 0.441015 0.928048 0.044985 0.070365
0 0.572450 0.860909 0.046228 0.069851
0 0.499908 0.939569 0.043015 0.071348
0 0.332724 0.620747 0.049782 0.073995
0 0.319932 0.349269 0.044055 0.076181
0 0.111932 0.770773 0.049507 0.078368
0 0.093943 0.165787 0.046222 0.072131
0 0.807609 0.655830 0.047791 0.074597
0 0.126489 0.510271 0.046684 0.078236
0 0.981697 0.194966 0.035856 0.070503
0 0.088615 0.842324 0.048072 0.073045
0 0.219707 0.835200 0.045900 0.074646
0 0.437211 0.830539 0.048109 0.071016
0 0.869698 0.951852 0.050287 0.080670
0 0.799742 0.892829 0.047989 0.078811
0 0.271634 0.474042 0.048051 0.073460
0 0.194550 0.025052 0.045919 0.050104
0 0.194288 0.509988 0.052557 0.084648
0 0.772502 0.032811 0.039977 0.065622
0 0.029233 0.770276 0.044551 0.073086
0 0.598617 0.791300 0.046248 0.074977
0 0.636415 0.521801 0.046671 0.074610
0 0.433053 0.134954 0.050810 0.068031
0 0.072736 0.664858 0.047457 0.072764
0 0.315338 0.820039 0.050062 0.079656
0 0.408819 0.746573 0.047743 0.076087
0 0.850689 0.709202 0.046451 0.080212
0 0.672732 0.914962 0.066949 0.078984
0 0.431621 0.021256 0.050799 0.042513
0 0.273830 0.154158 0.045687 0.067688
0 0.607468 0.921300 0.050033 0.073558
0 0.628912 0.727406 0.046155 0.071124
0 0.478223 0.630392 0.049481 0.076629
0 0.344124 0.089231 0.049096 0.067594
0 0.300985 0.036145 0.047996 0.071996
0 0.355157 0.440783 0.045963 0.078716
0 0.384497 0.501682 0.048907 0.073884
0 0.524140 0.743008 0.051233 0.076609
0 0.980840 0.369235 0.037803 0.066092
0 0.923169 0.698313 0.046222 0.072570
0 0.789147 0.367828 0.052045 0.065343
0 0.410558 0.666116 0.047081 0.073696
0 0.376358 0.825064 0.052675 0.087208
0 0.191733 0.284912 0.046955 0.081081
0 0.538961 0.559429 0.047163 0.070073
0 0.465535 0.432734 0.047987 0.074314
0 0.388264 0.048371 0.045817 0.069050
0 0.577958 0.102773 0.048685 0.079278
0 0.628211 0.065919 0.046572 0.071226
0 0.686424 0.689755 0.051003 0.079707
0 0.477345 0.173523 0.047988 0.073617
0 0.342959 0.163184 0.050231 0.071787
0 0.818436 0.081695 0.053465 0.079344
0 0.712269 0.485262 0.046197 0.073630
0 0.275658 0.243150 0.048134 0.075957
0 0.241696 0.047937 0.051391 0.077614
0 0.551943 0.037214 0.047073 0.065054
0 0.510006 0.474165 0.048561 0.077409
0 0.744816 0.755413 0.051033 0.080981
0 0.963677 0.448697 0.047033 0.070786
0 0.903779 0.430695 0.046956 0.068482
0 0.719128 0.305766 0.049173 0.072616
0 0.919498 0.204287 0.046549 0.071824
0 0.907861 0.607432 0.050369 0.081544
0 0.610983 0.407348 0.049414 0.080529
0 0.699487 0.383128 0.055537 0.075404
0 0.746140 0.241061 0.051051 0.069550
0 0.961059 0.296604 0.054576 0.069007
0 0.765326 0.131080 0.058188 0.072357
0 0.799603 0.290375 0.048341 0.080926
0 0.636264 0.322642 0.051317 0.074382
0 0.468080 0.252306 0.046896 0.077043
0 0.894283 0.135270 0.049251 0.073955
0 0.537340 0.329642 0.049348 0.075389
0 0.860129 0.324667 0.047746 0.071927
1 0.599045 0.548272 0.047573 0.061979
1 0.909828 0.283075 0.043673 0.084625
1 0.527686 0.843862 0.037434 0.076281
2 0.355332 0.287843 0.024956 0.032181
2 0.393156 0.093564 0.014818 0.025030
2 0.236400 0.501192 0.019497 0.032181
2 0.123317 0.684148 0.024176 0.030989
2 0.055857 0.982122 0.021837 0.026222
2 0.034800 0.674017 0.018717 0.032181
2 0.460616 0.677592 0.021837 0.032181
2 0.264476 0.719309 0.022617 0.029797
2 0.512478 0.610846 0.022617 0.039333
2 0.848217 0.556019 0.021837 0.029797
2 0.837689 0.988081 0.022617 0.023838