0 0.033139 0.001829 0.037436 0.003603
0 0.087253 0.995932 0.040256 0.007159
0 0.011692 0.991871 0.023319 0.013799
0 0.019552 0.395631 0.039081 0.074567
0 0.893652 0.003859 0.045574 0.007719
0 0.018848 0.311431 0.037696 0.080162
0 0.021484 0.245467 0.042968 0.066492
0 0.008437 0.757676 0.016875 0.081507
0 0.992835 0.019122 0.013044 0.038245
0 0.584321 0.009115 0.046037 0.018229
0 0.991632 0.155015 0.015164 0.077295
0 0.012748 0.645240 0.025497 0.081245
0 0.437908 0.987319 0.043972 0.022577
0 0.107428 0.013969 0.043613 0.027938
0 0.019518 0.480241 0.039036 0.081539
0 0.024270 0.942144 0.048540 0.082138
0 0.065324 0.031275 0.043001 0.062549
0 0.853669 0.975164 0.056244 0.046302
0 0.352697 0.767814 0.041876 0.070928
0 0.867565 0.775110 0.061145 0.072976
0 0.408523 0.818465 0.044447 0.070623
0 0.318645 0.970113 0.051296 0.056688
0 0.032258 0.175803 0.052084 0.076807
0 0.952163 0.956416 0.059990 0.082228
0 0.119736 0.496428 0.055473 0.086692
0 0.032840 0.084783 0.056974 0.086987
0 0.249784 0.235096 0.059245 0.074419
0 0.446517 0.925878 0.052619 0.085364
0 0.053179 0.844816 0.049331 0.079717
0 0.313968 0.741883 0.051467 0.099127
0 0.303738 0.018938 0.050767 0.037875
0 0.390049 0.887394 0.057793 0.080337
0 0.053505 0.697408 0.051871 0.089054
0 0.063187 0.318837 0.049102 0.088190
0 0.038554 0.560028 0.047134 0.067940
0 0.290853 0.456721 0.048570 0.088876
0 0.132330 0.959529 0.055602 0.078086
0 0.616802 0.934383 0.053872 0.083287
0 0.797428 0.632163 0.045655 0.072456
0 0.104220 0.684494 0.044757 0.083068
0 0.166062 0.831315 0.052183 0.080105
0 0.252629 0.846564 0.054223 0.081886
0 0.736866 0.805281 0.049393 0.074126
0 0.725006 0.899601 0.055509 0.083130
0 0.809822 0.844673 0.053967 0.083864
0 0.566278 0.869573 0.053744 0.081907
0 0.979967 0.586548 0.038357 0.086784
0 0.095312 0.778284 0.054796 0.085294
0 0.170194 0.035718 0.057857 0.071436
0 0.461412 0.824842 0.054600 0.079838
0 0.781506 0.925170 0.059364 0.092218
0 0.968911 0.817353 0.053191 0.078544
0 0.105828 0.378840 0.063299 0.090643
0 0.625842 0.845030 0.046638 0.080357
0 0.337992 0.431838 0.052902 0.088632
0 0.872119 0.858044 0.062834 0.088578
0 0.193542 0.944809 0.051598 0.074900
0 0.766444 0.495193 0.051726 0.079188
0 0.848211 0.701991 0.057607 0.084424
0 0.217740 0.103509 0.053976 0.083222
0 0.461650 0.741329 0.055465 0.077149
0 0.412094 0.031236 0.049525 0.062473
0 0.518658 0.695901 0.053153 0.080955
0 0.979760 0.350430 0.038943 0.082522
0 0.527491 0.799191 0.054351 0.083491
0 0.968153 0.717889 0.053957 0.075376
0 0.328254 0.645289 0.051132 0.092821
0 0.697903 0.560913 0.047046 0.073827
0 0.263653 0.055717 0.051863 0.082741
0 0.741693 0.611490 0.061575 0.084836
0 0.704582 0.342516 0.045188 0.078390
0 0.615229 0.725539 0.053874 0.075907
0 0.756092 0.697257 0.070798 0.086648
0 0.347256 0.332789 0.054817 0.074744
0 0.534123 0.106917 0.047558 0.072387
0 0.276617 0.168090 0.051889 0.082119
0 0.178730 0.357575 0.048285 0.078678
0 0.178909 0.166086 0.052453 0.081859
0 0.550815 0.039204 0.056029 0.077838
0 0.658887 0.319454 0.053495 0.092864
0 0.644260 0.409389 0.054847 0.084265
0 0.679902 0.819047 0.055628 0.082130
0 0.756553 0.386736 0.056258 0.090255
0 0.155513 0.675244 0.052131 0.089254
0 0.141144 0.275842 0.058995 0.077636
0 0.962861 0.437786 0.051536 0.074029
0 0.228641 0.310004 0.053714 0.083707
0 0.600646 0.462612 0.058799 0.081255
0 0.492827 0.039524 0.052925 0.079048
0 0.272240 0.612184 0.058185 0.078950
0 0.228598 0.755751 0.058863 0.082703
0 0.616506 0.543476 0.053741 0.083048
0 0.401108 0.373900 0.057150 0.091453
0 0.882056 0.473298 0.056407 0.084150
0 0.107684 0.173175 0.050903 0.080857
0 0.423468 0.617627 0.054976 0.089213
0 0.816784 0.405200 0.054003 0.087847
0 0.891324 0.609424 0.054577 0.084097
0 0.596984 0.630141 0.057920 0.086609
0 0.262750 0.527755 0.062933 0.085515
0 0.359562 0.250261 0.052427 0.077868
0 0.341684 0.078420 0.055032 0.085242
0 0.830667 0.553085 0.049764 0.086671
0 0.771793 0.246102 0.053935 0.079955
0 0.517627 0.609577 0.057577 0.079155
0 0.363427 0.566035 0.052164 0.088399
0 0.425585 0.202369 0.053732 0.083924
0 0.799642 0.034790 0.052712 0.069580
0 0.481513 0.537729 0.054187 0.081934
0 0.909397 0.380449 0.048582 0.080353
0 0.688126 0.465138 0.053305 0.088136
0 0.477982 0.451536 0.050641 0.079547
0 0.272234 0.363043 0.060301 0.083755
0 0.448170 0.100994 0.058564 0.090316
0 0.933700 0.538507 0.054034 0.091599
0 0.211029 0.656963 0.054507 0.084758
0 0.359322 0.164826 0.058263 0.080419
0 0.785832 0.117820 0.052980 0.093420
0 0.688756 0.231591 0.053608 0.084624
0 0.448614 0.311666 0.054054 0.094533
0 0.536512 0.354867 0.055089 0.096272
0 0.953581 0.116225 0.052548 0.080825
0 0.920542 0.180104 0.052703 0.083944
0 0.736290 0.068377 0.054004 0.082467
0 0.547097 0.260952 0.062349 0.099716
0 0.642147 0.056695 0.054344 0.082766
0 0.850440 0.224548 0.056172 0.091196
0 0.688040 0.135623 0.057819 0.095432
0 0.922606 0.271782 0.061085 0.087591
0 0.863170 0.123845 0.049712 0.075888
1 0.297231 0.829559 0.041334 0.057211
2 0.407194 0.974970 0.025736 0.038141
2 0.983917 0.668057 0.024956 0.036949
1 0.082795 0.467890 0.052389 0.095079
1 0.795781 0.322769 0.064941 0.073394
1 0.931121 0.890325 0.056209 0.070892