0 0.998308 0.637544 0.003368 0.057708
0 0.941342 0.002521 0.040156 0.004976
0 0.805306 0.002974 0.046603 0.005947
0 0.998180 0.248957 0.003640 0.068401
0 0.002702 0.973693 0.005404 0.049261
0 0.051162 0.003844 0.038769 0.007688
0 0.366211 0.169837 0.055116 0.076129
0 0.325376 0.196197 0.050270 0.087283
0 0.658595 0.005338 0.038161 0.010675
0 0.399064 0.149112 0.050317 0.084657
0 0.255310 0.202514 0.045803 0.078298
0 0.224209 0.177299 0.050545 0.079917
0 0.006813 0.266839 0.013613 0.071216
0 0.995543 0.477052 0.008483 0.069803
0 0.410291 0.071734 0.054664 0.085333
0 0.089447 0.987753 0.043912 0.022036
0 0.010750 0.909519 0.021500 0.078067
0 0.011226 0.752024 0.022423 0.072667
0 0.426004 0.020678 0.055139 0.041350
0 0.282749 0.985534 0.044058 0.026639
0 0.720022 0.012670 0.049454 0.025330
0 0.341613 0.100753 0.046420 0.087002
0 0.986453 0.022025 0.025942 0.044050
0 0.258080 0.091723 0.048856 0.078371
0 0.204993 0.093366 0.049411 0.088044
0 0.020317 0.195821 0.040603 0.076062
0 0.943395 0.983519 0.047152 0.031104
0 0.283857 0.030467 0.051441 0.060907
0 0.154919 0.077506 0.049980 0.081525
0 0.356861 0.705264 0.048868 0.071014
0 0.543257 0.289105 0.050507 0.075281
0 0.176952 0.019034 0.050607 0.038067
0 0.432146 0.374086 0.046136 0.067759
0 0.502665 0.207044 0.045832 0.074089
0 0.528698 0.115378 0.042843 0.086973
0 0.518472 0.035217 0.051857 0.070434
0 0.264587 0.661819 0.042751 0.070688
0 0.387248 0.972271 0.054050 0.052990
0 0.386944 0.659568 0.042968 0.074403
0 0.412493 0.441425 0.049294 0.069243
0 0.305898 0.345168 0.045662 0.075670
0 0.607687 0.966174 0.046901 0.065787
0 0.058065 0.069752 0.045475 0.073991
0 0.046072 0.948330 0.048709 0.075809
0 0.024620 0.681072 0.049239 0.078008
0 0.403447 0.512973 0.051934 0.067693
0 0.138796 0.972592 0.049611 0.052998
0 0.799851 0.894078 0.047679 0.076141
0 0.555132 0.211953 0.050612 0.078658
0 0.589253 0.414543 0.047170 0.072646
0 0.043854 0.608461 0.051633 0.076304
0 0.772673 0.738929 0.048815 0.070066
0 0.355101 0.883605 0.048177 0.073820
0 0.077609 0.143905 0.048634 0.075298
0 0.745398 0.056812 0.046879 0.076157
0 0.140332 0.440692 0.054903 0.069435
0 0.883672 0.028414 0.051760 0.056796
0 0.478719 0.345153 0.046037 0.073826
0 0.492853 0.651586 0.038451 0.073137
0 0.321631 0.962758 0.049509 0.071876
0 0.982344 0.376626 0.034734 0.074385
0 0.582270 0.759547 0.046705 0.074000
0 0.353037 0.782282 0.049713 0.073940
0 0.642958 0.625910 0.048762 0.067581
0 0.914872 0.375088 0.041768 0.064244
0 0.478693 0.727932 0.047282 0.074061
0 0.820377 0.678326 0.048922 0.076731
0 0.725445 0.706930 0.046489 0.077501
0 0.505432 0.441735 0.047814 0.075827
0 0.285854 0.593753 0.047685 0.074056
0 0.398494 0.587025 0.047177 0.069774
0 0.318617 0.442652 0.045237 0.073443
0 0.503617 0.797966 0.049439 0.080927
0 0.832853 0.842773 0.048126 0.073671
0 0.168793 0.369695 0.054158 0.088839
0 0.798637 0.058643 0.049694 0.088287
0 0.611422 0.891056 0.047092 0.075200
0 0.656689 0.873652 0.048552 0.074221
0 0.582247 0.332965 0.047147 0.077455
0 0.575920 0.587518 0.043947 0.072372
0 0.531639 0.520833 0.050107 0.075701
0 0.527677 0.601480 0.051236 0.072259
0 0.612589 0.708624 0.041868 0.074286
0 0.856077 0.569586 0.046445 0.068724
0 0.406113 0.911065 0.050580 0.071532
0 0.153805 0.507676 0.050636 0.078304
0 0.930944 0.557113 0.046550 0.073860
0 0.687244 0.789609 0.050047 0.077752
0 0.665072 0.558763 0.046396 0.074610
0 0.665709 0.188080 0.045995 0.072676
0 0.436036 0.688920 0.057800 0.079168
0 0.686679 0.093459 0.048773 0.080701
0 0.095716 0.894316 0.046193 0.073747
0 0.632346 0.803099 0.048222 0.077692
0 0.161065 0.281285 0.048151 0.075820
0 0.393530 0.828091 0.049776 0.080314
0 0.950235 0.318835 0.052068 0.071493
0 0.313848 0.827059 0.051770 0.083309
0 0.971258 0.603471 0.051569 0.073968
0 0.226389 0.937219 0.050707 0.078613
0 0.975770 0.180254 0.048164 0.079058
0 0.151473 0.897500 0.051656 0.080387
0 0.848066 0.334019 0.044798 0.072522
0 0.567641 0.670067 0.048548 0.078325
0 0.065750 0.762417 0.051570 0.082055
0 0.045417 0.416385 0.044881 0.074499
0 0.225012 0.566948 0.048042 0.076514
0 0.794621 0.152616 0.050316 0.083495
0 0.048479 0.528463 0.048490 0.074949
0 0.826216 0.761292 0.048450 0.077754
0 0.784408 0.246352 0.052532 0.080295
0 0.966575 0.098879 0.048326 0.075084
0 0.320727 0.535098 0.046099 0.087348
0 0.885644 0.682213 0.045035 0.069621
0 0.608621 0.489898 0.048654 0.075879
0 0.876780 0.770353 0.047527 0.079360
0 0.898016 0.944678 0.054204 0.083151
0 0.701667 0.502163 0.047332 0.078205
0 0.083037 0.658295 0.051549 0.086168
0 0.712044 0.595956 0.053211 0.081450
0 0.941268 0.238516 0.051777 0.080652
0 0.146425 0.776589 0.049107 0.077367
0 0.795987 0.337214 0.049636 0.079421
0 0.212370 0.740840 0.047945 0.077544
0 0.881096 0.225044 0.052278 0.082096
0 0.182682 0.642733 0.047415 0.078001
0 0.875056 0.136642 0.050739 0.084388
0 0.686485 0.355116 0.047139 0.082092
0 0.762894 0.561532 0.047108 0.074045
0 0.212661 0.834399 0.054814 0.085581
0 0.765097 0.653590 0.055668 0.087298
0 0.943590 0.722804 0.053157 0.078505
0 0.094494 0.500943 0.051952 0.080173
0 0.814499 0.511251 0.048588 0.080293
0 0.859343 0.464189 0.049219 0.076250
0 0.731755 0.294004 0.049743 0.080705
0 0.748662 0.474993 0.048028 0.076563
0 0.671390 0.269312 0.052575 0.079173
1 0.226651 0.417759 0.031195 0.065554
4 0.384967 0.286055 0.135700 0.157331
2 0.025052 0.311681 0.019497 0.036949
2 0.207544 0.378427 0.025736 0.034565
2 0.628681 0.211561 0.017937 0.029797
2 0.851337 0.261621 0.020277 0.029797
2 0.958571 0.654350 0.019497 0.026222
2 0.875123 0.893921 0.027296 0.033373
2 0.647008 0.673421 0.018717 0.028605
2 0.464515 0.644815 0.020277 0.028605
2 0.251218 0.791418 0.025736 0.033373
2 0.133845 0.846841 0.021837 0.032181
2 0.262526 0.914184 0.023396 0.040524