0 0.810616 0.001629 0.040849 0.003240
0 0.126729 0.001534 0.048574 0.003059
0 0.002297 0.350127 0.004577 0.070161
0 0.003770 0.727696 0.007541 0.068108
0 0.003467 0.150481 0.006933 0.056040
0 0.296126 0.003789 0.037240 0.007577
0 0.698443 0.006661 0.042450 0.013321
0 0.336810 0.987055 0.045923 0.023070
0 0.403419 0.988082 0.046154 0.021102
0 0.651721 0.988189 0.043972 0.020747
0 0.984435 0.621924 0.030291 0.074266
0 0.197447 0.986475 0.043988 0.024269
0 0.014895 0.873369 0.029790 0.082684
0 0.398395 0.011431 0.043894 0.022862
0 0.888607 0.012648 0.041003 0.025295
0 0.155506 0.753430 0.041985 0.071340
0 0.988357 0.692671 0.022090 0.072351
0 0.023030 0.976222 0.046059 0.044797
0 0.188257 0.010387 0.050144 0.020774
0 0.141457 0.889662 0.049266 0.078107
0 0.012268 0.074028 0.024536 0.074671
0 0.986189 0.513077 0.026201 0.077787
0 0.175265 0.826799 0.049033 0.068812
0 0.355527 0.686241 0.050049 0.079258
0 0.978000 0.971226 0.042855 0.054650
0 0.021102 0.595154 0.042205 0.081524
0 0.426962 0.775428 0.044242 0.074499
0 0.286009 0.744327 0.046654 0.069979
0 0.976864 0.024935 0.044501 0.049869
0 0.248161 0.156530 0.045027 0.072197
0 0.504407 0.417889 0.050256 0.072050
0 0.315598 0.802835 0.048494 0.065574
0 0.111312 0.956574 0.049834 0.076314
0 0.533711 0.018177 0.053705 0.036354
0 0.979871 0.330844 0.038761 0.080016
0 0.355898 0.513774 0.044507 0.071447
0 0.021170 0.508069 0.042340 0.081295
0 0.250639 0.874062 0.046437 0.075085
0 0.630500 0.017537 0.048005 0.035073
0 0.443820 0.851760 0.049117 0.070559
0 0.118816 0.811412 0.050940 0.077724
0 0.551277 0.853895 0.044304 0.069915
0 0.734670 0.476041 0.045674 0.068956
0 0.181264 0.400847 0.052118 0.071270
0 0.441422 0.930149 0.051675 0.074639
0 0.377600 0.612296 0.050404 0.076431
0 0.197563 0.931166 0.047096 0.073974
0 0.330842 0.404980 0.052229 0.081759
0 0.693872 0.445266 0.046334 0.080675
0 0.368110 0.143174 0.047152 0.072337
0 0.271433 0.948289 0.050878 0.078541
0 0.422956 0.068735 0.057095 0.088166
0 0.020731 0.283555 0.041461 0.084032
0 0.350528 0.874330 0.045863 0.075463
0 0.451680 0.188467 0.046355 0.063374
0 0.979399 0.248973 0.039854 0.072246
0 0.822407 0.372045 0.045702 0.070448
0 0.789730 0.146288 0.045668 0.070701
0 0.875952 0.973314 0.050696 0.049886
0 0.454525 0.028606 0.046877 0.057213
0 0.166733 0.659993 0.057721 0.080023
0 0.507655 0.162224 0.046129 0.078382
0 0.776062 0.407571 0.052767 0.082629
0 0.823487 0.964807 0.049181 0.066908
0 0.842299 0.891495 0.054803 0.078939
0 0.582094 0.960270 0.056552 0.074468
0 0.466935 0.120319 0.055101 0.066336
0 0.547157 0.779361 0.048140 0.073457
0 0.977348 0.172872 0.043743 0.067368
0 0.667775 0.380315 0.051962 0.077251
0 0.312720 0.479663 0.050742 0.074798
0 0.068346 0.462373 0.050757 0.082272
0 0.097124 0.593587 0.046410 0.074702
0 0.395257 0.468438 0.046548 0.068975
0 0.839145 0.811332 0.049792 0.078961
0 0.798412 0.626451 0.048745 0.078395
0 0.104155 0.396490 0.044551 0.067482
0 0.929501 0.031418 0.046576 0.062836
0 0.551926 0.179157 0.048265 0.082399
0 0.958459 0.567765 0.049750 0.076295
0 0.489402 0.642346 0.051958 0.079685
0 0.883944 0.086844 0.050108 0.074983
0 0.281449 0.049011 0.046874 0.066409
0 0.596600 0.880863 0.046712 0.082931
0 0.729765 0.769803 0.044571 0.071264
0 0.711954 0.967651 0.054203 0.061354
0 0.529304 0.250618 0.046116 0.065696
0 0.291066 0.347217 0.048603 0.077930
0 0.796460 0.276961 0.049477 0.073609
0 0.520423 0.573589 0.046966 0.074459
0 0.467436 0.719663 0.054505 0.080505
0 0.710284 0.140657 0.047643 0.069873
0 0.499681 0.344232 0.042949 0.065998
0 0.710005 0.246217 0.050010 0.080266
0 0.856800 0.175002 0.050870 0.078904
0 0.667983 0.830394 0.052156 0.081953
0 0.232215 0.080869 0.050094 0.074719
0 0.754526 0.055885 0.049579 0.075512
0 0.831742 0.104932 0.050608 0.081427
0 0.875157 0.752184 0.049903 0.077057
0 0.907147 0.238339 0.050614 0.074287
0 0.191397 0.334938 0.048944 0.074997
0 0.305377 0.656609 0.052340 0.085094
0 0.374217 0.355872 0.050024 0.074229
0 0.093652 0.046967 0.053170 0.081872
0 0.846459 0.443191 0.047379 0.077365
0 0.596738 0.758632 0.047361 0.075343
0 0.169589 0.061992 0.056482 0.084803
0 0.754686 0.832140 0.047548 0.073733
0 0.725092 0.554715 0.054861 0.080638
0 0.970969 0.094738 0.050543 0.078456
0 0.659110 0.299910 0.049020 0.075741
0 0.938945 0.931128 0.050314 0.084187
0 0.043318 0.379746 0.046213 0.071364
0 0.849163 0.671459 0.054350 0.080762
0 0.853074 0.561680 0.049560 0.075703
0 0.638168 0.171841 0.051884 0.076652
0 0.171711 0.570166 0.047722 0.078282
0 0.189416 0.215493 0.045489 0.073378
0 0.134939 0.196747 0.048695 0.068952
0 0.546456 0.470681 0.053362 0.080161
0 0.586785 0.558458 0.053415 0.079577
0 0.425899 0.291379 0.053856 0.078800
0 0.673026 0.694659 0.049203 0.077804
0 0.046496 0.143232 0.054020 0.077187
0 0.577113 0.678447 0.050227 0.072934
0 0.627271 0.630888 0.048482 0.078448
0 0.214169 0.466645 0.050236 0.081472
0 0.149526 0.274333 0.057960 0.084816
0 0.605727 0.263835 0.051080 0.071569
0 0.910841 0.815693 0.050873 0.076504
0 0.727185 0.640813 0.052452 0.080359
0 0.938862 0.384229 0.055096 0.075883
0 0.924347 0.712528 0.046008 0.076260
0 0.054522 0.226431 0.051376 0.077080
1 0.391986 0.206198 0.046793 0.050060
1 0.485572 0.475566 0.051472 0.069130
3 0.217683 0.739571 0.095925 0.144219
1 0.353772 0.736591 0.057711 0.047676
2 0.036750 0.063766 0.019497 0.025030
2 0.048838 0.094756 0.020277 0.029797
2 0.384188 0.095352 0.020277 0.035757
2 0.556931 0.527414 0.021057 0.034565
2 0.394716 0.561383 0.014818 0.035757
2 0.423962 0.565554 0.024956 0.034565
2 0.354162 0.771752 0.019497 0.034565
2 0.519497 0.749106 0.019497 0.036949
2 0.776468 0.578069 0.028076 0.040524
2 0.740594 0.716329 0.020277 0.030989
2 0.978068 0.435638 0.017937 0.029797
2 0.942583 0.621573 0.018717 0.036949
2 0.966369 0.743743 0.021057 0.035757
2 0.960910 0.831943 0.017937 0.028605
2 0.905539 0.195471 0.016378 0.023838