0 0.996967 0.471167 0.006066 0.060156
0 0.727307 0.001356 0.039686 0.002700
0 0.003329 0.439827 0.006658 0.069843
0 0.004828 0.982107 0.009655 0.033876
0 0.005147 0.851353 0.010293 0.071361
0 0.051583 0.003056 0.036744 0.006086
0 0.022683 0.288627 0.042857 0.061042
0 0.020891 0.236989 0.041773 0.071201
0 0.007749 0.638039 0.015497 0.080090
0 0.393051 0.006993 0.050382 0.013987
0 0.994389 0.916871 0.010357 0.074260
0 0.980499 0.533252 0.038205 0.075781
0 0.983449 0.598164 0.032201 0.072459
0 0.870638 0.010938 0.045857 0.021877
0 0.781616 0.010989 0.045471 0.021960
0 0.280706 0.008025 0.044601 0.016050
0 0.991350 0.684486 0.016396 0.073444
0 0.213964 0.987898 0.040022 0.022350
0 0.012080 0.150924 0.024144 0.073907
0 0.677833 0.746115 0.050260 0.073567
0 0.377141 0.823377 0.050348 0.079910
0 0.518123 0.481964 0.049006 0.085372
0 0.304633 0.049083 0.050107 0.070852
0 0.300602 0.108742 0.056339 0.069285
0 0.470224 0.022065 0.047898 0.044129
0 0.490775 0.432698 0.054107 0.077589
0 0.975926 0.015529 0.046299 0.031058
0 0.541012 0.012212 0.049110 0.024423
0 0.104273 0.014105 0.051899 0.028211
0 0.629443 0.020244 0.043455 0.040489
0 0.425820 0.970034 0.050363 0.057813
0 0.738839 0.716475 0.049771 0.078965
0 0.207472 0.631021 0.051516 0.073122
0 0.816060 0.917901 0.047920 0.071932
0 0.659617 0.681455 0.064899 0.067412
0 0.975903 0.471102 0.046323 0.077681
0 0.343020 0.780039 0.054210 0.080976
0 0.666146 0.974211 0.052125 0.049100
0 0.617213 0.382728 0.054429 0.078844
0 0.124611 0.791089 0.046547 0.069452
0 0.281909 0.900783 0.046520 0.075027
0 0.926229 0.975354 0.056164 0.047974
0 0.200521 0.561540 0.052523 0.082132
0 0.017415 0.078511 0.034774 0.062433
0 0.721401 0.959455 0.051725 0.078429
0 0.673403 0.822601 0.047929 0.073626
0 0.255028 0.841459 0.056563 0.089116
0 0.499368 0.045497 0.045469 0.072215
0 0.734286 0.643105 0.049027 0.073345
0 0.690313 0.900063 0.054546 0.079307
0 0.046981 0.769435 0.050236 0.080961
0 0.431705 0.218369 0.047205 0.080699
0 0.580036 0.334079 0.053213 0.083322
0 0.459753 0.947981 0.045465 0.071467
0 0.234837 0.767127 0.055376 0.079710
0 0.983495 0.341704 0.031830 0.076097
0 0.252695 0.660835 0.046252 0.076379
0 0.083786 0.936415 0.046535 0.082781
0 0.523927 0.108220 0.056111 0.085551
0 0.633515 0.781782 0.047977 0.075536
0 0.219252 0.933704 0.050840 0.073976
0 0.509905 0.567236 0.047351 0.075384
0 0.161145 0.835148 0.047502 0.085047
0 0.520130 0.968597 0.051637 0.060442
0 0.406822 0.893549 0.049641 0.078949
0 0.574023 0.442632 0.054148 0.081724
0 0.573321 0.130773 0.058588 0.071045
0 0.070390 0.265345 0.045710 0.081988
0 0.676577 0.608653 0.050517 0.080491
0 0.447165 0.103753 0.045022 0.068280
0 0.806585 0.841605 0.053485 0.081262
0 0.653289 0.271805 0.043285 0.071053
0 0.731618 0.469541 0.043831 0.085370
0 0.223454 0.113306 0.052023 0.073265
0 0.470266 0.364024 0.054026 0.071276
0 0.046564 0.683591 0.046096 0.068306
0 0.153692 0.342032 0.045540 0.074926
0 0.168965 0.499403 0.049495 0.081205
0 0.824109 0.201743 0.043885 0.073125
0 0.677808 0.032167 0.053704 0.064334
0 0.475910 0.177852 0.052374 0.076744
0 0.378269 0.707986 0.046854 0.075492
0 0.753179 0.044406 0.049749 0.075536
0 0.121526 0.276793 0.047919 0.074301
0 0.036143 0.604770 0.053989 0.077456
0 0.426922 0.802883 0.046212 0.078450
0 0.060428 0.049327 0.050449 0.074231
0 0.302837 0.730168 0.050617 0.075408
0 0.208461 0.037656 0.051501 0.075313
0 0.136062 0.705272 0.048531 0.081646
0 0.613589 0.186897 0.051873 0.079358
0 0.271091 0.517981 0.051013 0.084282
0 0.359448 0.089029 0.048502 0.074396
0 0.792730 0.675756 0.047498 0.076358
0 0.959743 0.932521 0.049612 0.077093
0 0.949573 0.702902 0.047483 0.072346
0 0.208843 0.195632 0.051739 0.085157
0 0.548477 0.614032 0.046696 0.074310
0 0.372201 0.556689 0.049577 0.079547
0 0.586827 0.664485 0.049608 0.075270
0 0.844362 0.456756 0.048282 0.075250
0 0.794727 0.533890 0.050404 0.079402
0 0.421394 0.042413 0.047807 0.078525
0 0.475775 0.879918 0.055346 0.075476
0 0.883879 0.815965 0.049109 0.075102
0 0.174741 0.266681 0.049962 0.072844
0 0.263698 0.171340 0.048711 0.077070
0 0.108638 0.385115 0.054560 0.081951
0 0.324776 0.187573 0.050905 0.079139
0 0.971663 0.072573 0.052270 0.075570
0 0.896246 0.045444 0.050198 0.075770
0 0.576851 0.541195 0.049411 0.073137
0 0.288873 0.591573 0.056636 0.072671
0 0.859590 0.367365 0.050282 0.075739
0 0.822316 0.041215 0.050577 0.079263
0 0.635913 0.094078 0.047566 0.075193
0 0.403469 0.142286 0.049394 0.085241
0 0.873970 0.247266 0.048559 0.079499
0 0.839827 0.126883 0.046711 0.074141
0 0.760539 0.123782 0.044891 0.072352
0 0.772801 0.211632 0.045191 0.077263
0 0.262143 0.408588 0.049387 0.083261
0 0.334856 0.479328 0.052734 0.069431
0 0.897620 0.690785 0.046901 0.077900
0 0.844954 0.569788 0.048045 0.080326
0 0.465346 0.278527 0.060803 0.087081
0 0.323793 0.320555 0.051090 0.077546
0 0.729895 0.276330 0.049215 0.076288
0 0.432528 0.712769 0.052860 0.083551
0 0.463850 0.621951 0.050660 0.077395
0 0.420312 0.455557 0.051409 0.080951
0 0.205923 0.340783 0.050014 0.077678
0 0.690764 0.372290 0.051158 0.082579
0 0.906609 0.411470 0.055405 0.081790
0 0.284894 0.262857 0.049224 0.075667
0 0.936319 0.132582 0.051142 0.079077
0 0.532490 0.707741 0.054513 0.085197
0 0.095542 0.189283 0.053723 0.079134
0 0.906478 0.555366 0.052102 0.084864
0 0.788510 0.449534 0.050297 0.079761
0 0.383509 0.263006 0.050484 0.080554
0 0.792163 0.293862 0.047195 0.076811
0 0.154929 0.181637 0.045566 0.075188
0 0.915816 0.299519 0.050473 0.079753
1 0.221582 0.441597 0.033535 0.084625
1 0.952332 0.632896 0.047573 0.061979
2 0.339344 0.951132 0.024176 0.033373
2 0.114738 0.918355 0.024176 0.039333
2 0.018813 0.974970 0.017937 0.028605
2 0.732795 0.344458 0.021837 0.028605
2 0.595925 0.014899 0.027296 0.029797
2 0.624391 0.329559 0.020277 0.032181
2 0.464515 0.690107 0.020277 0.028605
2 0.726556 0.597139 0.020277 0.028605
2 0.852117 0.791418 0.021837 0.035757