0 0.665451 0.006929 0.023041 0.013855
0 0.001964 0.800702 0.003929 0.065236
0 0.997747 0.711798 0.004455 0.078256
0 0.988774 0.989060 0.021163 0.020415
0 0.188962 0.003749 0.037721 0.007498
0 0.138205 0.004618 0.034582 0.009236
0 0.004799 0.349371 0.009598 0.060826
0 0.922174 0.990645 0.048303 0.017651
0 0.008904 0.578609 0.017785 0.079224
0 0.237259 0.989367 0.044845 0.020022
0 0.985435 0.360655 0.028395 0.068388
0 0.013491 0.969949 0.026982 0.058483
0 0.012592 0.416683 0.025112 0.072368
0 0.047580 0.011059 0.043102 0.022119
0 0.010099 0.108231 0.020191 0.075838
0 0.019251 0.491881 0.038502 0.076633
0 0.763978 0.979839 0.051689 0.038175
0 0.116226 0.980452 0.050269 0.037372
0 0.378998 0.431655 0.045408 0.074771
0 0.815525 0.742497 0.049899 0.079925
0 0.979897 0.884295 0.039571 0.080279
0 0.804962 0.866135 0.045839 0.073019
0 0.344056 0.978768 0.051770 0.040702
0 0.512611 0.015507 0.045517 0.031013
0 0.478982 0.670517 0.046685 0.077662
0 0.686969 0.377427 0.046521 0.074694
0 0.364103 0.886801 0.051383 0.077097
0 0.704041 0.977054 0.048437 0.044017
0 0.207477 0.917421 0.050635 0.079282
0 0.106040 0.731031 0.043953 0.069695
0 0.984760 0.068543 0.029394 0.084735
0 0.304037 0.371572 0.041857 0.071843
0 0.466779 0.853274 0.049362 0.074619
0 0.708989 0.309552 0.056197 0.066222
0 0.824061 0.664894 0.053530 0.082876
0 0.209551 0.364665 0.048593 0.077143
0 0.750798 0.353318 0.044744 0.073416
0 0.829913 0.571775 0.048066 0.078003
0 0.403784 0.937233 0.045614 0.071994
0 0.131120 0.859885 0.050966 0.079431
0 0.711418 0.445894 0.047208 0.071670
0 0.050070 0.844478 0.053554 0.081666
0 0.696626 0.239574 0.051131 0.080668
0 0.055992 0.431420 0.052722 0.087165
0 0.827507 0.958269 0.050422 0.073670
0 0.432244 0.754865 0.044841 0.080214
0 0.777878 0.792625 0.048834 0.079535
0 0.089809 0.032824 0.048662 0.065647
0 0.254542 0.413224 0.047757 0.079517
0 0.267135 0.157040 0.049042 0.073374
0 0.072034 0.680571 0.049862 0.075613
0 0.652205 0.643412 0.054450 0.072017
0 0.023169 0.214183 0.046290 0.074389
0 0.455032 0.538961 0.044955 0.078683
0 0.544066 0.957561 0.046730 0.070031
0 0.306435 0.198630 0.048908 0.074764
0 0.976900 0.163622 0.045001 0.079814
0 0.453324 0.953636 0.042187 0.080085
0 0.701281 0.163367 0.049007 0.075873
0 0.167590 0.217538 0.052786 0.080364
0 0.271491 0.949604 0.051596 0.087566
0 0.674685 0.573575 0.049329 0.077683
0 0.525455 0.888941 0.046852 0.073182
0 0.967245 0.507837 0.050615 0.073437
0 0.131330 0.299215 0.046865 0.082269
0 0.362558 0.035917 0.047013 0.071834
0 0.361419 0.798006 0.054255 0.085751
0 0.189857 0.830109 0.049063 0.078677
0 0.717832 0.528956 0.049536 0.082504
0 0.294055 0.563071 0.047227 0.080559
0 0.509763 0.065701 0.047013 0.068614
0 0.776181 0.621028 0.051902 0.088966
0 0.184052 0.290911 0.048008 0.075628
0 0.461856 0.078171 0.042768 0.076923
0 0.582396 0.178772 0.048722 0.073184
0 0.152887 0.137401 0.050157 0.077890
0 0.949528 0.109035 0.047570 0.073575
0 0.426281 0.025549 0.047851 0.051098
0 0.501738 0.162073 0.056299 0.082431
0 0.397840 0.221177 0.046944 0.078218
0 0.137574 0.054607 0.050624 0.078894
0 0.374285 0.660429 0.055898 0.077488
0 0.623452 0.708478 0.051162 0.086578
0 0.617101 0.934625 0.048400 0.074507
0 0.213720 0.162414 0.046507 0.075816
0 0.976720 0.296019 0.046164 0.087885
0 0.597537 0.257875 0.046456 0.076145
0 0.652663 0.138998 0.051624 0.080800
0 0.256633 0.699577 0.048296 0.075476
0 0.032671 0.744098 0.057894 0.090300
0 0.412306 0.095648 0.047031 0.079887
0 0.556375 0.328675 0.046460 0.079194
0 0.433340 0.273857 0.048345 0.078174
0 0.370915 0.341282 0.052182 0.082561
0 0.617894 0.798169 0.051458 0.081934
0 0.536994 0.247068 0.046419 0.071432
0 0.097566 0.605360 0.050470 0.083970
0 0.970675 0.426123 0.051615 0.080690
0 0.951754 0.589910 0.050388 0.074912
0 0.325338 0.706464 0.051636 0.082304
0 0.849464 0.452680 0.055359 0.084407
0 0.568842 0.595720 0.047057 0.078964
0 0.579624 0.433593 0.046725 0.075867
0 0.410504 0.591488 0.052106 0.088824
0 0.067563 0.139944 0.050197 0.079890
0 0.483973 0.257875 0.045022 0.077669
0 0.678130 0.064292 0.049435 0.077853
0 0.796128 0.405924 0.054961 0.082851
0 0.256333 0.269036 0.050030 0.082486
0 0.341918 0.112743 0.050881 0.081251
0 0.561235 0.088239 0.051794 0.081232
0 0.760705 0.911639 0.051191 0.084355
0 0.509397 0.601582 0.053378 0.082585
0 0.771528 0.258455 0.046053 0.077763
0 0.730864 0.043685 0.051774 0.077301
0 0.812305 0.039267 0.051575 0.078503
0 0.575859 0.513729 0.050715 0.074737
0 0.753958 0.116756 0.052631 0.081022
0 0.813114 0.314865 0.050106 0.080251
0 0.862968 0.170797 0.051820 0.073160
0 0.869666 0.371642 0.051392 0.078905
1 0.648957 0.482718 0.035095 0.071514
2 0.044159 0.382002 0.023396 0.029797
2 0.175569 0.623361 0.022617 0.030989
2 0.138525 0.674613 0.029636 0.033373
2 0.326086 0.837306 0.022617 0.034565
2 0.404075 0.882002 0.024176 0.035757
2 0.489862 0.542312 0.021057 0.035757
2 0.532755 0.543504 0.022617 0.040524
2 0.935564 0.973182 0.017157 0.034565
2 0.730065 0.951728 0.019497 0.032181