0 0.143304 0.001590 0.035677 0.003090
0 0.773495 0.002376 0.047661 0.004752
0 0.003003 0.721748 0.006005 0.058466
0 0.997553 0.264927 0.004850 0.053273
0 0.837311 0.991612 0.042320 0.014149
0 0.996654 0.572209 0.006352 0.068971
0 0.092935 0.991405 0.041540 0.015025
0 0.462516 0.989397 0.040178 0.018508
0 0.647293 0.008612 0.043612 0.017224
0 0.635736 0.988250 0.042252 0.020660
0 0.992344 0.026468 0.014331 0.052935
0 0.008719 0.461438 0.017434 0.078750
0 0.991516 0.824891 0.015866 0.072549
0 0.266056 0.983673 0.047393 0.029932
0 0.439567 0.879652 0.042146 0.062686
0 0.895290 0.890328 0.053646 0.074278
0 0.585958 0.981485 0.044854 0.034119
0 0.895772 0.825607 0.044176 0.073309
0 0.212639 0.984704 0.049619 0.028163
0 0.022926 0.035648 0.045853 0.071295
0 0.375608 0.026428 0.048008 0.052830
0 0.987818 0.192121 0.023397 0.078857
0 0.017369 0.896264 0.034737 0.083899
0 0.091134 0.021187 0.048035 0.042374
0 0.512027 0.196952 0.049095 0.077523
0 0.491145 0.896032 0.045508 0.073541
0 0.840823 0.025037 0.051639 0.050074
0 0.985557 0.339448 0.027857 0.084575
0 0.238020 0.349838 0.047934 0.079679
0 0.047570 0.465895 0.051535 0.079140
0 0.539497 0.968685 0.043873 0.060072
0 0.576464 0.436803 0.051391 0.071752
0 0.597061 0.929537 0.051807 0.061040
0 0.288270 0.364847 0.047940 0.077133
0 0.690219 0.973108 0.051427 0.050988
0 0.228727 0.029704 0.048024 0.059340
0 0.892615 0.965767 0.052111 0.065807
0 0.395735 0.070753 0.050305 0.077790
0 0.468843 0.227625 0.043543 0.074515
0 0.623145 0.205872 0.049001 0.078470
0 0.037482 0.108558 0.046554 0.071650
0 0.655880 0.848032 0.045576 0.070272
0 0.287554 0.927203 0.049723 0.080863
0 0.456533 0.811576 0.049887 0.074216
0 0.394080 0.836083 0.048228 0.076511
0 0.262944 0.280998 0.051459 0.082197
0 0.165606 0.966219 0.047316 0.065416
0 0.717257 0.405591 0.049660 0.075955
0 0.436803 0.952829 0.053512 0.072913
0 0.816269 0.096542 0.050605 0.081050
0 0.392958 0.320492 0.051344 0.084074
0 0.959283 0.930283 0.050898 0.081203
0 0.025904 0.777950 0.051743 0.086310
0 0.573257 0.029576 0.050947 0.059151
0 0.850959 0.463825 0.044902 0.074753
0 0.026264 0.187102 0.047721 0.072777
0 0.108937 0.880216 0.047647 0.072287
0 0.352487 0.464972 0.049172 0.079211
0 0.546716 0.736733 0.046188 0.071784
0 0.845744 0.915478 0.045378 0.085009
0 0.561245 0.279317 0.044286 0.069471
0 0.287778 0.778478 0.050435 0.073678
0 0.606171 0.370388 0.045017 0.079902
0 0.800504 0.444942 0.046428 0.077014
0 0.584968 0.832550 0.048205 0.073878
0 0.551115 0.117887 0.053286 0.082490
0 0.657514 0.273439 0.051369 0.088576
0 0.798999 0.172572 0.048182 0.074641
0 0.497531 0.478433 0.045969 0.075735
0 0.290232 0.628571 0.053232 0.067994
0 0.335226 0.867617 0.047960 0.079156
0 0.261695 0.478962 0.047748 0.076239
0 0.975046 0.454507 0.045749 0.073106
0 0.674728 0.357992 0.048598 0.077313
0 0.933644 0.740951 0.046880 0.072618
0 0.310694 0.535873 0.047663 0.081133
0 0.870482 0.076117 0.053234 0.079480
0 0.045325 0.546567 0.049161 0.073960
0 0.267131 0.702217 0.052416 0.082985
0 0.890110 0.680762 0.050239 0.080916
0 0.598791 0.503764 0.050231 0.073403
0 0.489834 0.717957 0.049326 0.076032
0 0.264029 0.127012 0.051354 0.077837
0 0.685756 0.906575 0.050751 0.075162
0 0.468353 0.063991 0.054402 0.073684
0 0.906882 0.377312 0.045546 0.071913
0 0.256586 0.855793 0.051815 0.084662
0 0.957360 0.566953 0.045979 0.075469
0 0.754841 0.483775 0.049514 0.073927
0 0.140291 0.776043 0.049761 0.083769
0 0.333097 0.693406 0.049494 0.081297
0 0.686334 0.632957 0.050919 0.080773
0 0.101907 0.700233 0.050152 0.078334
0 0.177872 0.128083 0.050558 0.080990
0 0.212954 0.446663 0.050381 0.083049
0 0.032648 0.659221 0.052085 0.079289
0 0.632487 0.776052 0.052493 0.081742
0 0.756821 0.347023 0.047233 0.074900
0 0.925623 0.181067 0.045985 0.071942
0 0.549759 0.542979 0.052514 0.081850
0 0.453961 0.143967 0.050897 0.078931
0 0.466573 0.643028 0.049935 0.082881
0 0.905444 0.301073 0.048431 0.072893
0 0.476273 0.311876 0.047655 0.082405
0 0.148250 0.201769 0.050949 0.081574
0 0.371328 0.611280 0.049684 0.085800
0 0.331036 0.094788 0.053528 0.090176
0 0.781426 0.891978 0.059562 0.072215
0 0.756790 0.610289 0.054780 0.087711
0 0.058557 0.351882 0.053289 0.088218
0 0.768900 0.699061 0.052668 0.083568
0 0.827791 0.313122 0.051154 0.081075
0 0.163537 0.593612 0.054837 0.087255
1 0.346753 0.321812 0.037434 0.059595
2 0.088222 0.497020 0.025736 0.038141
2 0.164651 0.906436 0.028856 0.039333
2 0.140474 0.901669 0.014818 0.025030
2 0.463735 0.425507 0.021837 0.033373
2 0.485962 0.427890 0.021057 0.026222
2 0.566680 0.486293 0.018717 0.030989
2 0.613863 0.735399 0.022617 0.028605
2 0.725776 0.909416 0.029636 0.047676
2 0.876683 0.432062 0.021057 0.034565
2 0.954281 0.359356 0.024956 0.039333
2 0.678983 0.148987 0.018717 0.028605
2 0.732795 0.127533 0.015598 0.021454
2 0.964030 0.873659 0.027296 0.030989
2 0.161531 0.523838 0.016378 0.029797