0 0.996023 0.321567 0.007062 0.053195
0 0.996598 0.403536 0.005939 0.052874
0 0.547658 0.004191 0.039892 0.008382
0 0.005372 0.735698 0.010745 0.065243
0 0.848653 0.005775 0.039110 0.011550
0 0.327696 0.989551 0.040816 0.017816
0 0.575823 0.987426 0.047833 0.022039
0 0.181309 0.008547 0.063823 0.017095
0 0.815050 0.986283 0.043215 0.024578
0 0.309095 0.010030 0.044928 0.020059
0 0.408402 0.011764 0.048296 0.023528
0 0.515698 0.979411 0.047968 0.037807
0 0.737120 0.857117 0.049530 0.072336
0 0.930562 0.973196 0.049805 0.050557
0 0.014490 0.471559 0.028980 0.081797
0 0.926496 0.754042 0.052482 0.081817
0 0.353838 0.648079 0.045296 0.069738
0 0.022659 0.623619 0.044915 0.069403
0 0.984636 0.498697 0.028937 0.074901
0 0.366113 0.833355 0.044723 0.070606
0 0.020358 0.876033 0.040716 0.086497
0 0.055886 0.558257 0.053736 0.072888
0 0.793599 0.017621 0.051656 0.035242
0 0.221663 0.718784 0.045662 0.072214
0 0.023632 0.085193 0.047265 0.077516
0 0.285452 0.199213 0.043781 0.067788
0 0.677629 0.850675 0.048767 0.071348
0 0.074732 0.626824 0.052047 0.074418
0 0.411971 0.970736 0.047469 0.055016
0 0.888142 0.428856 0.046071 0.068502
0 0.647360 0.784888 0.046459 0.075699
0 0.175476 0.701181 0.043174 0.070955
0 0.965552 0.908113 0.050168 0.078865
0 0.050260 0.689941 0.043742 0.069803
0 0.060534 0.026562 0.045458 0.053123
0 0.267980 0.966866 0.052134 0.062954
0 0.033408 0.168797 0.043986 0.077130
0 0.840944 0.937659 0.045808 0.078693
0 0.778053 0.440535 0.044678 0.075877
0 0.352045 0.427312 0.052477 0.074386
0 0.959162 0.707755 0.051736 0.081347
0 0.023631 0.269007 0.047261 0.080792
0 0.082023 0.966672 0.046145 0.063595
0 0.233432 0.901437 0.047951 0.070754
0 0.356314 0.025812 0.046745 0.051625
0 0.302571 0.749458 0.051857 0.074644
0 0.672565 0.928142 0.052636 0.075819
0 0.186928 0.055951 0.048221 0.072788
0 0.627840 0.635749 0.048627 0.077314
0 0.716681 0.082728 0.039955 0.073262
0 0.284673 0.453610 0.042987 0.069907
0 0.105215 0.389864 0.045810 0.071870
0 0.281448 0.825394 0.052883 0.079523
0 0.951682 0.626636 0.048844 0.073991
0 0.519563 0.095262 0.044164 0.072299
0 0.956407 0.822228 0.050566 0.083163
0 0.202651 0.638002 0.048674 0.079514
0 0.156189 0.184954 0.048738 0.076527
0 0.746323 0.934268 0.055069 0.082418
0 0.722776 0.237990 0.051042 0.080567
0 0.790636 0.515018 0.045950 0.069831
0 0.238176 0.172200 0.048547 0.074706
0 0.417214 0.890147 0.046944 0.077000
0 0.441506 0.074333 0.041796 0.068615
0 0.024931 0.385272 0.049863 0.080031
0 0.578824 0.633383 0.046994 0.078181
0 0.389602 0.766569 0.057778 0.072296
0 0.256262 0.616045 0.051065 0.084037
0 0.699527 0.158269 0.045628 0.075317
0 0.343717 0.923115 0.050600 0.082652
0 0.385850 0.492284 0.049605 0.078304
0 0.137629 0.944959 0.053920 0.082795
0 0.142008 0.860059 0.052564 0.080214
0 0.299061 0.527993 0.045344 0.073755
0 0.746201 0.317221 0.048308 0.072821
0 0.602762 0.954554 0.050755 0.067070
0 0.574555 0.487578 0.056531 0.071397
0 0.850517 0.300386 0.047702 0.072681
0 0.396720 0.126394 0.047572 0.079141
0 0.693807 0.744791 0.052249 0.080450
0 0.514038 0.174712 0.046761 0.075680
0 0.595725 0.558665 0.053840 0.073044
0 0.669208 0.030676 0.049834 0.061353
0 0.360403 0.573611 0.051625 0.074980
0 0.341718 0.117209 0.047076 0.079843
0 0.457320 0.184818 0.042243 0.070327
0 0.315300 0.258211 0.047346 0.074618
0 0.508290 0.681796 0.045326 0.068774
0 0.694291 0.421378 0.051978 0.085829
0 0.420978 0.608078 0.044674 0.076554
0 0.101766 0.158955 0.051086 0.085620
0 0.564576 0.130671 0.049548 0.079422
0 0.390148 0.686954 0.049426 0.077441
0 0.976937 0.048999 0.044371 0.072846
0 0.871651 0.782463 0.058595 0.084889
0 0.139882 0.468818 0.047623 0.077123
0 0.897437 0.618929 0.050837 0.080493
0 0.489582 0.031311 0.047963 0.062612
0 0.613747 0.156122 0.049663 0.073150
0 0.103484 0.307524 0.047498 0.071961
0 0.660749 0.688163 0.054303 0.089625
0 0.172455 0.792075 0.052270 0.081725
0 0.078391 0.482959 0.050743 0.075121
0 0.883184 0.354411 0.049129 0.071528
0 0.598126 0.772026 0.047170 0.075307
0 0.474151 0.869047 0.048916 0.076735
0 0.581825 0.407775 0.053823 0.082477
0 0.485243 0.377960 0.049646 0.077919
0 0.765488 0.169144 0.048553 0.080536
0 0.332712 0.342836 0.052585 0.086418
0 0.231647 0.393639 0.052422 0.085008
0 0.475172 0.267603 0.048118 0.079643
0 0.801416 0.082757 0.052998 0.080790
0 0.616193 0.042468 0.050509 0.078204
0 0.466826 0.723174 0.047990 0.074080
0 0.726201 0.501733 0.049073 0.079180
0 0.649256 0.318526 0.050092 0.079275
0 0.511196 0.770243 0.053466 0.079881
0 0.508058 0.558538 0.047991 0.075737
0 0.936973 0.527827 0.048215 0.074340
0 0.193393 0.465006 0.050265 0.080495
0 0.393158 0.302479 0.049469 0.082022
0 0.850190 0.135634 0.053901 0.083246
0 0.925633 0.103757 0.047944 0.079902
0 0.454211 0.542741 0.049747 0.077772
0 0.957761 0.233148 0.053154 0.077342
1 0.412653 0.421335 0.035095 0.053635
1 0.308929 0.669249 0.046013 0.079857
1 0.777248 0.870083 0.038994 0.078665
2 0.703939 0.594756 0.034315 0.054827
2 0.505459 0.631704 0.027296 0.040524
2 0.421232 0.714541 0.017937 0.034565
2 0.052348 0.902861 0.017937 0.029797
2 0.526906 0.945173 0.021837 0.030989
2 0.773739 0.376639 0.019497 0.030989
2 0.674304 0.113230 0.026516 0.030989
2 0.956231 0.286055 0.021057 0.030989
2 0.865765 0.662694 0.022617 0.030989
2 0.537044 0.483909 0.021837 0.033373