0 0.972912 0.002680 0.033706 0.005360
0 0.064053 0.003352 0.040879 0.006705
0 0.003345 0.205617 0.006689 0.068629
0 0.395468 0.992907 0.035574 0.011891
0 0.002595 0.566687 0.005179 0.066329
0 0.989772 0.960976 0.018961 0.074677
0 0.871699 0.008289 0.045941 0.016578
0 0.012141 0.855735 0.024282 0.075693
0 0.011110 0.441970 0.022221 0.078676
0 0.391783 0.014540 0.039703 0.029079
0 0.571280 0.977354 0.054055 0.042471
0 0.779305 0.975714 0.051976 0.045546
0 0.138978 0.967375 0.047776 0.062208
0 0.342314 0.015381 0.048888 0.030763
0 0.213589 0.907282 0.043382 0.072099
0 0.088748 0.960619 0.050388 0.075768
0 0.121874 0.899197 0.049976 0.075917
0 0.062267 0.888848 0.047042 0.074681
0 0.654263 0.969486 0.048630 0.057950
0 0.299471 0.759109 0.043452 0.069044
0 0.296025 0.388842 0.043683 0.068192
0 0.592564 0.923538 0.045122 0.072093
0 0.275457 0.893453 0.047250 0.075209
0 0.483951 0.913542 0.047722 0.078310
0 0.923774 0.956452 0.048342 0.077555
0 0.301939 0.832124 0.053960 0.068965
0 0.362065 0.960302 0.049410 0.076362
0 0.452376 0.832840 0.047894 0.078795
0 0.265428 0.219408 0.046226 0.073195
0 0.405891 0.802144 0.046209 0.074997
0 0.078677 0.420270 0.043785 0.089019
0 0.044186 0.468822 0.052301 0.084272
0 0.433731 0.911986 0.046403 0.071770
0 0.515416 0.544472 0.046305 0.076742
0 0.659239 0.445465 0.046439 0.071456
0 0.527070 0.724164 0.043238 0.073510
0 0.190807 0.455233 0.050685 0.073096
0 0.809004 0.023061 0.050847 0.046092
0 0.045014 0.044100 0.056766 0.077596
0 0.918292 0.829529 0.046038 0.075024
0 0.147528 0.833702 0.047877 0.078584
0 0.483593 0.202238 0.041350 0.063666
0 0.232015 0.272773 0.048615 0.074812
0 0.239480 0.156362 0.050801 0.074445
0 0.815187 0.545248 0.046692 0.073249
0 0.300303 0.046025 0.043627 0.070341
0 0.952115 0.890615 0.048725 0.081594
0 0.492818 0.780246 0.050635 0.085684
0 0.537669 0.844037 0.051035 0.073999
0 0.082563 0.105518 0.050568 0.076312
0 0.650222 0.607505 0.050389 0.078917
0 0.252805 0.713798 0.051757 0.081085
0 0.773650 0.424276 0.043422 0.067867
0 0.258119 0.083789 0.046880 0.072512
0 0.119240 0.336711 0.054000 0.074106
0 0.028889 0.173438 0.049533 0.080206
0 0.682187 0.667787 0.052122 0.080002
0 0.689589 0.899357 0.053703 0.086427
0 0.175434 0.176028 0.048273 0.081326
0 0.228814 0.822481 0.054199 0.078630
0 0.814836 0.917025 0.049879 0.078179
0 0.981845 0.325110 0.034967 0.090732
0 0.128867 0.414845 0.053597 0.078721
0 0.252920 0.631275 0.050423 0.075276
0 0.520185 0.082808 0.046885 0.072359
0 0.756439 0.916060 0.048680 0.077271
0 0.981454 0.088151 0.035570 0.081155
0 0.868872 0.798008 0.049610 0.078291
0 0.583490 0.378821 0.046671 0.082174
0 0.662009 0.740100 0.048934 0.077917
0 0.731656 0.787458 0.045855 0.082382
0 0.784463 0.716776 0.047229 0.074632
0 0.272511 0.453730 0.052219 0.080364
0 0.493493 0.473024 0.052907 0.084109
0 0.804490 0.346350 0.046747 0.073816
0 0.045085 0.801958 0.053081 0.086724
0 0.185294 0.375235 0.049213 0.074788
0 0.546911 0.453458 0.051448 0.080379
0 0.387630 0.221079 0.050699 0.078334
0 0.498105 0.295258 0.050539 0.083395
0 0.875704 0.190520 0.045646 0.067614
0 0.606454 0.736145 0.050738 0.082546
0 0.564340 0.664813 0.050865 0.073415
0 0.529482 0.158554 0.047936 0.076589
0 0.804694 0.089776 0.049545 0.075577
0 0.797895 0.171775 0.046124 0.071478
0 0.747014 0.491477 0.049515 0.078839
0 0.542935 0.335377 0.048360 0.079928
0 0.794624 0.618045 0.043856 0.074495
0 0.093156 0.697780 0.050641 0.081377
0 0.104684 0.256858 0.050950 0.078329
0 0.638999 0.521682 0.051324 0.085993
0 0.218440 0.528827 0.050929 0.082006
0 0.748400 0.638758 0.047155 0.076455
0 0.558132 0.043114 0.053221 0.085831
0 0.134197 0.597713 0.050884 0.081733
0 0.967470 0.455967 0.051871 0.079222
0 0.860590 0.262583 0.050474 0.074092
0 0.435603 0.252536 0.053352 0.084229
0 0.172257 0.717237 0.048079 0.081407
0 0.848689 0.704299 0.051128 0.077136
0 0.450770 0.718935 0.049303 0.086414
0 0.838537 0.476387 0.051124 0.083536
0 0.850201 0.621230 0.047321 0.079697
0 0.671834 0.121291 0.051968 0.079819
0 0.896529 0.621269 0.044702 0.087596
0 0.907734 0.298024 0.051320 0.083687
0 0.933385 0.746708 0.054183 0.088843
0 0.337013 0.345131 0.050549 0.082748
0 0.661291 0.355103 0.051790 0.082838
0 0.882349 0.374255 0.050982 0.076987
0 0.775608 0.279027 0.051769 0.072858
0 0.722029 0.422159 0.052339 0.085590
0 0.468615 0.601216 0.051692 0.093382
0 0.729398 0.119082 0.052798 0.079910
0 0.950278 0.192078 0.048483 0.074224
0 0.594593 0.194379 0.056830 0.084395
0 0.691745 0.214523 0.056227 0.086022
0 0.935383 0.094122 0.049690 0.086054
1 0.407194 0.327175 0.033535 0.063170
2 0.010771 0.022050 0.021542 0.044100
2 0.143594 0.203814 0.022617 0.030989
2 0.377948 0.360548 0.031195 0.044100
2 0.866545 0.074493 0.025736 0.034565
2 0.894620 0.078665 0.022617 0.033373
2 0.693801 0.574493 0.023396 0.035757
2 0.737474 0.699642 0.018717 0.033373
2 0.721097 0.858760 0.023396 0.029797
2 0.971439 0.984505 0.018717 0.030989
2 0.398225 0.905840 0.015598 0.026222