0 0.001829 0.409419 0.003637 0.068400
0 0.826281 0.987365 0.038636 0.022428
0 0.997413 0.298214 0.004321 0.044166
0 0.864264 0.983504 0.041995 0.030111
0 0.616614 0.004563 0.036544 0.009126
0 0.178322 0.993183 0.032682 0.011268
0 0.004958 0.237559 0.009916 0.060879
0 0.673981 0.005142 0.036150 0.010283
0 0.138227 0.823083 0.034128 0.069504
0 0.109355 0.832373 0.046954 0.070786
0 0.336247 0.991946 0.040506 0.013539
0 0.515306 0.990987 0.035505 0.015204
0 0.243138 0.991701 0.043512 0.014104
0 0.203450 0.671969 0.046144 0.073378
0 0.007490 0.501237 0.014951 0.077185
0 0.165236 0.687614 0.049252 0.072394
0 0.050651 0.987695 0.046229 0.021737
0 0.990425 0.626219 0.017341 0.072010
0 0.645960 0.986165 0.048675 0.024805
0 0.009742 0.096933 0.019485 0.068731
0 0.291199 0.552987 0.049644 0.070523
0 0.297738 0.494547 0.053545 0.075441
0 0.979697 0.967765 0.038723 0.061297
0 0.949392 0.460444 0.039567 0.067381
0 0.019161 0.849306 0.038321 0.074398
0 0.185035 0.534192 0.055338 0.057410
0 0.069382 0.884051 0.048972 0.074284
0 0.016960 0.574460 0.033860 0.063313
0 0.471193 0.976946 0.045995 0.042789
0 0.110111 0.923889 0.049955 0.080158
0 0.021867 0.707909 0.043735 0.077296
0 0.170497 0.778271 0.060461 0.074019
0 0.451902 0.920212 0.049639 0.072408
0 0.984117 0.740114 0.029775 0.078241
0 0.772284 0.661244 0.053803 0.076930
0 0.061320 0.787033 0.047716 0.067262
0 0.119289 0.724816 0.051114 0.070127
0 0.207561 0.946107 0.045186 0.070193
0 0.226038 0.799744 0.047297 0.080974
0 0.909408 0.455715 0.047521 0.077757
0 0.119507 0.095840 0.043935 0.074711
0 0.779811 0.590299 0.047235 0.078405
0 0.418144 0.861622 0.045841 0.074733
0 0.200802 0.869378 0.050298 0.070167
0 0.291386 0.625432 0.049686 0.065888
0 0.599006 0.549230 0.047423 0.072749
0 0.278085 0.425785 0.048224 0.065680
0 0.722107 0.563733 0.045323 0.075052
0 0.194446 0.087280 0.043250 0.071080
0 0.121671 0.627286 0.043830 0.079198
0 0.020398 0.028262 0.040755 0.056524
0 0.426577 0.771572 0.047785 0.079398
0 0.880211 0.220228 0.048435 0.078963
0 0.935972 0.954661 0.041191 0.076804
0 0.582850 0.887258 0.054539 0.071195
0 0.817763 0.836426 0.045978 0.078381
0 0.215666 0.593093 0.046213 0.076132
0 0.357186 0.586885 0.046316 0.071823
0 0.505855 0.168455 0.043062 0.066643
0 0.649792 0.673698 0.047619 0.077025
0 0.225014 0.492748 0.046941 0.076116
0 0.364692 0.831870 0.045797 0.072776
0 0.408851 0.444467 0.046415 0.073519
0 0.540153 0.949067 0.051811 0.078592
0 0.658434 0.917501 0.052370 0.076399
0 0.060457 0.655773 0.045883 0.071744
0 0.775115 0.906326 0.049430 0.079997
0 0.191635 0.029498 0.051695 0.058932
0 0.231002 0.387370 0.046301 0.069510
0 0.418503 0.283243 0.042580 0.071598
0 0.321193 0.031083 0.039020 0.062161
0 0.982029 0.116529 0.033988 0.074585
0 0.585779 0.392641 0.043317 0.077023
0 0.842527 0.922653 0.045747 0.082266
0 0.553372 0.556954 0.047013 0.082368
0 0.503432 0.531104 0.048460 0.071186
0 0.295782 0.876420 0.049468 0.077646
0 0.719309 0.938573 0.047849 0.075868
0 0.096171 0.030840 0.047387 0.061680
0 0.310030 0.789002 0.051667 0.081457
0 0.551046 0.289304 0.041116 0.061165
0 0.613006 0.626135 0.052617 0.077980
0 0.566679 0.823327 0.052759 0.070873
0 0.818086 0.092669 0.050477 0.067665
0 0.489654 0.804654 0.049018 0.071828
0 0.449652 0.203063 0.043255 0.068942
0 0.391102 0.531240 0.055970 0.074254
0 0.854464 0.330728 0.046389 0.075401
0 0.673635 0.384142 0.045291 0.075802
0 0.943494 0.768098 0.050969 0.069265
0 0.512513 0.030351 0.050164 0.060701
0 0.655664 0.752352 0.051003 0.071070
0 0.913977 0.266954 0.049194 0.082179
0 0.621989 0.336874 0.048588 0.079178
0 0.561436 0.192209 0.043062 0.069739
0 0.160244 0.131169 0.043439 0.070554
0 0.830698 0.572824 0.045055 0.077245
0 0.807059 0.443369 0.042485 0.081593
0 0.366897 0.192254 0.043689 0.069631
0 0.604923 0.470480 0.046989 0.075301
0 0.067602 0.108274 0.051911 0.066300
0 0.367663 0.116118 0.043918 0.072297
0 0.959484 0.031178 0.049390 0.062355
0 0.890457 0.376689 0.047376 0.077239
0 0.078448 0.181029 0.047655 0.071343
0 0.070291 0.381249 0.050241 0.076452
0 0.028334 0.297259 0.048446 0.076450
0 0.324351 0.228884 0.045943 0.074584
0 0.185948 0.206384 0.047350 0.069493
0 0.402450 0.038980 0.050706 0.077806
0 0.479062 0.670253 0.048307 0.076015
0 0.871620 0.717702 0.048373 0.080742
0 0.904323 0.643007 0.048100 0.076467
0 0.342720 0.394214 0.049686 0.075925
0 0.463573 0.121361 0.046384 0.077018
0 0.871552 0.117422 0.044924 0.071633
0 0.539404 0.674166 0.051890 0.079030
0 0.951062 0.547451 0.044239 0.076547
0 0.836528 0.178290 0.048034 0.073059
0 0.030149 0.201751 0.045174 0.076243
0 0.208058 0.320890 0.049876 0.074776
0 0.782791 0.041910 0.051901 0.078867
0 0.079772 0.551405 0.051462 0.078482
0 0.860275 0.496729 0.047651 0.077163
0 0.457563 0.497064 0.050770 0.078328
0 0.758321 0.358324 0.045408 0.072167
0 0.535348 0.410084 0.053753 0.070334
0 0.873934 0.037989 0.048852 0.068545
0 0.290929 0.182383 0.044872 0.088593
0 0.375879 0.662679 0.052007 0.080908
0 0.289926 0.085101 0.046079 0.074754
0 0.582284 0.102221 0.049814 0.073437
0 0.717074 0.479989 0.053310 0.082484
0 0.109647 0.321467 0.053168 0.085892
0 0.233021 0.144705 0.052357 0.079493
0 0.954143 0.205987 0.052744 0.081200
0 0.926237 0.132601 0.047575 0.073326
0 0.966964 0.391791 0.054590 0.079844
0 0.645699 0.098645 0.047944 0.071791
0 0.492134 0.290004 0.044715 0.081065
0 0.745487 0.139739 0.043692 0.081981
0 0.624941 0.202447 0.048749 0.078332
0 0.818330 0.266661 0.056780 0.077373
0 0.698827 0.095933 0.047403 0.090096
0 0.734506 0.248033 0.056194 0.082653
1 0.014281 0.644219 0.028561 0.070322
1 0.395496 0.342670 0.039774 0.058403
1 0.654417 0.839094 0.058491 0.083433
2 0.248488 0.090584 0.023396 0.030989
2 0.268765 0.382002 0.023396 0.029797
2 0.088222 0.626937 0.022617 0.033373
2 0.280073 0.820620 0.022617 0.034565
2 0.272664 0.943385 0.023396 0.034565
2 0.835349 0.393325 0.025736 0.035757
2 0.680153 0.233611 0.021057 0.033373
2 0.716417 0.035161 0.021837 0.034565
2 0.613083 0.067342 0.021057 0.025030
2 0.631410 0.047080 0.015598 0.017878
2 0.492591 0.442193 0.023396 0.030989