0 0.009491 0.991083 0.018902 0.015297
0 0.003212 0.850609 0.006424 0.051614
0 0.004040 0.928261 0.008080 0.053174
0 0.004652 0.063956 0.009291 0.058310
0 0.004627 0.314735 0.009255 0.062805
0 0.424907 0.005837 0.034276 0.011674
0 0.006426 0.623487 0.012820 0.068080
0 0.717537 0.985172 0.051800 0.027259
0 0.795520 0.987671 0.043419 0.022074
0 0.222615 0.988441 0.041732 0.020759
0 0.481289 0.986187 0.045061 0.025279
0 0.557430 0.849762 0.042947 0.075827
0 0.695043 0.010207 0.046259 0.020413
0 0.778261 0.906063 0.075770 0.073713
0 0.848177 0.978761 0.050116 0.039843
0 0.989850 0.456619 0.018907 0.062238
0 0.663740 0.867224 0.045198 0.065662
0 0.708346 0.801802 0.041492 0.067220
0 0.861561 0.903588 0.047288 0.072262
0 0.979682 0.950215 0.039436 0.080523
0 0.279015 0.875971 0.052550 0.077565
0 0.237015 0.919522 0.049004 0.082455
0 0.967619 0.880502 0.046072 0.065969
0 0.547832 0.921579 0.052681 0.072237
0 0.913254 0.874909 0.050772 0.072285
0 0.611254 0.882137 0.051033 0.081590
0 0.498014 0.843804 0.046620 0.079713
0 0.642490 0.769584 0.046150 0.075790
0 0.177918 0.972132 0.049121 0.052990
0 0.065763 0.831782 0.046788 0.076133
0 0.435572 0.968956 0.045004 0.059509
0 0.308774 0.960105 0.053115 0.077051
0 0.488400 0.931691 0.051593 0.076657
0 0.569689 0.721348 0.044011 0.068225
0 0.686736 0.653825 0.046589 0.077424
0 0.320867 0.361295 0.047611 0.071595
0 0.816289 0.528768 0.045715 0.067287
0 0.495129 0.017656 0.046923 0.035313
0 0.449871 0.031073 0.034625 0.057308
0 0.021091 0.464349 0.042138 0.072844
0 0.735722 0.680804 0.047224 0.070386
0 0.075852 0.055672 0.041211 0.067679
0 0.627716 0.694695 0.046945 0.068239
0 0.977872 0.736553 0.043308 0.076499
0 0.310406 0.735718 0.047379 0.075014
0 0.118138 0.941352 0.052544 0.082366
0 0.863868 0.502532 0.046412 0.072206
0 0.102994 0.443192 0.047671 0.073102
0 0.047983 0.910619 0.061313 0.089915
0 0.904305 0.454586 0.050038 0.076795
0 0.871461 0.790559 0.054462 0.074720
0 0.592927 0.796510 0.050792 0.081083
0 0.460876 0.686407 0.048549 0.083492
0 0.602634 0.375409 0.039562 0.082513
0 0.304367 0.815599 0.054398 0.078019
0 0.821793 0.605623 0.053154 0.074116
0 0.797893 0.028307 0.047335 0.056615
0 0.421109 0.512237 0.043965 0.070910
0 0.036510 0.028304 0.046555 0.056609
0 0.952233 0.451200 0.045986 0.069129
0 0.199440 0.844204 0.052917 0.080898
0 0.463489 0.772556 0.048240 0.077440
0 0.358186 0.701987 0.050387 0.068392
0 0.175070 0.767462 0.048923 0.075304
0 0.371200 0.505268 0.050327 0.066736
0 0.656245 0.583064 0.049294 0.078402
0 0.248431 0.716332 0.046099 0.070745
0 0.501990 0.634792 0.050417 0.079183
0 0.967103 0.620177 0.047610 0.073302
0 0.588455 0.454442 0.049339 0.067929
0 0.071492 0.713596 0.047744 0.078197
0 0.641139 0.344190 0.042023 0.072525
0 0.891269 0.572463 0.052158 0.080616
0 0.317992 0.027568 0.051788 0.055136
0 0.300054 0.432707 0.054534 0.080140
0 0.148139 0.406720 0.046390 0.073830
0 0.686659 0.367842 0.044155 0.073207
0 0.077441 0.349913 0.047513 0.070725
0 0.115149 0.164370 0.045776 0.068776
0 0.121176 0.319919 0.042202 0.077218
0 0.277688 0.619842 0.054108 0.075591
0 0.852913 0.291920 0.044225 0.080151
0 0.294967 0.218633 0.044892 0.066384
0 0.398012 0.591858 0.050135 0.076850
0 0.523434 0.291362 0.051664 0.076414
0 0.119378 0.537449 0.050232 0.070814
0 0.235632 0.412247 0.046791 0.073684
0 0.743829 0.572600 0.048127 0.071478
0 0.503269 0.120906 0.039812 0.072446
0 0.199280 0.241783 0.049674 0.075070
0 0.615603 0.163544 0.044363 0.072275
0 0.065007 0.132749 0.051005 0.077968
0 0.443924 0.100939 0.049071 0.071221
0 0.590743 0.532857 0.052468 0.076840
0 0.939303 0.377084 0.050785 0.081392
0 0.377953 0.420252 0.050279 0.073461
0 0.853477 0.422468 0.049705 0.077639
0 0.900221 0.324075 0.050099 0.077206
0 0.107250 0.775951 0.057414 0.083604
0 0.729872 0.456414 0.050423 0.077009
0 0.297901 0.293727 0.050953 0.072153
0 0.098720 0.610621 0.048515 0.075566
0 0.452129 0.568965 0.052413 0.072094
0 0.123380 0.041368 0.051949 0.081843
0 0.245180 0.281345 0.048725 0.080657
0 0.255918 0.539666 0.051927 0.072982
0 0.889645 0.234477 0.047586 0.076683
0 0.493473 0.409925 0.050823 0.073887
0 0.204443 0.351069 0.049657 0.079334
0 0.728301 0.078186 0.048157 0.074839
0 0.441834 0.181289 0.052932 0.080504
0 0.556791 0.348532 0.052321 0.080904
0 0.951758 0.201023 0.047094 0.071812
0 0.363802 0.281237 0.047447 0.076963
0 0.824100 0.191515 0.052846 0.078266
0 0.812833 0.102095 0.053036 0.079402
0 0.436992 0.418351 0.052814 0.081582
0 0.859275 0.060858 0.050271 0.076465
0 0.794001 0.298319 0.048255 0.071913
0 0.728335 0.318020 0.048472 0.073911
0 0.571963 0.208389 0.052515 0.089797
0 0.200671 0.159033 0.052966 0.079175
0 0.723136 0.178503 0.050934 0.076242
0 0.653694 0.107375 0.052780 0.083249
0 0.453651 0.327376 0.054286 0.081503
0 0.906401 0.138943 0.054350 0.081652
1 0.521447 0.765793 0.056152 0.070322
3 0.773739 0.805125 0.086567 0.141836
2 0.537434 0.231824 0.025736 0.041716
2 0.404854 0.469011 0.022617 0.032181
2 0.456717 0.626937 0.035875 0.035757
2 0.399395 0.843862 0.022617 0.040524
2 0.403685 0.933254 0.015598 0.028605
2 0.397056 0.982718 0.022617 0.027414
2 0.718367 0.955900 0.033535 0.038141
2 0.755021 0.731228 0.017937 0.020262
2 0.844318 0.644815 0.017157 0.026222