0 0.810965 0.996123 0.044354 0.007268
0 0.006196 0.938387 0.012393 0.038189
0 0.206155 0.996192 0.039307 0.007251
0 0.001886 0.163416 0.003773 0.062999
0 0.987270 0.993999 0.023656 0.009835
0 0.997623 0.296161 0.004573 0.058510
0 0.005036 0.758978 0.010072 0.059354
0 0.911731 0.990728 0.041128 0.016549
0 0.007660 0.288484 0.015320 0.063873
0 0.992281 0.876543 0.014079 0.074069
0 0.991681 0.583729 0.015406 0.071329
0 0.873610 0.012150 0.045558 0.024301
0 0.811402 0.011556 0.047512 0.023111
0 0.988490 0.113980 0.021502 0.074870
0 0.065008 0.666584 0.043407 0.078437
0 0.270347 0.982255 0.048821 0.033505
0 0.028076 0.964491 0.050546 0.067927
0 0.023797 0.644358 0.047168 0.077635
0 0.416087 0.484445 0.042346 0.066714
0 0.379984 0.018671 0.052486 0.037342
0 0.715815 0.531053 0.042420 0.066317
0 0.937021 0.432246 0.052881 0.082928
0 0.606343 0.144486 0.044592 0.072464
0 0.022320 0.353501 0.044639 0.069356
0 0.684998 0.905897 0.045388 0.072934
0 0.823411 0.069040 0.043288 0.067506
0 0.589819 0.212063 0.041392 0.062072
0 0.384114 0.977052 0.046825 0.043475
0 0.269945 0.721968 0.044918 0.070174
0 0.640736 0.869851 0.050773 0.072441
0 0.690917 0.304660 0.043330 0.070550
0 0.742602 0.847119 0.048687 0.071151
0 0.490716 0.691413 0.046288 0.069866
0 0.081536 0.957452 0.044281 0.068818
0 0.976000 0.818353 0.044388 0.069524
0 0.844072 0.955140 0.049653 0.074271
0 0.450958 0.021772 0.048815 0.043544
0 0.587778 0.399738 0.047382 0.073204
0 0.044210 0.754676 0.040535 0.077811
0 0.878175 0.888298 0.042298 0.085780
0 0.445419 0.557118 0.047544 0.074002
0 0.393014 0.073024 0.046095 0.070478
0 0.616674 0.340167 0.046084 0.070975
0 0.614737 0.941058 0.047245 0.074642
0 0.745008 0.591991 0.043946 0.070176
0 0.139309 0.954801 0.046592 0.068282
0 0.534697 0.887160 0.048983 0.075661
0 0.162954 0.396260 0.047853 0.074778
0 0.245656 0.788450 0.049299 0.077257
0 0.512360 0.240040 0.047048 0.071534
0 0.922462 0.937680 0.047043 0.074856
0 0.793553 0.893306 0.049432 0.080406
0 0.123440 0.757127 0.051024 0.081319
0 0.745783 0.961745 0.050852 0.068918
0 0.668031 0.738188 0.046078 0.073060
0 0.971574 0.480229 0.042979 0.068602
0 0.764496 0.779944 0.046444 0.067146
0 0.029419 0.563837 0.046657 0.073988
0 0.365920 0.453569 0.044644 0.074116
0 0.546012 0.193930 0.045570 0.071062
0 0.915846 0.727758 0.043894 0.071071
0 0.643368 0.285640 0.046650 0.075448
0 0.845060 0.158403 0.046812 0.079350
0 0.031040 0.430970 0.048669 0.078396
0 0.421996 0.749132 0.044714 0.071478
0 0.745096 0.476647 0.045528 0.076904
0 0.281035 0.645538 0.049385 0.072125
0 0.927203 0.849419 0.047402 0.069189
0 0.078651 0.077074 0.050936 0.079998
0 0.048236 0.140618 0.050011 0.076566
0 0.655253 0.177169 0.045279 0.075161
0 0.063858 0.243440 0.048100 0.079049
0 0.723997 0.199191 0.048039 0.075933
0 0.650911 0.580971 0.046182 0.072608
0 0.321683 0.586478 0.053790 0.074140
0 0.213649 0.689412 0.049081 0.073284
0 0.128576 0.672239 0.046802 0.073891
0 0.480366 0.480900 0.046642 0.075464
0 0.574584 0.091867 0.051478 0.079055
0 0.561379 0.815665 0.050105 0.082361
0 0.505055 0.572626 0.048085 0.073743
0 0.473304 0.761291 0.052722 0.078973
0 0.379682 0.245639 0.052320 0.082252
0 0.959919 0.674883 0.048941 0.083872
0 0.648360 0.085741 0.050130 0.079481
0 0.393403 0.151800 0.045969 0.067987
0 0.589688 0.709513 0.049957 0.076471
0 0.357312 0.366748 0.046567 0.076499
0 0.207214 0.059665 0.051831 0.079242
0 0.368513 0.707531 0.050866 0.075539
0 0.316139 0.922723 0.049460 0.079371
0 0.150580 0.226479 0.047509 0.071730
0 0.197221 0.617637 0.048301 0.072256
0 0.885564 0.345921 0.049506 0.080933
0 0.794894 0.615902 0.049613 0.077451
0 0.205692 0.179844 0.053158 0.073533
0 0.096832 0.606645 0.053720 0.080975
0 0.907860 0.531725 0.047927 0.074439
0 0.696126 0.669638 0.051336 0.079305
0 0.789821 0.509002 0.049461 0.081071
0 0.402483 0.325378 0.051282 0.079203
0 0.166444 0.125623 0.053741 0.085849
0 0.362105 0.622677 0.051613 0.082203
0 0.344135 0.183563 0.051826 0.078942
0 0.254884 0.140667 0.049690 0.077871
0 0.331124 0.507076 0.054788 0.074556
0 0.896290 0.179367 0.052105 0.084018
0 0.444018 0.403142 0.053080 0.084899
0 0.843282 0.794615 0.049782 0.081903
0 0.937312 0.111952 0.044574 0.076322
0 0.743884 0.273248 0.048224 0.082440
0 0.076767 0.463205 0.046216 0.077116
0 0.579194 0.625566 0.048481 0.075204
0 0.519726 0.323499 0.055831 0.086517
0 0.916729 0.615349 0.049708 0.078794
0 0.856465 0.484549 0.053716 0.078283
0 0.109258 0.277799 0.049837 0.088518
0 0.630949 0.502643 0.047155 0.076944
0 0.816776 0.410690 0.053604 0.080977
0 0.896173 0.264147 0.051797 0.072089
0 0.205405 0.484282 0.048759 0.087157
1 0.088222 0.840882 0.046013 0.063170
1 0.669624 0.237783 0.032755 0.053635
1 0.614253 0.791418 0.042114 0.085816
1 0.523786 0.963647 0.054592 0.070322
1 0.924256 0.372467 0.049133 0.072706
4 0.030658 0.859357 0.061316 0.119190
2 0.177129 0.345650 0.016378 0.023838
2 0.191947 0.364124 0.025736 0.041716
2 0.280073 0.349821 0.022617 0.032181
2 0.229771 0.230632 0.023396 0.036949
2 0.032071 0.212753 0.021057 0.034565
2 0.476214 0.348629 0.020277 0.032181
2 0.184148 0.716329 0.021057 0.035757
2 0.386137 0.866508 0.022617 0.033373
2 0.476993 0.868296 0.020277 0.034565
2 0.801814 0.565554 0.019497 0.029797