0 0.997695 0.363153 0.004582 0.070877
0 0.948936 0.996646 0.045855 0.006708
0 0.423008 0.996924 0.043823 0.006153
0 0.002491 0.313895 0.004953 0.081599
0 0.831576 0.995676 0.041283 0.008556
0 0.002598 0.634062 0.005196 0.069389
0 0.129035 0.995400 0.040925 0.009162
0 0.007360 0.008033 0.014721 0.016065
0 0.004995 0.454512 0.009990 0.062364
0 0.005882 0.841729 0.011763 0.070082
0 0.421782 0.003992 0.041549 0.007984
0 0.006160 0.744839 0.012308 0.071784
0 0.006419 0.065533 0.012839 0.074797
0 0.048497 0.006377 0.041416 0.012754
0 0.061011 0.992769 0.048467 0.013628
0 0.994779 0.030769 0.009357 0.060841
0 0.733739 0.990922 0.046650 0.016913
0 0.992216 0.615537 0.014480 0.077977
0 0.991975 0.275637 0.014739 0.071242
0 0.020192 0.966651 0.040384 0.065770
0 0.012185 0.147685 0.024346 0.075474
0 0.496040 0.472816 0.042270 0.072091
0 0.988100 0.196990 0.022506 0.071567
0 0.928374 0.012236 0.058831 0.024472
0 0.444991 0.645182 0.049344 0.073820
0 0.837432 0.360846 0.040111 0.062768
0 0.357816 0.714250 0.044400 0.071075
0 0.015354 0.243812 0.030707 0.074296
0 0.244031 0.409807 0.043596 0.077998
0 0.478428 0.708768 0.047230 0.080329
0 0.211593 0.568590 0.051870 0.082339
0 0.300900 0.497072 0.047566 0.076637
0 0.152447 0.816198 0.049012 0.072823
0 0.178477 0.096142 0.046703 0.074244
0 0.634253 0.970521 0.052322 0.057649
0 0.280026 0.600966 0.056175 0.087158
0 0.022947 0.397160 0.045894 0.077555
0 0.122903 0.868925 0.059336 0.110262
0 0.198386 0.370912 0.048358 0.077552
0 0.317460 0.866607 0.049246 0.086185
0 0.252279 0.503426 0.053811 0.095018
0 0.386383 0.966107 0.049546 0.067352
0 0.314837 0.415498 0.057376 0.078769
0 0.641306 0.745838 0.050173 0.082196
0 0.541239 0.893675 0.053107 0.081118
0 0.837250 0.016289 0.061250 0.032577
0 0.579062 0.019061 0.055534 0.038093
0 0.450576 0.438583 0.048766 0.075308
0 0.393729 0.602423 0.056938 0.088451
0 0.567519 0.448068 0.050177 0.085400
0 0.484939 0.968705 0.054393 0.061809
0 0.610219 0.907811 0.054891 0.080567
0 0.026687 0.516369 0.053374 0.080834
0 0.170189 0.645483 0.053775 0.086403
0 0.052757 0.633666 0.052074 0.078616
0 0.562648 0.647839 0.054128 0.083801
0 0.529490 0.524487 0.049586 0.090130
0 0.158903 0.958034 0.053709 0.083097
0 0.793906 0.966501 0.050409 0.066055
0 0.584362 0.568516 0.047729 0.080518
0 0.910611 0.959862 0.051154 0.077907
0 0.403743 0.402613 0.048322 0.075439
0 0.152850 0.033633 0.051826 0.067267
0 0.315618 0.670413 0.053807 0.085472
0 0.307441 0.098709 0.057887 0.077989
0 0.653021 0.384974 0.058263 0.078297
0 0.946504 0.619036 0.052750 0.079257
0 0.612191 0.676831 0.048820 0.083787
0 0.678899 0.797102 0.054281 0.085635
0 0.182255 0.259360 0.047724 0.076241
0 0.843588 0.585871 0.048187 0.076036
0 0.973182 0.552939 0.052999 0.084933
0 0.440172 0.554961 0.055032 0.091894
0 0.555811 0.217764 0.044335 0.071574
0 0.361178 0.823257 0.050874 0.083912
0 0.057557 0.762936 0.054282 0.084976
0 0.100074 0.559140 0.050436 0.076461
0 0.246080 0.901148 0.053942 0.098133
0 0.376284 0.028415 0.045306 0.056796
0 0.599992 0.355205 0.055002 0.084950
0 0.660121 0.461920 0.051025 0.082390
0 0.793791 0.835084 0.054901 0.088274
0 0.961417 0.765746 0.045907 0.069713
0 0.506540 0.352088 0.048356 0.078220
0 0.238823 0.667939 0.056993 0.089923
0 0.108542 0.475822 0.052024 0.080924
0 0.964339 0.457021 0.043297 0.067505
0 0.818017 0.466191 0.050662 0.081178
0 0.599533 0.134456 0.047785 0.078207
0 0.213734 0.033225 0.052071 0.066449
0 0.431019 0.763015 0.054126 0.095648
0 0.963475 0.849893 0.055727 0.089730
0 0.715019 0.482255 0.054245 0.079517
0 0.266185 0.243364 0.051615 0.081325
0 0.659540 0.623568 0.049633 0.088650
0 0.551769 0.801348 0.061877 0.100268
0 0.149364 0.331409 0.059605 0.089629
0 0.783761 0.387425 0.055040 0.081295
0 0.704191 0.724182 0.053500 0.081373
0 0.114069 0.701758 0.051885 0.083241
0 0.977329 0.121125 0.044224 0.075042
0 0.830293 0.775971 0.057666 0.087127
0 0.269909 0.160920 0.052798 0.076445
0 0.059978 0.135154 0.051302 0.078691
0 0.859754 0.918620 0.055272 0.091379
0 0.544539 0.295886 0.049979 0.084456
0 0.319174 0.030095 0.051147 0.060153
0 0.104205 0.262454 0.047585 0.074288
0 0.835441 0.679227 0.053161 0.091854
0 0.183805 0.752178 0.055946 0.090211
0 0.761748 0.611383 0.060217 0.082037
0 0.057748 0.222825 0.051367 0.079846
0 0.413624 0.222852 0.051022 0.089581
0 0.386004 0.302909 0.055443 0.083343
0 0.470413 0.197299 0.051739 0.086049
0 0.722986 0.340861 0.050378 0.087610
0 0.840964 0.079257 0.049536 0.081350
0 0.843328 0.280263 0.050811 0.079832
0 0.120210 0.106623 0.054877 0.091276
0 0.774728 0.514729 0.054290 0.085744
0 0.419428 0.066353 0.056910 0.093563
0 0.339015 0.164458 0.062055 0.093157
0 0.206149 0.175132 0.055658 0.099475
0 0.914029 0.442307 0.052035 0.082872
0 0.892328 0.543024 0.056985 0.090179
0 0.453708 0.291494 0.055421 0.084920
0 0.723693 0.131891 0.053242 0.086732
0 0.623114 0.271249 0.051605 0.090847
0 0.560739 0.078033 0.055419 0.082660
0 0.307610 0.325639 0.057877 0.090549
0 0.772595 0.163299 0.049935 0.096023
0 0.828541 0.188662 0.054834 0.087214
0 0.701008 0.057002 0.050504 0.080564
0 0.759477 0.043766 0.049002 0.087521
0 0.674914 0.253917 0.049906 0.094611
0 0.933680 0.065377 0.057277 0.078742
0 0.634712 0.079109 0.052972 0.081380
0 0.926292 0.302254 0.056375 0.089096
1 0.328426 0.557807 0.055372 0.042908
2 0.658316 0.165077 0.027296 0.039333
2 0.738644 0.438617 0.021057 0.028605
2 0.525346 0.463647 0.018717 0.028605