0 0.453670 0.994651 0.029961 0.008924
0 0.002399 0.641625 0.004799 0.066018
0 0.995491 0.914186 0.007512 0.055847
0 0.989360 0.981760 0.019599 0.033360
0 0.166678 0.005557 0.037952 0.011114
0 0.786694 0.006845 0.038179 0.013689
0 0.992919 0.590624 0.012768 0.070550
0 0.628111 0.988305 0.042227 0.020255
0 0.010387 0.549298 0.020720 0.078986
0 0.990393 0.366031 0.017561 0.076731
0 0.938023 0.982917 0.049077 0.031041
0 0.986385 0.118489 0.025387 0.077863
0 0.189874 0.884923 0.039245 0.066184
0 0.075492 0.012161 0.049854 0.024322
0 0.015510 0.900617 0.031011 0.074854
0 0.241790 0.978268 0.049285 0.040146
0 0.616936 0.663153 0.041314 0.061185
0 0.687520 0.632961 0.046188 0.071559
0 0.779036 0.370689 0.050977 0.079226
0 0.740277 0.021389 0.045279 0.042778
0 0.682372 0.977958 0.052676 0.040803
0 0.810382 0.436636 0.047134 0.075260
0 0.505765 0.974606 0.050163 0.047497
0 0.594351 0.464482 0.052501 0.083959
0 0.500444 0.839184 0.052632 0.078039
0 0.924404 0.087273 0.046138 0.070044
0 0.880748 0.140386 0.047072 0.075566
0 0.216802 0.818720 0.048389 0.074295
0 0.451993 0.699519 0.047412 0.085259
0 0.655622 0.581436 0.046368 0.075379
0 0.049519 0.606462 0.045988 0.073875
0 0.324387 0.906287 0.048257 0.073000
0 0.900763 0.946789 0.046053 0.088417
0 0.098562 0.201793 0.039805 0.085548
0 0.273461 0.464469 0.045938 0.073585
0 0.856339 0.706157 0.043897 0.072347
0 0.632042 0.227757 0.046849 0.075160
0 0.862358 0.213103 0.047449 0.080911
0 0.222293 0.020906 0.048340 0.041813
0 0.184091 0.768760 0.044806 0.074091
0 0.962425 0.166645 0.044868 0.079530
0 0.684185 0.710429 0.049931 0.073231
0 0.198082 0.525424 0.045010 0.071136
0 0.966737 0.051263 0.045346 0.071707
0 0.743150 0.320104 0.051994 0.079774
0 0.712642 0.567155 0.049165 0.077608
0 0.312128 0.566669 0.046206 0.075167
0 0.394912 0.392608 0.048732 0.073331
0 0.306627 0.834856 0.047751 0.071323
0 0.916695 0.196619 0.047183 0.076970
0 0.479614 0.771133 0.049663 0.080178
0 0.081910 0.381353 0.046744 0.077203
0 0.589338 0.282661 0.047692 0.074266
0 0.919633 0.523061 0.043744 0.074539
0 0.223991 0.593508 0.048579 0.074972
0 0.123482 0.942401 0.048169 0.078359
0 0.346900 0.272542 0.051201 0.073776
0 0.048721 0.315393 0.055589 0.087478
0 0.497313 0.678193 0.051511 0.083833
0 0.600828 0.738948 0.049205 0.071620
0 0.793612 0.087183 0.049436 0.081515
0 0.455827 0.554453 0.046190 0.078055
0 0.238238 0.913907 0.052298 0.078246
0 0.029590 0.220149 0.048060 0.076466
0 0.815697 0.546235 0.051946 0.085612
0 0.739278 0.238141 0.050468 0.077915
0 0.041584 0.816522 0.049963 0.075694
0 0.520535 0.500262 0.048173 0.081872
0 0.774741 0.818112 0.045383 0.072660
0 0.919143 0.661826 0.048272 0.069782
0 0.739275 0.647831 0.050133 0.078833
0 0.449477 0.877366 0.052878 0.076582
0 0.126854 0.853083 0.049143 0.072530
0 0.218202 0.668922 0.050814 0.069048
0 0.312839 0.395934 0.048925 0.070921
0 0.089509 0.654244 0.052276 0.085065
0 0.129757 0.753143 0.049195 0.075035
0 0.058271 0.894983 0.050074 0.074993
0 0.651782 0.905053 0.048168 0.077554
0 0.133073 0.042635 0.049443 0.073338
0 0.439994 0.953589 0.049769 0.072814
0 0.443408 0.473860 0.052498 0.072504
0 0.852075 0.915257 0.049998 0.078515
0 0.052636 0.717404 0.057586 0.070213
0 0.265203 0.782706 0.053906 0.079563
0 0.704147 0.917937 0.052732 0.082422
0 0.531433 0.898761 0.053523 0.085115
0 0.867202 0.618146 0.046887 0.087486
0 0.963690 0.622570 0.052785 0.086115
0 0.809502 0.630390 0.051732 0.072290
0 0.209865 0.270123 0.053995 0.076840
0 0.382666 0.939902 0.052173 0.074869
0 0.519829 0.405999 0.050563 0.079611
0 0.098025 0.113244 0.055754 0.081856
0 0.943320 0.904986 0.049613 0.078150
0 0.332770 0.195566 0.050526 0.079261
0 0.154988 0.294454 0.051332 0.081275
0 0.419780 0.319957 0.055050 0.087010
0 0.742629 0.731503 0.050165 0.078029
0 0.144382 0.170082 0.048326 0.079538
0 0.693981 0.834559 0.048105 0.078084
0 0.083429 0.545634 0.049787 0.081023
0 0.264606 0.544886 0.053230 0.078915
0 0.938569 0.443422 0.054884 0.084969
0 0.592795 0.887709 0.052616 0.082631
0 0.167344 0.453374 0.049347 0.074122
0 0.166177 0.373517 0.054095 0.071973
0 0.149338 0.597974 0.053058 0.081706
0 0.958094 0.310152 0.049833 0.078694
0 0.248802 0.373136 0.052187 0.077648
0 0.248925 0.213641 0.052449 0.075925
0 0.460486 0.265233 0.053301 0.085752
0 0.320082 0.105768 0.042826 0.079634
0 0.833648 0.813395 0.052354 0.076202
0 0.902450 0.789411 0.053487 0.083277
0 0.384999 0.055846 0.048453 0.078292
0 0.382261 0.154964 0.051130 0.081462
1 0.364301 0.341478 0.046013 0.065554
1 0.634140 0.435042 0.035095 0.071514
2 0.113179 0.415375 0.014818 0.027414
2 0.310879 0.470203 0.017157 0.029797
2 0.227431 0.753874 0.015598 0.025030
2 0.190777 0.984505 0.032755 0.030989
2 0.473874 0.609058 0.018717 0.030989
2 0.480113 0.640048 0.021837 0.030989
2 0.600215 0.827771 0.021837 0.034565
2 0.838079 0.390346 0.021837 0.036949
2 0.956621 0.384982 0.023396 0.030989
2 0.895010 0.029201 0.020277 0.029797