0 0.577989 0.994760 0.036717 0.008856
0 0.002311 0.665489 0.004622 0.068754
0 0.898800 0.004186 0.031560 0.008371
0 0.993963 0.503142 0.010967 0.065902
0 0.198727 0.005789 0.041766 0.011577
0 0.011175 0.978880 0.022350 0.039371
0 0.009339 0.156318 0.018678 0.076067
0 0.089216 0.913403 0.036528 0.084049
0 0.815436 0.619168 0.048452 0.073550
0 0.057818 0.008190 0.040793 0.016379
0 0.991700 0.225861 0.014977 0.072800
0 0.849854 0.658377 0.048547 0.076514
0 0.990838 0.741743 0.016680 0.076160
0 0.790574 0.461164 0.048329 0.075479
0 0.408074 0.008830 0.044942 0.017660
0 0.801818 0.010578 0.046485 0.021155
0 0.759270 0.513680 0.053667 0.075850
0 0.214913 0.985750 0.044921 0.025774
0 0.990283 0.429809 0.017993 0.073921
0 0.098222 0.841229 0.043055 0.074049
0 0.009664 0.476397 0.019313 0.070358
0 0.931204 0.978835 0.054036 0.039235
0 0.987936 0.585190 0.022368 0.077629
0 0.014690 0.236960 0.029336 0.074017
0 0.656243 0.760332 0.043118 0.065103
0 0.985293 0.029442 0.027806 0.058846
0 0.875799 0.850579 0.048718 0.072402
0 0.037914 0.157225 0.043366 0.075035
0 0.376312 0.978146 0.051413 0.040575
0 0.766283 0.304325 0.044718 0.069818
0 0.358791 0.445105 0.049695 0.076156
0 0.841846 0.889483 0.050141 0.073641
0 0.976530 0.957681 0.045085 0.075351
0 0.719740 0.867592 0.048446 0.076703
0 0.204310 0.276041 0.045800 0.075125
0 0.436378 0.965923 0.043047 0.064727
0 0.495422 0.016129 0.047482 0.032257
0 0.935020 0.920267 0.043550 0.069939
0 0.486353 0.970506 0.051165 0.055837
0 0.125015 0.591309 0.044912 0.064920
0 0.723218 0.323718 0.047954 0.075993
0 0.683931 0.034882 0.049734 0.069765
0 0.974314 0.671273 0.049423 0.078605
0 0.044720 0.963153 0.045681 0.069502
0 0.177350 0.883273 0.045801 0.076387
0 0.553557 0.023057 0.046052 0.046083
0 0.755896 0.803309 0.052372 0.064751
0 0.145636 0.956045 0.055645 0.081429
0 0.018231 0.367022 0.036463 0.075063
0 0.812369 0.785755 0.045581 0.078100
0 0.611086 0.676084 0.045385 0.072402
0 0.690052 0.929976 0.050091 0.076076
0 0.783011 0.928785 0.044934 0.070275
0 0.982496 0.304697 0.033226 0.077343
0 0.586258 0.821636 0.054834 0.077136
0 0.646892 0.838187 0.053224 0.081128
0 0.608705 0.899465 0.049847 0.080216
0 0.255844 0.960270 0.050189 0.076096
0 0.026058 0.046793 0.051400 0.082605
0 0.258360 0.875198 0.044061 0.070606
0 0.448125 0.896824 0.049860 0.068011
0 0.149723 0.020275 0.046476 0.040551
0 0.118942 0.381524 0.048953 0.073735
0 0.838660 0.544429 0.052705 0.080992
0 0.367176 0.916226 0.050310 0.072486
0 0.304354 0.023651 0.046006 0.047252
0 0.132514 0.664491 0.050325 0.076029
0 0.205368 0.584435 0.044422 0.072277
0 0.191484 0.209473 0.052473 0.075089
0 0.666606 0.659080 0.051435 0.079066
0 0.144264 0.076684 0.050208 0.070351
0 0.040691 0.285747 0.050325 0.082927
0 0.199597 0.747414 0.050639 0.074005
0 0.404232 0.856114 0.057051 0.070529
0 0.399193 0.409023 0.047947 0.080431
0 0.500860 0.412931 0.050113 0.079609
0 0.598927 0.511070 0.045793 0.079440
0 0.542264 0.912266 0.044329 0.074287
0 0.080021 0.052082 0.047782 0.076403
0 0.505240 0.189261 0.045587 0.071307
0 0.177067 0.134809 0.047440 0.075273
0 0.148229 0.774887 0.049447 0.079200
0 0.351192 0.755048 0.047544 0.072257
0 0.479288 0.071429 0.053425 0.077789
0 0.368238 0.062182 0.039328 0.065102
0 0.137650 0.212623 0.046374 0.075004
0 0.850027 0.193592 0.050630 0.079027
0 0.162086 0.442557 0.052485 0.088507
0 0.471585 0.328182 0.046031 0.071012
0 0.919051 0.797615 0.051426 0.078309
0 0.687438 0.552206 0.047670 0.075943
0 0.337090 0.840264 0.048003 0.071935
0 0.498418 0.667383 0.048772 0.073426
0 0.076978 0.721549 0.050326 0.077098
0 0.461810 0.149069 0.047991 0.080268
0 0.286267 0.789327 0.052006 0.078008
0 0.582720 0.070655 0.047885 0.073541
0 0.261127 0.528982 0.049730 0.077743
0 0.796631 0.059813 0.051242 0.074172
0 0.524260 0.748969 0.047292 0.073164
0 0.845412 0.100477 0.051577 0.084731
0 0.027911 0.811304 0.051015 0.088774
0 0.406963 0.772181 0.049044 0.077263
0 0.118713 0.507272 0.056157 0.092537
0 0.669026 0.463873 0.051475 0.076457
0 0.054440 0.619035 0.053704 0.077921
0 0.853024 0.025555 0.048024 0.051110
0 0.214774 0.472222 0.051427 0.076836
0 0.329207 0.506357 0.052282 0.075917
0 0.388154 0.619992 0.050165 0.073329
0 0.066424 0.355250 0.050853 0.082994
0 0.239488 0.708850 0.045133 0.079299
0 0.635489 0.587577 0.053915 0.089112
0 0.571359 0.609600 0.051415 0.079788
0 0.291840 0.092870 0.046592 0.071778
0 0.386124 0.541474 0.048308 0.074577
0 0.658198 0.148229 0.052497 0.085522
0 0.828538 0.341285 0.047228 0.075508
0 0.521720 0.341000 0.051086 0.079753
0 0.223161 0.047386 0.046372 0.076603
0 0.520007 0.262217 0.048975 0.071277
0 0.722174 0.241540 0.050988 0.076559
0 0.950355 0.587613 0.046471 0.082715
0 0.936495 0.167792 0.048612 0.078815
0 0.129653 0.297831 0.050736 0.085200
0 0.468376 0.247523 0.048776 0.077985
0 0.775671 0.136801 0.047251 0.075800
0 0.973897 0.114154 0.046516 0.077239
0 0.320236 0.694911 0.046768 0.075011
0 0.640464 0.359405 0.048556 0.076337
0 0.423302 0.203988 0.049519 0.084837
0 0.062197 0.490091 0.049184 0.073624
0 0.380018 0.139889 0.048191 0.084900
0 0.204376 0.389150 0.051048 0.084363
0 0.639047 0.066652 0.054702 0.081716
0 0.783719 0.233808 0.048533 0.071841
0 0.896704 0.336940 0.049177 0.074520
0 0.706691 0.161391 0.046596 0.082506
0 0.322364 0.386430 0.052011 0.079100
0 0.388198 0.293191 0.048768 0.075726
0 0.933516 0.397734 0.052383 0.077884
0 0.546891 0.460426 0.052826 0.085289
0 0.245622 0.209190 0.049604 0.083145
0 0.459816 0.599174 0.054306 0.082045
0 0.947178 0.246607 0.045035 0.071840
0 0.328159 0.182580 0.048990 0.080013
0 0.899489 0.116580 0.050727 0.081530
0 0.891764 0.255856 0.053112 0.077081
0 0.601091 0.279089 0.052827 0.086135
1 0.848217 0.252682 0.023396 0.030989
1 0.703549 0.735399 0.022617 0.073897
2 0.102650 0.249106 0.024956 0.038141
2 0.469195 0.401669 0.017157 0.026222
2 0.241079 0.611442 0.021057 0.033373
2 0.744103 0.389750 0.024176 0.035757
2 0.727726 0.458880 0.021057 0.028605
2 0.938294 0.318832 0.019497 0.034565
2 0.710958 0.069130 0.018717 0.030989