0 0.760395 0.994703 0.034218 0.008967
0 0.350743 0.995904 0.036324 0.007232
0 0.997284 0.013936 0.005230 0.027748
0 0.777870 0.042379 0.068861 0.084685
0 0.558398 0.978890 0.053168 0.039369
0 0.738680 0.005902 0.042581 0.011803
0 0.144064 0.003702 0.029730 0.007403
0 0.596272 0.966985 0.051815 0.063377
0 0.005036 0.716851 0.010072 0.053527
0 0.011349 0.929612 0.022685 0.060613
0 0.994419 0.072725 0.009813 0.063233
0 0.287723 0.991186 0.043972 0.015408
0 0.878382 0.008096 0.041176 0.016193
0 0.994047 0.557413 0.010716 0.062215
0 0.613092 0.904803 0.050802 0.075664
0 0.945460 0.975037 0.048599 0.048115
0 0.014500 0.981939 0.028999 0.033398
0 0.024368 0.889137 0.048602 0.067841
0 0.009697 0.159449 0.019388 0.078395
0 0.014337 0.650134 0.028627 0.076831
0 0.416484 0.981491 0.047748 0.034024
0 0.636018 0.846524 0.055759 0.075284
0 0.990201 0.445269 0.018274 0.073348
0 0.466592 0.978847 0.043591 0.039347
0 0.945100 0.635656 0.041877 0.070727
0 0.988947 0.153894 0.020623 0.072584
0 0.902978 0.640083 0.049604 0.076850
0 0.885369 0.487998 0.048712 0.077661
0 0.911247 0.956939 0.051590 0.073159
0 0.981437 0.766788 0.035743 0.074277
0 0.244719 0.586827 0.048995 0.068793
0 0.682604 0.807722 0.044250 0.067013
0 0.580493 0.837422 0.049777 0.077305
0 0.793154 0.904027 0.049852 0.072247
0 0.791280 0.970977 0.046327 0.055167
0 0.645521 0.014982 0.049368 0.029963
0 0.739211 0.057105 0.045716 0.075155
0 0.979805 0.885805 0.038923 0.080050
0 0.641816 0.650971 0.047708 0.078754
0 0.858256 0.935192 0.049573 0.074351
0 0.421341 0.919550 0.047585 0.076696
0 0.099177 0.015359 0.042375 0.030718
0 0.855823 0.554404 0.056987 0.080633
0 0.675080 0.932570 0.051923 0.082425
0 0.244441 0.520536 0.049680 0.076362
0 0.217752 0.457014 0.045413 0.062252
0 0.023142 0.772375 0.046284 0.073701
0 0.875081 0.715134 0.048179 0.068352
0 0.652310 0.485357 0.051886 0.070484
0 0.650783 0.752653 0.047580 0.072892
0 0.046780 0.656917 0.044727 0.084589
0 0.868979 0.790675 0.051308 0.073934
0 0.594098 0.763344 0.049330 0.071765
0 0.735417 0.961376 0.049170 0.073149
0 0.347317 0.775861 0.054397 0.071399
0 0.542793 0.738181 0.052632 0.078030
0 0.800202 0.685604 0.048885 0.074266
0 0.502117 0.902911 0.046260 0.077599
0 0.944130 0.715804 0.057941 0.080091
0 0.751616 0.517738 0.049900 0.081692
0 0.597308 0.687327 0.051001 0.073210
0 0.017585 0.541443 0.035153 0.068240
0 0.894353 0.869403 0.051622 0.086829
0 0.778496 0.457722 0.049862 0.076038
0 0.463422 0.744234 0.049241 0.075717
0 0.764684 0.753713 0.055816 0.083851
0 0.701340 0.537207 0.050345 0.077241
0 0.292714 0.600303 0.040111 0.074231
0 0.148821 0.815020 0.045509 0.072141
0 0.706957 0.458093 0.053264 0.074912
0 0.528103 0.660730 0.046429 0.070558
0 0.054722 0.829975 0.051160 0.075125
0 0.860809 0.419618 0.050952 0.072165
0 0.090359 0.640495 0.049052 0.081270
0 0.567579 0.423996 0.047881 0.070826
0 0.196057 0.970277 0.050081 0.057098
0 0.499621 0.376344 0.049262 0.073741
0 0.980349 0.334187 0.037994 0.071916
0 0.414940 0.844084 0.052591 0.075656
0 0.613550 0.585484 0.047798 0.075239
0 0.392153 0.025394 0.050454 0.050714
0 0.411428 0.762435 0.048606 0.073996
0 0.663047 0.188129 0.049608 0.069524
0 0.146249 0.890908 0.050139 0.070899
0 0.425862 0.474321 0.042582 0.072247
0 0.193197 0.773336 0.047049 0.072078
0 0.333876 0.646262 0.050591 0.078089
0 0.102654 0.524067 0.049520 0.075987
0 0.148115 0.722265 0.050726 0.072836
0 0.621699 0.416253 0.050083 0.078943
0 0.226683 0.695784 0.051325 0.080886
0 0.270739 0.735724 0.051845 0.078882
0 0.305838 0.295110 0.048750 0.066675
0 0.348478 0.852721 0.052404 0.075980
0 0.944185 0.557167 0.049867 0.073386
0 0.479364 0.104101 0.044879 0.071825
0 0.078889 0.444708 0.044263 0.072771
0 0.645675 0.116686 0.045888 0.080924
0 0.463947 0.431906 0.051085 0.082493
0 0.275520 0.390874 0.047151 0.073390
0 0.357088 0.577099 0.051103 0.075002
0 0.837357 0.353585 0.049853 0.078664
0 0.791662 0.119520 0.050188 0.079526
0 0.486281 0.020400 0.051442 0.040799
0 0.075968 0.953529 0.047561 0.071212
0 0.606130 0.192463 0.044823 0.071153
0 0.655787 0.265591 0.050198 0.072887
0 0.560407 0.597389 0.050575 0.065091
0 0.172256 0.156664 0.049595 0.083302
0 0.581937 0.334328 0.046156 0.073579
0 0.370869 0.710409 0.051304 0.086529
0 0.388041 0.403929 0.050016 0.076587
0 0.715173 0.380198 0.054058 0.074329
0 0.076691 0.278395 0.051892 0.080217
0 0.519079 0.143623 0.046306 0.074023
0 0.546726 0.518181 0.048532 0.073714
0 0.220715 0.903059 0.049736 0.071365
0 0.186160 0.028975 0.051145 0.057900
0 0.634255 0.335589 0.049780 0.072475
0 0.028134 0.330484 0.051510 0.072749
0 0.448407 0.657136 0.050523 0.076661
0 0.175333 0.324346 0.049755 0.073324
0 0.127267 0.439474 0.045788 0.074718
0 0.239820 0.803448 0.049494 0.075850
0 0.957791 0.483197 0.049918 0.070835
0 0.060183 0.568820 0.050615 0.078265
0 0.780696 0.271050 0.044656 0.070922
0 0.404433 0.613932 0.047684 0.078634
0 0.960651 0.403102 0.052794 0.077301
0 0.612993 0.053896 0.046027 0.072766
0 0.759455 0.187666 0.051500 0.085585
0 0.148584 0.647102 0.051852 0.068702
0 0.694326 0.089903 0.049939 0.080335
0 0.137206 0.249462 0.052671 0.078649
0 0.356556 0.240656 0.046226 0.073337
0 0.048836 0.208737 0.057539 0.066144
0 0.084306 0.072889 0.051730 0.077456
0 0.224003 0.365653 0.053098 0.078892
0 0.391388 0.152097 0.048855 0.082527
0 0.253053 0.162329 0.050277 0.077407
0 0.416056 0.296090 0.050404 0.070781
0 0.178814 0.513365 0.051528 0.081511
0 0.467862 0.315361 0.047863 0.078474
0 0.585719 0.121621 0.046547 0.074504
0 0.242349 0.239284 0.055227 0.073085
0 0.834013 0.073005 0.047853 0.083590
0 0.032818 0.409078 0.053165 0.076186
0 0.496002 0.211464 0.047071 0.074945
0 0.928544 0.030016 0.051538 0.059964
0 0.924169 0.308337 0.056045 0.086469
0 0.365065 0.490856 0.054596 0.080072
0 0.905324 0.094580 0.046393 0.071020
0 0.364798 0.075685 0.050049 0.078212
0 0.965759 0.068130 0.045384 0.088317
0 0.233536 0.062074 0.049440 0.084019
0 0.711442 0.211958 0.043879 0.077759
0 0.442954 0.192909 0.053609 0.080990
0 0.967601 0.217666 0.047884 0.075971
0 0.310365 0.061537 0.050960 0.072982
0 0.839007 0.174690 0.053285 0.084866
1 0.783877 0.822408 0.044453 0.052443
2 0.168160 0.275924 0.020277 0.032181
2 0.119418 0.840882 0.022617 0.034565
2 0.317118 0.803933 0.017157 0.027414
2 0.495321 0.556615 0.019497 0.030989
2 0.650907 0.539333 0.018717 0.032181
2 0.744493 0.272944 0.028076 0.042908
2 0.729285 0.654350 0.017937 0.028605
2 0.943363 0.816448 0.018717 0.026222
0 0.127996 0.130513 0.052252 0.075089