0 0.003692 0.018477 0.007354 0.036954
0 0.005659 0.985994 0.011276 0.025336
0 0.994133 0.976869 0.010204 0.043298
0 0.992117 0.377590 0.014154 0.062989
0 0.993026 0.899730 0.012316 0.065461
0 0.493039 0.008415 0.037240 0.016798
0 0.877579 0.987159 0.045369 0.022803
0 0.581603 0.012334 0.047651 0.024649
0 0.152996 0.011885 0.048469 0.023770
0 0.249848 0.982895 0.049109 0.031257
0 0.984218 0.034274 0.029907 0.068548
0 0.710840 0.983072 0.049056 0.030628
0 0.982763 0.771763 0.032482 0.082795
0 0.879741 0.015845 0.046751 0.031658
0 0.018576 0.150133 0.037072 0.077049
0 0.981567 0.186375 0.034874 0.074033
0 0.020731 0.903223 0.041462 0.075731
0 0.736316 0.022432 0.049882 0.044863
0 0.067202 0.452585 0.045487 0.065826
0 0.053104 0.251387 0.050133 0.083923
0 0.107312 0.235581 0.051784 0.080646
0 0.141167 0.300889 0.056719 0.073664
0 0.023403 0.314492 0.046662 0.075866
0 0.020316 0.479091 0.040632 0.078333
0 0.016801 0.598916 0.033584 0.074401
0 0.971301 0.316982 0.051566 0.089329
0 0.682167 0.901346 0.043297 0.063569
0 0.022501 0.778824 0.045001 0.075714
0 0.392771 0.028050 0.048617 0.056099
0 0.221327 0.943453 0.043959 0.065231
0 0.801243 0.537068 0.053403 0.066925
0 0.640822 0.132784 0.050076 0.074395
0 0.101017 0.403058 0.052968 0.073405
0 0.957259 0.414218 0.052996 0.075217
0 0.820086 0.034284 0.056736 0.067916
0 0.205871 0.026895 0.051026 0.053791
0 0.083532 0.606741 0.047833 0.080213
0 0.339587 0.040439 0.054514 0.080111
0 0.668146 0.734333 0.060685 0.080317
0 0.904549 0.216754 0.043888 0.071663
0 0.551837 0.969980 0.050428 0.056724
0 0.104094 0.795130 0.052093 0.077284
0 0.488677 0.543916 0.045656 0.086248
0 0.155653 0.382735 0.049866 0.074224
0 0.608939 0.964225 0.046997 0.068339
0 0.069564 0.527432 0.052481 0.073529
0 0.888598 0.710192 0.049157 0.071143
0 0.867866 0.338369 0.047535 0.075198
0 0.674297 0.653924 0.049130 0.073025
0 0.970300 0.505093 0.049090 0.068878
0 0.088489 0.874766 0.053397 0.071045
0 0.976218 0.660108 0.045314 0.072182
0 0.736246 0.889009 0.040558 0.076961
0 0.687139 0.043127 0.052070 0.080644
0 0.565745 0.855154 0.050349 0.074787
0 0.284203 0.206633 0.048688 0.077042
0 0.824482 0.370133 0.052076 0.083256
0 0.412342 0.393335 0.063727 0.064846
0 0.067632 0.158593 0.049830 0.075455
0 0.154948 0.076132 0.060727 0.096040
0 0.693056 0.377039 0.056940 0.085312
0 0.949911 0.240731 0.049484 0.076862
0 0.794502 0.468850 0.049583 0.072357
0 0.208242 0.439230 0.052146 0.075425
0 0.787451 0.770991 0.050221 0.074172
0 0.522905 0.063323 0.050577 0.075741
0 0.043288 0.690275 0.055937 0.078693
0 0.260541 0.045985 0.050309 0.076217
0 0.640292 0.587509 0.050232 0.078817
0 0.828287 0.603244 0.050660 0.084999
0 0.936849 0.563411 0.045592 0.069999
0 0.237640 0.334546 0.046634 0.078924
0 0.719221 0.797105 0.051300 0.080049
0 0.602843 0.215298 0.050162 0.079523
0 0.412294 0.881204 0.048392 0.074528
0 0.833666 0.952883 0.051976 0.076529
0 0.914891 0.646498 0.053434 0.067064
0 0.471577 0.959164 0.050731 0.078154
0 0.366126 0.537355 0.048862 0.075632
0 0.095109 0.713806 0.048272 0.073183
0 0.273206 0.126010 0.048765 0.070605
0 0.235275 0.229735 0.050324 0.084639
0 0.465620 0.428220 0.043328 0.073557
0 0.824240 0.109652 0.048730 0.073473
0 0.956457 0.083680 0.058644 0.080070
0 0.443016 0.053296 0.049179 0.079293
0 0.780209 0.164342 0.056724 0.078646
0 0.819303 0.709297 0.047920 0.074749
0 0.126704 0.565571 0.049559 0.078031
0 0.531326 0.796588 0.051593 0.077361
0 0.367472 0.708260 0.053692 0.082404
0 0.362928 0.872678 0.047897 0.080490
0 0.393054 0.462291 0.042363 0.076104
0 0.603139 0.067758 0.054171 0.083736
0 0.616149 0.886196 0.054041 0.078502
0 0.284954 0.371310 0.052531 0.071655
0 0.921193 0.351894 0.050509 0.087393
0 0.328826 0.438043 0.048390 0.070790
0 0.557071 0.280806 0.049955 0.075200
0 0.719717 0.302487 0.050289 0.079655
0 0.753374 0.656649 0.051252 0.072025
0 0.930516 0.941198 0.052287 0.081205
0 0.782314 0.850270 0.053955 0.072082
0 0.151423 0.939161 0.049333 0.074890
0 0.183509 0.253777 0.051066 0.086220
0 0.366634 0.621345 0.058296 0.079239
0 0.462073 0.865196 0.045903 0.077940
0 0.216883 0.871164 0.055461 0.071789
0 0.930008 0.758628 0.055075 0.081746
0 0.906681 0.121404 0.051533 0.077466
0 0.324661 0.116719 0.048004 0.074343
0 0.624665 0.511557 0.047571 0.075648
0 0.493802 0.135839 0.050194 0.076126
0 0.262792 0.595476 0.051281 0.080175
0 0.846574 0.260191 0.050446 0.078293
0 0.464308 0.346726 0.047111 0.077635
0 0.439072 0.237597 0.051558 0.081403
0 0.886347 0.582776 0.050058 0.074286
0 0.628033 0.301953 0.049310 0.074685
0 0.201307 0.622763 0.053017 0.079146
0 0.845933 0.455054 0.049728 0.086172
0 0.576330 0.487923 0.047950 0.079604
0 0.701839 0.148888 0.058276 0.076290
0 0.270202 0.740338 0.050650 0.074498
0 0.771712 0.270617 0.052672 0.076462
0 0.430242 0.651333 0.047870 0.079518
0 0.577555 0.377531 0.045247 0.079664
0 0.863390 0.854614 0.050037 0.080381
0 0.524015 0.596290 0.050050 0.076751
0 0.514056 0.712931 0.052501 0.079767
0 0.207121 0.789330 0.055139 0.081810
1 0.723436 0.484505 0.032755 0.084625
2 0.052738 0.355185 0.024956 0.038141
2 0.016863 0.022050 0.023396 0.044100
2 0.157632 0.439809 0.027296 0.030989
2 0.188047 0.482122 0.021057 0.029797
2 0.402515 0.327771 0.027296 0.038141
2 0.520277 0.407032 0.017937 0.029797
2 0.472704 0.667461 0.025736 0.040524
2 0.807663 0.210965 0.020277 0.028605
2 0.991179 0.713945 0.017643 0.045292
2 0.991568 0.122169 0.016863 0.058403
0 0.432930 0.160310 0.056931 0.067938