0 0.995794 0.933212 0.007065 0.066724
0 0.897264 0.991003 0.039701 0.015195
0 0.135363 0.989963 0.041934 0.017603
0 0.007359 0.900523 0.014718 0.074519
0 0.012942 0.028798 0.025883 0.057470
0 0.526893 0.012807 0.044864 0.025607
0 0.172127 0.014413 0.047173 0.028825
0 0.853079 0.014635 0.040226 0.029270
0 0.019236 0.147422 0.038468 0.076983
0 0.984675 0.760539 0.028805 0.077870
0 0.745992 0.978020 0.051079 0.040890
0 0.290227 0.018869 0.047483 0.037737
0 0.021802 0.668250 0.043605 0.078301
0 0.917112 0.060940 0.047833 0.075457
0 0.652976 0.974842 0.056013 0.047270
0 0.958975 0.806903 0.052374 0.078111
0 0.975689 0.877390 0.043763 0.072811
0 0.053336 0.104989 0.052893 0.065779
0 0.983045 0.664040 0.032158 0.079721
0 0.559042 0.962130 0.052103 0.072266
0 0.653241 0.022386 0.048067 0.044740
0 0.698363 0.690591 0.045467 0.067567
0 0.108616 0.036864 0.049619 0.073709
0 0.799659 0.070587 0.055785 0.068898
0 0.232861 0.704801 0.044942 0.070084
0 0.123573 0.195898 0.045432 0.073269
0 0.048165 0.452512 0.050269 0.073652
0 0.850390 0.967588 0.050926 0.061788
0 0.956112 0.964236 0.049425 0.068442
0 0.526072 0.534004 0.039881 0.057622
0 0.541503 0.726857 0.048400 0.075744
0 0.079862 0.222629 0.049064 0.078227
0 0.717263 0.625398 0.052930 0.074588
0 0.211638 0.767828 0.055331 0.077291
0 0.472179 0.023590 0.056430 0.047163
0 0.098606 0.957169 0.053344 0.081809
0 0.565691 0.797263 0.050587 0.075775
0 0.172826 0.711855 0.041884 0.063295
0 0.079074 0.389281 0.048396 0.076024
0 0.452204 0.735999 0.048818 0.070819
0 0.496140 0.707220 0.047317 0.079832
0 0.768056 0.906909 0.050516 0.080269
0 0.431441 0.483973 0.049801 0.085320
0 0.580739 0.883969 0.047708 0.085581
0 0.628683 0.894415 0.046867 0.078389
0 0.668939 0.741336 0.052394 0.082630
0 0.547231 0.646417 0.054036 0.078158
0 0.757319 0.030379 0.054832 0.060757
0 0.790528 0.218688 0.051895 0.069856
0 0.505047 0.914952 0.047550 0.072439
0 0.230644 0.629721 0.051826 0.070461
0 0.210039 0.045808 0.052902 0.080312
0 0.288640 0.400244 0.048734 0.074988
0 0.175421 0.964726 0.048846 0.067571
0 0.456001 0.553088 0.047861 0.073108
0 0.670821 0.832553 0.049723 0.078486
0 0.261841 0.474931 0.050318 0.070862
0 0.413384 0.901784 0.047123 0.080661
0 0.905844 0.307776 0.048347 0.074925
0 0.854827 0.177352 0.046689 0.076313
0 0.092685 0.541647 0.049583 0.074223
0 0.375577 0.859296 0.048116 0.080697
0 0.204933 0.295695 0.053411 0.081163
0 0.488262 0.611129 0.050148 0.083799
0 0.064168 0.608359 0.048623 0.081241
0 0.251871 0.958865 0.048715 0.075644
0 0.887837 0.235992 0.049987 0.069271
0 0.874059 0.723451 0.045388 0.084512
0 0.330789 0.562504 0.049251 0.063421
0 0.552732 0.425329 0.045714 0.062242
0 0.332857 0.352462 0.042448 0.086041
0 0.321055 0.954194 0.051520 0.072759
0 0.081458 0.786035 0.052745 0.081599
0 0.796951 0.144008 0.054792 0.072383
0 0.966908 0.108087 0.052417 0.073831
0 0.282603 0.717787 0.048821 0.085758
0 0.313363 0.646833 0.053632 0.081337
0 0.462608 0.863638 0.051707 0.080425
0 0.777591 0.290910 0.049787 0.074477
0 0.805904 0.833702 0.046149 0.084985
0 0.150737 0.474200 0.054773 0.081200
0 0.742651 0.834941 0.047764 0.075725
0 0.903136 0.825408 0.046116 0.092130
0 0.391033 0.431356 0.048004 0.080652
0 0.260435 0.137100 0.053942 0.080050
0 0.242225 0.352255 0.047022 0.078563
0 0.130556 0.871728 0.059892 0.089271
0 0.750311 0.697673 0.043998 0.085020
0 0.403075 0.665802 0.046234 0.089899
0 0.147437 0.560073 0.050488 0.077707
0 0.305920 0.204454 0.048317 0.079463
0 0.692143 0.381654 0.045763 0.071482
0 0.602683 0.677475 0.053490 0.081256
0 0.450732 0.097103 0.053777 0.077903
0 0.277106 0.553679 0.049620 0.074245
0 0.875740 0.371018 0.049186 0.079313
0 0.802995 0.686060 0.050831 0.072698
0 0.084037 0.700006 0.052829 0.077001
0 0.382237 0.554180 0.045738 0.075632
0 0.210766 0.538229 0.053958 0.078903
0 0.702415 0.094639 0.060607 0.069032
0 0.258450 0.851970 0.050509 0.082369
0 0.711015 0.466764 0.045486 0.087704
0 0.792558 0.418562 0.046958 0.077176
0 0.412771 0.228552 0.050460 0.084163
0 0.375130 0.108041 0.048465 0.081500
0 0.371222 0.273897 0.049209 0.070461
0 0.963923 0.216381 0.052275 0.083121
0 0.579269 0.573162 0.052310 0.085772
0 0.960190 0.383578 0.052615 0.079235
0 0.740921 0.344024 0.050921 0.073330
0 0.631557 0.551968 0.046762 0.078600
0 0.617579 0.336444 0.050350 0.078579
0 0.784113 0.540450 0.048851 0.073376
0 0.502956 0.173734 0.043652 0.072525
0 0.899738 0.639814 0.059450 0.084821
0 0.865100 0.483126 0.052141 0.080180
0 0.540030 0.312149 0.054986 0.077395
1 0.452037 0.423719 0.056152 0.075089
1 0.667285 0.480930 0.023396 0.084625
1 0.622052 0.780095 0.053032 0.072706
2 0.305809 0.264005 0.024176 0.029797
2 0.159192 0.149583 0.025736 0.034565
2 0.048838 0.302741 0.021837 0.035757
2 0.744103 0.573302 0.022617 0.035757
2 0.608794 0.824791 0.024956 0.040524
2 0.809223 0.019666 0.028076 0.039333
5 0.948042 0.030393 0.070189 0.060787