0 0.003109 0.463832 0.006218 0.050898
0 0.003735 0.700128 0.007470 0.054461
0 0.713175 0.004511 0.029922 0.009023
0 0.557633 0.005770 0.037985 0.011540
0 0.793602 0.991975 0.036312 0.013134
0 0.172146 0.991028 0.038031 0.014976
0 0.652744 0.989340 0.042150 0.018393
0 0.034769 0.007341 0.043578 0.014674
0 0.556555 0.988973 0.043198 0.018925
0 0.988362 0.015739 0.021660 0.031399
0 0.989978 0.412804 0.018084 0.064462
0 0.306900 0.987338 0.043585 0.022289
0 0.875623 0.009700 0.039491 0.019352
0 0.009222 0.620943 0.018422 0.075720
0 0.022149 0.946389 0.043229 0.064273
0 0.014658 0.141694 0.029297 0.075035
0 0.982243 0.917552 0.033558 0.082217
0 0.985461 0.197535 0.027081 0.080201
0 0.607593 0.974534 0.049332 0.047733
0 0.066909 0.894919 0.050454 0.071830
0 0.984823 0.275056 0.028318 0.067458
0 0.102543 0.962697 0.050335 0.071215
0 0.285602 0.941411 0.046134 0.067770
0 0.638799 0.390630 0.047740 0.065049
0 0.979894 0.786467 0.038207 0.072469
0 0.463631 0.884250 0.058793 0.072770
0 0.851449 0.972207 0.055234 0.052243
0 0.036311 0.058135 0.048619 0.067653
0 0.921530 0.962179 0.054905 0.071878
0 0.340322 0.897782 0.047256 0.084836
0 0.917918 0.882666 0.043449 0.075941
0 0.141775 0.783589 0.052087 0.072773
0 0.136072 0.874636 0.049607 0.079147
0 0.076604 0.813044 0.047438 0.079341
0 0.615235 0.905966 0.048629 0.074884
0 0.188396 0.937670 0.053454 0.076491
0 0.042508 0.200216 0.048956 0.085688
0 0.457165 0.963769 0.046770 0.064960
0 0.049658 0.587292 0.046699 0.077407
0 0.377736 0.950106 0.046717 0.073133
0 0.278629 0.138602 0.052709 0.068419
0 0.031164 0.405741 0.048287 0.074926
0 0.760508 0.167567 0.055944 0.063899
0 0.786937 0.436863 0.040940 0.080907
0 0.429232 0.237183 0.046945 0.088261
0 0.112791 0.173144 0.051369 0.072009
0 0.085758 0.101317 0.050247 0.077433
0 0.331568 0.027440 0.048955 0.054880
0 0.683334 0.437252 0.049876 0.080735
0 0.481973 0.037517 0.051295 0.074495
0 0.235677 0.872173 0.054676 0.078920
0 0.959709 0.845285 0.051491 0.077524
0 0.095031 0.694879 0.047850 0.073094
0 0.243063 0.735225 0.041997 0.084559
0 0.175539 0.112200 0.045357 0.071339
0 0.560152 0.058335 0.048349 0.075344
0 0.055817 0.487867 0.046143 0.077541
0 0.653628 0.684478 0.046045 0.074096
0 0.829078 0.029027 0.049045 0.058054
0 0.523024 0.786776 0.044040 0.069002
0 0.242476 0.200600 0.051563 0.076037
0 0.609619 0.126147 0.051925 0.074968
0 0.280091 0.816225 0.052631 0.084732
0 0.961231 0.706828 0.047206 0.066026
0 0.387214 0.472112 0.047453 0.080072
0 0.444086 0.677682 0.052433 0.072673
0 0.150115 0.049142 0.049177 0.075297
0 0.546696 0.145833 0.050983 0.082698
0 0.606590 0.636214 0.052668 0.082385
0 0.480496 0.750916 0.049578 0.084654
0 0.795574 0.678765 0.047915 0.069435
0 0.726519 0.777114 0.049356 0.069493
0 0.157904 0.277151 0.047669 0.073896
0 0.763951 0.846353 0.042083 0.076966
0 0.743978 0.093487 0.053703 0.077178
0 0.631803 0.055683 0.050156 0.076894
0 0.592248 0.718542 0.057196 0.077426
0 0.639204 0.260332 0.054201 0.069053
0 0.639219 0.184306 0.052902 0.069984
0 0.820016 0.210602 0.050070 0.071101
0 0.789554 0.521426 0.050904 0.069945
0 0.790624 0.601001 0.045362 0.071909
0 0.528374 0.910636 0.050042 0.082862
0 0.233788 0.091173 0.047645 0.074176
0 0.953320 0.629074 0.045421 0.080024
0 0.171059 0.194337 0.050224 0.076308
0 0.176469 0.723776 0.050811 0.078963
0 0.794670 0.779043 0.051174 0.073146
0 0.343309 0.101245 0.048709 0.078252
0 0.851880 0.098117 0.051114 0.073810
0 0.433572 0.784191 0.050274 0.085397
0 0.767692 0.300023 0.041446 0.062708
0 0.393077 0.845008 0.048553 0.084466
0 0.214129 0.294988 0.051614 0.073075
0 0.110762 0.455947 0.048674 0.078045
0 0.677573 0.821992 0.055867 0.074846
0 0.905927 0.623213 0.048717 0.070808
0 0.427218 0.438974 0.043406 0.072378
0 0.477872 0.260207 0.042955 0.077530
0 0.068128 0.338942 0.045507 0.070288
0 0.862220 0.426508 0.050847 0.071290
0 0.863775 0.262172 0.046430 0.073271
0 0.857786 0.344774 0.054006 0.073591
0 0.104012 0.602117 0.047696 0.068496
0 0.737271 0.499029 0.043990 0.073177
0 0.380695 0.205368 0.046481 0.081441
0 0.930402 0.071581 0.048462 0.072163
0 0.306325 0.741052 0.052611 0.080059
0 0.728211 0.235784 0.050052 0.072046
0 0.871704 0.725561 0.054281 0.082108
0 0.564507 0.355773 0.047065 0.069217
0 0.728283 0.382801 0.051096 0.082297
0 0.857646 0.552379 0.046508 0.077918
0 0.208489 0.653163 0.047735 0.079923
0 0.526662 0.581538 0.045049 0.074585
0 0.721311 0.634238 0.044801 0.086338
0 0.626079 0.511199 0.058711 0.082218
0 0.414904 0.128960 0.047678 0.074152
0 0.526864 0.293334 0.055233 0.060312
0 0.356973 0.524697 0.055183 0.074539
0 0.953608 0.142565 0.061641 0.063683
0 0.903893 0.516847 0.046999 0.089400
0 0.475525 0.510730 0.047272 0.074093
0 0.393135 0.392998 0.045515 0.076732
0 0.282650 0.254437 0.052331 0.075925
0 0.361691 0.671557 0.045967 0.082866
0 0.456340 0.593933 0.053957 0.075854
0 0.397826 0.574166 0.049744 0.078307
0 0.415078 0.319658 0.050821 0.077956
0 0.163258 0.486902 0.050923 0.067125
0 0.552447 0.452662 0.047855 0.078776
0 0.157017 0.401665 0.052674 0.072854
0 0.917162 0.321255 0.051390 0.078038
0 0.284006 0.342414 0.050374 0.085633
1 0.126826 0.237783 0.051472 0.051251
2 0.164651 0.535757 0.022617 0.029797
2 0.728505 0.837306 0.022617 0.027414
0 0.618542 0.334327 0.055372 0.091776