0 0.936614 0.993910 0.036532 0.009658
0 0.061943 0.883941 0.057100 0.061875
0 0.004310 0.739270 0.008620 0.059930
0 0.638409 0.990674 0.034050 0.015757
0 0.085115 0.939673 0.050962 0.080756
0 0.004484 0.516525 0.008968 0.058264
0 0.993321 0.024378 0.011906 0.048757
0 0.985231 0.987828 0.027790 0.021187
0 0.462200 0.985415 0.043965 0.026109
0 0.009475 0.594568 0.018944 0.079719
0 0.231424 0.010890 0.046814 0.021744
0 0.242291 0.985143 0.045711 0.026464
0 0.031095 0.969841 0.061513 0.056938
0 0.784676 0.982997 0.053953 0.030628
0 0.984545 0.918743 0.028991 0.080058
0 0.293960 0.979111 0.051072 0.038357
0 0.590118 0.978154 0.057363 0.040382
0 0.501699 0.717281 0.048874 0.062477
0 0.023786 0.827130 0.047514 0.076431
0 0.984496 0.363679 0.028897 0.072313
0 0.838348 0.403830 0.049869 0.078376
0 0.670052 0.967602 0.052787 0.061627
0 0.421695 0.021874 0.049293 0.043691
0 0.870188 0.300241 0.050755 0.074899
0 0.049559 0.764319 0.048447 0.072362
0 0.700417 0.021780 0.049617 0.043475
0 0.017493 0.435502 0.034978 0.085122
0 0.544502 0.544397 0.053277 0.069903
0 0.976296 0.723950 0.044053 0.062645
0 0.894552 0.027002 0.058103 0.053962
0 0.867326 0.971996 0.052126 0.052540
0 0.531869 0.489094 0.050044 0.070353
0 0.875593 0.378302 0.044173 0.069505
0 0.192638 0.752490 0.048183 0.070595
0 0.687436 0.908918 0.050841 0.077498
0 0.134238 0.019352 0.052818 0.038703
0 0.555083 0.947005 0.056003 0.085533
0 0.452085 0.935756 0.050486 0.082994
0 0.111693 0.538570 0.049462 0.072903
0 0.730782 0.198806 0.048732 0.075246
0 0.975773 0.477679 0.045962 0.079970
0 0.518535 0.661510 0.052325 0.073627
0 0.351392 0.535531 0.047779 0.068238
0 0.348563 0.905830 0.047311 0.070413
0 0.662465 0.847019 0.046577 0.074112
0 0.524254 0.019482 0.047979 0.038963
0 0.279577 0.920359 0.048552 0.072505
0 0.349114 0.465113 0.046754 0.064110
0 0.517030 0.137796 0.048443 0.077331
0 0.554507 0.616567 0.048752 0.068284
0 0.190283 0.927851 0.054296 0.074157
0 0.889447 0.243454 0.052397 0.077303
0 0.917517 0.880600 0.052657 0.066465
0 0.730975 0.405671 0.051591 0.077089
0 0.175657 0.819370 0.048345 0.073897
0 0.497217 0.901161 0.052038 0.081395
0 0.238071 0.115184 0.054649 0.076835
0 0.938299 0.948388 0.054904 0.076391
0 0.782720 0.923139 0.051229 0.081508
0 0.569493 0.267929 0.041556 0.062871
0 0.812582 0.833517 0.045684 0.071066
0 0.156414 0.434253 0.046435 0.073809
0 0.490500 0.534816 0.045163 0.077818
0 0.290042 0.839297 0.048495 0.075030
0 0.233055 0.351358 0.043883 0.064385
0 0.977909 0.198267 0.041996 0.078686
0 0.351780 0.185752 0.047014 0.072013
0 0.523591 0.076197 0.050670 0.068093
0 0.418666 0.848029 0.042828 0.073181
0 0.953963 0.400323 0.056013 0.085143
0 0.735945 0.893138 0.046979 0.074935
0 0.614955 0.819232 0.049403 0.076559
0 0.213495 0.057941 0.054321 0.081282
0 0.567003 0.854686 0.051572 0.080732
0 0.232216 0.275207 0.051003 0.077203
0 0.844300 0.766172 0.050223 0.082780
0 0.479560 0.804421 0.050211 0.076763
0 0.556248 0.420910 0.048695 0.077323
0 0.433600 0.585146 0.052038 0.077730
0 0.237172 0.762484 0.051278 0.082405
0 0.919221 0.069800 0.053604 0.074879
0 0.970270 0.794914 0.054048 0.072591
0 0.760225 0.826360 0.052401 0.075537
0 0.035733 0.065103 0.050140 0.077373
0 0.576331 0.025469 0.049489 0.050938
0 0.097788 0.458186 0.048709 0.077766
0 0.626935 0.739551 0.049665 0.078061
0 0.090993 0.705431 0.053525 0.077095
0 0.633243 0.466975 0.046172 0.086821
0 0.088310 0.144031 0.047783 0.076971
0 0.683093 0.146981 0.047542 0.072090
0 0.302917 0.221679 0.048303 0.073421
0 0.887809 0.681896 0.048475 0.078721
0 0.631496 0.583168 0.047684 0.076799
0 0.741376 0.477447 0.048917 0.076797
0 0.330244 0.748598 0.055941 0.082596
0 0.309485 0.050584 0.046486 0.072012
0 0.956328 0.658654 0.051360 0.080628
0 0.352973 0.367583 0.050655 0.081281
0 0.142661 0.081638 0.053796 0.080315
0 0.393632 0.428612 0.052368 0.089744
0 0.060293 0.398712 0.053194 0.083376
0 0.558330 0.749083 0.049760 0.077444
0 0.171271 0.529918 0.050023 0.079061
0 0.571331 0.168402 0.052057 0.078446
0 0.374707 0.689439 0.051548 0.081916
0 0.632669 0.379638 0.047083 0.076241
0 0.844675 0.486305 0.046722 0.080506
0 0.363608 0.814078 0.052073 0.080805
0 0.727519 0.693942 0.049802 0.079006
0 0.377877 0.590792 0.053911 0.084291
0 0.894627 0.598297 0.051831 0.080180
0 0.678183 0.719293 0.051242 0.087840
0 0.232660 0.441163 0.051538 0.075510
0 0.243247 0.603553 0.051389 0.076276
0 0.610554 0.306396 0.049849 0.078715
0 0.445238 0.469750 0.053687 0.077008
0 0.678663 0.613065 0.049695 0.077897
0 0.967782 0.092763 0.045729 0.080258
0 0.970634 0.283598 0.051352 0.084566
0 0.770150 0.643297 0.049586 0.076893
0 0.302568 0.419479 0.055557 0.081224
0 0.763509 0.040045 0.049317 0.078633
0 0.356524 0.268520 0.046896 0.082335
0 0.793480 0.463260 0.052402 0.083342
0 0.430414 0.674120 0.048729 0.077797
0 0.028887 0.335165 0.051383 0.079496
0 0.730958 0.102600 0.049271 0.075052
0 0.612736 0.220028 0.051842 0.081948
0 0.186761 0.370839 0.048501 0.076937
0 0.241848 0.519874 0.049923 0.078564
0 0.513860 0.385889 0.048858 0.080185
0 0.915076 0.804927 0.050670 0.080609
0 0.224707 0.679015 0.055534 0.081728
0 0.689806 0.508770 0.056361 0.085662
0 0.591050 0.093518 0.048648 0.076807
0 0.390627 0.129850 0.050977 0.074129
0 0.830197 0.154768 0.049811 0.077869
0 0.290275 0.502800 0.045990 0.079847
0 0.840069 0.070709 0.052553 0.081681
0 0.439339 0.349078 0.052919 0.080834
0 0.032191 0.194915 0.053620 0.089052
0 0.780420 0.330584 0.054840 0.082640
0 0.046546 0.512412 0.054635 0.079566
0 0.098372 0.616874 0.052281 0.081734
0 0.883304 0.134908 0.050241 0.081252
0 0.146739 0.168990 0.053226 0.079991
0 0.076176 0.262598 0.047955 0.076691
0 0.135266 0.351076 0.049662 0.080684
0 0.935734 0.149248 0.048723 0.077399
0 0.814085 0.244907 0.053174 0.083090
0 0.362427 0.057122 0.055336 0.083642
0 0.295454 0.138537 0.052836 0.082321
0 0.153076 0.605933 0.052958 0.083388
0 0.467771 0.047352 0.052030 0.077444
0 0.216790 0.192742 0.051217 0.077466
0 0.663528 0.069201 0.053158 0.092729
0 0.680422 0.253951 0.057003 0.091656
0 0.139535 0.253252 0.050319 0.080060
0 0.777394 0.141364 0.050549 0.082979
0 0.404273 0.221784 0.049300 0.083273
0 0.465761 0.143550 0.049856 0.084061
0 0.893966 0.511247 0.050258 0.081981
0 0.793737 0.724736 0.054569 0.083143
0 0.465401 0.234266 0.051911 0.087233
1 0.308149 0.309297 0.049133 0.077473
2 0.324527 0.274136 0.027296 0.040524
2 0.434880 0.284267 0.026516 0.036949
2 0.658316 0.545292 0.019497 0.029797
2 0.494931 0.603099 0.031195 0.042908
2 0.921526 0.211561 0.026516 0.041716