0 0.853748 0.003182 0.032374 0.006364
0 0.995299 0.592245 0.008062 0.071733
0 0.482607 0.006617 0.033537 0.013235
0 0.210298 0.006353 0.034444 0.012707
0 0.991016 0.271347 0.016183 0.072034
0 0.007953 0.394670 0.015906 0.074015
0 0.988629 0.953843 0.021015 0.069964
0 0.466143 0.985019 0.048283 0.026536
0 0.987107 0.484012 0.023870 0.086678
0 0.931745 0.013433 0.047507 0.026867
0 0.668088 0.981453 0.053272 0.033700
0 0.018931 0.685928 0.037855 0.077564
0 0.556720 0.980802 0.050558 0.035007
0 0.054517 0.977226 0.049004 0.042173
0 0.904120 0.977455 0.044866 0.041675
0 0.763441 0.976932 0.048441 0.042772
0 0.401225 0.973462 0.054849 0.049498
0 0.984278 0.880803 0.029482 0.076527
0 0.014133 0.550689 0.028223 0.076151
0 0.033829 0.927725 0.047163 0.086448
0 0.298448 0.895310 0.047921 0.070006
0 0.117774 0.975722 0.049421 0.045256
0 0.015165 0.316036 0.030278 0.080461
0 0.553330 0.449519 0.041785 0.059967
0 0.551275 0.016682 0.049294 0.033364
0 0.977783 0.204773 0.042534 0.070661
0 0.268373 0.965532 0.051266 0.065338
0 0.856552 0.963237 0.049830 0.068934
0 0.120982 0.769364 0.039905 0.067342
0 0.320713 0.963067 0.048215 0.070245
0 0.452812 0.936468 0.048788 0.071562
0 0.118453 0.013976 0.043150 0.027951
0 0.024243 0.765156 0.044914 0.070814
0 0.429549 0.869633 0.047681 0.077010
0 0.612386 0.019052 0.044199 0.038103
0 0.166778 0.016369 0.043223 0.032738
0 0.256110 0.163825 0.059554 0.072225
0 0.249738 0.017126 0.043523 0.034253
0 0.533971 0.820054 0.043374 0.064042
0 0.834090 0.594973 0.054364 0.081870
0 0.662213 0.929147 0.050341 0.073094
0 0.613281 0.972227 0.052510 0.052088
0 0.200539 0.686741 0.049235 0.071805
0 0.139686 0.918576 0.050763 0.078772
0 0.418745 0.783736 0.049884 0.071903
0 0.975421 0.326514 0.043242 0.089498
0 0.337532 0.585895 0.048985 0.078442
0 0.566289 0.918177 0.050323 0.076955
0 0.291974 0.621726 0.045689 0.070585
0 0.284348 0.827047 0.048531 0.077884
0 0.342541 0.510044 0.046799 0.066979
0 0.407499 0.429888 0.041113 0.062907
0 0.312571 0.700319 0.047301 0.072654
0 0.431361 0.705495 0.046233 0.074976
0 0.383287 0.911385 0.055356 0.081198
0 0.877897 0.905000 0.045460 0.065234
0 0.340673 0.034803 0.047695 0.069513
0 0.316224 0.098948 0.043919 0.075003
0 0.041401 0.840470 0.048042 0.071507
0 0.512295 0.960298 0.043406 0.070602
0 0.231872 0.633778 0.052222 0.077818
0 0.062197 0.125767 0.038317 0.062997
0 0.653314 0.782668 0.047845 0.068571
0 0.058058 0.584561 0.048999 0.075863
0 0.951856 0.962417 0.046255 0.071673
0 0.135118 0.555701 0.045801 0.068004
0 0.122839 0.844345 0.051861 0.072616
0 0.070992 0.038423 0.054840 0.076846
0 0.348106 0.231630 0.050861 0.074204
0 0.714623 0.784739 0.049831 0.081750
0 0.611153 0.744410 0.049845 0.063225
0 0.254089 0.556694 0.047648 0.074275
0 0.580588 0.192649 0.048423 0.075526
0 0.758402 0.877774 0.047997 0.080834
0 0.305187 0.299504 0.056412 0.088012
0 0.552987 0.355878 0.045542 0.075327
0 0.415208 0.318412 0.044900 0.072492
0 0.368338 0.826571 0.051881 0.076937
0 0.464856 0.335943 0.041405 0.074336
0 0.264931 0.233639 0.046796 0.068553
0 0.704522 0.710431 0.052366 0.071828
0 0.968863 0.568712 0.049549 0.076287
0 0.804287 0.757801 0.055432 0.069744
0 0.480694 0.057616 0.048895 0.079006
0 0.674603 0.851748 0.054684 0.075466
0 0.468968 0.150759 0.051317 0.080311
0 0.385063 0.621894 0.046861 0.074643
0 0.161429 0.734161 0.049648 0.077484
0 0.252828 0.419929 0.047282 0.080411
0 0.037047 0.418828 0.047573 0.086520
0 0.195016 0.430502 0.059570 0.081239
0 0.290360 0.037563 0.049330 0.074685
0 0.447468 0.225654 0.048361 0.077207
0 0.150949 0.216956 0.049949 0.072089
0 0.727426 0.046173 0.048219 0.069091
0 0.074982 0.762006 0.047802 0.079998
0 0.934972 0.365547 0.050230 0.074174
0 0.757515 0.718009 0.046281 0.076047
0 0.036240 0.216974 0.051209 0.080765
0 0.594830 0.812409 0.050131 0.069937
0 0.114027 0.484415 0.051268 0.075628
0 0.781664 0.189085 0.048004 0.078821
0 0.540462 0.133515 0.044296 0.069892
0 0.375519 0.741943 0.049484 0.075996
0 0.124745 0.071476 0.052919 0.076757
0 0.497311 0.264243 0.049067 0.072717
0 0.534557 0.512624 0.047169 0.075508
0 0.489598 0.407046 0.049417 0.073903
0 0.731449 0.392793 0.045815 0.069834
0 0.736127 0.227709 0.052341 0.073930
0 0.359331 0.144585 0.051873 0.079388
0 0.654678 0.089177 0.048554 0.071802
0 0.778387 0.627589 0.055069 0.080898
0 0.087385 0.421576 0.046017 0.073417
0 0.976093 0.124792 0.045686 0.075596
0 0.286935 0.487628 0.049473 0.077395
0 0.862934 0.120340 0.043710 0.068748
0 0.197286 0.181613 0.052643 0.073114
0 0.820552 0.290468 0.045771 0.073858
0 0.195536 0.583874 0.053034 0.080857
0 0.833293 0.200264 0.048689 0.079815
0 0.950285 0.252722 0.049737 0.073859
0 0.953153 0.444763 0.056552 0.082187
0 0.854378 0.836195 0.046805 0.075987
0 0.592037 0.099240 0.051899 0.082000
0 0.480884 0.629378 0.052147 0.073168
0 0.485833 0.486577 0.048944 0.073081
0 0.175241 0.110985 0.049298 0.074743
0 0.870306 0.044787 0.046235 0.071678
0 0.711849 0.465637 0.050137 0.075762
0 0.257271 0.330457 0.047725 0.077966
0 0.169259 0.503010 0.049911 0.072532
0 0.672393 0.514794 0.050428 0.078448
0 0.128169 0.286862 0.050052 0.079175
0 0.764129 0.462038 0.045630 0.069463
0 0.676574 0.253953 0.045998 0.073136
0 0.868847 0.655923 0.049139 0.083814
0 0.604903 0.386343 0.045679 0.072338
0 0.209898 0.256676 0.047440 0.074486
0 0.824970 0.393980 0.048394 0.075105
0 0.818230 0.674906 0.053621 0.079117
0 0.397116 0.547779 0.049626 0.072887
0 0.552825 0.269332 0.047411 0.074017
0 0.777695 0.100045 0.054134 0.079208
0 0.965956 0.047125 0.046924 0.074139
0 0.415285 0.133956 0.048130 0.074835
0 0.877500 0.321686 0.047011 0.073652
0 0.735392 0.310017 0.049551 0.076797
0 0.818728 0.041983 0.054867 0.083003
0 0.660677 0.398156 0.045435 0.077930
0 0.668760 0.170678 0.052844 0.079567
0 0.605477 0.269660 0.049724 0.085989
0 0.192937 0.344088 0.047991 0.068933
0 0.871100 0.538812 0.053318 0.080607
0 0.067786 0.668554 0.054204 0.079731
0 0.531247 0.600340 0.048219 0.081582
0 0.599549 0.483512 0.053791 0.083730
0 0.789152 0.540964 0.056580 0.086848
0 0.866052 0.452564 0.055442 0.083754
0 0.609796 0.668738 0.052337 0.074355
0 0.585776 0.593581 0.051517 0.080710
1 0.318677 0.199046 0.043673 0.059595
1 0.640379 0.571514 0.047573 0.077473
1 0.471924 0.702026 0.041334 0.064362
2 0.309319 0.775924 0.004679 0.004768
2 0.320627 0.793206 0.027296 0.039333
2 0.006872 0.096544 0.013744 0.033373
4 0.532365 0.723480 0.099825 0.152563