0 0.322584 0.995632 0.037526 0.007926
0 0.428380 0.989388 0.022859 0.019076
0 0.001995 0.637389 0.003988 0.065972
0 0.317682 0.003304 0.050824 0.006609
0 0.743267 0.376451 0.051133 0.084740
0 0.989829 0.982457 0.018850 0.033795
0 0.996308 0.875382 0.006600 0.061668
0 0.149598 0.003704 0.032386 0.007407
0 0.997071 0.726206 0.005547 0.059428
0 0.067278 0.005644 0.035247 0.011287
0 0.939378 0.991868 0.043280 0.014757
0 0.006617 0.425256 0.013235 0.072090
0 0.013631 0.971588 0.027263 0.053857
0 0.854963 0.987914 0.047640 0.021783
0 0.009662 0.854845 0.019316 0.071106
0 0.991853 0.804305 0.014852 0.064086
0 0.014071 0.775481 0.028117 0.079219
0 0.666081 0.981406 0.049390 0.034616
0 0.427386 0.011943 0.044450 0.023886
0 0.610138 0.977226 0.048309 0.042865
0 0.490270 0.014104 0.049109 0.028207
0 0.719755 0.973625 0.050713 0.050313
0 0.983402 0.100134 0.031681 0.068010
0 0.508122 0.535673 0.044717 0.071636
0 0.494021 0.845088 0.044314 0.072459
0 0.912304 0.021587 0.050788 0.043174
0 0.796641 0.971757 0.052769 0.053785
0 0.215981 0.635858 0.042622 0.074541
0 0.243085 0.962486 0.047305 0.072299
0 0.049732 0.752863 0.047263 0.065840
0 0.977166 0.924770 0.042327 0.076656
0 0.638561 0.021171 0.044831 0.042313
0 0.489926 0.296397 0.057166 0.082813
0 0.302128 0.876657 0.043492 0.082534
0 0.029051 0.481106 0.048936 0.075535
0 0.400938 0.959751 0.045174 0.072634
0 0.172499 0.907555 0.045609 0.073894
0 0.078030 0.946166 0.052475 0.080910
0 0.935096 0.075193 0.046322 0.064965
0 0.551119 0.581411 0.045998 0.068546
0 0.305618 0.724196 0.046693 0.072811
0 0.309129 0.641930 0.043209 0.086128
0 0.147848 0.756709 0.050333 0.073813
0 0.982257 0.349531 0.034237 0.085393
0 0.522942 0.254865 0.044971 0.074871
0 0.957095 0.163101 0.039146 0.072042
0 0.556646 0.665722 0.043297 0.068958
0 0.960737 0.424925 0.046360 0.069172
0 0.778746 0.897695 0.051260 0.079326
0 0.669605 0.284718 0.044745 0.070379
0 0.790045 0.476693 0.053051 0.082604
0 0.080752 0.855904 0.056445 0.089914
0 0.399702 0.065225 0.053361 0.068943
0 0.745429 0.834435 0.046766 0.072503
0 0.844903 0.516040 0.046275 0.071600
0 0.778212 0.031245 0.050411 0.062490
0 0.108513 0.025880 0.045235 0.051761
0 0.531152 0.756155 0.045826 0.075746
0 0.190504 0.799734 0.048619 0.076438
0 0.173512 0.685550 0.058137 0.083707
0 0.865025 0.450315 0.049565 0.075960
0 0.020863 0.361481 0.041331 0.070647
0 0.877804 0.237157 0.053544 0.076346
0 0.477648 0.667926 0.048651 0.077144
0 0.455856 0.901688 0.051704 0.083436
0 0.708060 0.428322 0.047471 0.071157
0 0.525935 0.895607 0.048859 0.081444
0 0.430794 0.624971 0.052487 0.080750
0 0.402558 0.130647 0.046756 0.071100
0 0.819648 0.416232 0.049588 0.091362
0 0.353891 0.880067 0.051499 0.084664
0 0.875359 0.947494 0.053829 0.087109
0 0.548915 0.319433 0.047815 0.083540
0 0.568994 0.198812 0.045307 0.071977
0 0.224416 0.427152 0.056542 0.078628
0 0.247681 0.493892 0.055886 0.078855
0 0.361782 0.659222 0.051352 0.079709
0 0.570105 0.818763 0.045942 0.088657
0 0.485715 0.458164 0.049422 0.078501
0 0.571805 0.443122 0.049415 0.076443
0 0.375936 0.806106 0.054477 0.079313
0 0.742016 0.077650 0.044689 0.070650
0 0.431992 0.436556 0.054907 0.080929
0 0.724689 0.279180 0.048985 0.076710
0 0.264395 0.782764 0.046025 0.075343
0 0.829945 0.274207 0.049529 0.074453
0 0.285517 0.542654 0.049041 0.078381
0 0.651149 0.610822 0.049447 0.083321
0 0.706531 0.127734 0.048614 0.072872
0 0.201552 0.264243 0.047260 0.075772
0 0.387505 0.583574 0.049048 0.084484
0 0.852581 0.342647 0.049801 0.074764
0 0.342285 0.343074 0.042862 0.074645
0 0.926959 0.930221 0.047228 0.083152
0 0.557620 0.096081 0.046038 0.069709
0 0.313853 0.086870 0.049968 0.078791
0 0.281718 0.145662 0.044762 0.071080
0 0.068157 0.688137 0.052749 0.074396
0 0.264963 0.670318 0.050184 0.078339
0 0.977786 0.653179 0.043782 0.076006
0 0.394979 0.719034 0.054871 0.079842
0 0.717150 0.200842 0.050276 0.069974
0 0.474424 0.772193 0.050643 0.081236
0 0.040394 0.230925 0.047160 0.073992
0 0.425597 0.197670 0.051173 0.077895
0 0.720436 0.761359 0.050807 0.079217
0 0.882696 0.756725 0.052794 0.081220
0 0.702575 0.882480 0.055978 0.075788
0 0.897589 0.307405 0.048584 0.080864
0 0.094256 0.535454 0.061782 0.082625
0 0.907541 0.168843 0.053052 0.084015
0 0.127785 0.632765 0.048705 0.082723
0 0.623477 0.726058 0.047913 0.082430
0 0.503229 0.145997 0.049166 0.078398
0 0.625666 0.820655 0.050771 0.080767
0 0.678606 0.687702 0.052643 0.080984
0 0.837150 0.078075 0.053319 0.082183
0 0.846063 0.829097 0.051692 0.081679
0 0.412707 0.514074 0.054909 0.075254
0 0.834055 0.609384 0.051782 0.078262
0 0.938337 0.850144 0.048916 0.075717
0 0.152428 0.388010 0.050756 0.074560
0 0.598671 0.903218 0.048896 0.075395
0 0.182905 0.550624 0.050213 0.080455
0 0.092412 0.438518 0.045869 0.076512
0 0.239236 0.199026 0.048555 0.080824
0 0.910779 0.420796 0.047827 0.083780
0 0.351353 0.039920 0.050096 0.075957
0 0.731664 0.671096 0.044950 0.076017
0 0.690376 0.353480 0.053516 0.073574
0 0.291862 0.367723 0.054776 0.084971
0 0.068044 0.607436 0.056326 0.078198
0 0.233176 0.346561 0.053399 0.078624
0 0.789715 0.667350 0.051686 0.083745
0 0.166913 0.467437 0.049660 0.076221
0 0.187882 0.066048 0.053009 0.083272
0 0.592556 0.364192 0.055283 0.082501
0 0.469119 0.365045 0.057824 0.090518
0 0.697476 0.502009 0.052331 0.072414
0 0.878090 0.668311 0.053030 0.080194
0 0.959767 0.506656 0.050214 0.082683
0 0.453688 0.103262 0.049101 0.080967
0 0.287743 0.237525 0.050845 0.086248
0 0.051619 0.149369 0.055934 0.087423
0 0.616187 0.505535 0.053239 0.086994
0 0.700564 0.585066 0.052223 0.079629
0 0.932789 0.605389 0.051579 0.084735
0 0.072616 0.306511 0.052060 0.079882
0 0.800325 0.754542 0.052318 0.085262
0 0.390866 0.373973 0.055454 0.089885
0 0.952892 0.753231 0.056691 0.084263
0 0.353062 0.229459 0.052599 0.086163
0 0.153622 0.304921 0.055221 0.082428
0 0.158663 0.207895 0.053687 0.084706
1 0.840808 0.911800 0.053812 0.064362
2 0.228991 0.561383 0.028076 0.045292
2 0.762430 0.320620 0.018717 0.028605
2 0.466465 0.030989 0.017937 0.028605