0 0.767970 0.001722 0.041037 0.003385
0 0.001668 0.614578 0.003302 0.069610
0 0.003698 0.039176 0.007352 0.056122
0 0.659047 0.993910 0.039915 0.011003
0 0.503620 0.994564 0.043623 0.010168
0 0.609637 0.004411 0.042619 0.008793
0 0.995694 0.720981 0.008309 0.072506
0 0.518946 0.005805 0.041730 0.011611
0 0.815000 0.991587 0.040757 0.014791
0 0.995146 0.153773 0.009004 0.062680
0 0.128580 0.020803 0.068890 0.041606
0 0.982892 0.984775 0.032485 0.027680
0 0.992423 0.902411 0.013688 0.081311
0 0.993483 0.339108 0.012374 0.066436
0 0.007522 0.731331 0.015045 0.075945
0 0.126232 0.123133 0.051054 0.067201
0 0.132602 0.069076 0.051922 0.071537
0 0.987757 0.801804 0.023422 0.076772
0 0.428264 0.987160 0.047996 0.023578
0 0.020425 0.965788 0.040851 0.066348
0 0.281858 0.977516 0.055892 0.042250
0 0.757843 0.984652 0.048755 0.027768
0 0.694785 0.011556 0.055754 0.023099
0 0.020854 0.159859 0.041708 0.074615
0 0.910202 0.970387 0.045819 0.056398
0 0.190124 0.969247 0.054032 0.059831
0 0.295653 0.150837 0.053976 0.072867
0 0.025979 0.233888 0.051958 0.078016
0 0.038462 0.305631 0.056434 0.084787
0 0.247859 0.199419 0.046317 0.077862
0 0.062614 0.018283 0.047973 0.036565
0 0.120677 0.351474 0.041879 0.070473
0 0.841890 0.688255 0.049604 0.081871
0 0.904287 0.909664 0.053831 0.080928
0 0.802158 0.700818 0.050257 0.090602
0 0.032511 0.858472 0.057146 0.076559
0 0.191994 0.316670 0.051183 0.077983
0 0.071453 0.359515 0.055335 0.074262
0 0.810333 0.104868 0.053484 0.070189
0 0.202383 0.176141 0.046524 0.079192
0 0.254054 0.110717 0.066691 0.068555
0 0.033273 0.777318 0.055276 0.079519
0 0.293795 0.226645 0.052224 0.079849
0 0.025470 0.481044 0.050909 0.076133
0 0.343462 0.026944 0.050091 0.053889
0 0.128157 0.866865 0.050028 0.076363
0 0.334936 0.102959 0.053946 0.092741
0 0.180378 0.893839 0.050169 0.080361
0 0.071979 0.082426 0.050505 0.076623
0 0.118275 0.198165 0.054011 0.076907
0 0.180595 0.108009 0.050361 0.078987
0 0.228478 0.951742 0.049876 0.088807
0 0.975469 0.396575 0.048088 0.078563
0 0.110314 0.568920 0.045352 0.087585
0 0.807892 0.040013 0.056980 0.080025
0 0.292328 0.050266 0.053166 0.075937
0 0.072487 0.913409 0.053839 0.085612
0 0.032502 0.561063 0.052217 0.081258
0 0.167845 0.490057 0.052098 0.098912
0 0.141086 0.792878 0.059480 0.070735
0 0.094432 0.650286 0.054844 0.078450
0 0.151786 0.725107 0.047704 0.074569
0 0.856182 0.958804 0.053604 0.078890
0 0.241012 0.459298 0.049930 0.076211
0 0.395161 0.946541 0.053552 0.081839
0 0.464777 0.947970 0.053925 0.082822
0 0.680519 0.231777 0.047592 0.071260
0 0.760690 0.803036 0.046973 0.081742
0 0.568746 0.964976 0.052478 0.067476
0 0.794624 0.947493 0.052560 0.077940
0 0.351308 0.317015 0.053009 0.083893
0 0.469835 0.190723 0.047215 0.070541
0 0.359279 0.871210 0.055607 0.082629
0 0.317610 0.944526 0.058127 0.083419
0 0.511096 0.158586 0.045868 0.086925
0 0.366993 0.491920 0.047857 0.073224
0 0.885284 0.036688 0.054266 0.073376
0 0.901538 0.262345 0.050389 0.069585
0 0.153531 0.596752 0.052823 0.084069
0 0.367947 0.173797 0.052398 0.083169
0 0.077275 0.737597 0.051156 0.080775
0 0.677702 0.057107 0.054330 0.075717
0 0.611477 0.127080 0.050419 0.077981
0 0.520766 0.933642 0.050895 0.081296
0 0.779752 0.528574 0.046997 0.073964
0 0.854723 0.832062 0.051761 0.075588
0 0.789824 0.867429 0.049682 0.072378
0 0.592940 0.053117 0.048829 0.074475
0 0.278941 0.380253 0.053729 0.080868
0 0.321412 0.568752 0.058208 0.085336
0 0.944323 0.451373 0.051482 0.077296
0 0.483917 0.068304 0.052923 0.081692
0 0.714780 0.767255 0.050860 0.079327
0 0.831544 0.606501 0.049810 0.076057
0 0.901685 0.334116 0.050011 0.075157
0 0.695417 0.866875 0.053935 0.078411
0 0.966589 0.704550 0.051189 0.079097
0 0.836893 0.160194 0.056467 0.080002
0 0.625145 0.959486 0.053705 0.078942
0 0.435153 0.884803 0.056443 0.087110
0 0.682614 0.949644 0.056169 0.085883
0 0.203979 0.805200 0.055907 0.086435
0 0.966431 0.207642 0.053848 0.079758
0 0.479116 0.266617 0.047608 0.074941
0 0.612762 0.537645 0.053535 0.082124
0 0.910533 0.511489 0.055686 0.080748
0 0.562128 0.150320 0.051163 0.076276
0 0.731078 0.399891 0.046795 0.075717
0 0.756957 0.088794 0.047423 0.074343
0 0.483369 0.598360 0.057752 0.082998
0 0.898968 0.688273 0.052203 0.080421
0 0.642950 0.618884 0.049687 0.081159
0 0.260065 0.783307 0.052959 0.079577
0 0.412415 0.604986 0.054376 0.086584
0 0.933985 0.812468 0.053320 0.082424
0 0.771021 0.449601 0.050942 0.083896
0 0.642182 0.848586 0.050668 0.076487
0 0.627455 0.208101 0.054233 0.084511
0 0.702159 0.155739 0.054011 0.082403
0 0.848321 0.238870 0.053401 0.076410
0 0.928490 0.618924 0.056366 0.085003
0 0.603648 0.666613 0.048740 0.075157
0 0.478217 0.420882 0.054135 0.077779
0 0.659873 0.300365 0.056815 0.072540
0 0.476724 0.503468 0.053156 0.077539
0 0.420018 0.503550 0.050960 0.079691
0 0.759170 0.605313 0.055622 0.084747
0 0.461833 0.339570 0.058116 0.084745
0 0.677504 0.400735 0.053306 0.082249
0 0.718838 0.488165 0.053546 0.087510
0 0.388824 0.266113 0.058268 0.083340
0 0.524303 0.550039 0.053256 0.085382
0 0.669101 0.546676 0.053225 0.081889
0 0.961263 0.292942 0.053296 0.082861
0 0.566828 0.806787 0.051051 0.081853
0 0.540635 0.389423 0.052308 0.079421
0 0.603906 0.358020 0.056232 0.079844
0 0.815620 0.379497 0.049566 0.080678
0 0.531292 0.261164 0.052727 0.082668
0 0.662259 0.708874 0.056228 0.085355
1 0.155292 0.284267 0.038214 0.058403
1 0.979870 0.601311 0.040260 0.096544
2 0.733185 0.128725 0.025736 0.038141
2 0.762820 0.293802 0.025736 0.044100
2 0.634140 0.905244 0.022617 0.032181
3 0.223142 0.032181 0.127121 0.064362