0 0.037712 0.994145 0.040192 0.009832
0 0.004402 0.885378 0.008805 0.059854
0 0.664764 0.992971 0.043228 0.011846
0 0.276267 0.003920 0.041289 0.007841
0 0.007220 0.080613 0.014433 0.069150
0 0.006365 0.498555 0.012724 0.064064
0 0.009355 0.586474 0.018698 0.083346
0 0.259622 0.990565 0.041359 0.016348
0 0.994842 0.308163 0.009854 0.067168
0 0.993588 0.170383 0.011921 0.073057
0 0.010138 0.021432 0.020202 0.042829
0 0.991680 0.659541 0.015843 0.100817
0 0.404737 0.008127 0.047599 0.016255
0 0.991183 0.457849 0.016783 0.081163
0 0.789510 0.011521 0.040568 0.023043
0 0.753712 0.985502 0.048454 0.026219
0 0.408913 0.983973 0.052523 0.029188
0 0.053733 0.878088 0.050992 0.058914
0 0.022265 0.814287 0.044530 0.083968
0 0.088177 0.538795 0.044012 0.067501
0 0.429031 0.424528 0.050149 0.077933
0 0.838314 0.981450 0.055314 0.034211
0 0.226181 0.807374 0.049087 0.100054
0 0.031079 0.539707 0.042606 0.062852
0 0.210327 0.977650 0.050640 0.041575
0 0.055174 0.598061 0.051812 0.078018
0 0.152429 0.879888 0.049894 0.074542
0 0.544412 0.765984 0.047064 0.072143
0 0.976998 0.951801 0.044450 0.092383
0 0.096994 0.620772 0.048060 0.093694
0 0.027875 0.941237 0.054262 0.081587
0 0.180524 0.814106 0.049665 0.097645
0 0.526450 0.018022 0.055129 0.036044
0 0.525918 0.968246 0.063320 0.060135
0 0.706203 0.017319 0.048932 0.034638
0 0.149960 0.963675 0.054585 0.069619
0 0.979553 0.841072 0.039691 0.079939
0 0.976377 0.589503 0.045762 0.075689
0 0.298505 0.636393 0.046641 0.071820
0 0.135945 0.733303 0.050372 0.073617
0 0.083806 0.739642 0.044768 0.074139
0 0.570773 0.836566 0.055867 0.071509
0 0.717668 0.175688 0.048142 0.086448
0 0.633085 0.654473 0.054355 0.085653
0 0.246680 0.626912 0.049826 0.078785
0 0.104042 0.025284 0.043971 0.050568
0 0.289134 0.958074 0.053336 0.080958
0 0.308108 0.872909 0.055083 0.083450
0 0.974361 0.375230 0.050617 0.095004
0 0.892758 0.627318 0.046530 0.073735
0 0.300056 0.559949 0.059856 0.068077
0 0.029687 0.727819 0.054628 0.082043
0 0.523908 0.871654 0.049033 0.078790
0 0.824365 0.717626 0.044777 0.069116
0 0.635461 0.470392 0.046243 0.067844
0 0.881163 0.922493 0.052868 0.083306
0 0.426732 0.836796 0.052348 0.083557
0 0.277815 0.798278 0.052106 0.085236
0 0.722798 0.654184 0.050631 0.072509
0 0.115947 0.196910 0.052836 0.082099
0 0.512934 0.701288 0.053153 0.077445
0 0.066206 0.482192 0.058739 0.086934
0 0.837787 0.845971 0.054245 0.081466
0 0.107686 0.824710 0.053882 0.089710
0 0.429662 0.663559 0.057120 0.081421
0 0.370541 0.939102 0.051292 0.078878
0 0.681989 0.936343 0.051413 0.077045
0 0.153541 0.086965 0.050972 0.079894
0 0.091173 0.329267 0.044459 0.073816
0 0.604347 0.949253 0.051924 0.080954
0 0.649285 0.024854 0.054387 0.049709
0 0.864581 0.775880 0.053643 0.079772
0 0.386920 0.585945 0.056304 0.085386
0 0.770248 0.928698 0.054901 0.083417
0 0.825635 0.405044 0.050524 0.078385
0 0.442164 0.125289 0.047414 0.080997
0 0.764699 0.466827 0.048939 0.075480
0 0.276101 0.708999 0.055813 0.080648
0 0.206783 0.710576 0.052269 0.077900
0 0.873491 0.035221 0.048669 0.070441
0 0.479545 0.037223 0.047090 0.067788
0 0.840085 0.616263 0.053750 0.091181
0 0.902861 0.709384 0.054803 0.080608
0 0.711933 0.485259 0.050290 0.076110
0 0.897034 0.496956 0.051575 0.082069
0 0.701030 0.839643 0.053241 0.085906
0 0.597524 0.763194 0.052649 0.089930
0 0.940896 0.540107 0.049701 0.079027
0 0.863851 0.175156 0.052707 0.084346
0 0.483074 0.356146 0.054399 0.083011
0 0.422724 0.749730 0.061062 0.081111
0 0.484043 0.631848 0.056483 0.086363
0 0.973938 0.107401 0.044858 0.070692
0 0.194080 0.386493 0.053842 0.081810
0 0.184949 0.586192 0.050513 0.076774
0 0.701054 0.572666 0.052085 0.084062
0 0.220215 0.246157 0.060850 0.092275
0 0.048017 0.193791 0.051776 0.081213
0 0.271678 0.206784 0.057325 0.077152
0 0.307049 0.482124 0.052818 0.078029
0 0.110550 0.416518 0.054569 0.085467
0 0.105400 0.112667 0.047732 0.080489
0 0.417905 0.512182 0.054147 0.086300
0 0.542761 0.581066 0.049171 0.079702
0 0.570077 0.174476 0.055190 0.081740
0 0.951187 0.453211 0.051898 0.085968
0 0.328677 0.783528 0.049952 0.082588
0 0.550994 0.467558 0.054726 0.087574
0 0.602392 0.075060 0.048728 0.075786
0 0.401748 0.313568 0.055132 0.080235
0 0.339856 0.196977 0.057124 0.085799
0 0.030922 0.340061 0.059402 0.096820
0 0.488946 0.271504 0.048985 0.078306
0 0.762039 0.215592 0.054817 0.087749
0 0.287718 0.299041 0.049185 0.074461
0 0.820501 0.512565 0.050530 0.080189
0 0.673822 0.240877 0.059264 0.092556
0 0.326841 0.395800 0.056665 0.092537
0 0.765601 0.359486 0.051307 0.082847
0 0.911702 0.211967 0.052135 0.087870
0 0.210055 0.113154 0.057720 0.084441
0 0.389299 0.144469 0.056609 0.094503
0 0.163973 0.295308 0.058174 0.086360
0 0.663130 0.382601 0.056213 0.088533
0 0.690282 0.090981 0.053491 0.089553
0 0.853246 0.338614 0.061244 0.087264
0 0.764634 0.065568 0.060693 0.095499
0 0.565802 0.258978 0.054864 0.082002
0 0.571832 0.364362 0.059716 0.087720
0 0.957199 0.182225 0.053761 0.088134
0 0.931496 0.297123 0.053434 0.082466
1 0.368980 0.461859 0.033535 0.070322
2 0.271885 0.146603 0.026516 0.047676
1 0.661046 0.594756 0.043673 0.081049
1 0.617057 0.563803 0.041475 0.103420