0 0.024378 0.992148 0.037444 0.012762
0 0.004061 0.119411 0.008121 0.052975
0 0.478675 0.991750 0.032550 0.013558
0 0.607645 0.991996 0.037259 0.012984
0 0.005041 0.253738 0.010059 0.046604
0 0.988437 0.973294 0.021288 0.050275
0 0.989137 0.392168 0.019904 0.068492
0 0.010613 0.493748 0.021205 0.065349
0 0.010142 0.316962 0.020285 0.071895
0 0.987948 0.163415 0.022300 0.073884
0 0.093400 0.984779 0.047193 0.027258
0 0.012106 0.721154 0.024192 0.075974
0 0.072771 0.010548 0.050386 0.021097
0 0.706357 0.974153 0.061024 0.048114
0 0.016050 0.422266 0.032047 0.077890
0 0.985305 0.244351 0.027427 0.074711
0 0.985147 0.695148 0.027665 0.069834
0 0.813554 0.976306 0.047924 0.043925
0 0.562739 0.980597 0.043513 0.035298
0 0.373785 0.413095 0.047486 0.067099
0 0.113253 0.437173 0.056472 0.070036
0 0.423123 0.553549 0.040082 0.069953
0 0.981220 0.324033 0.035710 0.074522
0 0.137160 0.662607 0.043136 0.070778
0 0.035681 0.356008 0.049827 0.096133
0 0.194681 0.014505 0.049460 0.029006
0 0.076951 0.556183 0.049877 0.077272
0 0.421528 0.432958 0.044733 0.073940
0 0.980460 0.604889 0.036959 0.081326
0 0.720755 0.020882 0.052571 0.041668
0 0.303937 0.972150 0.049394 0.052389
0 0.198648 0.552563 0.044946 0.071798
0 0.883519 0.022679 0.051447 0.045332
0 0.469429 0.657905 0.056055 0.065472
0 0.279069 0.894299 0.047990 0.086711
0 0.036736 0.945699 0.051520 0.075506
0 0.430502 0.966706 0.049013 0.062940
0 0.287735 0.679582 0.048029 0.079745
0 0.475511 0.552959 0.051621 0.068130
0 0.021281 0.196571 0.042562 0.077687
0 0.311770 0.855463 0.043909 0.067971
0 0.425731 0.831434 0.044464 0.072388
0 0.058342 0.707711 0.046369 0.072728
0 0.328736 0.644245 0.045896 0.070836
0 0.112097 0.512290 0.049733 0.073072
0 0.834624 0.354470 0.050830 0.073095
0 0.112504 0.061493 0.050550 0.074077
0 0.061501 0.059851 0.051180 0.074597
0 0.050197 0.617010 0.055879 0.079906
0 0.729644 0.921917 0.048625 0.072560
0 0.247991 0.202790 0.047842 0.067500
0 0.481580 0.317026 0.053911 0.084297
0 0.473479 0.398885 0.053639 0.073025
0 0.921707 0.416284 0.044993 0.071169
0 0.166080 0.604566 0.052766 0.070658
0 0.516673 0.968083 0.046226 0.060253
0 0.824886 0.289368 0.054859 0.069756
0 0.324698 0.456648 0.048193 0.072889
0 0.261559 0.776192 0.049573 0.070405
0 0.460816 0.480227 0.054493 0.079049
0 0.241370 0.516398 0.051696 0.074988
0 0.239091 0.705027 0.051515 0.072817
0 0.669816 0.873274 0.051324 0.080021
0 0.521385 0.279924 0.047058 0.071838
0 0.319271 0.560868 0.045768 0.068778
0 0.392685 0.684665 0.044838 0.067166
0 0.134870 0.378450 0.050340 0.075991
0 0.508067 0.609811 0.050840 0.078382
0 0.312141 0.027589 0.059846 0.055177
0 0.087303 0.129241 0.047355 0.072860
0 0.374986 0.335581 0.051729 0.078933
0 0.242668 0.597213 0.053459 0.076834
0 0.448357 0.763172 0.048560 0.071984
0 0.713308 0.556643 0.055330 0.078461
0 0.498112 0.720111 0.052869 0.084089
0 0.962197 0.450094 0.053420 0.069402
0 0.539968 0.756955 0.055210 0.080246
0 0.216481 0.825914 0.047469 0.073631
0 0.584242 0.661803 0.048702 0.071241
0 0.617017 0.901904 0.054243 0.081466
0 0.528778 0.483879 0.046482 0.069164
0 0.804307 0.227037 0.051601 0.073178
0 0.098656 0.890464 0.052112 0.077965
0 0.763205 0.859842 0.050537 0.074222
0 0.093149 0.781530 0.047475 0.066050
0 0.205560 0.961771 0.051725 0.072542
0 0.883758 0.187348 0.044237 0.078584
0 0.683846 0.769398 0.050921 0.071838
0 0.165149 0.742053 0.044157 0.065269
0 0.629350 0.807107 0.051988 0.081542
0 0.862862 0.957887 0.054771 0.081001
0 0.611486 0.728475 0.051482 0.072644
0 0.825800 0.468510 0.054827 0.074613
0 0.485194 0.227074 0.051131 0.077846
0 0.386171 0.608529 0.052556 0.075175
0 0.473407 0.916226 0.051584 0.077941
0 0.244687 0.127090 0.048140 0.073643
0 0.552690 0.568012 0.048638 0.073881
0 0.790066 0.792463 0.047812 0.074906
0 0.769664 0.398778 0.050797 0.078185
0 0.053739 0.470863 0.050400 0.078950
0 0.624894 0.345362 0.049213 0.062035
0 0.680837 0.615178 0.052904 0.073964
0 0.194978 0.098136 0.052267 0.074175
0 0.333500 0.780870 0.049447 0.073209
0 0.161960 0.855576 0.052241 0.078174
0 0.185175 0.307417 0.048600 0.071288
0 0.672366 0.692769 0.049554 0.073230
0 0.631545 0.500060 0.050483 0.073975
0 0.299026 0.104875 0.050404 0.075842
0 0.818193 0.672254 0.048872 0.074980
0 0.160727 0.494923 0.047439 0.073008
0 0.840882 0.815290 0.050084 0.074039
0 0.842557 0.734966 0.058064 0.076036
0 0.754934 0.506632 0.053805 0.079067
0 0.374807 0.126091 0.051359 0.077806
0 0.327989 0.269266 0.054250 0.081163
0 0.904283 0.495499 0.051744 0.079860
0 0.863191 0.641900 0.047154 0.072391
0 0.418324 0.094401 0.045706 0.083324
0 0.916908 0.246570 0.052207 0.072464
0 0.168983 0.172905 0.050359 0.075787
0 0.924294 0.776823 0.048919 0.072930
0 0.957896 0.207121 0.044876 0.077667
0 0.770767 0.705638 0.048362 0.075415
0 0.887215 0.370969 0.049099 0.069004
0 0.453945 0.032422 0.056533 0.064688
0 0.634003 0.419725 0.056215 0.078039
0 0.460638 0.149735 0.051983 0.069967
0 0.974069 0.093972 0.049654 0.077707
0 0.622944 0.273029 0.049936 0.071140
0 0.249826 0.040767 0.055356 0.081023
0 0.153282 0.250829 0.050915 0.080237
0 0.945872 0.538159 0.050880 0.078556
0 0.377552 0.210341 0.063821 0.082645
0 0.707742 0.453590 0.051844 0.072513
0 0.093309 0.329921 0.052661 0.073407
0 0.924809 0.093412 0.043586 0.084378
0 0.514805 0.150765 0.049365 0.080038
0 0.837961 0.168152 0.048671 0.072658
0 0.429413 0.249036 0.052381 0.086531
0 0.625459 0.614728 0.051038 0.079430
0 0.720419 0.380711 0.049534 0.072590
0 0.398418 0.762223 0.046456 0.076400
0 0.748691 0.169688 0.056703 0.074960
0 0.665310 0.182081 0.047160 0.071434
0 0.904794 0.682014 0.054386 0.078500
0 0.927579 0.318683 0.051957 0.072720
0 0.756786 0.321010 0.055374 0.072658
0 0.626796 0.118794 0.048468 0.070802
0 0.099074 0.253595 0.053620 0.073907
0 0.575508 0.120423 0.046793 0.069942
0 0.891889 0.853367 0.050430 0.078646
0 0.745482 0.245459 0.057241 0.073602
0 0.624195 0.038349 0.051409 0.076250
0 0.559221 0.202635 0.049479 0.071513
0 0.535800 0.050975 0.053545 0.066896
0 0.871129 0.561956 0.056580 0.079711
0 0.713138 0.116260 0.051980 0.088251
0 0.613717 0.197945 0.050156 0.074070
0 0.850513 0.089649 0.054869 0.078551
1 0.579548 0.336710 0.044453 0.041716
2 0.063266 0.372467 0.021057 0.032181
2 0.175959 0.667461 0.028076 0.042908
2 0.901639 0.060191 0.017937 0.034565