0 0.997719 0.226098 0.004362 0.063927
0 0.001925 0.486845 0.003846 0.073948
0 0.629179 0.002801 0.029150 0.005601
0 0.436874 0.002950 0.042603 0.005900
0 0.062637 0.003476 0.045176 0.006937
0 0.909075 0.003829 0.031052 0.007658
0 0.003482 0.813755 0.006965 0.056732
0 0.317982 0.994841 0.037507 0.008988
0 0.004904 0.127300 0.009809 0.063002
0 0.005588 0.707874 0.011149 0.071246
0 0.943956 0.992050 0.041537 0.013699
0 0.004634 0.220124 0.009268 0.070614
0 0.013893 0.988476 0.027780 0.020189
0 0.006309 0.591174 0.012618 0.080714
0 0.007266 0.895874 0.014533 0.070673
0 0.423026 0.990642 0.042065 0.016424
0 0.792852 0.989830 0.038403 0.017963
0 0.008604 0.302524 0.017208 0.069679
0 0.675809 0.009554 0.048660 0.019067
0 0.030806 0.431800 0.052057 0.079398
0 0.022291 0.387624 0.044503 0.077213
0 0.525555 0.986773 0.047496 0.023662
0 0.666902 0.927978 0.049623 0.074507
0 0.986350 0.631135 0.025586 0.074332
0 0.362507 0.011821 0.047916 0.023613
0 0.262233 0.616891 0.050967 0.072953
0 0.485968 0.894902 0.049489 0.071965
0 0.843144 0.913692 0.041970 0.065086
0 0.572803 0.838782 0.047730 0.067623
0 0.978869 0.925120 0.040678 0.080996
0 0.724548 0.825252 0.048546 0.072100
0 0.624810 0.875938 0.049589 0.078616
0 0.761276 0.959176 0.055622 0.075198
0 0.479475 0.675172 0.047992 0.072382
0 0.481732 0.819842 0.055858 0.068004
0 0.660801 0.656143 0.049301 0.074504
0 0.601787 0.776887 0.051287 0.076196
0 0.208110 0.977026 0.051065 0.043892
0 0.242549 0.555387 0.048317 0.064498
0 0.975134 0.804812 0.047909 0.071657
0 0.546725 0.682084 0.046222 0.070082
0 0.035777 0.954535 0.042014 0.066520
0 0.824774 0.845019 0.048878 0.071791
0 0.597235 0.959043 0.055378 0.079368
0 0.191479 0.525231 0.043775 0.065892
0 0.858627 0.970716 0.045851 0.056153
0 0.197937 0.428487 0.047379 0.075570
0 0.373900 0.975534 0.046871 0.046456
0 0.117590 0.889209 0.053924 0.072938
0 0.766915 0.874037 0.048244 0.078251
0 0.339939 0.198738 0.048280 0.071178
0 0.129452 0.461648 0.042587 0.063751
0 0.783121 0.802478 0.046842 0.072001
0 0.979587 0.444456 0.039391 0.077706
0 0.594886 0.029409 0.048393 0.058738
0 0.418398 0.754297 0.053688 0.078663
0 0.386764 0.686844 0.051144 0.081499
0 0.273877 0.409469 0.054660 0.077389
0 0.798603 0.409593 0.047024 0.071136
0 0.682617 0.056454 0.051503 0.077566
0 0.653889 0.760667 0.049618 0.074878
0 0.214576 0.018820 0.049638 0.037640
0 0.043352 0.747771 0.052674 0.068985
0 0.447421 0.951439 0.051823 0.073554
0 0.160251 0.688745 0.046617 0.068294
0 0.765633 0.683632 0.044447 0.069118
0 0.686725 0.163167 0.045949 0.074997
0 0.875311 0.669441 0.046426 0.080122
0 0.053979 0.817642 0.049134 0.068706
0 0.822499 0.536299 0.048480 0.073542
0 0.285441 0.680744 0.051081 0.075926
0 0.856065 0.018974 0.045526 0.037921
0 0.714896 0.104846 0.050240 0.078264
0 0.803266 0.035351 0.048825 0.070640
0 0.633109 0.073937 0.045396 0.071074
0 0.293666 0.795614 0.053433 0.077843
0 0.512275 0.761740 0.060778 0.083938
0 0.825702 0.190843 0.048895 0.080282
0 0.349868 0.464371 0.048274 0.073373
0 0.089959 0.960196 0.058139 0.075322
0 0.732398 0.183109 0.049248 0.077223
0 0.648714 0.397092 0.051247 0.076298
0 0.971382 0.729795 0.052309 0.074168
0 0.265630 0.077979 0.046368 0.070006
0 0.921819 0.411920 0.045907 0.071476
0 0.360898 0.362939 0.046947 0.080525
0 0.328724 0.733580 0.051116 0.076782
0 0.262955 0.488046 0.050468 0.073981
0 0.342365 0.275545 0.054176 0.077198
0 0.562518 0.086959 0.050362 0.084354
0 0.693716 0.595436 0.045844 0.069760
0 0.576926 0.487246 0.049853 0.079358
0 0.920908 0.718189 0.044549 0.089472
0 0.522541 0.614385 0.053431 0.076995
0 0.806826 0.251898 0.050365 0.072813
0 0.878454 0.074030 0.046450 0.071485
0 0.276348 0.971541 0.050922 0.054398
0 0.787238 0.486503 0.048255 0.074801
0 0.975004 0.097024 0.048178 0.085250
0 0.518086 0.530331 0.057219 0.077628
0 0.729273 0.742336 0.052838 0.081942
0 0.947072 0.029775 0.049664 0.059512
0 0.905526 0.807455 0.052393 0.069086
0 0.577041 0.578008 0.051826 0.079473
0 0.384821 0.156281 0.049604 0.077551
0 0.795063 0.109826 0.049786 0.070499
0 0.213341 0.262713 0.047757 0.071082
0 0.161251 0.611595 0.050286 0.076630
0 0.276974 0.891556 0.050770 0.077924
0 0.291085 0.236562 0.053512 0.077555
0 0.097485 0.640779 0.050143 0.080085
0 0.411972 0.377717 0.053973 0.083826
0 0.350133 0.633914 0.051483 0.077514
0 0.847813 0.601487 0.049903 0.075810
0 0.555147 0.396857 0.055636 0.073807
0 0.414190 0.864631 0.054082 0.084551
0 0.825765 0.730279 0.053888 0.080943
0 0.515796 0.119449 0.046996 0.073776
0 0.042648 0.323069 0.045075 0.073486
0 0.406953 0.567711 0.050681 0.076612
0 0.601252 0.131957 0.052784 0.079219
0 0.121744 0.532962 0.049147 0.074278
0 0.889445 0.349592 0.042588 0.076549
0 0.406583 0.220761 0.053967 0.076776
0 0.499448 0.386185 0.048221 0.077991
0 0.171946 0.851561 0.050728 0.074405
0 0.091092 0.723233 0.049813 0.076415
0 0.087547 0.278358 0.057821 0.093108
0 0.486109 0.470341 0.056522 0.079677
0 0.604290 0.681458 0.056407 0.077832
0 0.212621 0.913721 0.052353 0.073438
0 0.300965 0.028944 0.051066 0.057876
0 0.478623 0.163403 0.048982 0.073792
0 0.904726 0.891518 0.049226 0.084566
0 0.036087 0.647908 0.054937 0.076595
0 0.623608 0.330808 0.051782 0.069916
0 0.105587 0.038161 0.052360 0.076321
0 0.665070 0.233691 0.052070 0.076806
0 0.245232 0.333509 0.056624 0.075708
0 0.165873 0.068069 0.051761 0.078254
0 0.878068 0.453642 0.049600 0.077908
0 0.819490 0.333951 0.050535 0.085707
0 0.526144 0.276024 0.049673 0.075792
0 0.425456 0.462463 0.049379 0.077054
0 0.940196 0.483880 0.050342 0.073905
0 0.897406 0.552783 0.047323 0.072500
0 0.431769 0.292603 0.053031 0.077238
0 0.214979 0.102251 0.048053 0.079676
0 0.730873 0.486065 0.054114 0.088718
0 0.299050 0.153226 0.051669 0.076877
0 0.074767 0.468095 0.050221 0.075972
0 0.598151 0.269316 0.049507 0.074646
0 0.368523 0.068405 0.052458 0.079197
0 0.116616 0.201582 0.050820 0.079042
0 0.881986 0.246324 0.049074 0.077775
0 0.170685 0.165928 0.052454 0.086186
0 0.122031 0.389149 0.061206 0.072883
0 0.927450 0.178456 0.047594 0.073477
0 0.936667 0.284620 0.062743 0.074109
0 0.475670 0.048822 0.050096 0.081804
0 0.070457 0.150278 0.051617 0.076926
0 0.130994 0.309136 0.056179 0.079760
1 0.311658 0.366508 0.043673 0.053635
2 0.160361 0.904052 0.026516 0.041716
2 0.793626 0.925507 0.023396 0.034565
2 0.526906 0.917163 0.023396 0.032181
2 0.561611 0.348629 0.017937 0.025030
2 0.569409 0.330155 0.014818 0.021454