0 0.259483 0.132720 0.045344 0.061566
0 0.002971 0.432456 0.005942 0.062203
0 0.242355 0.100996 0.047302 0.066211
0 0.509197 0.232498 0.049406 0.072397
0 0.537120 0.207524 0.046662 0.072165
0 0.041364 0.995614 0.039658 0.007422
0 0.362772 0.059334 0.045077 0.076511
0 0.367895 0.112071 0.051500 0.063828
0 0.473657 0.003432 0.038145 0.006783
0 0.642935 0.003894 0.035277 0.007703
0 0.414642 0.223674 0.046853 0.072188
0 0.442553 0.192273 0.041811 0.071122
0 0.403137 0.073114 0.042776 0.079921
0 0.765442 0.992305 0.044055 0.013217
0 0.995100 0.016209 0.008780 0.032418
0 0.006327 0.872676 0.012655 0.066719
0 0.007374 0.331668 0.014749 0.073189
0 0.493406 0.155628 0.052217 0.079124
0 0.552947 0.345154 0.053196 0.074018
0 0.548560 0.282078 0.054685 0.072066
0 0.007560 0.209756 0.015082 0.069375
0 0.343803 0.010288 0.047548 0.020576
0 0.022248 0.563736 0.044496 0.075486
0 0.010959 0.811285 0.021918 0.068100
0 0.106797 0.976166 0.046468 0.045925
0 0.506092 0.091140 0.052729 0.070891
0 0.213146 0.357859 0.048205 0.072256
0 0.989229 0.916845 0.020051 0.067357
0 0.970717 0.985794 0.045465 0.025910
0 0.203403 0.990650 0.044946 0.017541
0 0.020964 0.367867 0.041891 0.074874
0 0.391085 0.985701 0.046173 0.025739
0 0.592778 0.986180 0.047407 0.025130
0 0.318878 0.480363 0.049469 0.081762
0 0.430796 0.300438 0.044332 0.068764
0 0.530973 0.036224 0.043469 0.072448
0 0.712499 0.981560 0.055987 0.034973
0 0.216512 0.295110 0.051010 0.070261
0 0.377698 0.265932 0.046260 0.070110
0 0.434093 0.028779 0.043683 0.057540
0 0.075025 0.679993 0.047357 0.076041
0 0.016902 0.660477 0.033695 0.067691
0 0.733510 0.261374 0.047679 0.075931
0 0.585913 0.469977 0.055705 0.074083
0 0.111571 0.935873 0.053075 0.065483
0 0.663060 0.452715 0.044692 0.065558
0 0.032698 0.520183 0.050326 0.072702
0 0.688472 0.261446 0.043700 0.077511
0 0.590185 0.396327 0.053954 0.073474
0 0.451242 0.353941 0.049392 0.075669
0 0.052950 0.625662 0.047437 0.071910
0 0.332870 0.317524 0.044828 0.069720
0 0.162000 0.014695 0.054538 0.029390
0 0.290953 0.273250 0.049242 0.074444
0 0.716576 0.014374 0.047596 0.028748
0 0.382042 0.338438 0.047442 0.067299
0 0.648495 0.176607 0.041702 0.064817
0 0.275079 0.345526 0.044539 0.066557
0 0.081311 0.230970 0.046045 0.065231
0 0.023988 0.068248 0.047975 0.066535
0 0.181829 0.144806 0.046304 0.073927
0 0.214748 0.035224 0.051850 0.070449
0 0.273781 0.500027 0.048708 0.069110
0 0.657938 0.663024 0.044746 0.062739
0 0.129703 0.586765 0.046432 0.070286
0 0.229699 0.215369 0.050295 0.074561
0 0.042128 0.437487 0.051642 0.068538
0 0.579035 0.019753 0.051833 0.039505
0 0.334737 0.400801 0.049048 0.081803
0 0.837562 0.973041 0.057020 0.050807
0 0.022768 0.139039 0.045536 0.076442
0 0.069417 0.395424 0.047781 0.072121
0 0.666744 0.380510 0.053769 0.077462
0 0.638686 0.252057 0.048661 0.079079
0 0.614160 0.532735 0.056232 0.069581
0 0.983310 0.249011 0.031758 0.079909
0 0.242466 0.557130 0.042676 0.066675
0 0.680928 0.128231 0.058382 0.086320
0 0.149901 0.095207 0.046901 0.076872
0 0.030289 0.019784 0.059964 0.039569
0 0.733126 0.872538 0.051921 0.077253
0 0.468712 0.464593 0.050148 0.073201
0 0.168186 0.663564 0.048164 0.071545
0 0.640146 0.809945 0.045512 0.065960
0 0.393737 0.415342 0.052402 0.079694
0 0.591705 0.225112 0.049653 0.083874
0 0.311833 0.870576 0.048745 0.077672
0 0.132164 0.870546 0.053875 0.074832
0 0.979274 0.805961 0.039936 0.071622
0 0.772265 0.306975 0.045056 0.091658
0 0.567022 0.668049 0.050541 0.074103
0 0.926944 0.013765 0.051200 0.027531
0 0.233385 0.457717 0.053716 0.074162
0 0.100637 0.804234 0.051646 0.080730
0 0.075509 0.167788 0.054584 0.079599
0 0.024794 0.728192 0.045177 0.067219
0 0.498594 0.395306 0.050674 0.078281
0 0.470363 0.909522 0.051323 0.077298
0 0.255974 0.977829 0.049195 0.041655
0 0.786991 0.019933 0.053324 0.039866
0 0.706720 0.487702 0.048286 0.071522
0 0.593288 0.084461 0.051006 0.075685
0 0.356780 0.522314 0.045198 0.070790
0 0.718424 0.075594 0.049953 0.082049
0 0.502470 0.517324 0.049521 0.075374
0 0.475047 0.829045 0.050031 0.070277
0 0.519982 0.590992 0.051389 0.073108
0 0.563701 0.936910 0.049373 0.071829
0 0.698003 0.931890 0.057153 0.082450
0 0.496739 0.967509 0.050332 0.061793
0 0.817441 0.366759 0.055567 0.079131
0 0.159915 0.309059 0.049419 0.075141
0 0.641443 0.932310 0.046824 0.079059
0 0.694872 0.773601 0.046561 0.092341
0 0.715953 0.341580 0.057146 0.075768
0 0.609449 0.866995 0.054975 0.078498
0 0.961151 0.876559 0.049127 0.074648
0 0.488339 0.712629 0.052399 0.082262
0 0.117518 0.359964 0.044370 0.075230
0 0.062160 0.859708 0.043763 0.066204
0 0.308332 0.968843 0.048824 0.059662
0 0.430197 0.789473 0.050808 0.077171
0 0.821681 0.861379 0.047344 0.072001
0 0.227951 0.907014 0.050261 0.074282
0 0.811387 0.727862 0.048875 0.074690
0 0.294876 0.794553 0.043883 0.068116
0 0.427615 0.517079 0.048648 0.078146
0 0.782989 0.955217 0.042087 0.073895
0 0.825197 0.781900 0.056653 0.073866
0 0.159657 0.423491 0.053384 0.080139
0 0.981092 0.488087 0.035991 0.073199
0 0.980495 0.167490 0.037667 0.073813
0 0.744176 0.432682 0.052083 0.072595
0 0.589434 0.739869 0.054492 0.076396
0 0.356924 0.943305 0.046986 0.074585
0 0.543124 0.859319 0.046815 0.081330
0 0.667641 0.040481 0.054530 0.078027
0 0.441035 0.971037 0.048363 0.054687
0 0.616946 0.614786 0.054136 0.081390
0 0.455584 0.614215 0.052854 0.077972
0 0.329882 0.649650 0.051539 0.079624
0 0.096105 0.475688 0.052567 0.077996
0 0.720138 0.676645 0.052697 0.072310
0 0.923432 0.376361 0.045783 0.069172
0 0.103178 0.023443 0.052141 0.046887
0 0.162099 0.809401 0.049588 0.074418
0 0.809909 0.139238 0.048672 0.066019
0 0.121045 0.723299 0.054044 0.081311
0 0.401661 0.704299 0.050040 0.076117
0 0.191519 0.589747 0.044816 0.065052
0 0.396972 0.612030 0.055366 0.074551
0 0.214218 0.829326 0.049869 0.076424
0 0.800275 0.219316 0.051242 0.076201
0 0.854644 0.307590 0.049326 0.076515
0 0.148597 0.512574 0.052448 0.076505
0 0.932416 0.958738 0.045729 0.074380
0 0.196171 0.744443 0.049866 0.079915
0 0.394077 0.876968 0.048385 0.078332
0 0.847515 0.527132 0.048939 0.079806
0 0.242809 0.705999 0.046407 0.071817
0 0.830915 0.053029 0.053508 0.075722
0 0.907091 0.666880 0.050994 0.079037
0 0.671117 0.583127 0.050920 0.075832
0 0.869292 0.107027 0.050050 0.082532
0 0.747196 0.610640 0.051074 0.077144
0 0.133968 0.237549 0.051077 0.073816
0 0.652581 0.737579 0.049052 0.075217
0 0.758095 0.730028 0.047225 0.080684
0 0.765108 0.813556 0.054070 0.078163
0 0.894596 0.473754 0.050123 0.084002
0 0.881362 0.940649 0.048923 0.081062
0 0.855901 0.694958 0.046382 0.073674
0 0.921051 0.740610 0.050071 0.071438
0 0.954609 0.640409 0.044745 0.074092
0 0.810234 0.632265 0.050802 0.077044
0 0.894088 0.585177 0.052909 0.077619
0 0.918649 0.299149 0.045372 0.065638
0 0.972492 0.089564 0.052909 0.078497
0 0.937048 0.522919 0.051218 0.074794
0 0.918048 0.070948 0.049922 0.075036
0 0.916611 0.211579 0.052851 0.078742
4 0.317117 0.191895 0.082667 0.119189
2 0.184928 0.070322 0.017937 0.033373
2 0.369760 0.224076 0.016378 0.023838
2 0.230551 0.404648 0.021837 0.032181
2 0.264086 0.600119 0.026516 0.034565
2 0.870834 0.174613 0.023396 0.034565
2 0.967929 0.308701 0.019497 0.035757
1 0.516767 0.779499 0.043673 0.057211