0 0.002372 0.653163 0.004702 0.046980
0 0.991366 0.803931 0.015647 0.083569
0 0.996260 0.021107 0.006360 0.041249
0 0.996509 0.722069 0.005809 0.049664
0 0.995729 0.385747 0.007137 0.054615
0 0.506405 0.991655 0.040105 0.014324
0 0.011722 0.460094 0.023350 0.081644
0 0.551280 0.003657 0.028134 0.007314
0 0.995737 0.637554 0.007234 0.057287
0 0.667173 0.027118 0.061017 0.054235
0 0.995393 0.210170 0.007937 0.059841
0 0.963164 0.425416 0.049141 0.073360
0 0.007058 0.970367 0.014116 0.056388
0 0.604581 0.358629 0.052615 0.077625
0 0.005012 0.721878 0.010024 0.061950
0 0.777626 0.990632 0.037688 0.015971
0 0.829544 0.991215 0.037453 0.014888
0 0.619220 0.331087 0.048312 0.069249
0 0.586639 0.814408 0.046132 0.092601
0 0.823588 0.006167 0.036021 0.012335
0 0.990964 0.890676 0.016435 0.078161
0 0.306371 0.744788 0.055835 0.087396
0 0.974761 0.008568 0.039152 0.017135
0 0.214502 0.988195 0.040234 0.020551
0 0.454968 0.009437 0.033047 0.018852
0 0.989390 0.571832 0.019446 0.072908
0 0.417393 0.886143 0.052799 0.083328
0 0.639346 0.844542 0.048111 0.071993
0 0.647576 0.263411 0.043750 0.078172
0 0.515848 0.553145 0.055546 0.076255
0 0.986411 0.311555 0.025318 0.078985
0 0.909763 0.864536 0.044862 0.078791
0 0.494505 0.013825 0.042561 0.027651
0 0.062242 0.857612 0.039883 0.082729
0 0.856404 0.231030 0.046299 0.079967
0 0.466053 0.507490 0.050154 0.081551
0 0.854543 0.646694 0.057418 0.078074
0 0.584689 0.404332 0.047607 0.072029
0 0.034065 0.933845 0.052558 0.093251
0 0.652061 0.083533 0.050028 0.080235
0 0.887716 0.026367 0.046181 0.052734
0 0.493738 0.593209 0.049059 0.075669
0 0.014839 0.546989 0.029612 0.090038
0 0.681059 0.261129 0.050561 0.069796
0 0.018659 0.863738 0.037318 0.086097
0 0.156790 0.978002 0.049081 0.040627
0 0.602720 0.016178 0.049990 0.032355
0 0.240514 0.034043 0.049193 0.067877
0 0.397527 0.370248 0.052675 0.069223
0 0.666182 0.974414 0.051541 0.047783
0 0.021375 0.344935 0.042750 0.065829
0 0.023142 0.134139 0.046284 0.074799
0 0.971377 0.694591 0.045483 0.076622
0 0.709348 0.764563 0.045197 0.068454
0 0.866546 0.517471 0.057812 0.070740
0 0.259557 0.969277 0.050727 0.058150
0 0.020864 0.041141 0.041701 0.081775
0 0.206664 0.345831 0.050429 0.086178
0 0.263973 0.487690 0.049074 0.082526
0 0.242850 0.305942 0.051482 0.094838
0 0.069063 0.024340 0.047188 0.048673
0 0.392716 0.303494 0.058987 0.068544
0 0.261087 0.912964 0.053181 0.067993
0 0.513920 0.766901 0.050525 0.083228
0 0.875768 0.101849 0.056116 0.083559
0 0.102777 0.966358 0.051392 0.063624
0 0.414274 0.976029 0.050355 0.044315
0 0.617903 0.969749 0.044344 0.057068
0 0.354677 0.181328 0.041047 0.072232
0 0.569008 0.969483 0.044963 0.057620
0 0.729990 0.032807 0.052689 0.065607
0 0.748773 0.103597 0.051381 0.078093
0 0.292687 0.295474 0.045869 0.076728
0 0.416685 0.255629 0.050023 0.078500
0 0.051773 0.535991 0.042431 0.077176
0 0.304159 0.186175 0.047605 0.080684
0 0.346434 0.844403 0.048485 0.072742
0 0.983034 0.493821 0.032008 0.074738
0 0.975386 0.266840 0.046325 0.080752
0 0.420955 0.461146 0.046071 0.071249
0 0.199637 0.892720 0.050095 0.081190
0 0.037668 0.418497 0.053331 0.084730
0 0.610846 0.595051 0.055196 0.088731
0 0.316641 0.446790 0.049047 0.076347
0 0.026037 0.206347 0.045215 0.066636
0 0.339284 0.604693 0.055661 0.077580
0 0.079989 0.182569 0.050611 0.077381
0 0.467187 0.387843 0.051004 0.087021
0 0.523281 0.178273 0.051694 0.085332
0 0.328274 0.112759 0.052726 0.080043
0 0.189695 0.505095 0.048997 0.080211
0 0.972927 0.067548 0.048668 0.067936
0 0.340485 0.686304 0.047817 0.081388
0 0.673035 0.186105 0.049314 0.069984
0 0.169738 0.433635 0.045561 0.073142
0 0.218491 0.105775 0.053312 0.084115
0 0.072653 0.774342 0.055130 0.084874
0 0.351105 0.264633 0.041661 0.086030
0 0.033623 0.281740 0.051441 0.075173
0 0.742097 0.815406 0.049320 0.085467
0 0.697576 0.126367 0.051552 0.083953
0 0.432014 0.551568 0.048239 0.082852
0 0.074848 0.478170 0.056711 0.074098
0 0.100734 0.345857 0.053862 0.070696
0 0.200872 0.773624 0.045171 0.078017
0 0.261010 0.840267 0.048080 0.068855
0 0.955201 0.886909 0.046604 0.072529
0 0.668869 0.706289 0.044453 0.083177
0 0.117952 0.422813 0.050979 0.077705
0 0.792160 0.059325 0.044194 0.076071
0 0.392259 0.149119 0.046002 0.092942
0 0.858318 0.460239 0.058888 0.072570
0 0.235437 0.545601 0.047615 0.075318
0 0.288077 0.556721 0.052686 0.083606
0 0.468197 0.280838 0.043112 0.081401
0 0.911919 0.432483 0.043234 0.074194
0 0.932668 0.037581 0.048378 0.075161
0 0.823820 0.394522 0.046746 0.083568
0 0.887062 0.178340 0.048084 0.083056
0 0.093142 0.888235 0.046389 0.087108
0 0.368833 0.435022 0.052958 0.076094
0 0.860662 0.898530 0.056268 0.076518
0 0.835167 0.926462 0.043421 0.092705
0 0.158991 0.034544 0.053838 0.069088
0 0.263647 0.399807 0.051125 0.080281
0 0.265232 0.239653 0.044482 0.078525
0 0.251761 0.773026 0.048452 0.076404
0 0.424141 0.034592 0.044482 0.069184
0 0.257451 0.159284 0.045178 0.073875
0 0.095742 0.578401 0.055971 0.074884
0 0.559358 0.130771 0.048644 0.074686
0 0.562161 0.762104 0.042122 0.080856
0 0.059153 0.100297 0.044858 0.085500
0 0.747843 0.719701 0.048880 0.077311
0 0.131122 0.517931 0.049648 0.084208
0 0.566723 0.678581 0.049257 0.083420
0 0.880912 0.380480 0.050526 0.088742
0 0.428199 0.179415 0.046635 0.068789
0 0.111749 0.815576 0.045757 0.072508
0 0.105173 0.093823 0.043952 0.093386
0 0.148283 0.915758 0.059925 0.078594
0 0.629440 0.439777 0.050341 0.076535
0 0.381467 0.717691 0.051786 0.082734
0 0.659208 0.574615 0.046322 0.092730
0 0.506508 0.828003 0.048478 0.076110
0 0.696087 0.829137 0.043220 0.092890
0 0.782820 0.428805 0.056173 0.074757
0 0.785047 0.560504 0.047989 0.073651
0 0.142351 0.242273 0.054968 0.068986
0 0.390529 0.598395 0.047489 0.070477
0 0.933873 0.175235 0.042658 0.080252
0 0.587444 0.069125 0.053505 0.080742
0 0.698636 0.618543 0.044592 0.074325
0 0.366126 0.519632 0.056472 0.086385
0 0.665372 0.910056 0.054310 0.073718
0 0.419283 0.689450 0.046799 0.082250
0 0.756983 0.180566 0.055180 0.085410
0 0.309425 0.960292 0.051736 0.072588
0 0.539054 0.879694 0.056797 0.080880
0 0.291772 0.044610 0.047604 0.079149
0 0.158390 0.707284 0.045576 0.086869
0 0.828078 0.743062 0.050590 0.085824
0 0.113476 0.649592 0.052568 0.074433
0 0.226709 0.621163 0.056424 0.078559
0 0.520739 0.956196 0.054595 0.083319
0 0.116609 0.732070 0.047987 0.078124
0 0.733215 0.955996 0.050918 0.077938
0 0.509939 0.672451 0.055969 0.080231
0 0.819515 0.142015 0.051740 0.088593
0 0.784472 0.852173 0.048922 0.082046
0 0.538493 0.350704 0.046294 0.075862
0 0.610250 0.153917 0.051186 0.077248
0 0.622689 0.681002 0.050625 0.096989
0 0.742985 0.277700 0.047724 0.076490
0 0.958864 0.616593 0.048600 0.088171
0 0.134503 0.163014 0.055513 0.079977
0 0.670359 0.338550 0.050633 0.082041
0 0.738206 0.548737 0.047319 0.085566
0 0.516522 0.059082 0.050881 0.084639
0 0.573516 0.460653 0.049770 0.090890
0 0.752581 0.655001 0.048181 0.075361
0 0.847896 0.046884 0.051380 0.081546
0 0.523523 0.479798 0.053060 0.076894
0 0.970229 0.139014 0.044567 0.071820
0 0.810497 0.504414 0.050435 0.082812
0 0.792709 0.956964 0.055976 0.080488
0 0.619650 0.518502 0.052534 0.079925
0 0.926042 0.341014 0.045382 0.080040
0 0.552025 0.596485 0.052338 0.078346
0 0.424000 0.806283 0.061352 0.080863
0 0.460181 0.941672 0.050259 0.082681
0 0.446233 0.096887 0.053819 0.081094
0 0.152425 0.329259 0.050322 0.092596
0 0.914270 0.759755 0.049986 0.079892
0 0.926746 0.264121 0.045251 0.069861
0 0.312363 0.887233 0.061752 0.077766
0 0.808369 0.250293 0.053174 0.076835
0 0.880144 0.292664 0.052375 0.077109
0 0.367992 0.790344 0.049174 0.088961
0 0.801278 0.654378 0.040356 0.091814
0 0.866049 0.833099 0.050146 0.085349
0 0.799120 0.322908 0.057211 0.075233
0 0.209451 0.690761 0.051152 0.081437
0 0.464943 0.748911 0.048193 0.083282
0 0.957720 0.813554 0.047658 0.080791
0 0.905193 0.624014 0.050021 0.093357
0 0.951807 0.527831 0.050653 0.081340
1 0.461427 0.838968 0.039537 0.051582
1 0.172613 0.840441 0.071360 0.072215
1 0.864031 0.714434 0.055931 0.097269
1 0.510125 0.276723 0.046287 0.103164
3 0.577146 0.256828 0.105111 0.145903
2 0.321119 0.282619 0.019286 0.029475
2 0.475892 0.169875 0.024108 0.039792
2 0.299904 0.665799 0.015429 0.026528
2 0.873674 0.570741 0.028930 0.036844
2 0.892960 0.710749 0.021215 0.028002
2 0.695757 0.060816 0.024108 0.033897
2 0.135005 0.065237 0.017358 0.028002