0 0.002050 0.764802 0.004059 0.066445
0 0.004206 0.028078 0.008412 0.055301
0 0.019428 0.989199 0.038774 0.019405
0 0.870309 0.004822 0.039939 0.009644
0 0.406674 0.991571 0.042476 0.013755
0 0.467498 0.005919 0.037718 0.011838
0 0.993791 0.688637 0.011266 0.066299
0 0.992549 0.775394 0.013527 0.079548
0 0.988794 0.378545 0.020598 0.077584
0 0.011667 0.867725 0.023325 0.072066
0 0.986134 0.162094 0.025900 0.078430
0 0.017854 0.944870 0.035709 0.078591
0 0.639281 0.016524 0.044405 0.032992
0 0.949761 0.974189 0.053246 0.048296
0 0.246892 0.816586 0.049818 0.073650
0 0.021756 0.626827 0.043512 0.086468
0 0.984327 0.480697 0.029365 0.077807
0 0.083422 0.729225 0.042659 0.065926
0 0.285105 0.843755 0.049061 0.069741
0 0.473139 0.796075 0.051248 0.070284
0 0.587939 0.024508 0.051169 0.048990
0 0.257362 0.665305 0.047281 0.079332
0 0.020002 0.215877 0.040001 0.084276
0 0.476778 0.722595 0.048798 0.082607
0 0.610512 0.889447 0.055699 0.066835
0 0.210819 0.658823 0.047471 0.072494
0 0.109178 0.021683 0.041518 0.043324
0 0.610452 0.961504 0.051182 0.072953
0 0.110676 0.959519 0.048295 0.077710
0 0.017727 0.106478 0.035434 0.079882
0 0.222756 0.095833 0.046493 0.067649
0 0.264963 0.025857 0.052035 0.051714
0 0.560227 0.888281 0.046407 0.075409
0 0.336892 0.780162 0.056911 0.073807
0 0.662725 0.961130 0.049117 0.073871
0 0.383064 0.807412 0.045147 0.074073
0 0.126238 0.365664 0.043495 0.064909
0 0.917658 0.703333 0.051982 0.072412
0 0.443075 0.665752 0.055055 0.075746
0 0.338229 0.428767 0.053745 0.076672
0 0.064896 0.029718 0.043783 0.059436
0 0.307356 0.919584 0.050005 0.077360
0 0.043250 0.428297 0.049401 0.075685
0 0.443827 0.349525 0.039816 0.070930
0 0.348469 0.965431 0.049555 0.065698
0 0.055254 0.672219 0.055451 0.094184
0 0.340889 0.856922 0.054187 0.074965
0 0.733626 0.776512 0.051592 0.077038
0 0.224509 0.940537 0.050546 0.081494
0 0.026934 0.506572 0.053383 0.080962
0 0.747095 0.850032 0.048447 0.070938
0 0.595345 0.653703 0.043887 0.068345
0 0.348807 0.565102 0.046142 0.084324
0 0.792545 0.325236 0.053736 0.077726
0 0.518181 0.633037 0.049599 0.071760
0 0.198625 0.034697 0.050845 0.069395
0 0.059482 0.120592 0.045569 0.077440
0 0.773065 0.919487 0.051469 0.085728
0 0.093900 0.599443 0.047697 0.066955
0 0.553257 0.681892 0.050213 0.073506
0 0.601981 0.452559 0.047359 0.073499
0 0.890539 0.949889 0.056972 0.081242
0 0.841499 0.747266 0.046519 0.073108
0 0.700513 0.898653 0.050761 0.079091
0 0.750111 0.652241 0.043650 0.075809
0 0.632369 0.820467 0.051303 0.081394
0 0.433396 0.948539 0.048443 0.075997
0 0.050426 0.346180 0.048004 0.074945
0 0.305729 0.540653 0.047119 0.074643
0 0.941248 0.906965 0.052661 0.075833
0 0.959718 0.832457 0.048050 0.084551
0 0.149799 0.141234 0.040894 0.063338
0 0.101596 0.155726 0.052845 0.077873
0 0.311679 0.177807 0.049610 0.077924
0 0.838888 0.310204 0.047674 0.072276
0 0.272048 0.112897 0.042980 0.067298
0 0.697132 0.722672 0.054687 0.077129
0 0.717247 0.420479 0.051743 0.075343
0 0.716531 0.037981 0.047865 0.075960
0 0.197563 0.154207 0.047715 0.071930
0 0.525621 0.255451 0.046449 0.076053
0 0.374105 0.365800 0.049014 0.075517
0 0.305951 0.353897 0.046408 0.071690
0 0.480929 0.891992 0.050090 0.077157
0 0.049239 0.777539 0.048388 0.073012
0 0.375383 0.034374 0.052469 0.068732
0 0.967111 0.730895 0.051004 0.077000
0 0.422173 0.753483 0.052063 0.076552
0 0.226308 0.738674 0.059361 0.081812
0 0.441666 0.430873 0.057937 0.078145
0 0.931807 0.030702 0.048934 0.061405
0 0.233707 0.410864 0.050777 0.075051
0 0.968725 0.324978 0.049860 0.071229
0 0.153325 0.898581 0.053665 0.083058
0 0.405438 0.296939 0.048893 0.081703
0 0.614757 0.070833 0.048158 0.076612
0 0.530988 0.798280 0.052458 0.083349
0 0.640700 0.515636 0.055738 0.080674
0 0.702088 0.640770 0.047253 0.076799
0 0.427274 0.847415 0.049053 0.071877
0 0.574100 0.752441 0.051522 0.080225
0 0.313369 0.637497 0.049968 0.073641
0 0.452907 0.507829 0.054252 0.072083
0 0.317295 0.719648 0.056561 0.078286
0 0.941968 0.449021 0.047499 0.072355
0 0.062304 0.855421 0.055527 0.075866
0 0.569776 0.227997 0.050150 0.083886
0 0.964791 0.085324 0.049510 0.076445
0 0.551704 0.426004 0.053583 0.078403
0 0.663232 0.438056 0.050432 0.081282
0 0.851402 0.651146 0.047756 0.072218
0 0.562528 0.328213 0.050676 0.081315
0 0.611978 0.366815 0.052618 0.084100
0 0.974091 0.251935 0.048874 0.075805
0 0.791000 0.587159 0.049679 0.078346
0 0.357439 0.245719 0.055093 0.080609
0 0.114690 0.498522 0.049193 0.074371
0 0.132123 0.759321 0.051266 0.082842
0 0.492723 0.554524 0.050628 0.081217
0 0.634929 0.286672 0.051670 0.078036
0 0.873579 0.399464 0.043976 0.070300
0 0.383531 0.509494 0.048918 0.075998
0 0.901435 0.500339 0.053772 0.088930
0 0.683304 0.097507 0.054377 0.086743
0 0.699867 0.353422 0.048121 0.076388
0 0.749036 0.351657 0.044497 0.079848
0 0.470787 0.053117 0.048797 0.072095
0 0.603236 0.580541 0.049622 0.073384
0 0.762337 0.507344 0.049188 0.079926
0 0.812691 0.409426 0.054337 0.078248
0 0.918958 0.377665 0.046589 0.073405
0 0.931085 0.632820 0.054720 0.082039
0 0.215396 0.232951 0.049276 0.075155
0 0.300418 0.268861 0.055623 0.082139
0 0.941212 0.550314 0.048326 0.071942
0 0.405912 0.613047 0.048468 0.075585
0 0.166326 0.487211 0.046640 0.073415
0 0.916997 0.780159 0.053400 0.073290
0 0.517158 0.140579 0.050812 0.073890
0 0.254693 0.323861 0.054345 0.078975
0 0.800523 0.251120 0.054691 0.076396
0 0.864832 0.252193 0.054398 0.075057
0 0.089391 0.242877 0.048167 0.078757
0 0.568717 0.119858 0.050066 0.074088
0 0.178474 0.329652 0.052121 0.078053
0 0.354556 0.132869 0.052253 0.083913
0 0.417749 0.115732 0.056871 0.084255
0 0.162181 0.247068 0.055168 0.085695
0 0.787381 0.159859 0.054968 0.083980
0 0.738276 0.110755 0.049873 0.075093
0 0.681914 0.210672 0.053803 0.082772
0 0.888229 0.192048 0.052229 0.076698
0 0.189397 0.564731 0.055933 0.084406
0 0.804197 0.083123 0.053749 0.077307
0 0.923596 0.276070 0.050901 0.084220
1 0.102260 0.075089 0.055372 0.064362
1 0.207544 0.871275 0.052252 0.059595
1 0.059367 0.925507 0.050692 0.063170
1 0.535095 0.936830 0.042894 0.052443
2 0.120977 0.106079 0.028856 0.035757
2 0.837299 0.175805 0.021837 0.029797
2 0.574089 0.836114 0.025736 0.032181
2 0.767110 0.983313 0.038994 0.033373