0 0.997472 0.381710 0.005011 0.061956
0 0.994758 0.974776 0.009323 0.047462
0 0.002274 0.902493 0.004548 0.046062
0 0.997458 0.059819 0.004459 0.053777
0 0.022648 0.003524 0.034026 0.007047
0 0.997623 0.530562 0.004586 0.056086
0 0.715321 0.992691 0.033710 0.012077
0 0.004447 0.075649 0.008894 0.058513
0 0.833075 0.006395 0.040468 0.012790
0 0.381337 0.991392 0.040020 0.014417
0 0.992290 0.908505 0.013836 0.062775
0 0.075627 0.007739 0.046023 0.015479
0 0.069933 0.988794 0.047173 0.019711
0 0.009941 0.832951 0.019854 0.071968
0 0.663235 0.987177 0.044633 0.022672
0 0.847800 0.984402 0.050210 0.028239
0 0.195046 0.010611 0.048708 0.021223
0 0.571447 0.013437 0.049725 0.026874
0 0.012065 0.250146 0.024116 0.076987
0 0.175668 0.971786 0.052926 0.053328
0 0.902207 0.014903 0.052012 0.029798
0 0.473575 0.967775 0.049775 0.061529
0 0.360893 0.953692 0.048515 0.065438
0 0.336839 0.560467 0.051349 0.074991
0 0.615994 0.966815 0.053587 0.063004
0 0.374514 0.887171 0.045221 0.067141
0 0.404212 0.016181 0.045029 0.032308
0 0.487000 0.635678 0.044075 0.074292
0 0.505888 0.888851 0.049129 0.073051
0 0.614465 0.814782 0.045936 0.069436
0 0.672430 0.868977 0.047404 0.072510
0 0.967727 0.964551 0.049409 0.067848
0 0.614404 0.892512 0.051701 0.076174
0 0.554859 0.951573 0.049518 0.076859
0 0.445089 0.765229 0.046972 0.071213
0 0.745413 0.963235 0.052981 0.066905
0 0.111387 0.929069 0.045959 0.070792
0 0.213394 0.057189 0.049235 0.085361
0 0.742756 0.891934 0.049600 0.067833
0 0.317592 0.493998 0.047211 0.075522
0 0.653273 0.775012 0.052118 0.070515
0 0.807615 0.962139 0.050601 0.072419
0 0.304798 0.251865 0.046132 0.072359
0 0.353513 0.818914 0.051723 0.069995
0 0.520640 0.317241 0.049474 0.085714
0 0.313780 0.917116 0.051281 0.080978
0 0.658554 0.701600 0.052621 0.072642
0 0.647224 0.396577 0.043676 0.086626
0 0.980459 0.477927 0.037937 0.079720
0 0.459834 0.692168 0.053097 0.072689
0 0.447362 0.905105 0.050850 0.077028
0 0.677798 0.629975 0.058387 0.078538
0 0.084630 0.151366 0.054404 0.073190
0 0.816375 0.870822 0.050776 0.085475
0 0.234158 0.129469 0.048414 0.077970
0 0.339358 0.106912 0.048487 0.072594
0 0.500371 0.791599 0.045312 0.075468
0 0.809531 0.754645 0.045976 0.072926
0 0.438013 0.607784 0.048989 0.075097
0 0.371534 0.610407 0.054362 0.080046
0 0.658702 0.533690 0.061670 0.070656
0 0.692678 0.394939 0.048280 0.063615
0 0.760398 0.198335 0.043445 0.066085
0 0.213953 0.207683 0.049470 0.072998
0 0.059803 0.935955 0.053716 0.079071
0 0.868814 0.936806 0.055932 0.084673
0 0.575303 0.534693 0.051925 0.076261
0 0.045414 0.532886 0.051435 0.073843
0 0.070386 0.061528 0.053067 0.077269
0 0.130225 0.110525 0.050891 0.076101
0 0.532167 0.605780 0.047027 0.079443
0 0.585451 0.648059 0.048464 0.072921
0 0.766916 0.799157 0.050632 0.080189
0 0.032426 0.128021 0.049273 0.076717
0 0.538802 0.187560 0.045984 0.073363
0 0.547743 0.114834 0.046775 0.069354
0 0.712134 0.585968 0.047307 0.078719
0 0.033026 0.708797 0.053167 0.064194
0 0.843971 0.702658 0.050501 0.077022
0 0.094798 0.295921 0.048944 0.064590
0 0.611439 0.146644 0.049511 0.069648
0 0.271343 0.298673 0.057340 0.083268
0 0.664791 0.035370 0.062239 0.070740
0 0.084770 0.656240 0.049105 0.075809
0 0.203621 0.796273 0.053589 0.076799
0 0.861210 0.838545 0.048301 0.074465
0 0.759673 0.566082 0.046166 0.069751
0 0.308108 0.033290 0.053038 0.066580
0 0.086351 0.506083 0.044882 0.069455
0 0.452677 0.025548 0.043732 0.051096
0 0.199335 0.315648 0.051519 0.071528
0 0.146704 0.873345 0.050222 0.072934
0 0.296208 0.789322 0.045742 0.073193
0 0.375090 0.056165 0.049526 0.073291
0 0.322192 0.180225 0.047040 0.070750
0 0.497685 0.248102 0.052968 0.079925
0 0.151617 0.347879 0.045056 0.072736
0 0.559871 0.369190 0.049573 0.077972
0 0.158736 0.049127 0.053775 0.084976
0 0.660119 0.109153 0.049367 0.067153
0 0.673130 0.246971 0.047807 0.065870
0 0.367693 0.462570 0.054506 0.080735
0 0.959436 0.415961 0.047843 0.074464
0 0.231721 0.934439 0.052267 0.076884
0 0.870974 0.640309 0.048077 0.078060
0 0.557437 0.451919 0.048317 0.074342
0 0.795799 0.521734 0.056958 0.069525
0 0.417191 0.405005 0.050836 0.076531
0 0.659990 0.180512 0.051711 0.062987
0 0.269336 0.523092 0.053291 0.076202
0 0.048713 0.838865 0.050937 0.077860
0 0.944452 0.037216 0.054050 0.074431
0 0.835179 0.570100 0.048771 0.074110
0 0.205201 0.712948 0.047440 0.071071
0 0.365228 0.372341 0.054464 0.076100
0 0.152691 0.711466 0.051280 0.075656
0 0.044204 0.610900 0.051904 0.072802
0 0.840146 0.448763 0.049687 0.081627
0 0.922140 0.648138 0.047866 0.075774
0 0.700249 0.326213 0.051418 0.075975
0 0.245897 0.594075 0.053660 0.070482
0 0.796746 0.041756 0.053978 0.083511
0 0.203182 0.421585 0.053207 0.080596
0 0.127456 0.563202 0.049683 0.072656
0 0.530831 0.039338 0.047440 0.070501
0 0.269357 0.200317 0.052625 0.083186
0 0.347657 0.295508 0.052453 0.075043
0 0.568722 0.244898 0.051052 0.072450
0 0.504844 0.486056 0.056999 0.081339
0 0.103338 0.222694 0.058245 0.078004
0 0.781748 0.130580 0.050929 0.075050
0 0.689468 0.472068 0.054989 0.080004
0 0.085833 0.434160 0.058881 0.069080
0 0.401832 0.177447 0.054642 0.081469
0 0.262792 0.718025 0.052255 0.075869
0 0.646889 0.312260 0.051153 0.075977
0 0.951811 0.718769 0.049660 0.079691
0 0.887656 0.174473 0.048468 0.075385
0 0.102407 0.365303 0.052053 0.071111
0 0.903100 0.569089 0.048711 0.074411
0 0.040931 0.328162 0.058421 0.075176
0 0.171187 0.639422 0.056849 0.074481
0 0.465402 0.092883 0.051177 0.074744
0 0.971670 0.337766 0.053773 0.078077
0 0.971161 0.152655 0.048472 0.071401
0 0.476048 0.172552 0.050458 0.080053
0 0.723496 0.063816 0.053406 0.081330
0 0.959346 0.833013 0.053727 0.077473
0 0.175440 0.524907 0.051785 0.076247
0 0.861354 0.367396 0.052747 0.080533
0 0.839980 0.207353 0.053043 0.079806
0 0.729767 0.259127 0.057126 0.081442
0 0.911445 0.469896 0.049072 0.077937
0 0.840629 0.091947 0.059442 0.080849
0 0.968895 0.233549 0.049426 0.074274
0 0.932639 0.293362 0.050122 0.073562
0 0.922032 0.113927 0.050364 0.081017
1 0.330376 0.418355 0.042114 0.057211
1 0.602165 0.206198 0.042894 0.059595
2 0.276954 0.625745 0.030415 0.038141
2 0.357672 0.767580 0.031195 0.038141
2 0.058977 0.485697 0.021837 0.036949
2 0.582278 0.100119 0.026516 0.035757
2 0.948042 0.569130 0.021837 0.032181
2 0.689511 0.687723 0.019497 0.033373