0 0.991794 0.445855 0.015039 0.062892
0 0.534920 0.002090 0.036348 0.004179
0 0.515868 0.993368 0.030744 0.010890
0 0.288715 0.003286 0.033979 0.006571
0 0.006640 0.427897 0.013281 0.066056
0 0.048753 0.008879 0.044965 0.017758
0 0.432580 0.988395 0.044193 0.020139
0 0.016074 0.981506 0.032148 0.033992
0 0.010264 0.557748 0.020506 0.082890
0 0.273834 0.986822 0.040264 0.023164
0 0.012911 0.318756 0.025822 0.068194
0 0.814524 0.981653 0.049144 0.033607
0 0.975502 0.965413 0.047424 0.066235
0 0.014865 0.236908 0.029728 0.080481
0 0.015265 0.139895 0.030486 0.075975
0 0.982377 0.370678 0.033784 0.080173
0 0.325772 0.978975 0.050927 0.038616
0 0.150846 0.077159 0.038849 0.065438
0 0.243029 0.594898 0.038157 0.060396
0 0.157956 0.973724 0.053854 0.049058
0 0.390383 0.595438 0.038592 0.057896
0 0.110917 0.345469 0.038430 0.071840
0 0.416011 0.017894 0.053063 0.035788
0 0.026012 0.481686 0.051891 0.073276
0 0.025831 0.388916 0.042152 0.075288
0 0.737731 0.170614 0.052929 0.071554
0 0.659795 0.018399 0.058023 0.036798
0 0.574401 0.517354 0.050185 0.074368
0 0.598595 0.967972 0.051239 0.060678
0 0.974302 0.298886 0.050169 0.083796
0 0.078224 0.065758 0.041477 0.066114
0 0.670867 0.196825 0.044796 0.071705
0 0.460030 0.737140 0.041352 0.072809
0 0.188235 0.924051 0.047033 0.076431
0 0.260670 0.364965 0.048775 0.073788
0 0.981428 0.151376 0.035441 0.072554
0 0.688191 0.420107 0.043382 0.069720
0 0.529881 0.946735 0.055303 0.081545
0 0.081238 0.965806 0.053701 0.064954
0 0.797389 0.506341 0.047939 0.068494
0 0.815699 0.026993 0.042125 0.053986
0 0.505854 0.127641 0.060562 0.066942
0 0.721898 0.953882 0.046662 0.073183
0 0.857292 0.925507 0.045542 0.072911
0 0.716948 0.040644 0.044829 0.066089
0 0.028188 0.057220 0.048551 0.072750
0 0.128600 0.923822 0.048703 0.074124
0 0.478824 0.968631 0.052055 0.059483
0 0.766686 0.029480 0.046131 0.058960
0 0.050757 0.641276 0.049864 0.071151
0 0.221987 0.051676 0.045698 0.064221
0 0.292568 0.397598 0.048021 0.080821
0 0.131684 0.023849 0.046573 0.047698
0 0.380494 0.050291 0.043209 0.069643
0 0.148069 0.673844 0.047521 0.075888
0 0.555645 0.587506 0.047043 0.072135
0 0.343309 0.418791 0.046455 0.078369
0 0.418911 0.448554 0.045735 0.069790
0 0.756152 0.100362 0.050260 0.073948
0 0.298064 0.203939 0.047829 0.075930
0 0.662831 0.860961 0.050197 0.074426
0 0.333236 0.747900 0.051594 0.084768
0 0.816541 0.574546 0.048373 0.071761
0 0.367316 0.154184 0.049560 0.076688
0 0.632465 0.245929 0.047187 0.078964
0 0.607534 0.328144 0.050471 0.080949
0 0.605168 0.032735 0.049285 0.065471
0 0.868129 0.487182 0.045445 0.073207
0 0.416741 0.799521 0.046417 0.071147
0 0.328586 0.031834 0.049619 0.063668
0 0.520848 0.651613 0.045479 0.073984
0 0.706424 0.496270 0.052523 0.075635
0 0.959734 0.675921 0.047881 0.070324
0 0.816603 0.441632 0.055371 0.075905
0 0.826998 0.649808 0.046086 0.069375
0 0.227180 0.126325 0.046872 0.078478
0 0.065878 0.340132 0.043795 0.077479
0 0.697122 0.658198 0.053214 0.082932
0 0.126874 0.145415 0.050377 0.073513
0 0.911612 0.952739 0.048794 0.076599
0 0.762118 0.644979 0.047008 0.069563
0 0.449768 0.084861 0.052444 0.081342
0 0.095118 0.424955 0.048425 0.078686
0 0.527703 0.858833 0.052060 0.085551
0 0.188343 0.409498 0.048899 0.070309
0 0.460254 0.659443 0.044151 0.069420
0 0.320958 0.118624 0.051464 0.082786
0 0.728600 0.722348 0.052626 0.080076
0 0.651901 0.374575 0.048305 0.073114
0 0.878397 0.655051 0.048667 0.075227
0 0.734969 0.562757 0.046927 0.071527
0 0.350216 0.231733 0.057186 0.077691
0 0.581559 0.404893 0.048416 0.083162
0 0.799972 0.184723 0.045382 0.070808
0 0.201926 0.635810 0.054663 0.083696
0 0.533858 0.233642 0.046660 0.073486
0 0.529087 0.409496 0.050523 0.081705
0 0.620945 0.566864 0.052703 0.075281
0 0.531264 0.064088 0.051252 0.079132
0 0.786986 0.934195 0.050406 0.086605
0 0.946466 0.182855 0.051136 0.069395
0 0.621715 0.483292 0.051820 0.076944
0 0.361687 0.672902 0.051307 0.075744
0 0.237928 0.956928 0.050309 0.075946
0 0.468861 0.186972 0.059901 0.078817
0 0.282221 0.065368 0.052088 0.077770
0 0.842468 0.125260 0.047988 0.074450
0 0.634278 0.672783 0.053056 0.077892
0 0.745497 0.435446 0.050566 0.075626
0 0.149498 0.854603 0.046839 0.075175
0 0.454900 0.360946 0.041944 0.076338
0 0.581040 0.262726 0.050533 0.082973
0 0.603893 0.807996 0.057788 0.082640
0 0.916902 0.601705 0.047333 0.071629
0 0.823183 0.872961 0.050884 0.082474
0 0.759475 0.316275 0.050475 0.074585
0 0.337036 0.301911 0.048789 0.067733
0 0.750444 0.241552 0.050698 0.072620
0 0.839234 0.724845 0.053861 0.081239
0 0.970357 0.818492 0.051598 0.080326
0 0.670262 0.943481 0.051599 0.084126
0 0.090770 0.873161 0.050540 0.078346
0 0.331941 0.595061 0.050085 0.077521
0 0.919608 0.117488 0.054348 0.081133
0 0.926748 0.530179 0.047201 0.069864
0 0.268841 0.274003 0.045743 0.078849
0 0.292940 0.928116 0.046039 0.073487
0 0.047139 0.560929 0.050969 0.081379
0 0.958194 0.053229 0.049704 0.082947
0 0.199827 0.839526 0.049205 0.078135
0 0.149403 0.220181 0.049287 0.075373
0 0.418317 0.714769 0.049186 0.079701
0 0.578855 0.143430 0.051893 0.083921
0 0.422528 0.544291 0.048871 0.082473
0 0.371924 0.504875 0.052127 0.078228
0 0.689320 0.112972 0.053482 0.081494
0 0.551562 0.714244 0.052179 0.075486
0 0.300574 0.684912 0.053677 0.086731
0 0.882080 0.053911 0.051129 0.081671
0 0.748578 0.843450 0.052468 0.082335
0 0.080685 0.248519 0.050341 0.076349
0 0.098546 0.700692 0.048635 0.075478
0 0.151265 0.561386 0.057095 0.084802
0 0.865032 0.401389 0.057499 0.082827
0 0.482768 0.811991 0.055768 0.090740
0 0.938939 0.260791 0.055540 0.080121
0 0.885669 0.320983 0.056236 0.081960
0 0.301443 0.535698 0.052162 0.076710
0 0.154779 0.314310 0.046187 0.077367
0 0.389578 0.372344 0.049968 0.079850
0 0.467403 0.273701 0.054190 0.084310
0 0.846178 0.255969 0.055677 0.075573
0 0.402254 0.272313 0.053353 0.084386
0 0.215677 0.298528 0.054237 0.085821
0 0.181486 0.490070 0.051433 0.079685
0 0.087298 0.780571 0.049419 0.080649
0 0.203692 0.205433 0.050680 0.087346
0 0.247270 0.794950 0.053947 0.083467
1 0.344803 0.361144 0.035095 0.042908
2 0.519887 0.775328 0.023396 0.034565