0 0.001789 0.221224 0.003578 0.066201
0 0.693333 0.004801 0.025995 0.009601
0 0.180113 0.003731 0.031994 0.007463
0 0.823072 0.991777 0.038197 0.013593
0 0.994028 0.817208 0.010568 0.056176
0 0.849002 0.004700 0.038300 0.009399
0 0.030095 0.990633 0.040950 0.015931
0 0.993431 0.912572 0.011807 0.073923
0 0.962878 0.988641 0.049251 0.019983
0 0.988887 0.019931 0.020685 0.039862
0 0.338986 0.989159 0.042532 0.018921
0 0.009954 0.054784 0.019908 0.081684
0 0.320403 0.008822 0.045311 0.017643
0 0.558194 0.986444 0.036476 0.023891
0 0.989928 0.710654 0.018552 0.067819
0 0.749303 0.983262 0.048369 0.030296
0 0.019204 0.941383 0.038409 0.077248
0 0.016204 0.302391 0.032400 0.082180
0 0.013132 0.806926 0.026264 0.078515
0 0.917451 0.012680 0.047024 0.025361
0 0.016007 0.489469 0.032015 0.080124
0 0.063534 0.015907 0.057243 0.031814
0 0.751260 0.707608 0.040292 0.064815
0 0.874338 0.975533 0.052034 0.046067
0 0.641114 0.975690 0.043215 0.045384
0 0.776817 0.015985 0.049683 0.031969
0 0.660266 0.027091 0.059303 0.054182
0 0.852940 0.906113 0.042619 0.090449
0 0.143880 0.863731 0.042158 0.067763
0 0.432040 0.904414 0.048927 0.075114
0 0.722490 0.880112 0.045514 0.076020
0 0.254820 0.971407 0.051860 0.054109
0 0.483796 0.019109 0.046920 0.038218
0 0.476846 0.964983 0.049642 0.066558
0 0.746779 0.638740 0.040402 0.073549
0 0.403318 0.960923 0.052813 0.074394
0 0.536084 0.022769 0.050320 0.045538
0 0.212825 0.381080 0.046868 0.087416
0 0.981049 0.602985 0.036019 0.076383
0 0.798947 0.887898 0.060042 0.078256
0 0.260039 0.035309 0.046147 0.070619
0 0.074852 0.452542 0.044983 0.070981
0 0.967993 0.865466 0.049572 0.077431
0 0.517380 0.357428 0.046520 0.078347
0 0.201583 0.442283 0.050404 0.079623
0 0.212674 0.773314 0.048828 0.079898
0 0.651236 0.762244 0.046587 0.077532
0 0.956592 0.940954 0.050148 0.068500
0 0.381000 0.021462 0.049384 0.042924
0 0.102242 0.824693 0.046742 0.071871
0 0.800093 0.058949 0.044203 0.077333
0 0.355968 0.897786 0.053365 0.075746
0 0.980273 0.294252 0.037772 0.078799
0 0.091534 0.750592 0.051355 0.073262
0 0.675584 0.850892 0.049013 0.081300
0 0.877951 0.834166 0.047909 0.071769
0 0.752212 0.789132 0.056305 0.081393
0 0.067308 0.940077 0.050665 0.081305
0 0.111785 0.397064 0.049436 0.077465
0 0.659335 0.092327 0.047995 0.072087
0 0.696857 0.960106 0.049458 0.075598
0 0.091386 0.529302 0.053785 0.086119
0 0.476913 0.872461 0.049227 0.083383
0 0.187802 0.702326 0.055185 0.083163
0 0.611751 0.819434 0.047962 0.073222
0 0.056468 0.365114 0.045739 0.076899
0 0.330486 0.825279 0.047705 0.077377
0 0.058434 0.190235 0.051762 0.083277
0 0.331274 0.540590 0.044616 0.072927
0 0.523938 0.937705 0.046987 0.071525
0 0.837329 0.708520 0.046867 0.069258
0 0.810137 0.462880 0.045019 0.089901
0 0.290904 0.593660 0.060919 0.081226
0 0.207529 0.038201 0.055393 0.076402
0 0.236983 0.667412 0.051864 0.082670
0 0.312337 0.144355 0.049242 0.076064
0 0.550004 0.707609 0.050461 0.078330
0 0.118207 0.247511 0.047533 0.074812
0 0.508680 0.798467 0.049886 0.083144
0 0.379697 0.807395 0.045444 0.077567
0 0.690976 0.643223 0.050522 0.079497
0 0.465814 0.164377 0.050600 0.078563
0 0.909566 0.756441 0.049453 0.079467
0 0.440293 0.095048 0.048097 0.073588
0 0.193341 0.900101 0.054053 0.083982
0 0.303375 0.062326 0.054430 0.084232
0 0.596051 0.742734 0.048580 0.076336
0 0.320553 0.750449 0.047533 0.071385
0 0.689516 0.148117 0.047789 0.074590
0 0.056839 0.691864 0.053447 0.081885
0 0.908369 0.483946 0.046398 0.077281
0 0.516607 0.605862 0.046756 0.075621
0 0.262159 0.512584 0.052792 0.082525
0 0.457463 0.778182 0.052435 0.077464
0 0.262141 0.753187 0.047779 0.078899
0 0.132178 0.562647 0.048716 0.079735
0 0.584968 0.649356 0.049959 0.080645
0 0.692487 0.501239 0.047753 0.086502
0 0.265627 0.845136 0.051898 0.083367
0 0.444976 0.407444 0.048287 0.078244
0 0.655931 0.299229 0.052219 0.085043
0 0.974077 0.373840 0.045503 0.074872
0 0.706181 0.060733 0.045946 0.069003
0 0.647630 0.587597 0.049603 0.077515
0 0.142967 0.123515 0.045958 0.075634
0 0.210977 0.587189 0.054728 0.084664
0 0.125404 0.651295 0.054934 0.085553
0 0.477530 0.466486 0.049183 0.077480
0 0.358443 0.477951 0.050258 0.083405
0 0.376055 0.086471 0.053941 0.080491
0 0.053388 0.602576 0.052204 0.083212
0 0.362806 0.182348 0.050774 0.079742
0 0.793421 0.604984 0.048435 0.076821
0 0.073966 0.103030 0.050347 0.074351
0 0.932815 0.418467 0.050666 0.083387
0 0.670200 0.420282 0.048990 0.077627
0 0.248408 0.317959 0.049694 0.080601
0 0.761769 0.432746 0.050585 0.078648
0 0.394088 0.414345 0.044072 0.074210
0 0.959935 0.496503 0.050191 0.084457
0 0.327356 0.649481 0.055897 0.089504
0 0.610518 0.056006 0.048918 0.080817
0 0.702829 0.236801 0.049293 0.072450
0 0.811275 0.140480 0.052927 0.087041
0 0.457044 0.695513 0.045278 0.079154
0 0.146572 0.327282 0.051749 0.076497
0 0.533583 0.279648 0.052317 0.083610
0 0.294348 0.287842 0.052821 0.083794
0 0.616315 0.239235 0.047311 0.078501
0 0.532216 0.450199 0.047876 0.080202
0 0.569924 0.562025 0.051796 0.081351
0 0.830104 0.245270 0.055309 0.084701
0 0.860147 0.509352 0.049433 0.080928
0 0.759580 0.193588 0.048370 0.075058
0 0.867404 0.127759 0.053888 0.083819
0 0.963344 0.060500 0.054709 0.078070
0 0.899154 0.062789 0.050967 0.077097
0 0.720286 0.321382 0.050329 0.082929
0 0.781367 0.354730 0.051045 0.076196
0 0.440086 0.299799 0.048932 0.079677
0 0.961143 0.233198 0.058089 0.092508
0 0.910947 0.654020 0.052748 0.083666
0 0.267039 0.413104 0.055958 0.093089
0 0.956216 0.143712 0.049778 0.080511
1 0.485572 0.374255 0.031195 0.071514
2 0.728505 0.516687 0.016378 0.027414
2 0.839249 0.448749 0.025736 0.036949
2 0.983917 0.545292 0.018717 0.032181
2 0.993518 0.770560 0.012964 0.039333
2 0.884482 0.934446 0.016378 0.026222
2 0.136185 0.206794 0.021837 0.029797