0 0.991281 0.536765 0.015791 0.071678
0 0.007228 0.989581 0.014457 0.017831
0 0.003152 0.939317 0.006303 0.046920
0 0.991359 0.988968 0.015487 0.019416
0 0.298586 0.993425 0.035424 0.010879
0 0.996537 0.735230 0.006187 0.055385
0 0.995804 0.172909 0.007099 0.059702
0 0.004945 0.343951 0.009890 0.064167
0 0.416274 0.004913 0.039477 0.009825
0 0.005547 0.561987 0.011094 0.061268
0 0.006079 0.707706 0.012158 0.063899
0 0.193959 0.990882 0.039734 0.015461
0 0.990530 0.023392 0.017379 0.046765
0 0.921882 0.989345 0.047390 0.018401
0 0.009063 0.419921 0.018127 0.067371
0 0.140153 0.988396 0.039181 0.020270
0 0.010339 0.635281 0.020677 0.067534
0 0.989737 0.659441 0.018839 0.072983
0 0.753140 0.978420 0.050298 0.039814
0 0.677802 0.977727 0.054310 0.041040
0 0.699703 0.886905 0.047392 0.067422
0 0.470916 0.976634 0.043852 0.043391
0 0.019587 0.874833 0.039174 0.079617
0 0.716829 0.948607 0.057832 0.078218
0 0.981989 0.916804 0.034148 0.075950
0 0.984544 0.835527 0.028976 0.076440
0 0.383408 0.973313 0.047736 0.049875
0 0.019647 0.786607 0.039293 0.071443
0 0.756683 0.013431 0.044336 0.026804
0 0.177365 0.866336 0.061983 0.085134
0 0.787648 0.799561 0.049404 0.071357
0 0.580727 0.962259 0.048406 0.071392
0 0.330437 0.958716 0.058343 0.078886
0 0.479519 0.910814 0.048879 0.075398
0 0.054752 0.919049 0.051292 0.079750
0 0.257932 0.739910 0.050533 0.076625
0 0.729265 0.819246 0.047008 0.080908
0 0.357827 0.896911 0.050497 0.080647
0 0.303218 0.858966 0.051417 0.066641
0 0.536356 0.393343 0.049458 0.073329
0 0.858665 0.019145 0.050665 0.038281
0 0.880743 0.858577 0.046972 0.073012
0 0.431379 0.933351 0.045731 0.071681
0 0.916317 0.666035 0.043559 0.064152
0 0.098789 0.955272 0.045492 0.079639
0 0.663954 0.837087 0.056445 0.086541
0 0.682270 0.760335 0.053105 0.072210
0 0.527230 0.944511 0.048927 0.078573
0 0.456228 0.843192 0.046324 0.074951
0 0.766706 0.871866 0.047447 0.079765
0 0.377627 0.455206 0.041911 0.061996
0 0.217660 0.809969 0.049970 0.076840
0 0.382996 0.817786 0.053087 0.083311
0 0.760866 0.736138 0.054245 0.081016
0 0.845433 0.718552 0.051474 0.070923
0 0.845498 0.636053 0.051108 0.082714
0 0.849008 0.796787 0.057309 0.077427
0 0.569158 0.440895 0.046956 0.071988
0 0.384020 0.600420 0.048412 0.071015
0 0.965695 0.740386 0.050192 0.072444
0 0.501662 0.809412 0.050653 0.077966
0 0.332580 0.639200 0.049245 0.074406
0 0.706014 0.023928 0.049752 0.047798
0 0.550690 0.775136 0.046997 0.071470
0 0.527554 0.330091 0.053311 0.073532
0 0.244536 0.915673 0.051691 0.078546
0 0.822005 0.564036 0.045452 0.077617
0 0.809357 0.960979 0.051418 0.073547
0 0.135290 0.819881 0.054120 0.083576
0 0.707372 0.622072 0.048313 0.074319
0 0.187502 0.941705 0.059747 0.075584
0 0.301425 0.779395 0.054869 0.083195
0 0.772452 0.554046 0.044175 0.074097
0 0.917351 0.937913 0.053343 0.073879
0 0.596185 0.547891 0.047415 0.080078
0 0.626173 0.734303 0.048464 0.074831
0 0.291380 0.679594 0.049947 0.080136
0 0.537323 0.863745 0.055525 0.079624
0 0.674316 0.682275 0.052113 0.074140
0 0.436831 0.769264 0.052083 0.081803
0 0.187228 0.015177 0.050203 0.030354
0 0.925198 0.786625 0.044976 0.068257
0 0.808996 0.037872 0.050430 0.073083
0 0.069736 0.830533 0.052005 0.085557
0 0.622773 0.615829 0.050748 0.077133
0 0.816548 0.485906 0.050924 0.069433
0 0.757790 0.652886 0.050783 0.074831
0 0.675466 0.343730 0.047952 0.066449
0 0.489671 0.729087 0.054335 0.085409
0 0.201455 0.649159 0.049764 0.077300
0 0.133593 0.649605 0.049792 0.078405
0 0.178905 0.744896 0.052341 0.079166
0 0.872298 0.560071 0.048426 0.079467
0 0.485982 0.020808 0.048086 0.041570
0 0.021777 0.172786 0.043554 0.081494
0 0.234963 0.304777 0.051475 0.096680
0 0.555349 0.512570 0.045704 0.071869
0 0.819442 0.109593 0.046412 0.070308
0 0.098683 0.703676 0.049000 0.077099
0 0.707893 0.409684 0.046160 0.074003
0 0.195770 0.074666 0.049203 0.077927
0 0.248155 0.021545 0.057082 0.043090
0 0.058110 0.618113 0.045554 0.077770
0 0.278490 0.288897 0.046777 0.077187
0 0.903202 0.037167 0.047760 0.074335
0 0.055400 0.028025 0.047290 0.056051
0 0.731280 0.513418 0.047315 0.073141
0 0.380386 0.298499 0.046141 0.070399
0 0.923680 0.592516 0.049949 0.077629
0 0.540238 0.685988 0.049870 0.080816
0 0.216018 0.143953 0.056857 0.063544
0 0.046061 0.717208 0.052436 0.088210
0 0.769731 0.446793 0.048474 0.076431
0 0.379087 0.682008 0.051031 0.074634
0 0.170772 0.587586 0.055455 0.082792
0 0.233501 0.581988 0.044657 0.072434
0 0.206211 0.351181 0.057271 0.079151
0 0.484255 0.091019 0.049069 0.078298
0 0.242533 0.217306 0.063409 0.077452
0 0.094988 0.128764 0.050177 0.076500
0 0.900966 0.483259 0.050875 0.077757
0 0.390401 0.524164 0.047976 0.072101
0 0.434085 0.684334 0.049599 0.074245
0 0.498869 0.611725 0.049786 0.081487
0 0.416608 0.248988 0.050608 0.084970
0 0.602519 0.067244 0.050839 0.078714
0 0.123144 0.490082 0.045635 0.071340
0 0.760996 0.245941 0.050581 0.068445
0 0.283641 0.068685 0.051039 0.075450
0 0.138298 0.405544 0.047076 0.076488
0 0.481047 0.225966 0.048040 0.075700
0 0.757688 0.092463 0.048801 0.079715
0 0.910673 0.235301 0.052405 0.076770
0 0.297722 0.206251 0.050371 0.082019
0 0.958334 0.063719 0.044917 0.074907
0 0.104565 0.043254 0.050273 0.080482
0 0.490591 0.522670 0.051889 0.083194
0 0.456109 0.157447 0.046839 0.075210
0 0.136257 0.229436 0.048818 0.077846
0 0.433110 0.479026 0.049602 0.081892
0 0.976344 0.312530 0.046101 0.081833
0 0.375782 0.376148 0.047840 0.077136
0 0.685259 0.267989 0.053041 0.078468
0 0.841563 0.299114 0.046082 0.076301
0 0.203608 0.431566 0.050036 0.072877
0 0.149156 0.116913 0.048698 0.075780
0 0.196339 0.512402 0.053018 0.079693
0 0.396490 0.173213 0.049541 0.077599
0 0.569269 0.183118 0.051461 0.083167
0 0.076517 0.540997 0.058875 0.081193
0 0.436198 0.048831 0.049441 0.082400
0 0.332577 0.142637 0.052198 0.080040
0 0.825424 0.203322 0.053332 0.083789
0 0.754761 0.320535 0.049478 0.073934
0 0.957587 0.198468 0.047481 0.080332
0 0.620955 0.145139 0.052188 0.080124
0 0.084915 0.202610 0.051841 0.065612
0 0.681514 0.183349 0.051602 0.082457
0 0.263162 0.404584 0.049814 0.085376
0 0.338101 0.060621 0.048202 0.078348
0 0.276682 0.503687 0.048392 0.078187
0 0.453379 0.299438 0.056747 0.082934
0 0.063020 0.463587 0.050771 0.069839
0 0.921561 0.402912 0.055781 0.085010
0 0.099153 0.286642 0.056599 0.089148
0 0.925253 0.315029 0.048606 0.079428
0 0.058487 0.364851 0.053256 0.085752
1 0.552252 0.570918 0.050692 0.040524
1 0.682882 0.557807 0.043673 0.078665
2 0.140474 0.308105 0.017937 0.029797
2 0.299180 0.558999 0.024956 0.033373
2 0.445018 0.580453 0.018717 0.023838
2 0.739034 0.153159 0.032755 0.044100
2 0.885262 0.641240 0.027296 0.050060
2 0.678983 0.926103 0.018717 0.023838