0 0.884460 0.994654 0.034009 0.008680
0 0.324677 0.994902 0.036035 0.008591
0 0.003393 0.223995 0.006785 0.049233
0 0.994710 0.786389 0.009105 0.063932
0 0.005365 0.150348 0.010724 0.068697
0 0.186844 0.007172 0.033186 0.014320
0 0.668898 0.008562 0.041828 0.017123
0 0.991275 0.706679 0.015644 0.066691
0 0.247485 0.986535 0.037356 0.023808
0 0.011804 0.460405 0.023539 0.077655
0 0.112304 0.320081 0.050079 0.072117
0 0.987753 0.297155 0.022479 0.074743
0 0.567118 0.014175 0.050531 0.028350
0 0.963018 0.977668 0.038710 0.041465
0 0.061153 0.981037 0.059154 0.034403
0 0.012485 0.320080 0.024946 0.070697
0 0.643128 0.973565 0.051242 0.049531
0 0.788644 0.977827 0.055568 0.040741
0 0.289631 0.014123 0.049031 0.028246
0 0.017775 0.658767 0.035551 0.074658
0 0.592937 0.833561 0.039220 0.062173
0 0.122732 0.254166 0.049262 0.075871
0 0.513406 0.965902 0.047651 0.064585
0 0.859679 0.014862 0.050631 0.029724
0 0.347821 0.887124 0.040975 0.066696
0 0.315848 0.297681 0.053024 0.079990
0 0.523395 0.848562 0.039397 0.066690
0 0.846339 0.971222 0.048179 0.054079
0 0.479622 0.917138 0.049820 0.073598
0 0.982948 0.147197 0.032192 0.089308
0 0.098825 0.016484 0.039493 0.032968
0 0.025839 0.024629 0.051678 0.049258
0 0.405738 0.967565 0.052650 0.061310
0 0.721314 0.959191 0.050861 0.074337
0 0.661313 0.902564 0.048424 0.078736
0 0.553906 0.926482 0.046217 0.066655
0 0.707175 0.878290 0.044909 0.069388
0 0.727893 0.808944 0.053178 0.075361
0 0.477027 0.839595 0.048737 0.074624
0 0.645750 0.795274 0.050422 0.075320
0 0.643962 0.038964 0.053702 0.076470
0 0.166115 0.868657 0.044000 0.074593
0 0.914245 0.021134 0.050044 0.042268
0 0.210205 0.958307 0.049944 0.075634
0 0.708623 0.742019 0.052382 0.072745
0 0.726311 0.278145 0.053759 0.085048
0 0.797942 0.775416 0.054169 0.076496
0 0.818498 0.892613 0.051922 0.081338
0 0.414938 0.888389 0.051923 0.081547
0 0.540789 0.176533 0.051733 0.070368
0 0.676579 0.569897 0.045768 0.079136
0 0.421453 0.192164 0.046127 0.070326
0 0.258716 0.131286 0.041816 0.076223
0 0.270714 0.256697 0.049095 0.076472
0 0.461146 0.645480 0.047717 0.077595
0 0.862050 0.411478 0.049819 0.075130
0 0.926509 0.940322 0.047158 0.071240
0 0.576418 0.234789 0.049309 0.081495
0 0.305192 0.629140 0.050911 0.076385
0 0.587619 0.633707 0.046084 0.073770
0 0.180614 0.161819 0.051955 0.076653
0 0.688439 0.079243 0.048461 0.075035
0 0.824074 0.708704 0.048725 0.080916
0 0.257988 0.595848 0.047187 0.075249
0 0.336900 0.444935 0.047308 0.071916
0 0.452599 0.036184 0.047670 0.072367
0 0.638326 0.705230 0.050055 0.077682
0 0.076346 0.071092 0.051011 0.069980
0 0.785784 0.426879 0.047823 0.075957
0 0.766351 0.035773 0.050438 0.071547
0 0.479959 0.286433 0.053178 0.076334
0 0.851254 0.518790 0.045551 0.072394
0 0.483507 0.758140 0.048521 0.076408
0 0.373568 0.134451 0.047583 0.073187
0 0.229634 0.027639 0.051033 0.055278
0 0.802198 0.567127 0.049167 0.070839
0 0.044446 0.131492 0.046062 0.072970
0 0.127207 0.396648 0.051854 0.079215
0 0.521985 0.241516 0.048223 0.071265
0 0.442266 0.126456 0.049443 0.075703
0 0.754199 0.357757 0.052373 0.074524
0 0.073828 0.208158 0.049084 0.075092
0 0.036627 0.399508 0.054117 0.083338
0 0.686005 0.673177 0.050101 0.078944
0 0.145997 0.026599 0.049543 0.053197
0 0.262546 0.925017 0.052774 0.076083
0 0.337643 0.250468 0.051785 0.081810
0 0.955928 0.883848 0.049842 0.070238
0 0.340021 0.367909 0.049446 0.074964
0 0.671281 0.151077 0.052622 0.078085
0 0.688983 0.228320 0.051783 0.080163
0 0.474446 0.440137 0.045426 0.071672
0 0.222875 0.636370 0.046196 0.072637
0 0.235543 0.192752 0.053834 0.077870
0 0.630809 0.588432 0.049612 0.072665
0 0.753386 0.209332 0.052108 0.078849
0 0.601068 0.528522 0.053798 0.078341
0 0.614193 0.443157 0.052239 0.082606
0 0.317265 0.548395 0.049743 0.081670
0 0.296838 0.484388 0.051350 0.071936
0 0.423361 0.776729 0.049320 0.073808
0 0.061117 0.923606 0.051884 0.071822
0 0.475497 0.364176 0.050642 0.070175
0 0.474639 0.181986 0.049269 0.077788
0 0.151380 0.100287 0.051969 0.077541
0 0.779986 0.108906 0.057487 0.074686
0 0.386571 0.478912 0.050324 0.079040
0 0.911005 0.841213 0.045597 0.072046
0 0.273051 0.806340 0.045894 0.069534
0 0.370070 0.555834 0.050352 0.085359
0 0.528932 0.367674 0.049398 0.077974
0 0.335264 0.056217 0.050184 0.077478
0 0.066575 0.649262 0.047235 0.073279
0 0.874277 0.686792 0.048407 0.078563
0 0.618510 0.185329 0.050835 0.076738
0 0.695888 0.498639 0.053087 0.083305
0 0.132518 0.769167 0.059460 0.066685
0 0.733493 0.651301 0.051709 0.084810
0 0.370958 0.739370 0.049736 0.079379
0 0.909796 0.753326 0.050696 0.075846
0 0.226248 0.867389 0.051092 0.079575
0 0.624476 0.273455 0.051645 0.076537
0 0.376801 0.825134 0.055666 0.081291
0 0.427870 0.589973 0.050345 0.074755
0 0.636395 0.354022 0.050606 0.079853
0 0.751569 0.502483 0.047355 0.078493
0 0.391221 0.255647 0.047811 0.079253
0 0.231819 0.391801 0.053769 0.081687
0 0.133148 0.477333 0.049168 0.071870
0 0.321267 0.704818 0.054008 0.081303
0 0.033681 0.590873 0.051805 0.078772
0 0.920430 0.095315 0.045630 0.071520
0 0.119903 0.845727 0.050500 0.075215
0 0.541530 0.702920 0.048481 0.075980
0 0.834277 0.323742 0.051484 0.080600
0 0.892095 0.337521 0.053001 0.077183
0 0.178590 0.667800 0.049762 0.076733
0 0.168577 0.334119 0.053809 0.084125
0 0.225256 0.300530 0.051138 0.086455
0 0.831100 0.065644 0.054698 0.086094
0 0.533906 0.604269 0.046680 0.072321
0 0.187031 0.754396 0.043588 0.085137
0 0.964015 0.803098 0.053370 0.081097
0 0.167258 0.544861 0.047176 0.078143
0 0.924806 0.669441 0.051535 0.079799
0 0.950433 0.450241 0.045269 0.071760
0 0.498752 0.525090 0.048940 0.075080
0 0.942305 0.361545 0.050582 0.077137
0 0.045218 0.850928 0.056305 0.079181
0 0.887293 0.574623 0.052491 0.087356
0 0.144176 0.612233 0.053714 0.079724
0 0.937493 0.586269 0.047784 0.082670
0 0.946751 0.283898 0.049283 0.069332
0 0.903617 0.232274 0.049928 0.076809
0 0.831704 0.198311 0.063078 0.084655
0 0.939366 0.173004 0.049612 0.079630
1 0.537044 0.111442 0.035875 0.060787
1 0.631020 0.860548 0.041334 0.069130
1 0.772179 0.844458 0.052252 0.082241
1 0.555762 0.794994 0.051472 0.083433
2 0.491421 0.582837 0.022617 0.033373
2 0.388867 0.016091 0.034315 0.032181
2 0.758141 0.305125 0.022617 0.038141
2 0.902029 0.294398 0.020277 0.026222