0 0.687213 0.996199 0.036579 0.007101
0 0.004325 0.462579 0.008650 0.067818
0 0.006045 0.906747 0.012091 0.071268
0 0.006983 0.771967 0.013966 0.073208
0 0.760497 0.005080 0.045294 0.010159
0 0.344284 0.993212 0.043457 0.012410
0 0.995956 0.623854 0.007769 0.063223
0 0.996059 0.378177 0.007470 0.062577
0 0.993377 0.933385 0.012184 0.075526
0 0.007906 0.104365 0.015777 0.065375
0 0.642947 0.007977 0.042321 0.015955
0 0.018923 0.226406 0.037792 0.075657
0 0.304104 0.021130 0.047838 0.042259
0 0.990672 0.122480 0.017178 0.066910
0 0.563615 0.987853 0.052204 0.021789
0 0.013636 0.033314 0.027271 0.066615
0 0.102818 0.973768 0.063536 0.050697
0 0.195393 0.988866 0.057114 0.021220
0 0.988606 0.196988 0.021790 0.066667
0 0.264845 0.986490 0.046655 0.025159
0 0.020990 0.596799 0.041980 0.076949
0 0.109495 0.845722 0.050879 0.078053
0 0.122551 0.924967 0.062654 0.076535
0 0.254713 0.019124 0.042697 0.038249
0 0.978740 0.035095 0.041526 0.070189
0 0.431106 0.016711 0.046508 0.033422
0 0.223703 0.046962 0.050980 0.080104
0 0.984450 0.704915 0.030084 0.080274
0 0.684839 0.260604 0.055091 0.088418
0 0.985941 0.274690 0.026964 0.078332
0 0.738399 0.972076 0.055491 0.053640
0 0.409933 0.528065 0.063543 0.081545
0 0.088399 0.733531 0.050746 0.083378
0 0.156696 0.741527 0.077145 0.082534
0 0.034753 0.285160 0.051932 0.077275
0 0.154657 0.658340 0.061368 0.082730
0 0.869359 0.973492 0.053266 0.051891
0 0.037717 0.706810 0.052757 0.079636
0 0.652273 0.392976 0.054683 0.074955
0 0.474504 0.037679 0.046138 0.075358
0 0.794149 0.966488 0.052969 0.064278
0 0.034463 0.161525 0.051412 0.075895
0 0.058324 0.817649 0.061209 0.098548
0 0.387086 0.187726 0.048957 0.069924
0 0.027584 0.366916 0.047067 0.072678
0 0.064137 0.636479 0.053845 0.078019
0 0.857007 0.516941 0.059302 0.078310
0 0.961875 0.959969 0.052730 0.076895
0 0.244183 0.678044 0.051144 0.081151
0 0.460440 0.482779 0.054918 0.082225
0 0.103070 0.039088 0.056410 0.077524
0 0.320702 0.850941 0.053904 0.078053
0 0.698043 0.021675 0.055159 0.043349
0 0.381001 0.018438 0.045079 0.036876
0 0.489067 0.119586 0.046117 0.070630
0 0.052010 0.520154 0.054491 0.083041
0 0.374022 0.904601 0.050189 0.076835
0 0.574592 0.755438 0.055177 0.080292
0 0.319332 0.769455 0.048525 0.076516
0 0.058402 0.088974 0.055663 0.079423
0 0.188553 0.859680 0.059183 0.089218
0 0.316923 0.457151 0.043087 0.074977
0 0.306456 0.639383 0.051415 0.084655
0 0.764662 0.830143 0.049113 0.090361
0 0.983560 0.474564 0.032011 0.084101
0 0.327780 0.533111 0.045642 0.073148
0 0.566595 0.934226 0.047818 0.075934
0 0.376942 0.722481 0.050236 0.075508
0 0.488501 0.642214 0.049504 0.086692
0 0.420159 0.964916 0.054112 0.067918
0 0.226402 0.532850 0.047098 0.075405
0 0.406601 0.248929 0.050187 0.082020
0 0.184094 0.208615 0.043291 0.075956
0 0.738841 0.739926 0.049392 0.077577
0 0.752591 0.552688 0.046693 0.073291
0 0.375733 0.578237 0.050503 0.083099
0 0.816222 0.084324 0.054157 0.083575
0 0.271388 0.930104 0.055109 0.078763
0 0.603613 0.438364 0.052547 0.080585
0 0.456416 0.330405 0.049474 0.075456
0 0.234101 0.803431 0.056019 0.085964
0 0.177427 0.389593 0.059621 0.109627
0 0.714912 0.898268 0.046758 0.085254
0 0.417110 0.637158 0.057422 0.082682
0 0.598586 0.839701 0.052454 0.080296
0 0.663900 0.899424 0.049392 0.087260
0 0.622566 0.694929 0.046696 0.075921
0 0.430355 0.887388 0.058800 0.080854
0 0.819305 0.678998 0.054098 0.079572
0 0.479573 0.560725 0.057639 0.074339
0 0.327124 0.199568 0.052641 0.067836
0 0.415820 0.793459 0.057966 0.087981
0 0.154423 0.260065 0.054495 0.081837
0 0.441971 0.179825 0.059235 0.090853
0 0.112730 0.568167 0.051947 0.082279
0 0.538645 0.819361 0.052128 0.081053
0 0.380547 0.111773 0.053986 0.077956
0 0.808317 0.774347 0.058543 0.083005
0 0.114428 0.442730 0.052288 0.081619
0 0.531959 0.155628 0.052480 0.080902
0 0.514409 0.918919 0.052511 0.081324
0 0.765616 0.050057 0.051483 0.074014
0 0.659014 0.490997 0.052189 0.070296
0 0.257778 0.465155 0.050883 0.084073
0 0.887461 0.456727 0.050564 0.076833
0 0.239553 0.337010 0.055650 0.085325
0 0.951146 0.754948 0.054623 0.081510
0 0.657729 0.063265 0.051522 0.083136
0 0.166852 0.566765 0.050952 0.088043
0 0.487264 0.406818 0.055851 0.091612
0 0.571030 0.503954 0.050807 0.082341
0 0.708745 0.597891 0.054165 0.079505
0 0.285600 0.104079 0.048926 0.075394
0 0.850376 0.601694 0.061553 0.088148
0 0.950050 0.841204 0.052716 0.077422
0 0.546609 0.364540 0.059599 0.091320
0 0.540080 0.628115 0.053772 0.086328
0 0.811656 0.473407 0.060200 0.075724
0 0.914823 0.689224 0.051908 0.077934
0 0.232660 0.207558 0.046327 0.075150
0 0.869015 0.853239 0.056378 0.087129
0 0.820292 0.310904 0.052907 0.078481
0 0.820562 0.227571 0.052055 0.078656
0 0.645566 0.152851 0.051147 0.081576
0 0.739603 0.473981 0.055714 0.082860
0 0.940727 0.216282 0.056716 0.083569
0 0.675897 0.710521 0.052275 0.082444
0 0.481340 0.825791 0.056588 0.085765
0 0.635333 0.311354 0.047882 0.074208
0 0.945478 0.126429 0.051641 0.086154
0 0.761371 0.161119 0.048328 0.077423
0 0.525960 0.064727 0.056340 0.093866
0 0.939852 0.469025 0.046836 0.083483
0 0.709478 0.158855 0.046999 0.074239
0 0.892328 0.348743 0.053867 0.084460
0 0.712823 0.387162 0.058945 0.096664
0 0.878002 0.098681 0.055221 0.092642
1 0.427471 0.420143 0.047573 0.072706
2 0.451257 0.126341 0.018717 0.028605
2 0.857966 0.324195 0.022617 0.035757
2 0.613863 0.606079 0.024176 0.034565
2 0.021152 0.796186 0.019497 0.033373
1 0.755021 0.666269 0.042894 0.059595
1 0.266815 0.729440 0.049133 0.073897
1 0.590936 0.329125 0.041741 0.071084