0 0.002342 0.721725 0.004678 0.056948
0 0.002896 0.424807 0.005766 0.053372
0 0.635063 0.005220 0.022891 0.010360
0 0.002960 0.114099 0.005893 0.064474
0 0.003840 0.199028 0.007681 0.065220
0 0.336694 0.002556 0.036875 0.005112
0 0.033968 0.004215 0.039028 0.008430
0 0.418568 0.992734 0.034423 0.011857
0 0.007708 0.643891 0.015417 0.061973
0 0.320157 0.986126 0.055061 0.024507
0 0.988419 0.044251 0.021511 0.080246
0 0.651738 0.982832 0.047967 0.031064
0 0.990031 0.692766 0.018588 0.075519
0 0.987799 0.771094 0.022696 0.073042
0 0.988705 0.375384 0.021046 0.076164
0 0.258442 0.980746 0.049129 0.035009
0 0.567961 0.013794 0.042780 0.027523
0 0.236899 0.013284 0.042930 0.026568
0 0.986684 0.152345 0.024908 0.071388
0 0.735389 0.967491 0.047011 0.061585
0 0.022951 0.816988 0.045901 0.090382
0 0.288533 0.015517 0.049736 0.031034
0 0.016367 0.287024 0.032710 0.080132
0 0.023962 0.584263 0.047924 0.070426
0 0.547498 0.965808 0.049621 0.064943
0 0.611372 0.030702 0.046962 0.061367
0 0.096340 0.167688 0.040717 0.080033
0 0.022319 0.504772 0.044638 0.076772
0 0.302405 0.937777 0.050499 0.076692
0 0.730006 0.888734 0.048351 0.074208
0 0.474610 0.884910 0.045650 0.073680
0 0.571039 0.625336 0.053361 0.077123
0 0.163136 0.966125 0.050131 0.064369
0 0.711239 0.728233 0.044790 0.068444
0 0.233154 0.753453 0.044047 0.079970
0 0.484760 0.961919 0.052482 0.072171
0 0.524934 0.805124 0.049134 0.075529
0 0.092131 0.020431 0.051757 0.040863
0 0.532606 0.887458 0.046389 0.069135
0 0.227995 0.431285 0.048806 0.070878
0 0.563531 0.705961 0.050452 0.074652
0 0.419049 0.499898 0.043141 0.067077
0 0.492244 0.564586 0.048642 0.068384
0 0.426890 0.869554 0.046684 0.074567
0 0.759491 0.429397 0.043022 0.075365
0 0.193208 0.037231 0.052386 0.074463
0 0.386310 0.569243 0.046031 0.075450
0 0.069940 0.101121 0.048286 0.081911
0 0.053303 0.944430 0.046410 0.080095
0 0.151307 0.655212 0.054560 0.083059
0 0.103030 0.621884 0.052384 0.076965
0 0.672905 0.685567 0.048184 0.077322
0 0.687139 0.934875 0.052845 0.088607
0 0.101585 0.470115 0.047095 0.067781
0 0.441715 0.702974 0.050307 0.079242
0 0.674973 0.818792 0.045570 0.078375
0 0.179818 0.795870 0.053496 0.078610
0 0.333092 0.689167 0.049214 0.075911
0 0.069300 0.845156 0.046485 0.074232
0 0.625095 0.828609 0.048155 0.083182
0 0.034367 0.050615 0.055900 0.078543
0 0.207547 0.868151 0.051625 0.081851
0 0.579645 0.782647 0.052784 0.079346
0 0.207502 0.523853 0.048974 0.078372
0 0.568695 0.488088 0.047944 0.070302
0 0.475599 0.775221 0.050726 0.084454
0 0.444353 0.619843 0.047964 0.074606
0 0.375039 0.926616 0.049594 0.081845
0 0.340961 0.603304 0.047756 0.081696
0 0.315157 0.766319 0.058167 0.078203
0 0.058876 0.764675 0.047508 0.078320
0 0.355282 0.503276 0.052441 0.076195
0 0.092139 0.543174 0.053270 0.076096
0 0.957405 0.698407 0.041394 0.078162
0 0.748490 0.030509 0.053597 0.060977
0 0.314750 0.856525 0.054932 0.081564
0 0.190938 0.706352 0.058219 0.090287
0 0.260954 0.056846 0.051078 0.073870
0 0.214322 0.108797 0.049134 0.077832
0 0.507484 0.116160 0.047751 0.074140
0 0.740633 0.785451 0.051246 0.082547
0 0.610394 0.438066 0.047522 0.076725
0 0.812237 0.706956 0.048552 0.075888
0 0.250716 0.364735 0.046277 0.072026
0 0.805248 0.607037 0.046535 0.084747
0 0.721118 0.388499 0.047269 0.075824
0 0.268152 0.685321 0.048406 0.071782
0 0.060949 0.400939 0.049151 0.077805
0 0.668608 0.037050 0.052990 0.074084
0 0.824281 0.831414 0.047521 0.080228
0 0.699400 0.580888 0.052224 0.082675
0 0.970708 0.579422 0.046347 0.071621
0 0.367527 0.426986 0.049591 0.075712
0 0.857446 0.771626 0.048908 0.080947
0 0.771035 0.844730 0.053460 0.094007
0 0.465209 0.145664 0.043255 0.072678
0 0.847577 0.510677 0.054524 0.078901
0 0.914387 0.716517 0.046554 0.082013
0 0.824155 0.425812 0.049679 0.085514
0 0.429968 0.401719 0.049291 0.090463
0 0.117066 0.362434 0.047381 0.075020
0 0.848996 0.591206 0.043673 0.076037
0 0.682360 0.146113 0.046641 0.075759
0 0.884600 0.031750 0.048823 0.063486
0 0.483747 0.488413 0.055818 0.075112
0 0.592850 0.092572 0.051424 0.073039
0 0.718259 0.087338 0.048475 0.072993
0 0.520397 0.300330 0.046318 0.075538
0 0.186503 0.386531 0.049628 0.081223
0 0.470704 0.348899 0.046736 0.073868
0 0.725772 0.653394 0.053339 0.077048
0 0.145131 0.157918 0.052885 0.082150
0 0.881694 0.187354 0.046735 0.073287
0 0.370728 0.349741 0.049335 0.068856
0 0.569826 0.280272 0.046805 0.079753
0 0.583685 0.177140 0.050515 0.083779
0 0.726457 0.292713 0.049948 0.082413
0 0.636931 0.176782 0.049352 0.083049
0 0.220195 0.304242 0.046145 0.072512
0 0.661389 0.513425 0.052829 0.078775
0 0.480354 0.226972 0.050496 0.077168
0 0.873202 0.396761 0.049391 0.077490
0 0.792945 0.519775 0.049266 0.080393
0 0.146022 0.571165 0.050962 0.077437
0 0.254367 0.567548 0.052390 0.085423
0 0.916445 0.326677 0.050818 0.076516
0 0.790921 0.352213 0.047388 0.077196
0 0.059695 0.300189 0.048434 0.079965
0 0.580420 0.365844 0.049701 0.081642
0 0.739647 0.209865 0.048875 0.074141
0 0.291562 0.419864 0.049525 0.080583
0 0.964863 0.231715 0.052063 0.084375
0 0.829295 0.174323 0.053235 0.073696
0 0.898704 0.598425 0.047796 0.079554
0 0.890663 0.106759 0.055023 0.078571
0 0.361413 0.274232 0.051383 0.079184
0 0.879656 0.268147 0.053965 0.081190
0 0.430463 0.061693 0.046673 0.072266
0 0.319182 0.182128 0.052861 0.075441
1 0.193896 0.260429 0.031195 0.041716
1 0.575259 0.558999 0.063950 0.066746
2 0.181028 0.325983 0.022617 0.032181
2 0.278514 0.502384 0.028856 0.034565
2 0.231331 0.960072 0.023396 0.029797
2 0.339344 0.916567 0.025736 0.038141
2 0.371319 0.748510 0.021057 0.030989
2 0.597875 0.725268 0.021837 0.046484
2 0.701599 0.862932 0.024956 0.042908
2 0.774518 0.627533 0.017937 0.032181
2 0.707839 0.480930 0.021837 0.039333
2 0.856796 0.459476 0.024956 0.044100
2 0.601775 0.258641 0.020277 0.028605