0 0.752693 0.001444 0.031865 0.002888
0 0.002017 0.790336 0.004033 0.050576
0 0.007378 0.990404 0.014713 0.016439
0 0.131336 0.995233 0.035686 0.008277
0 0.364380 0.664115 0.037641 0.072473
0 0.399880 0.678872 0.043029 0.073319
0 0.975682 0.993717 0.041519 0.010470
0 0.255816 0.993095 0.036246 0.011614
0 0.643565 0.006640 0.043373 0.013280
0 0.007162 0.578666 0.014299 0.057863
0 0.987161 0.407786 0.024091 0.071287
0 0.010549 0.934400 0.021098 0.077598
0 0.993150 0.793163 0.012552 0.074555
0 0.989651 0.509102 0.019358 0.077081
0 0.346080 0.987272 0.041148 0.022650
0 0.464402 0.612535 0.046032 0.070936
0 0.335333 0.478647 0.047930 0.072752
0 0.501319 0.594204 0.048037 0.074737
0 0.542156 0.972457 0.047942 0.051725
0 0.147503 0.011479 0.045494 0.022958
0 0.476025 0.496949 0.051712 0.061079
0 0.013879 0.420481 0.027728 0.076483
0 0.499095 0.769691 0.043904 0.065457
0 0.104532 0.598421 0.043820 0.068231
0 0.981796 0.337758 0.034901 0.076735
0 0.536956 0.902069 0.048512 0.073869
0 0.015284 0.240918 0.030543 0.072018
0 0.503239 0.029152 0.047132 0.058305
0 0.014569 0.076281 0.029093 0.077502
0 0.445811 0.684664 0.048855 0.073273
0 0.534286 0.821051 0.048217 0.076024
0 0.074488 0.646484 0.045741 0.069542
0 0.279237 0.594969 0.046424 0.075490
0 0.019708 0.499464 0.039416 0.075879
0 0.434052 0.471118 0.050217 0.077417
0 0.304015 0.534644 0.048477 0.068273
0 0.465769 0.977483 0.053368 0.041775
0 0.179475 0.271537 0.049773 0.066188
0 0.978886 0.871723 0.040936 0.078370
0 0.235720 0.017110 0.050037 0.034219
0 0.953825 0.384581 0.045906 0.073955
0 0.272873 0.248204 0.044366 0.067260
0 0.687946 0.685114 0.051239 0.085300
0 0.687984 0.943232 0.041644 0.070300
0 0.585032 0.952593 0.054528 0.088188
0 0.083415 0.539577 0.046914 0.065441
0 0.733271 0.884573 0.050357 0.075898
0 0.108406 0.689951 0.043645 0.076635
0 0.965555 0.948191 0.051164 0.081616
0 0.682126 0.322748 0.045933 0.063078
0 0.555777 0.753691 0.055641 0.081459
0 0.101492 0.955915 0.050817 0.080464
0 0.858727 0.882711 0.053796 0.076226
0 0.017714 0.321614 0.035412 0.074768
0 0.312319 0.651407 0.047722 0.072837
0 0.301855 0.380633 0.046460 0.067913
0 0.024933 0.862211 0.049806 0.078204
0 0.212356 0.823210 0.048770 0.072536
0 0.252813 0.379103 0.044207 0.074277
0 0.791009 0.025528 0.046714 0.051056
0 0.964150 0.459661 0.049190 0.070797
0 0.536165 0.471842 0.044548 0.064109
0 0.309608 0.314262 0.054435 0.063456
0 0.497257 0.680482 0.049266 0.074427
0 0.079539 0.876069 0.049814 0.079099
0 0.088024 0.469791 0.047071 0.072185
0 0.232672 0.288389 0.048872 0.080292
0 0.726057 0.657138 0.046673 0.072578
0 0.853559 0.735733 0.057808 0.078762
0 0.307887 0.960892 0.050323 0.068983
0 0.152180 0.933138 0.051702 0.083325
0 0.218754 0.453267 0.051076 0.075255
0 0.959441 0.281213 0.050413 0.070147
0 0.703353 0.831947 0.056126 0.079483
0 0.543832 0.538318 0.046223 0.064164
0 0.543385 0.396606 0.049847 0.073633
0 0.719773 0.754052 0.055328 0.080040
0 0.491866 0.324736 0.051071 0.076794
0 0.953926 0.794721 0.060896 0.077015
0 0.456035 0.028519 0.042222 0.056930
0 0.220992 0.534484 0.049590 0.076196
0 0.836254 0.812095 0.053077 0.078559
0 0.129146 0.852768 0.053687 0.074534
0 0.180062 0.769095 0.054874 0.080644
0 0.022281 0.162702 0.044563 0.081722
0 0.915251 0.430236 0.049000 0.071960
0 0.785146 0.847903 0.052131 0.078809
0 0.029052 0.670302 0.046169 0.074770
0 0.153644 0.696005 0.041564 0.080110
0 0.602373 0.521475 0.050895 0.074572
0 0.441340 0.183959 0.051578 0.077948
0 0.976020 0.213337 0.046077 0.073854
0 0.405621 0.029560 0.049778 0.059042
0 0.788080 0.447625 0.056754 0.074845
0 0.839106 0.173467 0.052707 0.079450
0 0.665032 0.537657 0.049324 0.065878
0 0.910826 0.343550 0.048815 0.077328
0 0.833381 0.405439 0.051382 0.069803
0 0.894176 0.028777 0.048351 0.057554
0 0.646492 0.373565 0.047403 0.077592
0 0.813361 0.106090 0.055402 0.074166
0 0.641976 0.469287 0.053558 0.079514
0 0.601693 0.310757 0.055332 0.090461
0 0.157160 0.066777 0.051097 0.073912
0 0.854809 0.464588 0.050590 0.072271
0 0.066688 0.750490 0.050299 0.076017
0 0.699042 0.258015 0.047350 0.076608
0 0.690281 0.417685 0.045352 0.068715
0 0.665940 0.613179 0.046913 0.071994
0 0.317197 0.863527 0.048349 0.072322
0 0.219300 0.085862 0.047597 0.075110
0 0.823913 0.519450 0.048143 0.077711
0 0.200914 0.682456 0.049667 0.085964
0 0.264281 0.872910 0.044600 0.075130
0 0.113602 0.404773 0.047683 0.071597
0 0.728005 0.571377 0.049137 0.068850
0 0.463393 0.257961 0.053673 0.080895
0 0.122287 0.770466 0.052261 0.077929
0 0.771357 0.516357 0.050558 0.072458
0 0.565987 0.065997 0.055459 0.073596
0 0.889813 0.800971 0.050367 0.076982
0 0.795049 0.625456 0.053926 0.077835
0 0.144109 0.559861 0.052149 0.076917
0 0.057621 0.388222 0.046951 0.071498
0 0.206575 0.192399 0.049916 0.079040
0 0.234749 0.612016 0.051013 0.080072
0 0.480201 0.134982 0.049120 0.071633
0 0.400607 0.134394 0.055401 0.067107
0 0.509365 0.211174 0.051228 0.079129
0 0.619482 0.150182 0.046765 0.070986
0 0.648316 0.257082 0.052176 0.079046
0 0.082248 0.172742 0.045694 0.069810
0 0.142012 0.155909 0.051278 0.077312
0 0.325736 0.177302 0.046578 0.076121
0 0.138860 0.482571 0.048964 0.073185
0 0.134363 0.318710 0.050808 0.081276
0 0.831964 0.327435 0.058223 0.073079
0 0.331692 0.086444 0.050590 0.077368
0 0.380988 0.365006 0.056669 0.084600
0 0.859349 0.074300 0.052082 0.082629
0 0.270035 0.172586 0.052392 0.075695
0 0.060855 0.247277 0.046815 0.073461
0 0.926922 0.217384 0.052937 0.083511
0 0.929599 0.704571 0.051662 0.077026
0 0.706749 0.495899 0.048323 0.080559
0 0.828702 0.251279 0.055003 0.072278
0 0.870249 0.562652 0.053013 0.078473
1 0.454377 0.370083 0.040554 0.046484
2 0.239909 0.207986 0.020277 0.032181
2 0.056637 0.317640 0.021837 0.029797
2 0.527686 0.044100 0.026516 0.045292
2 0.691461 0.368296 0.026516 0.030989
2 0.759311 0.972586 0.023396 0.033373
3 0.399395 0.569130 0.100605 0.160906
1 0.362751 0.418682 0.065487 0.078399
1 0.375848 0.484987 0.049115 0.064220