0 0.997200 0.424337 0.005245 0.052915
0 0.726965 0.003891 0.037793 0.007783
0 0.931243 0.004743 0.033372 0.009486
0 0.005196 0.225317 0.010392 0.056010
0 0.007110 0.113255 0.014221 0.076969
0 0.985662 0.984953 0.027094 0.027269
0 0.403367 0.978315 0.043229 0.040151
0 0.046680 0.989616 0.042618 0.017777
0 0.448720 0.972828 0.046977 0.051044
0 0.007463 0.617716 0.014925 0.072062
0 0.016227 0.495398 0.032454 0.076850
0 0.024194 0.550836 0.048389 0.069528
0 0.990192 0.927726 0.018104 0.076400
0 0.561627 0.703344 0.049700 0.075842
0 0.101034 0.985024 0.045947 0.026804
0 0.012592 0.888735 0.025185 0.082496
0 0.553825 0.648530 0.050928 0.070136
0 0.013231 0.970947 0.026462 0.055366
0 0.857830 0.010848 0.044548 0.021696
0 0.192345 0.734802 0.052467 0.085083
0 0.988205 0.587348 0.021692 0.080425
0 0.164800 0.772163 0.051466 0.078694
0 0.130760 0.460828 0.049385 0.074004
0 0.256356 0.891512 0.047107 0.074478
0 0.574259 0.971616 0.049264 0.053438
0 0.290199 0.981094 0.047133 0.034636
0 0.192431 0.973174 0.045975 0.050286
0 0.224144 0.929806 0.050946 0.084644
0 0.173663 0.905058 0.044280 0.069738
0 0.067729 0.769430 0.040593 0.072353
0 0.877450 0.974744 0.050342 0.047563
0 0.074208 0.381591 0.044757 0.081166
0 0.792227 0.015194 0.052265 0.030389
0 0.110980 0.407677 0.056393 0.077366
0 0.985999 0.332054 0.026016 0.079808
0 0.517659 0.597235 0.048277 0.072079
0 0.384493 0.754014 0.044467 0.067374
0 0.450469 0.850364 0.049674 0.068678
0 0.383500 0.540545 0.047543 0.071125
0 0.799510 0.969662 0.054121 0.057633
0 0.020804 0.719088 0.041608 0.080497
0 0.979201 0.775685 0.039746 0.066657
0 0.341418 0.958933 0.045427 0.076102
0 0.629353 0.964150 0.052653 0.068358
0 0.474013 0.918647 0.052969 0.077423
0 0.350084 0.582336 0.049541 0.077832
0 0.109373 0.775815 0.047762 0.079623
0 0.119238 0.530094 0.044560 0.070265
0 0.906303 0.928725 0.045298 0.073022
0 0.309718 0.625556 0.038738 0.097167
0 0.717339 0.878803 0.047239 0.068800
0 0.402617 0.638088 0.053115 0.068434
0 0.482309 0.672510 0.049174 0.078957
0 0.331329 0.880928 0.049517 0.073969
0 0.536578 0.932985 0.052732 0.078623
0 0.414093 0.433669 0.043875 0.071603
0 0.624707 0.830274 0.048473 0.078732
0 0.358278 0.682743 0.046999 0.073105
0 0.586184 0.774345 0.055049 0.078222
0 0.201007 0.835377 0.052984 0.077777
0 0.588746 0.902475 0.049202 0.074884
0 0.372645 0.829479 0.050330 0.073434
0 0.138148 0.953238 0.052528 0.078708
0 0.902096 0.653179 0.046663 0.078627
0 0.702824 0.807411 0.048693 0.073076
0 0.220216 0.670744 0.053908 0.086769
0 0.386819 0.909033 0.048555 0.081323
0 0.470973 0.783055 0.051411 0.078401
0 0.440236 0.020453 0.051538 0.040907
0 0.307369 0.466159 0.045846 0.069775
0 0.956717 0.948267 0.044282 0.076495
0 0.023965 0.419515 0.047930 0.074741
0 0.253070 0.783635 0.048200 0.074879
0 0.632106 0.183691 0.036753 0.086047
0 0.207117 0.559264 0.047413 0.074344
0 0.698723 0.634784 0.045484 0.072412
0 0.292588 0.536983 0.049008 0.070946
0 0.039059 0.260539 0.049846 0.074172
0 0.788703 0.869580 0.053604 0.076161
0 0.973950 0.462042 0.049790 0.069090
0 0.780719 0.383924 0.046157 0.073128
0 0.465846 0.568347 0.053047 0.076762
0 0.137796 0.847915 0.058869 0.076673
0 0.584110 0.034745 0.051326 0.069490
0 0.894510 0.360737 0.052470 0.076717
0 0.119531 0.656937 0.050679 0.075883
0 0.681445 0.945976 0.050697 0.079088
0 0.429942 0.712847 0.053429 0.081871
0 0.785885 0.212247 0.051320 0.063827
0 0.905932 0.755643 0.052628 0.076488
0 0.766922 0.592654 0.044924 0.088861
0 0.480267 0.391511 0.049711 0.075017
0 0.871599 0.866172 0.052014 0.081023
0 0.753788 0.786777 0.044499 0.069937
0 0.591322 0.461079 0.048627 0.076914
0 0.932671 0.608695 0.047948 0.066984
0 0.740825 0.673482 0.050815 0.075795
0 0.682242 0.734962 0.053727 0.081096
0 0.260972 0.406965 0.042715 0.090039
0 0.729504 0.439630 0.057135 0.079141
0 0.747220 0.941201 0.053803 0.083785
0 0.480632 0.489135 0.053008 0.081742
0 0.147651 0.585751 0.049549 0.076155
0 0.857650 0.696452 0.051515 0.080639
0 0.615256 0.645400 0.049490 0.081948
0 0.971319 0.694868 0.055078 0.086883
0 0.926092 0.850239 0.051713 0.080352
0 0.753624 0.507821 0.050932 0.073717
0 0.783187 0.065449 0.046048 0.067047
0 0.180158 0.491745 0.056126 0.081649
0 0.804321 0.661835 0.052821 0.083199
0 0.373417 0.021084 0.050019 0.042169
0 0.665477 0.501090 0.051954 0.075516
0 0.257834 0.611883 0.057054 0.088697
0 0.247790 0.019878 0.050993 0.039755
0 0.046517 0.844581 0.051892 0.083008
0 0.136767 0.204921 0.045403 0.069189
0 0.308046 0.378337 0.049140 0.074112
0 0.868224 0.417902 0.052088 0.074736
0 0.052572 0.660289 0.050391 0.080270
0 0.801279 0.755355 0.050182 0.082230
0 0.696378 0.368357 0.049924 0.077725
0 0.681641 0.255928 0.046596 0.073927
0 0.644031 0.067635 0.048150 0.082016
0 0.828605 0.549494 0.050815 0.075484
0 0.330590 0.308278 0.050918 0.075715
0 0.378481 0.379701 0.050182 0.077642
0 0.518601 0.337287 0.049757 0.073176
0 0.433319 0.327833 0.058042 0.080368
0 0.802025 0.473422 0.050810 0.084337
0 0.629428 0.401126 0.056633 0.086444
0 0.599412 0.105024 0.049214 0.076469
0 0.070006 0.581876 0.049337 0.072654
0 0.540887 0.085223 0.052742 0.078496
0 0.731878 0.043256 0.050419 0.068663
0 0.305738 0.152445 0.053693 0.072314
0 0.077511 0.035470 0.049867 0.070940
0 0.948681 0.527977 0.053154 0.074982
0 0.756315 0.306882 0.057360 0.082127
0 0.459385 0.246988 0.051937 0.078998
0 0.516093 0.253710 0.049624 0.079692
0 0.637838 0.309157 0.055148 0.076784
0 0.897667 0.036173 0.043920 0.071576
0 0.544195 0.417954 0.051788 0.073599
0 0.779748 0.139476 0.046162 0.070858
0 0.034456 0.338895 0.054244 0.082917
0 0.925948 0.432599 0.046731 0.072692
0 0.219741 0.331064 0.047259 0.068743
0 0.975280 0.114954 0.048127 0.072030
0 0.056731 0.193286 0.049825 0.075832
0 0.381043 0.083073 0.049140 0.070095
0 0.033398 0.071840 0.047203 0.071671
0 0.548361 0.192446 0.049200 0.077391
0 0.325557 0.223995 0.046513 0.079578
0 0.261845 0.287001 0.046534 0.077998
0 0.972883 0.036464 0.051276 0.072844
0 0.846438 0.094464 0.047960 0.074542
0 0.409572 0.187899 0.056354 0.082704
0 0.452654 0.131263 0.055569 0.075054
0 0.677677 0.154768 0.049664 0.078401
0 0.137955 0.335913 0.048821 0.079216
0 0.866119 0.257685 0.055308 0.085894
0 0.114788 0.132458 0.055558 0.077157
0 0.960127 0.189628 0.052707 0.079670
0 0.862815 0.169967 0.053268 0.078703
0 0.939102 0.325324 0.050139 0.084714
0 0.223277 0.214459 0.049255 0.074525
0 0.243354 0.083054 0.054257 0.078838
0 0.166488 0.100970 0.053038 0.080992
1 0.381068 0.477354 0.049912 0.053635
1 0.538994 0.536949 0.053812 0.065554
2 0.560441 0.504172 0.023396 0.030989
2 0.689511 0.436234 0.022617 0.030989
2 0.895400 0.808105 0.019497 0.033373
2 0.278124 0.859356 0.018717 0.026222
2 0.021542 0.137068 0.018717 0.028605