0 0.974725 0.995813 0.035534 0.006913
0 0.282001 0.994810 0.035093 0.008685
0 0.001784 0.418974 0.003532 0.058121
0 0.793539 0.993738 0.033284 0.010305
0 0.212033 0.991811 0.038956 0.013819
0 0.004523 0.856338 0.009045 0.054152
0 0.995634 0.929744 0.007485 0.058387
0 0.994468 0.013758 0.009897 0.027505
0 0.028506 0.005118 0.035376 0.010236
0 0.898785 0.006548 0.035414 0.013096
0 0.994334 0.644498 0.009823 0.060242
0 0.005709 0.564689 0.011412 0.072516
0 0.713297 0.007796 0.042987 0.015592
0 0.587577 0.015904 0.054955 0.031808
0 0.763776 0.009276 0.040605 0.018552
0 0.987643 0.475586 0.022743 0.072984
0 0.010345 0.338254 0.020678 0.079254
0 0.988979 0.561750 0.020274 0.080999
0 0.725634 0.093144 0.049644 0.068887
0 0.077996 0.009852 0.045066 0.019704
0 0.988139 0.812679 0.021860 0.079422
0 0.583547 0.981386 0.047527 0.033872
0 0.383337 0.013313 0.052085 0.026626
0 0.986122 0.356908 0.025691 0.085016
0 0.141128 0.542999 0.046259 0.074605
0 0.012215 0.129390 0.024398 0.075591
0 0.020531 0.717868 0.041062 0.074496
0 0.738430 0.046504 0.056117 0.065599
0 0.984548 0.722675 0.028853 0.077272
0 0.517704 0.016774 0.050113 0.033549
0 0.985353 0.072916 0.027479 0.076836
0 0.719684 0.823485 0.046924 0.069196
0 0.016638 0.642404 0.033241 0.077656
0 0.170223 0.567882 0.047682 0.076205
0 0.814571 0.019879 0.047104 0.039758
0 0.205028 0.013927 0.044229 0.027853
0 0.572421 0.051559 0.046766 0.080779
0 0.293307 0.234698 0.052298 0.063534
0 0.034336 0.974408 0.051281 0.048058
0 0.696648 0.258751 0.044786 0.073242
0 0.277153 0.691497 0.047745 0.073856
0 0.020376 0.202710 0.040730 0.075888
0 0.785441 0.405278 0.043225 0.068252
0 0.079869 0.173400 0.047677 0.066364
0 0.465020 0.453743 0.054186 0.081732
0 0.401199 0.056360 0.043583 0.065403
0 0.062620 0.734880 0.049924 0.081181
0 0.498386 0.396435 0.053056 0.082746
0 0.524985 0.685127 0.044974 0.070309
0 0.349157 0.735548 0.052458 0.086169
0 0.025724 0.907974 0.051448 0.081926
0 0.679342 0.800979 0.048587 0.076187
0 0.431272 0.502189 0.058143 0.077343
0 0.862298 0.035597 0.047806 0.071193
0 0.597355 0.399336 0.045687 0.069148
0 0.395731 0.970529 0.050808 0.055369
0 0.310808 0.455685 0.049335 0.084032
0 0.285986 0.354773 0.050356 0.071639
0 0.654450 0.628217 0.048436 0.065440
0 0.269934 0.825433 0.047687 0.076245
0 0.735458 0.228752 0.048371 0.074913
0 0.151013 0.463754 0.045323 0.074438
0 0.220700 0.802492 0.046591 0.080200
0 0.203636 0.886192 0.053945 0.079935
0 0.180209 0.955188 0.059730 0.079062
0 0.654080 0.556339 0.044182 0.066792
0 0.131834 0.194342 0.044098 0.062903
0 0.827287 0.964765 0.049131 0.067268
0 0.258773 0.422458 0.053026 0.081521
0 0.091316 0.820906 0.054661 0.081093
0 0.488588 0.107684 0.051027 0.079175
0 0.487734 0.964892 0.053018 0.066471
0 0.396819 0.424511 0.052885 0.078530
0 0.133149 0.888578 0.052379 0.080546
0 0.108400 0.415740 0.047956 0.073021
0 0.684798 0.441060 0.046945 0.075886
0 0.835316 0.285309 0.049001 0.071390
0 0.605199 0.764408 0.053595 0.074347
0 0.377575 0.524670 0.047500 0.077392
0 0.411856 0.643262 0.046535 0.077930
0 0.219161 0.584029 0.048029 0.072838
0 0.160377 0.036390 0.053500 0.066900
0 0.236758 0.656802 0.053424 0.078329
0 0.834888 0.697228 0.046125 0.075051
0 0.621868 0.178803 0.046185 0.072992
0 0.278048 0.024931 0.048424 0.049862
0 0.754088 0.889117 0.052988 0.085360
0 0.273146 0.107605 0.052990 0.077729
0 0.300445 0.764171 0.052125 0.081380
0 0.331370 0.853417 0.053297 0.081585
0 0.796261 0.847977 0.045879 0.073428
0 0.435948 0.102545 0.045619 0.072059
0 0.852384 0.208753 0.047952 0.072237
0 0.781620 0.771706 0.049243 0.075047
0 0.542583 0.320614 0.046449 0.074038
0 0.667536 0.878457 0.047332 0.073671
0 0.060729 0.238733 0.052597 0.067339
0 0.252247 0.292665 0.047656 0.079637
0 0.692385 0.337492 0.049597 0.074589
0 0.061292 0.057601 0.056272 0.076799
0 0.797122 0.217255 0.052006 0.085045
0 0.840192 0.886642 0.050972 0.078335
0 0.825303 0.136273 0.047334 0.072642
0 0.752991 0.153171 0.050782 0.076751
0 0.055908 0.575248 0.051424 0.074515
0 0.518877 0.243094 0.050941 0.078969
0 0.256597 0.181433 0.048210 0.073683
0 0.481271 0.880638 0.051887 0.079105
0 0.800535 0.612783 0.050039 0.075341
0 0.629775 0.336468 0.051563 0.075792
0 0.645337 0.702439 0.050017 0.074466
0 0.099305 0.113059 0.044411 0.066485
0 0.331214 0.274836 0.050048 0.078448
0 0.938208 0.916728 0.047170 0.073624
0 0.740678 0.963052 0.049698 0.070433
0 0.214866 0.498104 0.046205 0.070813
0 0.388777 0.900323 0.049785 0.073512
0 0.396596 0.343176 0.048500 0.071407
0 0.933379 0.669438 0.052032 0.074057
0 0.091958 0.516451 0.050118 0.070938
0 0.179772 0.648086 0.051612 0.073345
0 0.524553 0.804889 0.046857 0.071004
0 0.521644 0.522120 0.053337 0.074163
0 0.085856 0.638944 0.047826 0.071785
0 0.221842 0.072895 0.054432 0.082407
0 0.923970 0.243859 0.048826 0.072779
0 0.592479 0.836137 0.050115 0.074986
0 0.891583 0.153118 0.048186 0.076751
0 0.829720 0.439760 0.046771 0.075960
0 0.644652 0.482955 0.048928 0.076359
0 0.125824 0.753105 0.054324 0.085715
0 0.736013 0.382736 0.052905 0.074319
0 0.871361 0.648524 0.050226 0.073191
0 0.868100 0.497446 0.049053 0.075144
0 0.852812 0.576473 0.051331 0.076073
0 0.881153 0.315344 0.045564 0.071481
0 0.356620 0.605365 0.052436 0.081925
0 0.628274 0.256315 0.054349 0.073156
0 0.043612 0.332052 0.048297 0.079788
0 0.703721 0.608405 0.045144 0.069902
0 0.938785 0.393667 0.048250 0.074097
0 0.446205 0.584396 0.054122 0.082065
0 0.524226 0.600504 0.047607 0.071873
0 0.571125 0.197888 0.051692 0.080888
0 0.542314 0.952092 0.051598 0.078577
0 0.579689 0.687789 0.052208 0.080680
0 0.613309 0.099089 0.054657 0.076422
0 0.179722 0.728885 0.050897 0.074817
0 0.961563 0.291913 0.048025 0.076476
0 0.920538 0.088434 0.048660 0.082202
0 0.167369 0.135406 0.052650 0.072846
0 0.751481 0.700747 0.050172 0.083159
0 0.603272 0.588003 0.048435 0.081913
0 0.712086 0.514265 0.050194 0.076772
0 0.388160 0.143704 0.050845 0.080751
0 0.445738 0.706929 0.051532 0.082880
0 0.452599 0.319213 0.049672 0.078032
0 0.954687 0.181946 0.053413 0.070818
0 0.749430 0.570603 0.049814 0.080815
0 0.838888 0.782752 0.052036 0.080234
0 0.395900 0.806692 0.050283 0.081202
0 0.128079 0.266294 0.053763 0.071283
0 0.404568 0.263238 0.052203 0.078863
0 0.330135 0.173299 0.052759 0.077642
0 0.046153 0.451947 0.049684 0.072582
0 0.916286 0.468529 0.052248 0.082536
0 0.188926 0.419743 0.051881 0.080772
0 0.123957 0.344416 0.050736 0.069418
0 0.453617 0.793898 0.051429 0.073720
0 0.949431 0.593283 0.051690 0.077705
0 0.618637 0.933406 0.057184 0.085693
0 0.884431 0.831852 0.047082 0.078490
0 0.193473 0.331303 0.049599 0.065397
0 0.942833 0.833244 0.050260 0.076609
1 0.673914 0.051847 0.049133 0.056019
1 0.886042 0.963647 0.047573 0.072706
2 0.181418 0.216329 0.020277 0.036949
2 0.367810 0.684744 0.024956 0.041716
2 0.555372 0.891538 0.028856 0.040524
2 0.823651 0.551251 0.019497 0.034565
2 0.891501 0.215137 0.024176 0.034565
2 0.987426 0.150179 0.021057 0.033373