0 0.002906 0.549263 0.005812 0.049084
0 0.002281 0.778359 0.004562 0.051294
0 0.996655 0.760520 0.005750 0.052382
0 0.958893 0.009500 0.076265 0.019000
0 0.993726 0.983041 0.011001 0.031356
0 0.639982 0.992664 0.034596 0.012226
0 0.003607 0.291279 0.007215 0.052500
0 0.482717 0.716975 0.047585 0.079955
0 0.669056 0.004521 0.033915 0.009042
0 0.003935 0.472474 0.007870 0.057635
0 0.995244 0.886514 0.008022 0.046433
0 0.440556 0.703691 0.052567 0.077924
0 0.994167 0.411250 0.010170 0.070061
0 0.095321 0.990573 0.039359 0.016075
0 0.536394 0.006225 0.044438 0.012450
0 0.891661 0.990233 0.044446 0.016569
0 0.993893 0.046357 0.010817 0.062484
0 0.993326 0.128742 0.011749 0.061201
0 0.965141 0.977642 0.049644 0.041595
0 0.296828 0.006647 0.042202 0.013288
0 0.010130 0.877111 0.020257 0.076786
0 0.376477 0.723318 0.050513 0.066034
0 0.729826 0.987131 0.043995 0.022689
0 0.991762 0.275634 0.014741 0.068087
0 0.009535 0.624665 0.019069 0.072312
0 0.360444 0.983094 0.051978 0.030409
0 0.990248 0.690808 0.017790 0.070460
0 0.377442 0.585424 0.049491 0.073572
0 0.389429 0.781517 0.058973 0.070462
0 0.237752 0.451422 0.049161 0.048299
0 0.013347 0.712319 0.026666 0.075635
0 0.530189 0.624805 0.051200 0.077003
0 0.979537 0.941158 0.039038 0.067886
0 0.925253 0.158986 0.041127 0.075892
0 0.298321 0.733953 0.052639 0.076616
0 0.458157 0.863714 0.041465 0.066756
0 0.301887 0.484614 0.048951 0.071179
0 0.043424 0.974340 0.049115 0.047998
0 0.549808 0.695776 0.043019 0.068519
0 0.295554 0.811651 0.054948 0.079887
0 0.523257 0.971943 0.050058 0.052876
0 0.801467 0.016498 0.051878 0.032995
0 0.474299 0.620232 0.053427 0.076773
0 0.538033 0.766044 0.048530 0.068742
0 0.469964 0.356313 0.051762 0.066817
0 0.222268 0.977105 0.057045 0.042534
0 0.641335 0.537503 0.053451 0.069431
0 0.155907 0.755867 0.042438 0.066571
0 0.491366 0.400522 0.051737 0.076852
0 0.348175 0.501193 0.042683 0.061070
0 0.567846 0.927971 0.051554 0.072354
0 0.560699 0.855789 0.055939 0.074671
0 0.015194 0.362964 0.030330 0.073267
0 0.633879 0.760984 0.046654 0.068428
0 0.344929 0.658303 0.053921 0.077651
0 0.938155 0.214772 0.048336 0.068801
0 0.397630 0.520579 0.053092 0.071031
0 0.248820 0.713777 0.045463 0.063650
0 0.195017 0.863168 0.050917 0.069131
0 0.395109 0.858236 0.051082 0.073204
0 0.434782 0.015558 0.048385 0.031117
0 0.229857 0.913397 0.048739 0.070755
0 0.304920 0.953041 0.046105 0.070608
0 0.403471 0.648008 0.053477 0.075243
0 0.422547 0.957299 0.052734 0.074029
0 0.307899 0.413525 0.054258 0.076501
0 0.473062 0.547076 0.054854 0.072469
0 0.489305 0.921770 0.054192 0.080845
0 0.355213 0.923589 0.053399 0.079065
0 0.226415 0.785125 0.050135 0.076247
0 0.591037 0.796917 0.052179 0.080854
0 0.613699 0.956902 0.050238 0.080762
0 0.626661 0.066437 0.050758 0.079508
0 0.980326 0.481649 0.037454 0.072919
0 0.574140 0.591587 0.057144 0.072465
0 0.283763 0.887841 0.060306 0.072696
0 0.163693 0.963161 0.049188 0.070212
0 0.459218 0.788880 0.051473 0.069883
0 0.711733 0.938581 0.050755 0.073581
0 0.454071 0.289953 0.056339 0.079193
0 0.475955 0.471692 0.049344 0.067238
0 0.982764 0.201055 0.032613 0.071069
0 0.064764 0.490449 0.047906 0.065711
0 0.923624 0.101709 0.045677 0.069309
0 0.746239 0.818762 0.047536 0.071472
0 0.298715 0.561893 0.049527 0.070700
0 0.147862 0.831065 0.052870 0.075023
0 0.065846 0.903191 0.049115 0.084033
0 0.597859 0.705213 0.048000 0.077046
0 0.226067 0.013919 0.052501 0.027838
0 0.784959 0.868420 0.053460 0.073851
0 0.916217 0.701582 0.051319 0.072080
0 0.128419 0.551592 0.049354 0.068526
0 0.827888 0.280405 0.047581 0.073891
0 0.183474 0.352910 0.048170 0.066907
0 0.836706 0.488072 0.047075 0.077572
0 0.233235 0.389313 0.052310 0.071543
0 0.703356 0.863853 0.056404 0.072659
0 0.114138 0.935633 0.048630 0.080276
0 0.036196 0.835531 0.047705 0.070440
0 0.164158 0.682406 0.042946 0.067102
0 0.803789 0.709684 0.049104 0.070655
0 0.790478 0.959427 0.056362 0.070353
0 0.691659 0.355461 0.051780 0.064182
0 0.616861 0.140958 0.049537 0.077807
0 0.635156 0.610696 0.051942 0.072095
0 0.813244 0.784880 0.054215 0.073910
0 0.795829 0.073360 0.047532 0.067766
0 0.585103 0.442630 0.048754 0.073962
0 0.713704 0.675713 0.045756 0.085359
0 0.819081 0.419972 0.050472 0.076553
0 0.361844 0.427412 0.050347 0.080427
0 0.710274 0.417470 0.050797 0.072569
0 0.747175 0.738567 0.052745 0.075347
0 0.571623 0.516280 0.052931 0.074534
0 0.849322 0.848402 0.054159 0.085625
0 0.899746 0.766544 0.049945 0.075947
0 0.811346 0.571110 0.046890 0.072009
0 0.645503 0.842766 0.052971 0.075026
0 0.661168 0.480202 0.051728 0.077050
0 0.884598 0.507052 0.047493 0.070198
0 0.948183 0.854549 0.043131 0.069600
0 0.871812 0.927414 0.053723 0.082263
0 0.485345 0.238452 0.048222 0.073167
0 0.020870 0.198484 0.041741 0.072763
0 0.320900 0.338131 0.052771 0.069851
0 0.425740 0.451361 0.051984 0.071645
0 0.907522 0.632331 0.055355 0.075150
0 0.740844 0.606954 0.055537 0.080994
0 0.371333 0.303247 0.051647 0.073711
0 0.045601 0.677119 0.049421 0.073118
0 0.763134 0.118197 0.050071 0.077813
0 0.092169 0.759805 0.051022 0.071288
0 0.879845 0.577808 0.056637 0.073778
0 0.970597 0.638197 0.048581 0.071542
0 0.835310 0.644663 0.052106 0.075466
0 0.925023 0.050737 0.048558 0.058641
0 0.651129 0.689004 0.053773 0.077545
0 0.970451 0.558516 0.052716 0.075923
0 0.536329 0.426074 0.048206 0.079294
0 0.588739 0.031843 0.050122 0.063655
0 0.627256 0.396310 0.053986 0.080108
0 0.645902 0.323236 0.051671 0.072313
0 0.017014 0.108939 0.033911 0.080971
0 0.240035 0.516871 0.052584 0.076451
0 0.180902 0.537557 0.050658 0.075959
0 0.395256 0.353931 0.049968 0.071377
0 0.947835 0.432474 0.049516 0.075457
0 0.792665 0.323448 0.050031 0.074665
0 0.787303 0.503030 0.048554 0.077921
0 0.519747 0.180277 0.051259 0.084136
0 0.563080 0.309240 0.050024 0.070225
0 0.818824 0.156325 0.047487 0.070895
0 0.934870 0.508824 0.045363 0.069332
0 0.102459 0.445449 0.049676 0.074845
0 0.258069 0.320813 0.049668 0.072160
0 0.162794 0.455935 0.049022 0.078214
0 0.366274 0.078104 0.049393 0.071579
0 0.040840 0.424276 0.049500 0.074313
0 0.766393 0.423486 0.052269 0.078428
0 0.862912 0.238056 0.048137 0.079226
0 0.113266 0.369787 0.049862 0.067857
0 0.736581 0.520635 0.048543 0.073071
0 0.744985 0.354658 0.046228 0.074991
0 0.951334 0.763357 0.046835 0.074111
0 0.972199 0.362269 0.049130 0.077042
0 0.717694 0.280895 0.046929 0.069732
0 0.350527 0.021101 0.053980 0.042202
0 0.594115 0.214783 0.055450 0.075245
0 0.783372 0.237445 0.050532 0.071304
0 0.229766 0.643977 0.054626 0.069628
0 0.077827 0.229626 0.049360 0.077724
0 0.850688 0.033823 0.051442 0.067293
0 0.861793 0.339615 0.048491 0.073551
0 0.699150 0.039243 0.052150 0.078347
0 0.732430 0.211314 0.052610 0.070970
0 0.199867 0.284078 0.051439 0.072482
0 0.524460 0.044366 0.048057 0.064242
0 0.659551 0.251674 0.054357 0.067047
0 0.409609 0.238665 0.047014 0.075928
0 0.566526 0.131286 0.048614 0.080374
0 0.270728 0.135039 0.049421 0.072666
0 0.896441 0.404534 0.057118 0.086250
0 0.350795 0.170193 0.049292 0.076710
0 0.159646 0.028426 0.051258 0.056825
0 0.318280 0.236165 0.054745 0.075961
0 0.067627 0.606119 0.055234 0.081798
0 0.228765 0.073259 0.051037 0.075850
0 0.922942 0.324966 0.050697 0.073876
0 0.052364 0.309089 0.053499 0.080550
0 0.158441 0.101602 0.052258 0.076115
0 0.212808 0.206300 0.053633 0.076392
0 0.861367 0.106022 0.052473 0.072451
0 0.409669 0.147729 0.054642 0.076865
0 0.073520 0.145788 0.053841 0.079454
1 0.650907 0.186532 0.046793 0.060787
1 0.316728 0.622765 0.028856 0.053635
1 0.580328 0.647795 0.049133 0.036949
2 0.055857 0.781883 0.026516 0.042908
2 0.159192 0.592968 0.017937 0.032181
2 0.172840 0.612038 0.018717 0.029797
2 0.186097 0.628725 0.023396 0.029797