0 0.622757 0.002776 0.047542 0.005525
0 0.650457 0.197299 0.041783 0.068380
0 0.266760 0.995005 0.037923 0.008835
0 0.002516 0.272150 0.005032 0.071795
0 0.004734 0.027291 0.009445 0.054409
0 0.984056 0.986999 0.030184 0.023209
0 0.510512 0.991606 0.049227 0.014209
0 0.989902 0.013015 0.019002 0.026030
0 0.497282 0.013081 0.034093 0.026125
0 0.783770 0.988001 0.036368 0.021162
0 0.992945 0.604745 0.012464 0.067450
0 0.007598 0.650336 0.015197 0.076856
0 0.008998 0.139949 0.017958 0.081723
0 0.271030 0.010212 0.051441 0.020410
0 0.988849 0.857415 0.020514 0.073141
0 0.887850 0.011181 0.050182 0.022335
0 0.987908 0.133677 0.022489 0.080201
0 0.983471 0.933293 0.031286 0.074383
0 0.434960 0.690899 0.044321 0.070249
0 0.722061 0.981309 0.056154 0.034258
0 0.818710 0.100218 0.059689 0.095803
0 0.016405 0.390526 0.032773 0.082675
0 0.404985 0.980781 0.051542 0.035498
0 0.786294 0.135568 0.057773 0.086170
0 0.142581 0.192679 0.053422 0.098229
0 0.464683 0.034831 0.049159 0.069663
0 0.017608 0.481620 0.035213 0.086870
0 0.698371 0.936068 0.050824 0.071809
0 0.497344 0.952581 0.041480 0.066594
0 0.831582 0.026916 0.053651 0.053823
0 0.781109 0.040313 0.047223 0.080604
0 0.615289 0.964873 0.057372 0.066995
0 0.638317 0.900244 0.064648 0.073126
0 0.744329 0.188283 0.052377 0.087453
0 0.831872 0.969174 0.059999 0.058600
0 0.417855 0.633879 0.065409 0.078978
0 0.342995 0.186793 0.052275 0.075180
0 0.109336 0.145233 0.058995 0.067379
0 0.140102 0.759718 0.044160 0.069805
0 0.023742 0.571616 0.047485 0.089476
0 0.405198 0.324111 0.044870 0.068343
0 0.697950 0.153491 0.051320 0.095646
0 0.636554 0.786263 0.050723 0.075862
0 0.271176 0.145692 0.051108 0.085805
0 0.329702 0.905323 0.053266 0.079541
0 0.571546 0.023363 0.050987 0.046726
0 0.029844 0.962267 0.050015 0.069117
0 0.672023 0.083816 0.059619 0.076458
0 0.319819 0.024995 0.050839 0.049990
0 0.792357 0.214212 0.054012 0.085930
0 0.036813 0.073910 0.049172 0.072095
0 0.579273 0.750662 0.052557 0.081608
0 0.195220 0.160161 0.065183 0.071760
0 0.570834 0.631235 0.056095 0.085488
0 0.261044 0.341697 0.046873 0.072868
0 0.585622 0.863829 0.051989 0.079885
0 0.978627 0.408239 0.041096 0.093607
0 0.324239 0.820758 0.054223 0.069319
0 0.426161 0.857288 0.051829 0.077285
0 0.546477 0.929330 0.056418 0.083367
0 0.216508 0.406110 0.051807 0.074891
0 0.463974 0.592720 0.046926 0.073792
0 0.029505 0.300027 0.058953 0.081948
0 0.658441 0.472301 0.048184 0.082458
0 0.741901 0.879237 0.062658 0.091995
0 0.737852 0.494561 0.052677 0.077953
0 0.116284 0.955812 0.057900 0.085275
0 0.174918 0.087295 0.053148 0.081389
0 0.800656 0.362551 0.048030 0.071210
0 0.184569 0.341197 0.057513 0.085979
0 0.976163 0.061985 0.046025 0.077437
0 0.875379 0.470303 0.047808 0.073005
0 0.753906 0.752629 0.053744 0.079674
0 0.279632 0.949188 0.057933 0.086119
0 0.422325 0.057649 0.051639 0.088707
0 0.781732 0.542588 0.054412 0.083474
0 0.919534 0.904239 0.058141 0.089096
0 0.515567 0.828001 0.058933 0.078902
0 0.717593 0.250742 0.047801 0.081002
0 0.961122 0.684577 0.053677 0.081355
0 0.442114 0.940291 0.054072 0.086484
0 0.207317 0.260219 0.054752 0.081694
0 0.881044 0.741270 0.057614 0.082006
0 0.812080 0.796032 0.060425 0.089797
0 0.943212 0.809072 0.053087 0.084130
0 0.971790 0.524634 0.054415 0.088609
0 0.666741 0.302766 0.049854 0.077282
0 0.228107 0.100414 0.054464 0.083468
0 0.538913 0.690032 0.059715 0.096832
0 0.882385 0.649804 0.058800 0.092919
0 0.608347 0.460319 0.053299 0.090506
0 0.415017 0.394782 0.060645 0.082065
0 0.577162 0.541279 0.054325 0.095000
0 0.528075 0.571120 0.050341 0.078346
0 0.592589 0.190312 0.052904 0.084998
0 0.619263 0.374504 0.053470 0.075542
0 0.384955 0.546725 0.052962 0.078872
0 0.292270 0.572504 0.052637 0.082195
0 0.728396 0.594469 0.057461 0.085454
0 0.314235 0.095060 0.058952 0.084707
0 0.362470 0.470478 0.052951 0.079581
0 0.906718 0.572006 0.059375 0.068757
0 0.836938 0.309166 0.054170 0.085625
0 0.290340 0.278511 0.052246 0.080485
0 0.063441 0.419537 0.060985 0.086251
0 0.362940 0.672926 0.057828 0.092596
0 0.834785 0.582777 0.059130 0.101483
0 0.558353 0.427323 0.050492 0.078948
0 0.630451 0.606926 0.057897 0.088066
0 0.211080 0.489754 0.051544 0.082448
0 0.219486 0.752993 0.052610 0.077303
0 0.156354 0.866148 0.058128 0.089018
0 0.970433 0.317937 0.055478 0.082019
0 0.376410 0.808715 0.055127 0.085216
0 0.460511 0.159013 0.054033 0.083787
0 0.738232 0.386990 0.055958 0.080838
0 0.106765 0.715394 0.049912 0.091019
0 0.135162 0.294724 0.062734 0.094831
0 0.871745 0.139299 0.054085 0.084354
0 0.862092 0.388196 0.053557 0.077428
0 0.221427 0.856968 0.059048 0.085516
0 0.949274 0.165335 0.053926 0.088707
0 0.519822 0.116166 0.056552 0.086553
0 0.450526 0.250603 0.056006 0.084508
0 0.289998 0.735966 0.050409 0.092034
0 0.909600 0.229276 0.070049 0.077077
0 0.911871 0.306716 0.055026 0.079039
0 0.225864 0.574486 0.055906 0.077413
0 0.174286 0.709660 0.055450 0.082482
1 0.385747 0.217521 0.035875 0.079857
1 0.670014 0.700834 0.031975 0.081049
2 0.763990 0.982718 0.026516 0.034565