0 0.997494 0.320520 0.004692 0.052934
0 0.322656 0.993430 0.038304 0.010827
0 0.606744 0.006823 0.031573 0.013595
0 0.719420 0.006454 0.047116 0.012894
0 0.667455 0.006081 0.041539 0.012162
0 0.559319 0.007760 0.041598 0.015519
0 0.499546 0.985972 0.042587 0.024848
0 0.317697 0.010688 0.046887 0.021367
0 0.272338 0.981323 0.054074 0.034252
0 0.019070 0.696129 0.038140 0.091355
0 0.979055 0.833219 0.040221 0.084451
0 0.014484 0.116768 0.028962 0.084046
0 0.017455 0.841413 0.034910 0.081733
0 0.583303 0.976785 0.050737 0.043257
0 0.820139 0.968162 0.054351 0.060505
0 0.016147 0.030327 0.032283 0.060599
0 0.494891 0.015972 0.054109 0.031944
0 0.453253 0.062802 0.043707 0.064197
0 0.210350 0.971826 0.057218 0.053082
0 0.983888 0.099140 0.030493 0.081308
0 0.108297 0.973086 0.057854 0.050514
0 0.458757 0.955970 0.054395 0.082353
0 0.021026 0.478754 0.042052 0.076996
0 0.037509 0.754142 0.054794 0.077303
0 0.975524 0.684495 0.047448 0.086653
0 0.040272 0.956119 0.053339 0.083100
0 0.972977 0.024757 0.051247 0.049504
0 0.967136 0.760190 0.060199 0.083322
0 0.817880 0.426019 0.059224 0.075343
0 0.194043 0.914689 0.052024 0.073401
0 0.361023 0.030371 0.048856 0.060743
0 0.439297 0.667000 0.052245 0.082018
0 0.415275 0.030064 0.054364 0.060128
0 0.492614 0.902103 0.051550 0.083459
0 0.038410 0.185842 0.057502 0.079296
0 0.308567 0.307892 0.043756 0.068435
0 0.879075 0.713265 0.043689 0.071974
0 0.911998 0.782178 0.047906 0.073605
0 0.697759 0.875435 0.055926 0.087254
0 0.670482 0.189859 0.053819 0.078381
0 0.586565 0.536914 0.050065 0.072087
0 0.189031 0.017440 0.053052 0.034880
0 0.840230 0.077991 0.051993 0.078749
0 0.585455 0.609034 0.054880 0.078280
0 0.172393 0.328904 0.045538 0.066921
0 0.538184 0.050268 0.055654 0.076872
0 0.540440 0.128644 0.050493 0.079450
0 0.038221 0.259774 0.060098 0.077958
0 0.489546 0.108883 0.054802 0.076025
0 0.857606 0.922837 0.053497 0.088765
0 0.935372 0.444943 0.052045 0.081782
0 0.829454 0.276788 0.049599 0.081187
0 0.837850 0.494316 0.048693 0.078346
0 0.944465 0.953725 0.056004 0.086070
0 0.826714 0.194378 0.054183 0.089183
0 0.934529 0.650678 0.051614 0.086522
0 0.838566 0.371049 0.050437 0.076397
0 0.073726 0.024757 0.056878 0.049515
0 0.908363 0.037399 0.056145 0.074799
0 0.421914 0.586725 0.055501 0.092287
0 0.892009 0.855639 0.060948 0.092738
0 0.329575 0.358719 0.051468 0.071036
0 0.680793 0.049610 0.051197 0.080250
0 0.219824 0.062383 0.047302 0.070636
0 0.766207 0.652955 0.058024 0.078648
0 0.418084 0.126494 0.048376 0.078257
0 0.452208 0.850452 0.054243 0.080971
0 0.128242 0.033303 0.050112 0.066605
0 0.721161 0.803857 0.046389 0.074415
0 0.875061 0.275492 0.046991 0.076824
0 0.183066 0.108986 0.048609 0.073863
0 0.699693 0.640561 0.060816 0.080982
0 0.131695 0.651337 0.046500 0.072468
0 0.503772 0.666264 0.052395 0.088831
0 0.263217 0.926224 0.057135 0.083844
0 0.753361 0.239461 0.048875 0.075657
0 0.944386 0.116113 0.049349 0.075609
0 0.472634 0.577521 0.055148 0.090957
0 0.109188 0.858504 0.056623 0.089052
0 0.095731 0.773825 0.048796 0.076331
0 0.536036 0.951766 0.054650 0.082088
0 0.658894 0.798281 0.053955 0.085744
0 0.733560 0.051551 0.056023 0.084167
0 0.796652 0.806085 0.052133 0.077723
0 0.786662 0.588374 0.054670 0.081260
0 0.656291 0.710489 0.048817 0.081312
0 0.503263 0.754558 0.049486 0.078708
0 0.595540 0.112799 0.050174 0.077368
0 0.449965 0.356189 0.051109 0.074192
0 0.956317 0.381914 0.055534 0.082260
0 0.719497 0.716529 0.054244 0.080889
0 0.401445 0.943354 0.053934 0.086262
0 0.872477 0.166285 0.050383 0.085696
0 0.711714 0.563470 0.056893 0.088768
0 0.424767 0.441896 0.054656 0.094871
0 0.702987 0.235108 0.053157 0.085231
0 0.193398 0.387739 0.057394 0.084312
0 0.180855 0.617280 0.050720 0.094825
0 0.878000 0.434504 0.054602 0.074477
0 0.443209 0.761422 0.055715 0.085750
0 0.211800 0.842504 0.056894 0.083117
0 0.363835 0.119929 0.059354 0.089816
0 0.337116 0.238622 0.052402 0.081437
0 0.782011 0.498675 0.061417 0.087443
0 0.585724 0.218961 0.057398 0.086660
0 0.143328 0.166264 0.055144 0.083422
0 0.553341 0.286906 0.057939 0.086568
0 0.752984 0.346998 0.050985 0.075372
0 0.392548 0.357248 0.054115 0.072041
0 0.237332 0.772780 0.053064 0.083783
0 0.934463 0.535623 0.052976 0.083973
0 0.406555 0.228822 0.053761 0.081937
0 0.157122 0.541106 0.055984 0.082369
0 0.309273 0.768799 0.053796 0.082218
0 0.079963 0.570345 0.053235 0.082386
0 0.221026 0.186880 0.058441 0.086305
0 0.287971 0.685719 0.054545 0.087927
0 0.689346 0.381769 0.051794 0.076018
0 0.081068 0.473625 0.053472 0.079436
0 0.510815 0.469436 0.052095 0.082194
0 0.623985 0.340435 0.052716 0.076169
0 0.091943 0.288682 0.057683 0.099306
0 0.379309 0.791194 0.049506 0.090042
0 0.269678 0.380280 0.058520 0.077296
0 0.104027 0.387886 0.054972 0.085998
0 0.282685 0.216712 0.056286 0.093895
1 0.650517 0.136472 0.031975 0.070322
1 0.795575 0.078665 0.056931 0.102503
1 0.972851 0.284863 0.054297 0.083433
2 0.364690 0.970799 0.023396 0.039333
2 0.484792 0.523242 0.018717 0.028605