0 0.533811 0.002597 0.040716 0.005193
0 0.416828 0.995585 0.029527 0.007012
0 0.002553 0.747189 0.005106 0.049832
0 0.988249 0.990620 0.021684 0.015981
0 0.819777 0.003893 0.034305 0.007785
0 0.681301 0.990912 0.038308 0.015274
0 0.332652 0.989174 0.032876 0.018667
0 0.008808 0.668528 0.017567 0.083927
0 0.115194 0.988180 0.037677 0.020869
0 0.149182 0.012396 0.038254 0.024756
0 0.988224 0.307796 0.021927 0.081302
0 0.462422 0.983510 0.047797 0.029720
0 0.791046 0.982993 0.048065 0.030810
0 0.015586 0.939178 0.031171 0.080176
0 0.985384 0.736656 0.027226 0.076155
0 0.014597 0.166494 0.029148 0.079693
0 0.015056 0.530446 0.030057 0.070501
0 0.977189 0.032930 0.043854 0.065639
0 0.985983 0.144246 0.026274 0.097170
0 0.024501 0.031917 0.043980 0.063835
0 0.155109 0.975163 0.046740 0.046356
0 0.017832 0.374107 0.035664 0.095788
0 0.876672 0.969873 0.052063 0.056919
0 0.580806 0.080761 0.043156 0.096649
0 0.016370 0.269766 0.032736 0.078391
0 0.286957 0.973557 0.055228 0.049185
0 0.761180 0.950515 0.045860 0.073786
0 0.637125 0.957213 0.045194 0.082140
0 0.069724 0.056268 0.046542 0.083284
0 0.468575 0.630416 0.048285 0.079202
0 0.102006 0.124141 0.048684 0.067394
0 0.119976 0.038607 0.049746 0.077215
0 0.653312 0.848132 0.055663 0.076265
0 0.543926 0.079209 0.039726 0.088256
0 0.208646 0.280149 0.041276 0.063622
0 0.038187 0.470974 0.045802 0.076783
0 0.440272 0.504180 0.047822 0.071451
0 0.096402 0.389387 0.049104 0.077371
0 0.508483 0.957700 0.047569 0.081026
0 0.104162 0.931040 0.049005 0.076178
0 0.283522 0.625558 0.056887 0.069390
0 0.439920 0.066310 0.050112 0.077361
0 0.370030 0.732521 0.045890 0.066725
0 0.332323 0.023553 0.050519 0.047106
0 0.477389 0.915146 0.047492 0.088526
0 0.049647 0.135484 0.048763 0.080368
0 0.835781 0.779496 0.043785 0.081368
0 0.900701 0.740308 0.047184 0.071920
0 0.975658 0.850631 0.044857 0.071650
0 0.046509 0.881683 0.048879 0.084476
0 0.337306 0.576866 0.044738 0.085108
0 0.439288 0.580466 0.049943 0.073165
0 0.408467 0.020648 0.047607 0.041296
0 0.376484 0.970883 0.052037 0.054874
0 0.249946 0.807431 0.049879 0.075793
0 0.882357 0.890627 0.044217 0.080768
0 0.411826 0.758365 0.042641 0.073841
0 0.309245 0.771642 0.048355 0.076140
0 0.276089 0.864842 0.048660 0.073571
0 0.637665 0.728117 0.044351 0.077984
0 0.306428 0.454605 0.047728 0.076142
0 0.591682 0.948991 0.045044 0.095748
0 0.473430 0.030300 0.055394 0.060600
0 0.924777 0.929290 0.051407 0.084094
0 0.729736 0.023187 0.048305 0.046373
0 0.238133 0.575766 0.045582 0.086859
0 0.656586 0.585041 0.045257 0.088039
0 0.570619 0.770032 0.055429 0.084465
0 0.564101 0.841796 0.052365 0.091805
0 0.092465 0.198813 0.053115 0.081985
0 0.136491 0.810754 0.048620 0.074692
0 0.787560 0.881571 0.048379 0.100364
0 0.473986 0.446824 0.053341 0.078444
0 0.316230 0.687068 0.048765 0.075950
0 0.174641 0.918637 0.050277 0.079371
0 0.233726 0.140627 0.048453 0.075693
0 0.664189 0.165002 0.047692 0.084588
0 0.581490 0.693290 0.048910 0.072878
0 0.490780 0.831504 0.055294 0.078222
0 0.119451 0.514185 0.051728 0.073372
0 0.202059 0.600291 0.040914 0.088061
0 0.492702 0.521441 0.053722 0.082422
0 0.621476 0.803572 0.052017 0.082309
0 0.705910 0.666868 0.045540 0.092981
0 0.976201 0.576826 0.045798 0.074648
0 0.326837 0.846465 0.046912 0.074664
0 0.372889 0.808021 0.055517 0.078562
0 0.070429 0.546389 0.045462 0.083236
0 0.054884 0.340828 0.051294 0.080105
0 0.703728 0.585420 0.044531 0.059850
0 0.432418 0.924017 0.046248 0.089045
0 0.667322 0.688731 0.046002 0.089589
0 0.549586 0.919132 0.049635 0.078850
0 0.275436 0.033977 0.049632 0.067954
0 0.436051 0.145020 0.046772 0.091160
0 0.935157 0.167154 0.041560 0.094990
0 0.366010 0.658125 0.049569 0.073617
0 0.272713 0.397043 0.050964 0.073715
0 0.040156 0.645340 0.044672 0.085390
0 0.088535 0.659998 0.047771 0.083053
0 0.180204 0.078473 0.049210 0.073843
0 0.187245 0.167844 0.048009 0.073984
0 0.123479 0.732666 0.053287 0.080991
0 0.967567 0.252782 0.046817 0.075648
0 0.518074 0.362082 0.040629 0.085253
0 0.139209 0.443509 0.051006 0.079856
0 0.834910 0.890648 0.044185 0.087312
0 0.253325 0.320951 0.052077 0.081133
0 0.895062 0.664494 0.046822 0.070943
0 0.866873 0.040107 0.052292 0.080214
0 0.754591 0.839107 0.046508 0.074067
0 0.666993 0.919815 0.050549 0.089101
0 0.385700 0.576478 0.048970 0.086736
0 0.778608 0.687405 0.046686 0.075919
0 0.827973 0.083780 0.052715 0.075817
0 0.203352 0.486074 0.048433 0.075018
0 0.838507 0.163296 0.047001 0.075703
0 0.347092 0.257683 0.050097 0.071141
0 0.160800 0.684912 0.053084 0.083271
0 0.610477 0.529115 0.047782 0.079391
0 0.696645 0.132367 0.047742 0.086779
0 0.657724 0.043910 0.052991 0.077884
0 0.801609 0.457460 0.047889 0.079918
0 0.226622 0.051655 0.047024 0.085376
0 0.533380 0.465931 0.056358 0.088550
0 0.560289 0.171141 0.050809 0.078875
0 0.319648 0.082819 0.051519 0.075413
0 0.365492 0.337059 0.045837 0.087891
0 0.741771 0.155629 0.046966 0.071982
0 0.484502 0.739120 0.053523 0.085440
0 0.916776 0.263024 0.050567 0.071614
0 0.393611 0.161622 0.050220 0.084767
0 0.947742 0.327347 0.051534 0.076195
0 0.157615 0.594528 0.046206 0.082619
0 0.747323 0.627455 0.049986 0.083500
0 0.954918 0.701788 0.048735 0.071666
0 0.782382 0.109787 0.042187 0.077008
0 0.241773 0.238326 0.049949 0.074577
0 0.721118 0.912352 0.051805 0.085736
0 0.088601 0.849515 0.056490 0.086335
0 0.662070 0.508569 0.053184 0.080626
0 0.136430 0.350135 0.050895 0.082647
0 0.565736 0.381718 0.051971 0.089109
0 0.854518 0.234187 0.054810 0.072394
0 0.828320 0.698072 0.050551 0.075979
0 0.317258 0.323642 0.047436 0.077652
0 0.209889 0.374850 0.047354 0.080141
0 0.504059 0.245199 0.048607 0.077653
0 0.271170 0.536410 0.048270 0.088626
0 0.196383 0.814801 0.050477 0.084620
0 0.544908 0.612309 0.051507 0.093190
0 0.843462 0.491590 0.048033 0.079285
0 0.612464 0.284045 0.046159 0.079299
0 0.366124 0.494616 0.045053 0.072303
0 0.798429 0.612136 0.050378 0.078783
0 0.653914 0.245987 0.051021 0.077764
0 0.417209 0.327721 0.051696 0.077789
0 0.732603 0.319690 0.049163 0.095570
0 0.893147 0.119026 0.050812 0.079882
0 0.667411 0.347609 0.050941 0.082288
0 0.227524 0.686141 0.051632 0.080174
0 0.470324 0.304768 0.049728 0.094548
0 0.727604 0.230893 0.049662 0.078553
0 0.866766 0.304766 0.050594 0.075501
0 0.715754 0.508041 0.048934 0.077879
0 0.411167 0.245070 0.049043 0.080841
0 0.623152 0.371431 0.048157 0.081094
0 0.751588 0.452200 0.047631 0.079591
0 0.775588 0.242843 0.047194 0.085615
0 0.897385 0.391922 0.053974 0.083128
0 0.554698 0.252822 0.047521 0.075408
1 0.418502 0.432658 0.042114 0.066746
1 0.884092 0.774732 0.043673 0.085816
2 0.041429 0.555423 0.017937 0.030989
2 0.441509 0.738975 0.021057 0.033373