0 0.470296 0.995806 0.028892 0.006602
0 0.055762 0.003643 0.031406 0.007286
0 0.995246 0.574744 0.008518 0.054032
0 0.995338 0.238706 0.007962 0.055637
0 0.125278 0.004593 0.038884 0.009186
0 0.260892 0.990726 0.041543 0.015536
0 0.417543 0.987124 0.034058 0.022572
0 0.511513 0.007007 0.037660 0.014013
0 0.010025 0.981356 0.020051 0.034335
0 0.992958 0.109378 0.012457 0.069927
0 0.973432 0.007550 0.041708 0.015100
0 0.991448 0.909722 0.015443 0.072229
0 0.784636 0.987585 0.038292 0.021787
0 0.333572 0.007511 0.035703 0.015022
0 0.009889 0.485784 0.019778 0.069688
0 0.602492 0.984252 0.043997 0.028256
0 0.980341 0.973110 0.037442 0.050675
0 0.074597 0.984803 0.046581 0.027156
0 0.127700 0.983324 0.047053 0.030213
0 0.651396 0.982980 0.043750 0.030840
0 0.889943 0.980975 0.051809 0.034945
0 0.717576 0.011655 0.046277 0.023275
0 0.835934 0.980776 0.043789 0.035307
0 0.984381 0.353170 0.029292 0.079633
0 0.013332 0.560966 0.026646 0.069365
0 0.017303 0.920567 0.034605 0.079782
0 0.982077 0.640551 0.033926 0.077703
0 0.315814 0.623958 0.055067 0.065291
0 0.788138 0.014013 0.049141 0.028025
0 0.014297 0.838921 0.028593 0.074468
0 0.981560 0.431363 0.034792 0.070658
0 0.407126 0.033554 0.043768 0.067057
0 0.016067 0.639803 0.032133 0.077492
0 0.521323 0.935220 0.051586 0.072727
0 0.929561 0.740583 0.054140 0.083665
0 0.980389 0.835139 0.037416 0.080492
0 0.288361 0.016549 0.043537 0.033098
0 0.024454 0.426877 0.048186 0.077589
0 0.797025 0.680115 0.049792 0.074088
0 0.957751 0.688066 0.048184 0.075332
0 0.718872 0.450212 0.042614 0.066502
0 0.618099 0.937663 0.047504 0.071500
0 0.811381 0.918397 0.051877 0.087845
0 0.873954 0.016928 0.049436 0.033856
0 0.679934 0.574957 0.045168 0.067436
0 0.947808 0.935021 0.042562 0.077182
0 0.823944 0.738148 0.045877 0.070192
0 0.676409 0.646768 0.049224 0.071827
0 0.148547 0.923697 0.045056 0.074765
0 0.565714 0.961394 0.046235 0.073450
0 0.898882 0.924021 0.053555 0.073611
0 0.188740 0.973863 0.043931 0.049207
0 0.100172 0.941813 0.047935 0.075503
0 0.136055 0.375395 0.046687 0.069110
0 0.707224 0.516100 0.056752 0.076800
0 0.747019 0.401009 0.045203 0.077623
0 0.548256 0.538005 0.043706 0.069936
0 0.293331 0.519229 0.049486 0.085133
0 0.376254 0.967804 0.049701 0.061131
0 0.658845 0.467999 0.048132 0.082918
0 0.890619 0.853358 0.046291 0.072291
0 0.226718 0.181779 0.046189 0.071564
0 0.336542 0.489267 0.048413 0.087504
0 0.578299 0.596243 0.045154 0.072702
0 0.900081 0.343857 0.043591 0.064933
0 0.835758 0.516431 0.048655 0.076845
0 0.526077 0.602374 0.049459 0.075625
0 0.577992 0.152974 0.044336 0.076787
0 0.330859 0.758316 0.058370 0.081780
0 0.332592 0.571504 0.044601 0.068554
0 0.934283 0.825111 0.048897 0.076998
0 0.414993 0.425731 0.043354 0.084020
0 0.773861 0.502805 0.049295 0.065029
0 0.857009 0.448284 0.049330 0.077343
0 0.770057 0.864343 0.051437 0.085599
0 0.789785 0.432590 0.046678 0.071162
0 0.970634 0.562187 0.046504 0.083919
0 0.180345 0.771762 0.042272 0.070330
0 0.270317 0.944016 0.048282 0.077618
0 0.668464 0.389018 0.048113 0.072177
0 0.453843 0.454786 0.043075 0.074206
0 0.650576 0.317351 0.050112 0.080272
0 0.126750 0.745174 0.052915 0.073802
0 0.312619 0.910680 0.049019 0.085482
0 0.354488 0.689493 0.043984 0.077900
0 0.304332 0.689851 0.049327 0.080765
0 0.777707 0.190124 0.041429 0.068654
0 0.048732 0.054998 0.051964 0.083296
0 0.144762 0.825547 0.051402 0.082443
0 0.537334 0.862634 0.046001 0.072793
0 0.296509 0.137103 0.045872 0.073203
0 0.563583 0.030954 0.047538 0.061894
0 0.513141 0.189212 0.052157 0.078700
0 0.903536 0.416179 0.053590 0.072776
0 0.344739 0.836503 0.047836 0.090001
0 0.026024 0.273233 0.046387 0.068431
0 0.805519 0.596818 0.050777 0.081744
0 0.370122 0.061764 0.047493 0.070272
0 0.658513 0.903032 0.046205 0.081307
0 0.374938 0.457700 0.045974 0.080258
0 0.129719 0.450688 0.046944 0.073791
0 0.785549 0.348903 0.045905 0.074862
0 0.858676 0.587428 0.048278 0.077205
0 0.447107 0.961405 0.044507 0.068631
0 0.403793 0.694289 0.045444 0.074832
0 0.561531 0.430284 0.046506 0.075177
0 0.438604 0.815867 0.050170 0.080008
0 0.609360 0.533901 0.052799 0.076075
0 0.278683 0.074450 0.053781 0.069694
0 0.450463 0.045375 0.053009 0.090046
0 0.056628 0.812577 0.044583 0.072353
0 0.492062 0.541531 0.047367 0.072817
0 0.187975 0.873752 0.052910 0.089214
0 0.487504 0.256137 0.047724 0.073164
0 0.027952 0.198335 0.049072 0.071810
0 0.817144 0.117526 0.049838 0.077663
0 0.203489 0.523297 0.044945 0.065484
0 0.741192 0.147432 0.045084 0.081197
0 0.024380 0.117450 0.048746 0.075699
0 0.748950 0.732107 0.050401 0.086504
0 0.543714 0.674582 0.049202 0.076872
0 0.561230 0.221769 0.046320 0.071893
0 0.761116 0.068351 0.049166 0.075508
0 0.792421 0.266693 0.047166 0.075435
0 0.494921 0.833158 0.042242 0.075210
0 0.195905 0.596794 0.046697 0.070081
0 0.284760 0.212809 0.049665 0.076733
0 0.697254 0.290460 0.047872 0.077083
0 0.494219 0.419164 0.046392 0.072877
0 0.825789 0.195151 0.046284 0.070679
0 0.348836 0.129311 0.050237 0.077552
0 0.613527 0.432215 0.047522 0.081372
0 0.182668 0.363674 0.042518 0.083830
0 0.619058 0.123365 0.043241 0.075041
0 0.264602 0.434059 0.050393 0.079565
0 0.531884 0.774869 0.050219 0.088328
0 0.179716 0.229286 0.050585 0.078281
0 0.831937 0.325501 0.046774 0.077183
0 0.120706 0.048492 0.048837 0.068985
0 0.235400 0.647496 0.045715 0.073620
0 0.462234 0.744790 0.049742 0.079631
0 0.431639 0.189909 0.050155 0.078257
0 0.690767 0.048022 0.045313 0.067409
0 0.112851 0.201302 0.045976 0.074311
0 0.488556 0.337706 0.047663 0.076412
0 0.693025 0.124706 0.047879 0.072955
0 0.074831 0.259631 0.045200 0.073701
0 0.716157 0.845828 0.053350 0.089644
0 0.438497 0.329613 0.044366 0.072765
0 0.534280 0.115703 0.049166 0.077844
0 0.223414 0.098808 0.048533 0.080913
0 0.120915 0.659274 0.049125 0.078359
0 0.480412 0.103247 0.045967 0.072126
0 0.388416 0.360687 0.052861 0.076007
0 0.373409 0.192971 0.051334 0.075235
0 0.616401 0.221462 0.049376 0.081532
0 0.046035 0.716359 0.047589 0.080029
0 0.932077 0.069884 0.050129 0.076889
0 0.238908 0.024190 0.047136 0.048326
0 0.228273 0.381137 0.046909 0.077414
0 0.263892 0.290453 0.052581 0.082365
0 0.175245 0.671179 0.051096 0.079162
0 0.063709 0.369602 0.053959 0.083773
0 0.329465 0.289535 0.045535 0.073335
0 0.961495 0.137853 0.053138 0.082133
0 0.633404 0.042962 0.049784 0.075854
0 0.074913 0.451828 0.052623 0.081481
0 0.139666 0.111392 0.047904 0.073321
0 0.146281 0.293052 0.054732 0.082278
0 0.871166 0.104576 0.048172 0.083328
0 0.960257 0.219256 0.049229 0.075664
0 0.381907 0.271605 0.050175 0.073825
0 0.949245 0.332839 0.049692 0.086564
0 0.181733 0.455270 0.047719 0.077573
1 0.198576 0.181168 0.020277 0.052443