0 0.105996 0.996049 0.035977 0.006344
0 0.303994 0.003225 0.029931 0.006451
0 0.542247 0.005267 0.032729 0.010534
0 0.994874 0.015616 0.009012 0.031233
0 0.007273 0.921115 0.014546 0.069192
0 0.993764 0.126161 0.010867 0.064420
0 0.792405 0.987178 0.043867 0.022592
0 0.939871 0.008221 0.039392 0.016443
0 0.983431 0.971821 0.031390 0.053306
0 0.518238 0.982793 0.051560 0.031311
0 0.679240 0.982079 0.051136 0.032708
0 0.289980 0.982808 0.053213 0.031234
0 0.015021 0.676267 0.030042 0.077036
0 0.367794 0.979331 0.053308 0.038112
0 0.256322 0.011736 0.043507 0.023472
0 0.987484 0.202808 0.023181 0.072440
0 0.155130 0.972254 0.048989 0.052455
0 0.888603 0.014633 0.048929 0.029265
0 0.576375 0.884590 0.045932 0.069223
0 0.517257 0.502724 0.050280 0.064417
0 0.919045 0.964459 0.050569 0.067745
0 0.578821 0.950106 0.051023 0.064107
0 0.015678 0.769611 0.031355 0.080187
0 0.021982 0.857286 0.043963 0.079310
0 0.343546 0.454038 0.057008 0.062817
0 0.116918 0.933518 0.051542 0.077673
0 0.487064 0.946937 0.051713 0.083111
0 0.823312 0.952124 0.049845 0.078625
0 0.689083 0.926567 0.049648 0.078017
0 0.780029 0.323741 0.051881 0.075849
0 0.635752 0.725043 0.047682 0.069417
0 0.324776 0.584948 0.048696 0.069352
0 0.467655 0.854963 0.045697 0.067506
0 0.522851 0.643262 0.048969 0.069877
0 0.380854 0.716991 0.049983 0.076644
0 0.200691 0.888607 0.049447 0.077966
0 0.130693 0.774430 0.046689 0.074428
0 0.405668 0.775449 0.049045 0.070703
0 0.593273 0.018032 0.049156 0.036063
0 0.138182 0.017250 0.046173 0.034501
0 0.628355 0.574163 0.046699 0.066499
0 0.641274 0.651748 0.045475 0.075355
0 0.979411 0.526831 0.039098 0.081140
0 0.280713 0.555887 0.049241 0.072847
0 0.231629 0.829366 0.054942 0.070447
0 0.726033 0.321693 0.046798 0.070735
0 0.644765 0.876155 0.057060 0.080265
0 0.434400 0.957036 0.047652 0.079073
0 0.388693 0.922481 0.051476 0.077891
0 0.258629 0.890573 0.056048 0.086327
0 0.520120 0.570963 0.048596 0.065703
0 0.801327 0.801344 0.054136 0.078261
0 0.104723 0.854859 0.050768 0.076167
0 0.413172 0.674547 0.052179 0.071989
0 0.800704 0.881633 0.055235 0.077387
0 0.528341 0.901497 0.048497 0.080141
0 0.182450 0.599254 0.051106 0.075291
0 0.949504 0.911429 0.053443 0.080564
0 0.661874 0.792348 0.054302 0.087620
0 0.113708 0.645415 0.045963 0.067794
0 0.560309 0.814875 0.057010 0.076650
0 0.408125 0.851037 0.052579 0.071081
0 0.052254 0.026906 0.050728 0.053751
0 0.729550 0.850691 0.049385 0.075733
0 0.137711 0.576510 0.046327 0.079053
0 0.334309 0.087435 0.046102 0.073716
0 0.203543 0.659237 0.054965 0.069798
0 0.874005 0.934348 0.051824 0.082631
0 0.926215 0.774907 0.048836 0.074400
0 0.467746 0.548131 0.049199 0.071884
0 0.054968 0.122290 0.051649 0.071685
0 0.178232 0.438079 0.048177 0.073940
0 0.855330 0.856463 0.051455 0.073876
0 0.302044 0.926174 0.050769 0.076955
0 0.187968 0.729833 0.048400 0.075588
0 0.498398 0.803156 0.051919 0.077120
0 0.634345 0.502357 0.050121 0.070636
0 0.661134 0.429207 0.048883 0.075092
0 0.347277 0.520880 0.050815 0.070706
0 0.808754 0.704819 0.050278 0.079141
0 0.979696 0.333071 0.038589 0.072328
0 0.568653 0.532164 0.050546 0.075934
0 0.166330 0.825945 0.052209 0.080743
0 0.707330 0.389461 0.051187 0.074909
0 0.893350 0.556236 0.048369 0.075777
0 0.956184 0.829812 0.052025 0.071909
0 0.795515 0.620407 0.049180 0.082044
0 0.754546 0.259604 0.049210 0.078642
0 0.097635 0.714996 0.051076 0.076638
0 0.181310 0.518731 0.053736 0.074595
0 0.611096 0.421252 0.046238 0.070411
0 0.504027 0.434640 0.051707 0.076245
0 0.447398 0.412176 0.047793 0.078165
0 0.250585 0.502810 0.048532 0.072036
0 0.045149 0.525648 0.047739 0.072929
0 0.851467 0.774852 0.054210 0.078198
0 0.251874 0.064926 0.046572 0.070699
0 0.348603 0.380189 0.048498 0.077859
0 0.151012 0.383655 0.050340 0.075572
0 0.264657 0.631037 0.050655 0.076333
0 0.415622 0.596917 0.052572 0.073903
0 0.231735 0.286725 0.042900 0.064645
0 0.901698 0.639548 0.050830 0.075111
0 0.831156 0.027637 0.049411 0.055269
0 0.932338 0.503646 0.045175 0.067113
0 0.030246 0.615188 0.051450 0.075354
0 0.735464 0.669658 0.057825 0.081652
0 0.058252 0.454531 0.046411 0.070392
0 0.944475 0.702028 0.048629 0.072852
0 0.291507 0.097630 0.044651 0.077746
0 0.748091 0.432092 0.051122 0.082453
0 0.966715 0.402087 0.049119 0.072885
0 0.236024 0.746362 0.054580 0.085746
0 0.344994 0.027580 0.057586 0.055152
0 0.083210 0.069140 0.046999 0.071716
0 0.844709 0.603503 0.051844 0.083886
0 0.859654 0.508424 0.048019 0.072963
0 0.506917 0.034383 0.053128 0.068765
0 0.769916 0.086251 0.049312 0.080160
0 0.854206 0.083586 0.047457 0.065851
0 0.231039 0.433115 0.050121 0.082003
0 0.028137 0.188052 0.050183 0.075088
0 0.227877 0.125700 0.048698 0.070708
0 0.326727 0.281410 0.046180 0.081076
0 0.558115 0.452692 0.049659 0.076113
0 0.969176 0.083319 0.047983 0.076028
0 0.534988 0.320854 0.050734 0.078280
0 0.097945 0.524417 0.049259 0.077836
0 0.916407 0.056781 0.053966 0.077434
0 0.398593 0.391334 0.047561 0.079070
0 0.798828 0.200645 0.052074 0.076964
0 0.490978 0.357372 0.049112 0.072833
0 0.815855 0.272276 0.046555 0.068292
0 0.920131 0.432734 0.048843 0.074992
0 0.683883 0.056035 0.046757 0.070001
0 0.082845 0.250996 0.056235 0.074328
0 0.711845 0.213022 0.047791 0.072953
0 0.725186 0.138695 0.047630 0.073773
0 0.922341 0.136746 0.050948 0.072495
0 0.950296 0.207304 0.044399 0.075585
0 0.560822 0.051496 0.050952 0.076000
0 0.271741 0.171638 0.051895 0.074354
0 0.703355 0.497172 0.058957 0.084771
0 0.185582 0.039925 0.053445 0.078739
0 0.087181 0.171964 0.048376 0.076577
0 0.073995 0.324243 0.047315 0.070207
0 0.786112 0.516931 0.052926 0.079441
0 0.597860 0.351381 0.050794 0.075052
0 0.190443 0.335538 0.051459 0.077152
0 0.647087 0.105934 0.046396 0.073914
0 0.860370 0.156593 0.054313 0.075202
0 0.730751 0.038023 0.047599 0.070997
0 0.870459 0.288658 0.045580 0.069366
0 0.134368 0.306051 0.053910 0.077117
0 0.604236 0.136871 0.052890 0.086771
0 0.278905 0.253510 0.053070 0.080661
0 0.135936 0.154077 0.048266 0.080831
0 0.517679 0.115180 0.054782 0.088422
0 0.430386 0.268917 0.053187 0.080447
0 0.911553 0.327842 0.050139 0.075852
0 0.378090 0.284492 0.051122 0.088574
0 0.608268 0.242946 0.048177 0.080120
0 0.556325 0.244665 0.049858 0.075362
0 0.661739 0.230463 0.048269 0.075202
0 0.493023 0.241246 0.052289 0.079086
1 0.411483 0.471395 0.051472 0.041716
2 0.366640 0.626937 0.024176 0.035757
2 0.861475 0.665673 0.020277 0.029797