0 0.352684 0.996067 0.045939 0.007865
0 0.002005 0.571338 0.003987 0.062316
0 0.921770 0.996111 0.045384 0.007616
0 0.002756 0.911765 0.005500 0.071094
0 0.004027 0.774036 0.008054 0.065307
0 0.245273 0.003684 0.042158 0.007291
0 0.372767 0.004196 0.039147 0.008391
0 0.977953 0.993304 0.042923 0.012751
0 0.081958 0.006082 0.037141 0.012164
0 0.995910 0.611488 0.008027 0.060796
0 0.996451 0.203325 0.006983 0.067715
0 0.563353 0.990793 0.060540 0.017768
0 0.994168 0.947455 0.011146 0.074559
0 0.018934 0.843046 0.037843 0.082040
0 0.007090 0.051846 0.014163 0.075647
0 0.007500 0.130018 0.015001 0.064189
0 0.994407 0.118967 0.010556 0.071870
0 0.151860 0.976215 0.054284 0.047262
0 0.231430 0.986800 0.053642 0.026006
0 0.050307 0.977718 0.051005 0.043703
0 0.735013 0.985653 0.057555 0.027375
0 0.515541 0.868635 0.044857 0.083897
0 0.489397 0.124347 0.053012 0.081992
0 0.829688 0.017339 0.042264 0.034658
0 0.414818 0.886292 0.047089 0.077880
0 0.270820 0.895622 0.048815 0.076759
0 0.622172 0.019944 0.054653 0.039888
0 0.731286 0.651713 0.048699 0.072115
0 0.023206 0.629966 0.046303 0.074899
0 0.020771 0.201947 0.041524 0.083276
0 0.756760 0.217898 0.048842 0.081682
0 0.475541 0.059627 0.052994 0.082846
0 0.345859 0.422553 0.054415 0.078870
0 0.924055 0.021580 0.054239 0.043156
0 0.835664 0.691311 0.045206 0.082070
0 0.051078 0.716376 0.058003 0.083428
0 0.402699 0.969992 0.051112 0.059506
0 0.842849 0.962022 0.050174 0.075552
0 0.977393 0.745806 0.044746 0.083400
0 0.189765 0.402440 0.045714 0.077935
0 0.287665 0.354035 0.049630 0.077791
0 0.549005 0.625436 0.054441 0.077588
0 0.372386 0.505181 0.052263 0.100104
0 0.685764 0.156149 0.053992 0.084084
0 0.036364 0.361144 0.052590 0.080166
0 0.631881 0.957324 0.054167 0.079829
0 0.804479 0.871016 0.059885 0.081681
0 0.549483 0.929854 0.051314 0.082932
0 0.468709 0.959046 0.055436 0.081003
0 0.930987 0.450375 0.052313 0.078005
0 0.385417 0.597910 0.052746 0.082326
0 0.444936 0.234109 0.045974 0.103720
0 0.318516 0.860964 0.052774 0.089215
0 0.598289 0.898587 0.051935 0.095225
0 0.051633 0.807953 0.060166 0.084039
0 0.279570 0.165623 0.056368 0.087277
0 0.234480 0.122108 0.053440 0.085923
0 0.413022 0.454475 0.054400 0.090395
0 0.628196 0.677676 0.054758 0.081980
0 0.179035 0.304179 0.055476 0.074193
0 0.843719 0.584635 0.047341 0.079942
0 0.432574 0.026170 0.047441 0.052341
0 0.521431 0.691673 0.050816 0.076284
0 0.244854 0.403883 0.053627 0.085556
0 0.167786 0.872275 0.052180 0.082085
0 0.262931 0.813796 0.051893 0.078186
0 0.794112 0.649059 0.051597 0.086750
0 0.456004 0.410637 0.053792 0.090031
0 0.915426 0.946571 0.053254 0.078333
0 0.332144 0.133556 0.048730 0.072087
0 0.865577 0.484144 0.057229 0.073479
0 0.267309 0.506471 0.054456 0.091843
0 0.401331 0.752358 0.059954 0.089236
0 0.238329 0.678667 0.053697 0.072259
0 0.519930 0.777849 0.062215 0.086146
0 0.227196 0.757508 0.057834 0.078161
0 0.427172 0.672926 0.053514 0.080190
0 0.670792 0.515160 0.053956 0.080111
0 0.657167 0.244932 0.055057 0.087676
0 0.448733 0.825524 0.056253 0.081817
0 0.710454 0.739325 0.055573 0.087344
0 0.036600 0.278204 0.051147 0.074927
0 0.282947 0.607880 0.055732 0.083537
0 0.644306 0.839389 0.050416 0.086445
0 0.086393 0.606884 0.047892 0.082375
0 0.713577 0.930411 0.056456 0.079896
0 0.739331 0.045444 0.060722 0.090887
0 0.531012 0.177268 0.049773 0.075941
0 0.355592 0.693011 0.054991 0.087772
0 0.874416 0.031128 0.045742 0.062256
0 0.779241 0.156636 0.049997 0.075150
0 0.728142 0.473349 0.053369 0.078440
0 0.971151 0.872204 0.054181 0.082995
0 0.414280 0.098392 0.050465 0.076779
0 0.206921 0.607898 0.050326 0.083457
0 0.126178 0.257364 0.050277 0.080199
0 0.169826 0.780110 0.051500 0.090813
0 0.635789 0.318464 0.055305 0.084748
0 0.494250 0.251493 0.051555 0.096254
0 0.411146 0.314095 0.056054 0.087787
0 0.383921 0.042742 0.049568 0.069324
0 0.762538 0.802163 0.055385 0.091341
0 0.800096 0.501915 0.052022 0.079670
0 0.978176 0.335078 0.043244 0.093903
0 0.681105 0.059857 0.051696 0.086276
0 0.540212 0.073991 0.053072 0.075818
0 0.862950 0.876884 0.055459 0.088839
0 0.562384 0.542621 0.053439 0.082889
0 0.115607 0.764826 0.053720 0.081985
0 0.394824 0.219783 0.053119 0.075919
0 0.966476 0.630732 0.051071 0.075981
0 0.898067 0.540645 0.060661 0.086813
0 0.888605 0.711278 0.058528 0.086066
0 0.618013 0.593401 0.052297 0.082690
0 0.215837 0.041207 0.055029 0.082371
0 0.703969 0.389570 0.052328 0.082860
0 0.356537 0.339054 0.053757 0.081503
0 0.712633 0.252385 0.049848 0.092133
0 0.754579 0.327291 0.053487 0.084908
0 0.798611 0.400077 0.061825 0.092613
0 0.959496 0.520698 0.058430 0.077102
0 0.233443 0.221097 0.051913 0.080695
0 0.096903 0.157584 0.051874 0.082228
0 0.825268 0.131328 0.041383 0.075353
0 0.154210 0.159628 0.051417 0.078247
0 0.322350 0.046227 0.058440 0.090096
0 0.083580 0.518721 0.056826 0.083732
0 0.301664 0.271841 0.056568 0.086328
0 0.882605 0.387044 0.060431 0.084910
0 0.150499 0.625898 0.058220 0.095552
0 0.872739 0.214843 0.054212 0.081924
0 0.875242 0.299423 0.058674 0.076997
0 0.620525 0.160979 0.053849 0.084168
0 0.908560 0.110109 0.051552 0.093885
0 0.962012 0.107896 0.049825 0.085712
1 0.367420 0.868892 0.049133 0.069130
2 0.414603 0.546484 0.023396 0.034565
2 0.465685 0.622169 0.027296 0.040524
1 0.717977 0.576281 0.054592 0.089392
1 0.971676 0.411601 0.051878 0.082931