0 0.749992 0.994388 0.041008 0.009754
0 0.377142 0.002656 0.031924 0.005230
0 0.997299 0.485730 0.004873 0.049093
0 0.007505 0.290140 0.015010 0.067710
0 0.005323 0.393191 0.010647 0.064159
0 0.994779 0.102786 0.009190 0.060237
0 0.007375 0.756258 0.014751 0.075854
0 0.311819 0.991012 0.042854 0.015774
0 0.138602 0.005779 0.039053 0.011559
0 0.943740 0.988379 0.046285 0.020577
0 0.636713 0.010633 0.046384 0.021266
0 0.097169 0.976520 0.054150 0.044537
0 0.390317 0.326204 0.046247 0.063896
0 0.986036 0.954258 0.026164 0.072209
0 0.822175 0.979742 0.046923 0.037575
0 0.570767 0.980624 0.048423 0.035700
0 0.676081 0.978640 0.048204 0.039759
0 0.388044 0.386190 0.047638 0.066900
0 0.115324 0.928567 0.046180 0.065597
0 0.234435 0.976216 0.049051 0.044901
0 0.129171 0.212098 0.048677 0.087660
0 0.385562 0.690996 0.061168 0.072864
0 0.454428 0.013519 0.046920 0.027038
0 0.662328 0.899208 0.059463 0.064479
0 0.626401 0.970347 0.050230 0.056299
0 0.970291 0.698365 0.044825 0.082584
0 0.941180 0.655295 0.043596 0.068953
0 0.849583 0.014949 0.051948 0.029898
0 0.194316 0.947202 0.044593 0.066563
0 0.171505 0.775766 0.046646 0.078000
0 0.979481 0.537374 0.039246 0.071765
0 0.471459 0.968130 0.047961 0.060999
0 0.570529 0.015084 0.046151 0.030169
0 0.251025 0.015596 0.044003 0.031191
0 0.314417 0.517665 0.048862 0.071433
0 0.030930 0.890299 0.044705 0.075511
0 0.979648 0.774301 0.039020 0.073159
0 0.695034 0.758433 0.051851 0.072519
0 0.240922 0.634829 0.049290 0.084081
0 0.779135 0.959239 0.051809 0.076683
0 0.112017 0.148174 0.050373 0.076566
0 0.919283 0.950891 0.053594 0.069723
0 0.391525 0.759954 0.045704 0.071918
0 0.697358 0.686677 0.045653 0.068595
0 0.341966 0.745646 0.050470 0.076440
0 0.334008 0.663169 0.044184 0.079188
0 0.121888 0.646082 0.046358 0.083200
0 0.021592 0.087542 0.043183 0.074331
0 0.286098 0.463240 0.044805 0.078883
0 0.134326 0.523569 0.053509 0.070464
0 0.903600 0.880740 0.051980 0.071450
0 0.961020 0.593020 0.048449 0.074077
0 0.290608 0.810711 0.048096 0.067587
0 0.623217 0.853217 0.051030 0.074189
0 0.081039 0.732935 0.051226 0.087228
0 0.552065 0.924858 0.046531 0.066880
0 0.820852 0.905739 0.049201 0.078215
0 0.746674 0.096559 0.051007 0.083331
0 0.308938 0.883483 0.051847 0.083179
0 0.383700 0.474863 0.051913 0.078435
0 0.898365 0.800927 0.046926 0.070400
0 0.158993 0.590544 0.049352 0.070128
0 0.133917 0.349811 0.050726 0.074226
0 0.972905 0.876521 0.050097 0.087862
0 0.680593 0.833196 0.050226 0.074884
0 0.097740 0.267254 0.045165 0.072591
0 0.657768 0.610979 0.050681 0.071393
0 0.181724 0.871263 0.048986 0.078459
0 0.893820 0.725579 0.049758 0.071077
0 0.023757 0.223807 0.047514 0.081577
0 0.974319 0.156378 0.049707 0.080098
0 0.347859 0.937504 0.051583 0.080804
0 0.732497 0.831912 0.049132 0.075287
0 0.524407 0.860122 0.047406 0.078608
0 0.492078 0.215474 0.042212 0.069253
0 0.410683 0.623074 0.052388 0.074018
0 0.072023 0.651682 0.046056 0.070274
0 0.102742 0.077221 0.048216 0.072368
0 0.456837 0.175561 0.059316 0.072247
0 0.176403 0.304859 0.047243 0.068039
0 0.641611 0.215112 0.047493 0.068751
0 0.080409 0.872579 0.049686 0.077009
0 0.441401 0.324807 0.047973 0.078348
0 0.622618 0.664102 0.049571 0.073393
0 0.886606 0.642022 0.048066 0.071585
0 0.092585 0.401341 0.052836 0.074997
0 0.307722 0.392943 0.052826 0.075164
0 0.224674 0.338769 0.055226 0.075091
0 0.265823 0.700179 0.051820 0.082237
0 0.316067 0.316186 0.052141 0.068713
0 0.036050 0.495491 0.044674 0.077402
0 0.770516 0.761320 0.047950 0.072590
0 0.168443 0.414756 0.050106 0.069154
0 0.236815 0.880874 0.050483 0.083012
0 0.281977 0.584348 0.054192 0.077917
0 0.373751 0.259006 0.052985 0.072102
0 0.331173 0.223709 0.046029 0.066954
0 0.537001 0.754405 0.050036 0.074922
0 0.515747 0.469339 0.054717 0.083676
0 0.542172 0.602745 0.045678 0.072652
0 0.283430 0.258323 0.050676 0.078154
0 0.423649 0.900011 0.051624 0.081954
0 0.794009 0.370347 0.046740 0.069099
0 0.182018 0.485095 0.049539 0.071854
0 0.150749 0.057947 0.047164 0.071556
0 0.498950 0.697999 0.051025 0.080830
0 0.745418 0.297857 0.047375 0.067265
0 0.776574 0.032262 0.049078 0.064525
0 0.230816 0.127466 0.053951 0.081361
0 0.680181 0.538421 0.039205 0.085843
0 0.589570 0.191501 0.045047 0.074630
0 0.819230 0.816078 0.051760 0.077385
0 0.199860 0.038619 0.047934 0.070924
0 0.182444 0.226632 0.049428 0.077714
0 0.905715 0.575679 0.052334 0.075513
0 0.518383 0.106430 0.047731 0.079923
0 0.435344 0.556823 0.046975 0.068544
0 0.622953 0.511104 0.043901 0.068966
0 0.343572 0.575051 0.048945 0.080218
0 0.544287 0.207620 0.048751 0.080185
0 0.655811 0.147098 0.047613 0.071542
0 0.337962 0.027609 0.050142 0.055218
0 0.567876 0.291150 0.049144 0.071550
0 0.626858 0.430936 0.050623 0.077212
0 0.274939 0.068521 0.050839 0.083399
0 0.573883 0.531547 0.048110 0.084159
0 0.384246 0.101609 0.046697 0.073436
0 0.857283 0.257349 0.054100 0.080587
0 0.673926 0.287416 0.049445 0.087399
0 0.394358 0.181006 0.049865 0.076359
0 0.832933 0.186227 0.048875 0.075896
0 0.761953 0.682286 0.049297 0.076255
0 0.731059 0.373285 0.051294 0.075238
0 0.464785 0.088748 0.047574 0.081676
0 0.561370 0.406210 0.051669 0.081191
0 0.564077 0.067706 0.048308 0.068479
0 0.511821 0.358899 0.054412 0.084109
0 0.814238 0.438393 0.052674 0.080559
0 0.634885 0.060166 0.051529 0.072343
0 0.675681 0.398031 0.050453 0.080012
0 0.949746 0.364561 0.052941 0.072911
0 0.928729 0.293269 0.054178 0.073672
0 0.723818 0.623676 0.047192 0.084222
0 0.834237 0.578582 0.049704 0.075896
0 0.838060 0.103305 0.048873 0.079001
0 0.735997 0.213535 0.055058 0.078971
0 0.950958 0.221914 0.053965 0.073314
0 0.932995 0.456547 0.056920 0.078662
0 0.922483 0.063680 0.048665 0.082224
0 0.879149 0.356830 0.052333 0.077822
0 0.817756 0.672643 0.051870 0.082458
1 0.514818 0.535757 0.050692 0.053635
1 0.190777 0.644815 0.056152 0.054827
1 0.198576 0.699046 0.051472 0.063170
2 0.140474 0.727056 0.024176 0.035757
2 0.224312 0.394517 0.032755 0.047676
2 0.409924 0.288439 0.020277 0.035757
2 0.728895 0.153159 0.028076 0.039333
2 0.641549 0.262217 0.020277 0.028605
2 0.657926 0.784863 0.024956 0.036949
2 0.423962 0.013111 0.018717 0.026222