0 0.420532 0.994150 0.034757 0.010173
0 0.758621 0.995401 0.043056 0.008619
0 0.002705 0.709672 0.005393 0.070019
0 0.285471 0.003637 0.031083 0.007197
0 0.995694 0.894864 0.007672 0.049374
0 0.002631 0.457443 0.005240 0.066531
0 0.543690 0.994033 0.035433 0.010144
0 0.996228 0.825930 0.006858 0.047379
0 0.994908 0.551026 0.009515 0.060533
0 0.010199 0.010192 0.020371 0.020384
0 0.680697 0.005046 0.036511 0.010092
0 0.059767 0.005392 0.037334 0.010783
0 0.937681 0.989342 0.044670 0.018993
0 0.991315 0.714804 0.016024 0.065773
0 0.877457 0.414209 0.066060 0.100362
0 0.875969 0.647364 0.043001 0.073879
0 0.958529 0.754371 0.070637 0.084357
0 0.991510 0.050581 0.015399 0.062366
0 0.492854 0.012748 0.037963 0.025371
0 0.692557 0.986518 0.047089 0.024382
0 0.435756 0.469344 0.045922 0.073006
0 0.011495 0.940237 0.022990 0.072775
0 0.917668 0.815942 0.050573 0.076721
0 0.843396 0.635981 0.053308 0.078326
0 0.869165 0.567775 0.044343 0.079023
0 0.402552 0.444845 0.055943 0.082625
0 0.483380 0.594848 0.042494 0.067509
0 0.884577 0.851476 0.052154 0.073209
0 0.812347 0.980538 0.047640 0.036151
0 0.496491 0.984611 0.046952 0.028131
0 0.117381 0.521910 0.049486 0.079739
0 0.443760 0.583512 0.044166 0.078126
0 0.544486 0.801663 0.054280 0.106660
0 0.567707 0.446439 0.045161 0.067098
0 0.976002 0.012100 0.044254 0.024193
0 0.885714 0.518051 0.046813 0.074412
0 0.064770 0.650626 0.049432 0.076257
0 0.470567 0.770527 0.048710 0.069872
0 0.592823 0.979769 0.052492 0.037720
0 0.099877 0.620394 0.046085 0.073610
0 0.465353 0.515021 0.054403 0.066956
0 0.101138 0.461662 0.057142 0.068134
0 0.622531 0.541577 0.046241 0.077068
0 0.423710 0.882916 0.064832 0.075502
0 0.441469 0.691615 0.050504 0.065328
0 0.540157 0.505162 0.043263 0.074217
0 0.588000 0.513690 0.051614 0.074344
0 0.970192 0.953108 0.054037 0.078960
0 0.210403 0.963602 0.046109 0.070480
0 0.398109 0.963389 0.051748 0.070211
0 0.428243 0.795982 0.052883 0.073669
0 0.450798 0.947142 0.045400 0.066638
0 0.408828 0.640792 0.048008 0.079523
0 0.683498 0.833441 0.044441 0.074748
0 0.770515 0.896040 0.043051 0.077473
0 0.940883 0.881146 0.051657 0.065320
0 0.177470 0.924037 0.051974 0.077185
0 0.551086 0.580240 0.053383 0.072776
0 0.302980 0.713937 0.049213 0.078981
0 0.843484 0.937764 0.058019 0.081071
0 0.049383 0.957597 0.051015 0.076145
0 0.051154 0.879153 0.053757 0.074571
0 0.483285 0.890724 0.050184 0.065124
0 0.602966 0.673699 0.049273 0.065279
0 0.581108 0.923960 0.044294 0.071013
0 0.030192 0.592325 0.053438 0.085214
0 0.337919 0.669515 0.050224 0.068580
0 0.131721 0.851551 0.050234 0.078451
0 0.728167 0.831827 0.047796 0.080810
0 0.815441 0.880040 0.048358 0.079943
0 0.304795 0.959903 0.060841 0.069141
0 0.059086 0.529739 0.048620 0.071438
0 0.201662 0.747145 0.043678 0.070239
0 0.235947 0.695035 0.048632 0.076780
0 0.696314 0.933535 0.048221 0.071585
0 0.181160 0.846867 0.047646 0.067548
0 0.385771 0.713707 0.047993 0.083552
0 0.120772 0.950435 0.051706 0.075521
0 0.985179 0.233488 0.027876 0.075367
0 0.750811 0.022470 0.055288 0.044940
0 0.233217 0.845304 0.043544 0.070807
0 0.256120 0.940095 0.047956 0.079297
0 0.247999 0.773522 0.058951 0.070964
0 0.214442 0.599768 0.052649 0.070095
0 0.835651 0.758702 0.047228 0.079802
0 0.445984 0.015761 0.048551 0.031520
0 0.970608 0.530387 0.048757 0.077113
0 0.716024 0.667667 0.056051 0.070047
0 0.083253 0.816344 0.047348 0.073188
0 0.333295 0.811282 0.046742 0.075419
0 0.630945 0.617010 0.047310 0.070986
0 0.639948 0.904669 0.054693 0.077818
0 0.602217 0.829299 0.052575 0.072062
0 0.820118 0.221019 0.049271 0.086233
0 0.155388 0.771542 0.049174 0.071891
0 0.780976 0.793947 0.047529 0.068330
0 0.709981 0.743093 0.050364 0.082349
0 0.920587 0.683566 0.045610 0.073808
0 0.185258 0.670139 0.053330 0.072907
0 0.529607 0.027163 0.042739 0.054302
0 0.198222 0.206917 0.047802 0.072865
0 0.785071 0.192235 0.053815 0.074614
0 0.654998 0.402603 0.050364 0.079894
0 0.579817 0.030717 0.051664 0.061354
0 0.434291 0.373423 0.054848 0.079497
0 0.782526 0.394537 0.046928 0.073182
0 0.764687 0.709135 0.045261 0.073013
0 0.697969 0.368363 0.050582 0.086702
0 0.698250 0.461851 0.049061 0.080995
0 0.368210 0.490938 0.049868 0.071565
0 0.045296 0.456557 0.050530 0.074178
0 0.047908 0.728104 0.050732 0.084157
0 0.208037 0.143662 0.055699 0.072538
0 0.679775 0.535072 0.049416 0.075281
0 0.154788 0.447130 0.045128 0.073502
0 0.111323 0.392977 0.048223 0.067986
0 0.182327 0.544027 0.053296 0.077067
0 0.019531 0.353929 0.039062 0.074018
0 0.246858 0.546418 0.050879 0.074346
0 0.551315 0.289026 0.061129 0.069083
0 0.811321 0.563207 0.048418 0.073593
0 0.603174 0.407609 0.050875 0.077879
0 0.312783 0.602265 0.056413 0.074546
0 0.195694 0.418695 0.047095 0.072842
0 0.745887 0.313767 0.048607 0.078638
0 0.292992 0.454518 0.052063 0.073758
0 0.544792 0.362358 0.055772 0.076822
0 0.805761 0.462485 0.048891 0.075774
0 0.761028 0.508243 0.056981 0.075963
0 0.686665 0.063900 0.048962 0.077317
0 0.733137 0.594593 0.047301 0.072064
0 0.023390 0.183642 0.046781 0.081950
0 0.796221 0.317215 0.047705 0.079717
0 0.249895 0.033980 0.052414 0.067954
0 0.227951 0.468151 0.049553 0.081772
0 0.191296 0.022781 0.056738 0.045563
0 0.033615 0.036580 0.052099 0.071221
0 0.975738 0.118121 0.046060 0.075168
0 0.463348 0.311267 0.048730 0.074563
0 0.063925 0.377741 0.045926 0.070055
0 0.580844 0.104723 0.050973 0.087261
0 0.411889 0.116190 0.047341 0.076674
0 0.626769 0.189943 0.044839 0.078886
0 0.635090 0.105165 0.051088 0.074338
0 0.027213 0.110233 0.051950 0.070064
0 0.574284 0.227286 0.048251 0.068836
0 0.320169 0.379314 0.049489 0.082473
0 0.686473 0.157236 0.047256 0.075782
0 0.821416 0.074386 0.050256 0.066370
0 0.181637 0.087581 0.052070 0.081538
0 0.264156 0.278632 0.049066 0.067185
0 0.920119 0.129426 0.049258 0.076418
0 0.374723 0.172952 0.049032 0.073174
0 0.753739 0.133394 0.049366 0.085979
0 0.518926 0.099044 0.045582 0.060917
0 0.970483 0.442724 0.050017 0.075534
0 0.301773 0.054536 0.048355 0.074790
0 0.094120 0.250713 0.043030 0.078028
0 0.682350 0.244274 0.055231 0.072790
0 0.947170 0.249869 0.046962 0.077063
0 0.961863 0.325349 0.049238 0.075901
0 0.907569 0.332225 0.045559 0.066903
0 0.133070 0.079458 0.044796 0.075348
0 0.270186 0.209116 0.057046 0.077086
0 0.355829 0.041583 0.053374 0.081718
0 0.431615 0.230596 0.048246 0.080569
0 0.924260 0.051519 0.049997 0.072172
0 0.095289 0.138007 0.050026 0.076423
0 0.375077 0.254358 0.054283 0.084472
0 0.893512 0.227066 0.052091 0.079917
0 0.259961 0.121971 0.049098 0.077052
0 0.457913 0.089936 0.050930 0.078523
0 0.131197 0.200119 0.047868 0.076787
0 0.130148 0.324814 0.050029 0.070552
0 0.500466 0.224752 0.047056 0.077324
0 0.202048 0.326776 0.052895 0.077311
0 0.869576 0.050253 0.050784 0.080407
1 0.295671 0.523242 0.044453 0.054827
2 0.413823 0.180572 0.021837 0.036949
3 0.516378 0.682956 0.100605 0.154946
2 0.733185 0.360548 0.016378 0.029797
2 0.826381 0.703814 0.020277 0.032181
2 0.659486 0.499404 0.023396 0.030989