0 0.939523 0.994371 0.034240 0.009629
0 0.143222 0.995050 0.037296 0.008569
0 0.002755 0.667264 0.005511 0.055590
0 0.535791 0.002754 0.033056 0.005507
0 0.993786 0.873775 0.010961 0.060401
0 0.996243 0.219647 0.006602 0.053651
0 0.997680 0.488569 0.004413 0.064389
0 0.003208 0.321768 0.006417 0.054561
0 0.088542 0.006146 0.036412 0.012279
0 0.304022 0.008330 0.048907 0.016661
0 0.589976 0.894442 0.042821 0.081355
0 0.588310 0.008857 0.042916 0.017694
0 0.993069 0.639043 0.012523 0.062390
0 0.038513 0.010904 0.048102 0.021807
0 0.858898 0.986744 0.044213 0.023471
0 0.010060 0.532336 0.020114 0.070171
0 0.982234 0.974403 0.033647 0.048197
0 0.011835 0.747126 0.023652 0.081069
0 0.371160 0.964524 0.042052 0.067570
0 0.693944 0.010666 0.043769 0.021317
0 0.559436 0.910390 0.050407 0.073190
0 0.407652 0.980510 0.052728 0.035836
0 0.325821 0.968768 0.051194 0.059267
0 0.988694 0.382069 0.020972 0.073275
0 0.339370 0.820109 0.046351 0.076797
0 0.391839 0.587111 0.042961 0.064437
0 0.135824 0.011870 0.044005 0.023740
0 0.567643 0.835431 0.047850 0.070680
0 0.772624 0.715103 0.043573 0.072798
0 0.012933 0.236120 0.025846 0.082628
0 0.779622 0.774208 0.051665 0.069828
0 0.166025 0.509170 0.052385 0.066925
0 0.024563 0.969378 0.049127 0.058116
0 0.810384 0.972503 0.052865 0.051879
0 0.431370 0.591647 0.048371 0.069031
0 0.986832 0.106573 0.024671 0.078290
0 0.538910 0.971922 0.053304 0.053027
0 0.288976 0.934204 0.047394 0.076758
0 0.079645 0.972551 0.053009 0.051809
0 0.979791 0.802955 0.038306 0.063994
0 0.370758 0.782751 0.050284 0.076933
0 0.970753 0.879657 0.050819 0.077716
0 0.334466 0.902039 0.051143 0.072743
0 0.976657 0.695923 0.044768 0.069939
0 0.802361 0.665865 0.044164 0.063283
0 0.922463 0.522753 0.055803 0.073446
0 0.112040 0.542287 0.044830 0.064292
0 0.023820 0.814561 0.047158 0.072793
0 0.661175 0.892861 0.047390 0.067868
0 0.103253 0.471256 0.047385 0.076300
0 0.099296 0.911341 0.048955 0.078184
0 0.142814 0.851946 0.050098 0.077974
0 0.449134 0.038708 0.049662 0.075522
0 0.040181 0.890016 0.049457 0.072312
0 0.920618 0.016140 0.050378 0.032281
0 0.470232 0.866165 0.051356 0.073759
0 0.730342 0.965791 0.048093 0.065356
0 0.078655 0.831517 0.062695 0.069609
0 0.976258 0.557852 0.045769 0.074975
0 0.639360 0.752193 0.052758 0.068315
0 0.382299 0.864131 0.048377 0.073041
0 0.608599 0.804948 0.044255 0.071561
0 0.621529 0.962443 0.051574 0.068817
0 0.907494 0.958890 0.057372 0.078077
0 0.498102 0.926573 0.055334 0.070929
0 0.197355 0.932045 0.056965 0.082826
0 0.768103 0.914877 0.058327 0.066528
0 0.487259 0.722771 0.045419 0.069695
0 0.799163 0.846661 0.056482 0.081929
0 0.097936 0.736110 0.049831 0.081927
0 0.485258 0.641054 0.048913 0.084638
0 0.531751 0.780587 0.054516 0.076254
0 0.677117 0.958937 0.054164 0.074915
0 0.887630 0.869105 0.052289 0.074731
0 0.196785 0.280492 0.041400 0.081139
0 0.269556 0.746585 0.047538 0.072805
0 0.050044 0.715751 0.044560 0.079657
0 0.835455 0.915355 0.050375 0.071075
0 0.080416 0.595610 0.041697 0.077356
0 0.593664 0.625640 0.049955 0.077948
0 0.934941 0.727829 0.044158 0.069104
0 0.248968 0.903055 0.053079 0.090861
0 0.940199 0.462832 0.053256 0.076475
0 0.192063 0.849364 0.055223 0.078609
0 0.313227 0.708142 0.052645 0.071309
0 0.622155 0.481002 0.058315 0.063845
0 0.173852 0.574423 0.050247 0.073710
0 0.363648 0.690210 0.052388 0.077082
0 0.237783 0.805747 0.054983 0.077009
0 0.151798 0.771397 0.056447 0.079651
0 0.028541 0.444628 0.056688 0.077129
0 0.386369 0.381705 0.041492 0.059716
0 0.212698 0.638001 0.049688 0.071260
0 0.028260 0.627374 0.055497 0.068170
0 0.346147 0.613653 0.049279 0.080590
0 0.448528 0.791912 0.053750 0.078218
0 0.137747 0.414219 0.055019 0.079651
0 0.258094 0.676295 0.051576 0.063981
0 0.660843 0.819676 0.052051 0.069972
0 0.736160 0.544104 0.048204 0.076679
0 0.495983 0.038251 0.049541 0.076302
0 0.762636 0.627339 0.051010 0.068261
0 0.139694 0.691759 0.056744 0.076208
0 0.131328 0.610682 0.047730 0.073498
0 0.849737 0.564399 0.055938 0.072902
0 0.628773 0.680844 0.053890 0.075172
0 0.169548 0.345670 0.049533 0.081305
0 0.856974 0.728122 0.050228 0.075591
0 0.246614 0.545978 0.054981 0.069050
0 0.723302 0.850624 0.052081 0.071291
0 0.848218 0.648919 0.047107 0.079245
0 0.538190 0.697967 0.056140 0.076963
0 0.557502 0.586696 0.045843 0.072582
0 0.525440 0.440135 0.049188 0.078324
0 0.848202 0.805857 0.050953 0.072462
0 0.064778 0.392771 0.052061 0.079731
0 0.458455 0.523365 0.044160 0.082303
0 0.827857 0.493435 0.053382 0.077097
0 0.419797 0.719802 0.058667 0.080190
0 0.507594 0.572732 0.051917 0.071463
0 0.361720 0.525168 0.053226 0.078508
0 0.892961 0.426835 0.046065 0.077728
0 0.787280 0.553805 0.054703 0.087014
0 0.177294 0.204789 0.047877 0.072563
0 0.681910 0.683360 0.048297 0.076396
0 0.658340 0.276057 0.047178 0.073213
0 0.894576 0.642167 0.041402 0.074814
0 0.275184 0.606484 0.051450 0.075144
0 0.743450 0.022800 0.052358 0.045601
0 0.940906 0.612857 0.054638 0.075718
0 0.842580 0.030767 0.048470 0.061535
0 0.709421 0.608501 0.050941 0.075494
0 0.221388 0.351034 0.050634 0.065482
0 0.843721 0.422275 0.047635 0.071336
0 0.368439 0.445898 0.048670 0.072616
0 0.723311 0.724279 0.050676 0.086303
0 0.037004 0.309391 0.048682 0.064752
0 0.926697 0.800161 0.049908 0.068476
0 0.676313 0.459726 0.045689 0.073567
0 0.283596 0.495162 0.046286 0.066912
0 0.564433 0.494702 0.051045 0.079424
0 0.656170 0.576825 0.054634 0.082762
0 0.238775 0.032661 0.062910 0.065322
0 0.703758 0.326046 0.054361 0.079731
0 0.135423 0.171893 0.052686 0.077217
0 0.739202 0.458147 0.054199 0.073585
0 0.745641 0.380874 0.052904 0.071832
0 0.235269 0.239855 0.050561 0.074629
0 0.766942 0.313980 0.049773 0.068554
0 0.096456 0.114566 0.051888 0.077534
0 0.553830 0.378071 0.047023 0.067852
0 0.115814 0.273726 0.061129 0.075350
0 0.257642 0.428334 0.051962 0.081916
0 0.423426 0.422029 0.044944 0.089735
0 0.258939 0.166306 0.047251 0.079075
0 0.252197 0.091942 0.055389 0.066202
0 0.805422 0.084233 0.054589 0.078169
0 0.328607 0.055505 0.048742 0.089961
0 0.936595 0.382031 0.052771 0.072432
0 0.076414 0.225761 0.048637 0.079246
0 0.196996 0.128785 0.048892 0.085724
0 0.720887 0.209069 0.049091 0.073781
0 0.459991 0.326034 0.046431 0.073898
0 0.968219 0.179298 0.053658 0.075480
0 0.398726 0.190014 0.052117 0.067121
0 0.514305 0.272450 0.047652 0.076266
0 0.488894 0.208499 0.053213 0.078872
0 0.613951 0.168504 0.047307 0.075124
0 0.953826 0.303391 0.050805 0.065985
0 0.905207 0.258462 0.047472 0.080683
0 0.615490 0.075167 0.054766 0.070536
0 0.582286 0.266206 0.050399 0.075286
0 0.743065 0.086865 0.053620 0.074404
0 0.666250 0.197018 0.056850 0.078773
0 0.549856 0.143121 0.062175 0.059791
0 0.441110 0.149927 0.055808 0.071313
0 0.395492 0.101691 0.047975 0.078216
0 0.762439 0.158803 0.054861 0.074297
0 0.666463 0.047718 0.050675 0.074813
0 0.797282 0.240811 0.053558 0.080684
0 0.341187 0.139768 0.057817 0.078750
0 0.921917 0.124893 0.059472 0.072454
1 0.349873 0.345054 0.045233 0.056019
1 0.426691 0.914779 0.039774 0.084625
2 0.220412 0.414184 0.034315 0.046484
2 0.121757 0.326579 0.021057 0.028605
2 0.107719 0.658522 0.016378 0.022646
2 0.192726 0.763409 0.019497 0.029797
2 0.716417 0.411800 0.015598 0.025030