0 0.904655 0.995264 0.035625 0.007926
0 0.184210 0.994571 0.035002 0.009132
0 0.095160 0.993849 0.039489 0.010192
0 0.992820 0.737424 0.012739 0.070959
0 0.009206 0.778383 0.018412 0.075532
0 0.136041 0.902313 0.052155 0.071667
0 0.705743 0.825066 0.047140 0.082748
0 0.989829 0.211886 0.018621 0.063406
0 0.132438 0.839710 0.047448 0.070710
0 0.009857 0.056872 0.019695 0.082012
0 0.605634 0.985126 0.054747 0.026784
0 0.737283 0.793812 0.041938 0.075496
0 0.019562 0.971569 0.039125 0.053672
0 0.470321 0.625211 0.038682 0.071545
0 0.018103 0.249422 0.036159 0.084968
0 0.716496 0.912631 0.043496 0.079396
0 0.492681 0.667701 0.045084 0.066314
0 0.555062 0.011648 0.051081 0.023295
0 0.985986 0.631250 0.026108 0.078109
0 0.015085 0.860659 0.030170 0.077989
0 0.745883 0.974625 0.045039 0.047783
0 0.832157 0.349191 0.037984 0.064421
0 0.694289 0.975823 0.049863 0.045173
0 0.406344 0.978479 0.051206 0.039951
0 0.861817 0.778318 0.050881 0.076508
0 0.940025 0.972948 0.050892 0.051136
0 0.481246 0.471341 0.055209 0.075666
0 0.019548 0.546849 0.039096 0.086618
0 0.981659 0.901863 0.034793 0.068201
0 0.625882 0.543426 0.046489 0.078404
0 0.264969 0.551771 0.045279 0.080044
0 0.017077 0.641427 0.034153 0.076272
0 0.984393 0.320775 0.029290 0.080085
0 0.153932 0.770848 0.044680 0.079640
0 0.153799 0.967194 0.051043 0.062800
0 0.788573 0.369278 0.052632 0.086725
0 0.190587 0.893994 0.054750 0.074054
0 0.617606 0.477260 0.046867 0.071250
0 0.277622 0.965486 0.061358 0.065779
0 0.384124 0.635783 0.050583 0.075698
0 0.935081 0.907676 0.054015 0.070751
0 0.855173 0.952218 0.050127 0.075227
0 0.353002 0.832058 0.046013 0.068593
0 0.774447 0.425834 0.048896 0.076876
0 0.107005 0.779332 0.044933 0.077538
0 0.756961 0.896790 0.051104 0.077750
0 0.769549 0.640406 0.054382 0.078751
0 0.799319 0.808879 0.049615 0.080883
0 0.935087 0.651166 0.051273 0.080645
0 0.897303 0.618345 0.050421 0.079642
0 0.848457 0.301133 0.045257 0.070887
0 0.611362 0.705187 0.045265 0.076319
0 0.209149 0.833641 0.050420 0.068472
0 0.468187 0.549157 0.051036 0.075351
0 0.385495 0.020216 0.043615 0.040433
0 0.042801 0.291874 0.045155 0.073747
0 0.759133 0.724309 0.052508 0.077286
0 0.058214 0.877487 0.050773 0.076476
0 0.900842 0.720157 0.044011 0.076402
0 0.333363 0.901549 0.050169 0.074922
0 0.547100 0.329041 0.058380 0.076675
0 0.447070 0.846094 0.051566 0.068852
0 0.901117 0.832541 0.048840 0.085502
0 0.090513 0.943096 0.056827 0.082790
0 0.664574 0.926731 0.047739 0.074282
0 0.868619 0.190661 0.048159 0.079137
0 0.983932 0.135291 0.030312 0.078778
0 0.482419 0.922261 0.044277 0.068315
0 0.630201 0.627849 0.054068 0.075961
0 0.823952 0.169009 0.052121 0.077330
0 0.347215 0.491272 0.042705 0.072967
0 0.949997 0.812341 0.045367 0.071804
0 0.254299 0.683105 0.050076 0.084538
0 0.605614 0.930412 0.045582 0.072581
0 0.520625 0.546512 0.045672 0.070983
0 0.947359 0.734342 0.044211 0.077716
0 0.525305 0.725630 0.052638 0.078665
0 0.671414 0.706539 0.050461 0.083776
0 0.482761 0.780160 0.053563 0.081822
0 0.689504 0.024274 0.048274 0.048484
0 0.427535 0.594717 0.046506 0.083120
0 0.735459 0.579673 0.050934 0.084267
0 0.609345 0.792873 0.046961 0.069859
0 0.879829 0.542213 0.054153 0.079227
0 0.835449 0.581909 0.053512 0.080304
0 0.371171 0.414896 0.046893 0.080389
0 0.363030 0.752445 0.049524 0.077564
0 0.514693 0.416104 0.058396 0.078521
0 0.552908 0.944853 0.055145 0.077717
0 0.772144 0.520198 0.051631 0.081012
0 0.813264 0.699987 0.053242 0.086142
0 0.290568 0.487047 0.050417 0.084848
0 0.416901 0.917720 0.048899 0.073663
0 0.405209 0.712661 0.048893 0.077954
0 0.956402 0.355230 0.049705 0.080635
0 0.914089 0.405355 0.048340 0.078908
0 0.946118 0.542361 0.047628 0.078963
0 0.293250 0.729099 0.053411 0.077354
0 0.303680 0.812454 0.051921 0.085525
0 0.625944 0.130847 0.047072 0.072801
0 0.306891 0.583318 0.046994 0.077888
0 0.542693 0.620608 0.053895 0.083175
0 0.479306 0.352318 0.051535 0.076279
0 0.136543 0.450275 0.053119 0.077572
0 0.335222 0.028041 0.049668 0.056082
0 0.206116 0.758865 0.055098 0.074566
0 0.814211 0.249045 0.052890 0.081851
0 0.761989 0.222250 0.049284 0.079135
0 0.165994 0.687573 0.045714 0.079430
0 0.051962 0.778455 0.046767 0.075109
0 0.793881 0.027149 0.046927 0.054299
0 0.745036 0.036916 0.046084 0.073832
0 0.521122 0.257639 0.050820 0.083192
0 0.859853 0.461204 0.046793 0.079309
0 0.324415 0.288962 0.044847 0.074852
0 0.362865 0.334449 0.048936 0.071031
0 0.466930 0.275768 0.049203 0.071428
0 0.920308 0.026317 0.050737 0.052549
0 0.113634 0.667498 0.047516 0.085813
0 0.952561 0.456709 0.050892 0.082097
0 0.386782 0.539751 0.048683 0.075678
0 0.626579 0.212614 0.053914 0.079728
0 0.477420 0.123886 0.050084 0.071826
0 0.130714 0.212196 0.045840 0.072850
0 0.062862 0.690283 0.051626 0.078225
0 0.032322 0.463387 0.052457 0.083420
0 0.664808 0.085487 0.049881 0.087947
0 0.744508 0.146555 0.054552 0.079908
0 0.457410 0.193809 0.049847 0.070372
0 0.066350 0.572455 0.053771 0.074420
0 0.668849 0.472394 0.050781 0.090492
0 0.431843 0.031158 0.047557 0.062316
0 0.536131 0.061725 0.048058 0.081500
0 0.593615 0.274578 0.045455 0.074212
0 0.683021 0.388025 0.053969 0.069208
0 0.689945 0.158170 0.049708 0.083625
0 0.880384 0.109290 0.047896 0.077224
0 0.803823 0.092681 0.051991 0.073799
0 0.237946 0.149902 0.043779 0.071248
0 0.063391 0.388641 0.051051 0.080635
0 0.583089 0.083936 0.047769 0.086907
0 0.135731 0.039605 0.053556 0.078991
0 0.572970 0.175810 0.049553 0.080297
0 0.103438 0.510892 0.053479 0.073229
0 0.681617 0.286529 0.053646 0.076023
0 0.281394 0.106836 0.048288 0.079275
0 0.102020 0.112426 0.047960 0.076458
0 0.064157 0.060725 0.048774 0.078101
0 0.747883 0.315268 0.053833 0.081709
0 0.425659 0.103726 0.049151 0.073710
0 0.165488 0.281221 0.047419 0.073544
0 0.414598 0.302174 0.050964 0.076514
0 0.906657 0.288910 0.047752 0.078709
0 0.956735 0.257160 0.050403 0.078503
0 0.196733 0.193003 0.048186 0.070793
0 0.298779 0.203512 0.050805 0.072734
0 0.371843 0.209327 0.055801 0.073113
0 0.065497 0.217856 0.054881 0.081770
0 0.170642 0.367731 0.051695 0.076728
0 0.946310 0.094004 0.046751 0.075254
0 0.151266 0.143647 0.046826 0.082160
0 0.191459 0.492341 0.050985 0.085625
0 0.256598 0.367921 0.053153 0.088477
1 0.420452 0.425507 0.046013 0.061979
2 0.372879 0.103099 0.027296 0.041716
2 0.546793 0.891538 0.022617 0.030989