0 0.002276 0.483459 0.004553 0.056748
0 0.990779 0.609829 0.017329 0.043169
0 0.402451 0.994633 0.035121 0.009600
0 0.902086 0.991001 0.025095 0.015585
0 0.997229 0.696368 0.005169 0.053171
0 0.995777 0.828859 0.007699 0.042373
0 0.976175 0.650548 0.046099 0.072647
0 0.867620 0.003709 0.028133 0.007418
0 0.149942 0.003492 0.031348 0.006983
0 0.986817 0.546863 0.025056 0.071407
0 0.995977 0.276816 0.007433 0.057449
0 0.003666 0.099146 0.007332 0.062253
0 0.859301 0.481563 0.045794 0.072139
0 0.607252 0.011541 0.053118 0.023081
0 0.839183 0.444172 0.061441 0.069243
0 0.977048 0.502767 0.044309 0.068101
0 0.166030 0.115260 0.049080 0.071276
0 0.029324 0.376097 0.047574 0.073348
0 0.189786 0.079353 0.044721 0.063642
0 0.124717 0.989946 0.042159 0.017550
0 0.054850 0.343563 0.045002 0.074257
0 0.361899 0.006702 0.037088 0.013404
0 0.820811 0.990031 0.043414 0.017241
0 0.048340 0.987249 0.046684 0.022707
0 0.873996 0.373659 0.050358 0.075842
0 0.220243 0.987403 0.047582 0.022515
0 0.009039 0.878083 0.018078 0.067904
0 0.596969 0.041096 0.049277 0.072848
0 0.845558 0.635641 0.048111 0.068934
0 0.300555 0.422258 0.046125 0.079076
0 0.902816 0.336476 0.052000 0.073986
0 0.709578 0.987384 0.043548 0.022530
0 0.708647 0.668186 0.053239 0.062763
0 0.345677 0.140682 0.048182 0.078072
0 0.865159 0.290394 0.046462 0.068758
0 0.346576 0.986273 0.048759 0.024620
0 0.321747 0.366373 0.049644 0.069505
0 0.497250 0.346761 0.048369 0.073247
0 0.560244 0.459725 0.047277 0.073914
0 0.198855 0.012858 0.049658 0.025717
0 0.707750 0.734070 0.045324 0.078710
0 0.372219 0.101491 0.048588 0.072924
0 0.858544 0.575876 0.048837 0.078162
0 0.542034 0.328088 0.045691 0.083965
0 0.464408 0.372291 0.049724 0.076865
0 0.869578 0.976692 0.047356 0.043772
0 0.981141 0.427023 0.036035 0.075301
0 0.816070 0.316247 0.045785 0.070790
0 0.981360 0.765222 0.035620 0.088401
0 0.015925 0.956083 0.031849 0.077810
0 0.537053 0.527502 0.040773 0.072105
0 0.987054 0.075665 0.024069 0.075420
0 0.576117 0.401876 0.050607 0.071294
0 0.019642 0.554853 0.039284 0.081030
0 0.437980 0.971811 0.052149 0.053532
0 0.780909 0.364377 0.049301 0.073706
0 0.501902 0.438554 0.040628 0.075940
0 0.469968 0.920590 0.041210 0.070669
0 0.481273 0.508459 0.047855 0.077487
0 0.388959 0.766620 0.044472 0.081220
0 0.330811 0.225837 0.053399 0.071504
0 0.483715 0.808209 0.050753 0.070265
0 0.906257 0.465280 0.047568 0.071627
0 0.575593 0.277550 0.048327 0.073807
0 0.376742 0.197328 0.052361 0.078286
0 0.267780 0.962091 0.051170 0.072562
0 0.526972 0.713861 0.047400 0.073806
0 0.976983 0.883251 0.044220 0.086199
0 0.057255 0.216301 0.049842 0.077024
0 0.336990 0.807161 0.047839 0.082875
0 0.344227 0.463997 0.048386 0.071734
0 0.757440 0.969882 0.050506 0.057228
0 0.581206 0.555757 0.052245 0.077027
0 0.332185 0.299584 0.057579 0.070662
0 0.708510 0.015364 0.053429 0.030729
0 0.556298 0.647389 0.054334 0.091116
0 0.382897 0.374878 0.047747 0.074829
0 0.848209 0.240446 0.050119 0.066718
0 0.419506 0.330968 0.056494 0.077626
0 0.560933 0.759111 0.045442 0.075418
0 0.944260 0.968710 0.047518 0.059998
0 0.021588 0.639645 0.043176 0.075992
0 0.070535 0.064588 0.047481 0.067485
0 0.768626 0.290148 0.051106 0.072570
0 0.651577 0.364114 0.055816 0.108103
0 0.122769 0.344962 0.049142 0.078086
0 0.017979 0.244892 0.035959 0.086358
0 0.631891 0.137052 0.057705 0.072485
0 0.367600 0.596984 0.051867 0.070807
0 0.604767 0.791901 0.057102 0.069669
0 0.111106 0.487878 0.044714 0.089973
0 0.376234 0.521030 0.050271 0.078726
0 0.689303 0.172278 0.050757 0.063544
0 0.332635 0.655665 0.047813 0.079879
0 0.312541 0.885943 0.052527 0.083016
0 0.604210 0.707611 0.047808 0.076657
0 0.773108 0.904256 0.051596 0.073781
0 0.862626 0.705069 0.048385 0.073905
0 0.689920 0.610214 0.054723 0.068125
0 0.430858 0.522604 0.049393 0.083216
0 0.249529 0.791480 0.052908 0.076211
0 0.745430 0.135990 0.048882 0.074351
0 0.818482 0.776588 0.050420 0.079604
0 0.974099 0.314238 0.048279 0.073964
0 0.509226 0.962315 0.047705 0.072113
0 0.232820 0.509369 0.059538 0.070997
0 0.761659 0.825557 0.048144 0.080948
0 0.573629 0.940715 0.046208 0.072255
0 0.446410 0.597489 0.046470 0.075986
0 0.495267 0.174086 0.049173 0.075615
0 0.641416 0.250822 0.047028 0.077104
0 0.408936 0.918437 0.050741 0.075445
0 0.872183 0.914239 0.048044 0.068032
0 0.711835 0.816658 0.045433 0.069860
0 0.356347 0.933529 0.047558 0.073969
0 0.596459 0.872479 0.050149 0.079263
0 0.459463 0.743076 0.052786 0.072394
0 0.936048 0.768223 0.049196 0.089029
0 0.823397 0.934723 0.044177 0.076270
0 0.160866 0.747464 0.044847 0.070814
0 0.630380 0.935060 0.047600 0.072210
0 0.430898 0.678626 0.045705 0.072569
0 0.889338 0.819120 0.053936 0.084852
0 0.683576 0.285209 0.053241 0.075759
0 0.235519 0.043745 0.053340 0.069665
0 0.777655 0.593955 0.050276 0.075414
0 0.533186 0.232877 0.044831 0.083175
0 0.505723 0.877374 0.051919 0.077768
0 0.935511 0.412132 0.048809 0.074801
0 0.228566 0.137082 0.050575 0.080106
0 0.596549 0.211219 0.050744 0.077388
0 0.579427 0.123276 0.047289 0.085305
0 0.224045 0.583182 0.048468 0.075885
0 0.176974 0.672299 0.053251 0.084755
0 0.218555 0.266964 0.046528 0.086336
0 0.912834 0.579886 0.052922 0.077552
0 0.831909 0.077155 0.048895 0.086006
0 0.380063 0.684960 0.047320 0.075644
0 0.088723 0.959087 0.054142 0.073057
0 0.660327 0.757330 0.048621 0.081634
0 0.056387 0.503906 0.053817 0.084536
0 0.104378 0.026096 0.049943 0.052192
0 0.405606 0.252334 0.051531 0.077075
0 0.273224 0.195358 0.047199 0.071098
0 0.463708 0.099038 0.048510 0.077146
0 0.529005 0.122133 0.046154 0.088966
0 0.787196 0.694872 0.051612 0.080149
0 0.682191 0.920215 0.049402 0.088233
0 0.913780 0.263214 0.049715 0.067704
0 0.165064 0.382858 0.046453 0.076009
0 0.299932 0.115144 0.044548 0.074366
0 0.461324 0.252208 0.048096 0.076527
0 0.282275 0.726395 0.052301 0.088167
0 0.118828 0.704993 0.044870 0.072654
0 0.069067 0.136961 0.058139 0.068440
0 0.138593 0.189342 0.056735 0.077329
0 0.248942 0.874299 0.053697 0.079566
0 0.796245 0.219787 0.051387 0.080096
0 0.232576 0.685633 0.051633 0.082018
0 0.276566 0.285319 0.049378 0.082535
0 0.170133 0.291812 0.047626 0.071376
0 0.184715 0.469598 0.050833 0.078660
0 0.065375 0.850996 0.051703 0.076554
0 0.033071 0.019628 0.053190 0.039256
0 0.283038 0.553884 0.052607 0.076338
0 0.130419 0.618823 0.054564 0.076564
0 0.817258 0.020668 0.053308 0.041337
0 0.098701 0.270001 0.057052 0.079157
0 0.290661 0.030073 0.051075 0.060146
0 0.413943 0.062264 0.050861 0.078644
0 0.779048 0.085313 0.051853 0.076554
0 0.522981 0.026431 0.047823 0.052861
0 0.073738 0.619466 0.050934 0.074851
0 0.694679 0.099354 0.048814 0.073693
0 0.737089 0.470713 0.058292 0.083547
0 0.112488 0.793092 0.048494 0.072889
0 0.731181 0.222475 0.051441 0.079048
0 0.838800 0.157120 0.056702 0.075865
0 0.905473 0.026668 0.047711 0.053327
0 0.151824 0.902452 0.059011 0.093973
0 0.958792 0.033392 0.052068 0.066784
0 0.885032 0.090113 0.043627 0.076021
0 0.956307 0.144541 0.051329 0.077711
1 0.232890 0.378427 0.057711 0.056019
1 0.136185 0.536949 0.060831 0.072706
1 0.388087 0.844458 0.059271 0.067938
1 0.605674 0.628129 0.046793 0.073897
3 0.641342 0.483319 0.126062 0.127606