0 0.002733 0.432845 0.005465 0.065982
0 0.866206 0.995147 0.037068 0.008851
0 0.996351 0.906475 0.006306 0.056999
0 0.319185 0.002971 0.035781 0.005942
0 0.002518 0.155501 0.005037 0.060236
0 0.697247 0.992726 0.035563 0.012483
0 0.007297 0.980458 0.014593 0.036472
0 0.406602 0.007066 0.039091 0.014133
0 0.812560 0.989333 0.045347 0.018551
0 0.511297 0.006403 0.040159 0.012806
0 0.974270 0.009893 0.049349 0.019787
0 0.234257 0.988691 0.046445 0.020312
0 0.985447 0.967491 0.027584 0.062309
0 0.010766 0.719887 0.021496 0.066494
0 0.009939 0.831849 0.019854 0.065383
0 0.989536 0.164538 0.019671 0.068507
0 0.314960 0.963742 0.053151 0.069432
0 0.761229 0.015677 0.051021 0.031351
0 0.017569 0.068834 0.035132 0.084576
0 0.341146 0.922958 0.051674 0.075959
0 0.633116 0.599824 0.050546 0.073410
0 0.475214 0.976641 0.045640 0.044014
0 0.018603 0.558891 0.037204 0.078701
0 0.652432 0.448254 0.055456 0.094263
0 0.624613 0.680219 0.051619 0.076343
0 0.670966 0.636841 0.047824 0.076453
0 0.656324 0.739967 0.050815 0.080985
0 0.641071 0.521292 0.045742 0.074153
0 0.700647 0.689616 0.047441 0.078904
0 0.906266 0.967165 0.052484 0.063246
0 0.529300 0.713399 0.050634 0.082453
0 0.658187 0.821326 0.052303 0.076668
0 0.159058 0.107805 0.046871 0.081091
0 0.857292 0.847504 0.051263 0.059539
0 0.697919 0.264757 0.044449 0.079944
0 0.575754 0.810639 0.051771 0.070824
0 0.095074 0.025576 0.041471 0.051152
0 0.047991 0.031278 0.045247 0.062555
0 0.777768 0.957721 0.053512 0.078009
0 0.023766 0.647397 0.047531 0.079435
0 0.427051 0.956282 0.050427 0.083431
0 0.978708 0.796320 0.041461 0.085998
0 0.978170 0.673265 0.042397 0.071812
0 0.134730 0.048787 0.051083 0.078638
0 0.610558 0.967264 0.051054 0.063186
0 0.047106 0.501894 0.047714 0.071742
0 0.190186 0.153004 0.054849 0.079309
0 0.721434 0.753694 0.050076 0.071984
0 0.697787 0.482800 0.053469 0.081922
0 0.166422 0.890231 0.056976 0.079758
0 0.501036 0.915165 0.044338 0.071588
0 0.575190 0.731259 0.048695 0.080941
0 0.453935 0.887700 0.050663 0.073071
0 0.399242 0.763971 0.050506 0.076626
0 0.376363 0.879687 0.054558 0.085469
0 0.257783 0.915372 0.049368 0.081819
0 0.726125 0.933401 0.051074 0.084230
0 0.180746 0.676479 0.052065 0.077218
0 0.207734 0.925865 0.052102 0.077723
0 0.817548 0.801898 0.052123 0.074157
0 0.211112 0.216059 0.053152 0.084333
0 0.973784 0.595475 0.050439 0.079568
0 0.083213 0.103158 0.057550 0.079738
0 0.708510 0.850446 0.056331 0.076126
0 0.282411 0.033851 0.052459 0.067702
0 0.055642 0.887982 0.051960 0.077079
0 0.044245 0.745561 0.051503 0.079724
0 0.845223 0.930294 0.057863 0.081700
0 0.977849 0.231452 0.042999 0.072465
0 0.338409 0.114291 0.048818 0.078294
0 0.356186 0.023330 0.045773 0.046661
0 0.171295 0.806775 0.050508 0.079866
0 0.410426 0.685916 0.051452 0.075616
0 0.442274 0.811010 0.056580 0.071614
0 0.869499 0.183900 0.050360 0.077139
0 0.723124 0.042302 0.053102 0.083571
0 0.275799 0.837836 0.054439 0.080508
0 0.563205 0.889485 0.054113 0.082752
0 0.816877 0.033418 0.053340 0.066837
0 0.110422 0.923211 0.051908 0.084648
0 0.596689 0.550130 0.052546 0.081026
0 0.206164 0.742558 0.048456 0.081311
0 0.357640 0.718585 0.050595 0.072960
0 0.240372 0.075384 0.055250 0.089498
0 0.092774 0.772115 0.052615 0.074503
0 0.490495 0.670372 0.053597 0.079128
0 0.709461 0.407325 0.054769 0.075611
0 0.452161 0.025675 0.049084 0.051350
0 0.602825 0.037348 0.059620 0.074697
0 0.851789 0.717845 0.048610 0.071308
0 0.903695 0.773220 0.049487 0.070670
0 0.720681 0.332934 0.055060 0.074923
0 0.406420 0.061074 0.050058 0.078318
0 0.266738 0.197193 0.057209 0.087928
0 0.291057 0.727436 0.054714 0.077030
0 0.542949 0.581780 0.051655 0.077986
0 0.923462 0.579058 0.058696 0.081543
0 0.826132 0.141462 0.050952 0.076777
0 0.755913 0.125234 0.044524 0.065390
0 0.119474 0.699304 0.054451 0.085606
0 0.555774 0.255489 0.049782 0.082633
0 0.532158 0.481560 0.052941 0.082374
0 0.329339 0.607428 0.050508 0.077822
0 0.075125 0.559438 0.053041 0.081477
0 0.260585 0.652384 0.046380 0.074769
0 0.938454 0.497892 0.052274 0.077833
0 0.600502 0.112341 0.055354 0.076038
0 0.907931 0.429778 0.049491 0.075566
0 0.763932 0.511459 0.059869 0.067917
0 0.503711 0.248744 0.050175 0.083440
0 0.751066 0.658441 0.052992 0.083091
0 0.845190 0.440901 0.054881 0.076367
0 0.262514 0.283906 0.046250 0.074433
0 0.384045 0.622049 0.050288 0.076526
0 0.367676 0.174273 0.047207 0.083613
0 0.030580 0.429780 0.056903 0.081412
0 0.150138 0.615868 0.056706 0.078437
0 0.866793 0.636521 0.054641 0.081929
0 0.357210 0.288647 0.048623 0.071741
0 0.553919 0.167740 0.053229 0.083151
0 0.741474 0.237392 0.051006 0.081663
0 0.294611 0.548070 0.054047 0.075500
0 0.512165 0.381310 0.047135 0.077708
0 0.706278 0.133240 0.052515 0.077310
0 0.576564 0.401622 0.056216 0.088833
0 0.187797 0.363255 0.044171 0.069705
0 0.947659 0.365340 0.053121 0.079152
0 0.834555 0.522787 0.055548 0.082381
0 0.334830 0.450264 0.054572 0.079979
0 0.857834 0.364239 0.052731 0.078998
0 0.223106 0.564895 0.052321 0.081817
0 0.256965 0.401477 0.050084 0.081777
0 0.143767 0.502675 0.054636 0.082753
0 0.455375 0.372731 0.052386 0.080502
0 0.779889 0.322909 0.052659 0.081645
1 0.393156 0.477354 0.050692 0.065554
3 0.926985 0.134684 0.107624 0.131108
2 0.808443 0.896305 0.031195 0.042908
2 0.903979 0.914184 0.019497 0.030989