0 0.002371 0.205644 0.004734 0.055246
0 0.002847 0.638992 0.005694 0.041260
0 0.783000 0.993292 0.039094 0.011235
0 0.995453 0.131687 0.007682 0.047548
0 0.003854 0.533264 0.007708 0.053616
0 0.994734 0.477755 0.009027 0.054233
0 0.004975 0.710726 0.009950 0.062936
0 0.993221 0.037982 0.012092 0.064829
0 0.119387 0.007253 0.042063 0.014505
0 0.991872 0.865192 0.014668 0.067652
0 0.992033 0.328987 0.014191 0.070969
0 0.853297 0.010040 0.044096 0.020081
0 0.714330 0.987287 0.045301 0.022529
0 0.010503 0.386649 0.021006 0.075355
0 0.042239 0.983016 0.042801 0.030992
0 0.594279 0.981329 0.041008 0.034431
0 0.248710 0.512464 0.048238 0.067553
0 0.281882 0.488727 0.048648 0.071484
0 0.986319 0.248618 0.025438 0.074883
0 0.481444 0.901343 0.051381 0.063382
0 0.296807 0.013134 0.045086 0.026268
0 0.975043 0.957501 0.047981 0.077312
0 0.438020 0.782843 0.055841 0.064440
0 0.176783 0.976169 0.052492 0.044635
0 0.652161 0.655793 0.049289 0.067269
0 0.472070 0.017709 0.046832 0.035419
0 0.928957 0.704374 0.056739 0.067508
0 0.424763 0.352465 0.056324 0.064008
0 0.480380 0.824226 0.054768 0.075216
0 0.482067 0.539487 0.049650 0.077874
0 0.926344 0.636140 0.060119 0.073485
0 0.600947 0.702683 0.049746 0.089028
0 0.977128 0.736289 0.043735 0.079881
0 0.408735 0.273067 0.045659 0.079452
0 0.642869 0.844318 0.052246 0.080686
0 0.027012 0.931847 0.045067 0.072908
0 0.103337 0.822257 0.050109 0.077846
0 0.973427 0.435574 0.050964 0.073089
0 0.547943 0.956478 0.046810 0.073521
0 0.022862 0.022446 0.045723 0.044893
0 0.970673 0.517409 0.049566 0.076194
0 0.602221 0.607246 0.047084 0.071603
0 0.612790 0.783543 0.050756 0.073386
0 0.023492 0.277937 0.046983 0.065876
0 0.328522 0.543607 0.047580 0.066529
0 0.457027 0.283094 0.049251 0.078288
0 0.022304 0.602058 0.044093 0.077009
0 0.488456 0.218056 0.050439 0.084781
0 0.190823 0.669525 0.048897 0.077138
0 0.184553 0.595324 0.048053 0.066853
0 0.134022 0.940959 0.051412 0.070456
0 0.304728 0.617373 0.053168 0.073144
0 0.238116 0.866480 0.050200 0.072853
0 0.567177 0.416568 0.044411 0.068435
0 0.052958 0.801651 0.044224 0.066142
0 0.701578 0.679758 0.049285 0.077181
0 0.667196 0.957242 0.051111 0.075265
0 0.282892 0.960426 0.048781 0.075240
0 0.528578 0.583683 0.053415 0.079080
0 0.456033 0.709505 0.049268 0.079428
0 0.521222 0.492014 0.050343 0.078531
0 0.165079 0.178367 0.057664 0.070804
0 0.674073 0.506244 0.051013 0.085958
0 0.651023 0.580055 0.048424 0.077752
0 0.720382 0.899975 0.051574 0.068579
0 0.060653 0.523119 0.045202 0.093966
0 0.453082 0.626834 0.049581 0.071111
0 0.137590 0.716007 0.055112 0.077005
0 0.972152 0.596737 0.051626 0.071650
0 0.206587 0.925585 0.054695 0.077005
0 0.425334 0.423727 0.052657 0.073109
0 0.716811 0.347747 0.055038 0.075569
0 0.921896 0.906488 0.058944 0.081307
0 0.348075 0.939255 0.048954 0.077399
0 0.530383 0.858923 0.059355 0.083793
0 0.307906 0.342444 0.049299 0.067530
0 0.731676 0.623392 0.051169 0.072875
0 0.975774 0.170522 0.046515 0.074017
0 0.777578 0.759090 0.048058 0.077406
0 0.550102 0.662775 0.055892 0.084593
0 0.107976 0.488975 0.048091 0.079145
0 0.088666 0.904872 0.050378 0.075946
0 0.827952 0.731419 0.052119 0.076163
0 0.233557 0.584477 0.047761 0.078007
0 0.808448 0.513746 0.045086 0.066269
0 0.534578 0.353766 0.048940 0.086240
0 0.391754 0.866046 0.051575 0.081966
0 0.963638 0.830491 0.049181 0.079836
0 0.317204 0.753756 0.048917 0.077612
0 0.112704 0.646907 0.050661 0.077695
0 0.589547 0.534008 0.048025 0.069711
0 0.294335 0.878870 0.049794 0.082540
0 0.592505 0.202462 0.052199 0.079523
0 0.740166 0.550363 0.053506 0.069140
0 0.040513 0.725911 0.045498 0.078964
0 0.881465 0.768368 0.048269 0.076326
0 0.545325 0.249963 0.058047 0.083758
0 0.745247 0.280324 0.052916 0.087977
0 0.725566 0.477837 0.050750 0.075199
0 0.697208 0.832227 0.048754 0.078279
0 0.259919 0.102222 0.047353 0.077415
0 0.885686 0.569734 0.049713 0.079013
0 0.242090 0.681481 0.047876 0.079174
0 0.399396 0.497298 0.051186 0.075910
0 0.482703 0.350914 0.048972 0.072713
0 0.621117 0.387084 0.054509 0.078361
0 0.140160 0.552796 0.053742 0.082904
0 0.719847 0.191795 0.056168 0.071918
0 0.345633 0.472645 0.050966 0.077353
0 0.934604 0.385516 0.054603 0.076362
0 0.690285 0.419449 0.059102 0.079187
0 0.167226 0.803935 0.046752 0.071433
0 0.789619 0.441431 0.051836 0.078483
0 0.681905 0.142700 0.046475 0.067422
0 0.858862 0.196982 0.047614 0.074622
0 0.349191 0.689183 0.052576 0.079763
0 0.772012 0.205373 0.048213 0.076004
0 0.407028 0.584074 0.047446 0.084811
0 0.912569 0.457695 0.050501 0.076811
0 0.823435 0.826275 0.054117 0.079495
0 0.686475 0.259714 0.055441 0.079877
0 0.665238 0.742045 0.054013 0.082360
0 0.293180 0.413461 0.049531 0.072781
0 0.594140 0.309954 0.053121 0.083453
0 0.810111 0.622908 0.055292 0.078713
0 0.056254 0.333452 0.050074 0.078838
0 0.331751 0.196277 0.047305 0.080659
0 0.633881 0.160136 0.042935 0.067623
0 0.855491 0.441530 0.050587 0.073663
0 0.053620 0.213027 0.056215 0.073717
0 0.204745 0.067864 0.047440 0.080848
0 0.568740 0.128579 0.046447 0.074447
0 0.511616 0.143402 0.048692 0.072476
0 0.399294 0.712654 0.047747 0.089460
0 0.738381 0.119323 0.046644 0.070378
0 0.498081 0.064668 0.049571 0.076619
0 0.185484 0.460455 0.057202 0.079243
0 0.381104 0.221725 0.050188 0.078667
0 0.261028 0.258070 0.049080 0.077335
0 0.910412 0.320281 0.049510 0.071829
0 0.351017 0.305937 0.049213 0.074932
0 0.791066 0.350331 0.054937 0.085460
0 0.101667 0.168296 0.046530 0.071588
0 0.229019 0.371342 0.052112 0.077377
0 0.716305 0.022302 0.051934 0.044605
0 0.041845 0.138837 0.051477 0.066757
0 0.092392 0.087870 0.052124 0.083530
0 0.828678 0.260174 0.054875 0.088612
0 0.548517 0.056212 0.045874 0.076719
0 0.283320 0.174377 0.047986 0.075314
0 0.691015 0.067916 0.048000 0.072971
0 0.130963 0.401939 0.055682 0.077671
0 0.880760 0.125361 0.049482 0.079027
0 0.856106 0.355926 0.051369 0.086264
0 0.147017 0.051758 0.052426 0.073970
0 0.433746 0.155842 0.046094 0.084533
0 0.948774 0.244505 0.042193 0.095288
0 0.412462 0.025786 0.054937 0.051543
0 0.225474 0.175620 0.049820 0.079735
0 0.905675 0.212741 0.046830 0.083837
0 0.110995 0.295277 0.048318 0.070865
0 0.248338 0.029169 0.050700 0.058339
0 0.330715 0.079008 0.054864 0.086607
0 0.810901 0.038372 0.045189 0.076340
0 0.876765 0.044152 0.052296 0.075060
0 0.630325 0.029992 0.054884 0.059984
0 0.168125 0.268846 0.050784 0.078426
0 0.758772 0.053666 0.050130 0.074068
0 0.951051 0.023513 0.057086 0.047027
0 0.953119 0.091892 0.050629 0.077587
1 0.363521 0.402861 0.049133 0.045292
1 0.765550 0.837902 0.053032 0.066746
2 0.790896 0.874255 0.021057 0.032181