0 0.001574 0.617730 0.003145 0.059865
0 0.995659 0.489185 0.007209 0.043258
0 0.991985 0.405076 0.014391 0.059584
0 0.328027 0.004937 0.038512 0.009874
0 0.989626 0.974352 0.019186 0.048407
0 0.993557 0.680396 0.011157 0.061987
0 0.006134 0.393845 0.012267 0.066375
0 0.008217 0.541939 0.016433 0.070815
0 0.103159 0.986954 0.046515 0.023230
0 0.414844 0.529771 0.042655 0.093053
0 0.020410 0.767967 0.040767 0.080050
0 0.452431 0.522311 0.043494 0.076377
0 0.403527 0.713539 0.050036 0.077945
0 0.246208 0.010203 0.044195 0.020407
0 0.508855 0.981887 0.049124 0.033093
0 0.644957 0.705629 0.046635 0.071121
0 0.371129 0.685727 0.051199 0.085976
0 0.016090 0.686744 0.032179 0.076114
0 0.055133 0.750417 0.045814 0.075039
0 0.662130 0.974444 0.054148 0.047994
0 0.013712 0.159351 0.027419 0.080779
0 0.968020 0.439251 0.048898 0.082860
0 0.914351 0.842876 0.048277 0.085917
0 0.708498 0.822920 0.050961 0.068986
0 0.506269 0.644258 0.045815 0.080310
0 0.070958 0.013859 0.044588 0.027717
0 0.232640 0.970533 0.050461 0.055972
0 0.918690 0.504429 0.047357 0.071931
0 0.700543 0.749117 0.052562 0.085047
0 0.357033 0.778938 0.050099 0.085208
0 0.586859 0.968517 0.049276 0.059653
0 0.631998 0.774727 0.053154 0.070799
0 0.403437 0.802206 0.052164 0.066430
0 0.367872 0.977056 0.047519 0.042514
0 0.579632 0.598838 0.052280 0.073392
0 0.947783 0.545149 0.053559 0.071817
0 0.388182 0.013729 0.045542 0.027459
0 0.614690 0.659395 0.056242 0.079660
0 0.167133 0.015354 0.048676 0.030708
0 0.443558 0.014711 0.041710 0.029403
0 0.534141 0.441912 0.049609 0.079824
0 0.203036 0.912217 0.051989 0.072683
0 0.688994 0.028981 0.047036 0.057893
0 0.308293 0.746735 0.049332 0.075166
0 0.344668 0.606122 0.059285 0.084763
0 0.301875 0.827758 0.060853 0.076625
0 0.730849 0.974444 0.053728 0.048083
0 0.492653 0.906575 0.051695 0.075631
0 0.302153 0.662120 0.058218 0.078222
0 0.290584 0.914183 0.048400 0.084767
0 0.407108 0.873753 0.050755 0.064881
0 0.457574 0.823242 0.048473 0.061939
0 0.893030 0.777168 0.048250 0.074013
0 0.752552 0.746318 0.047431 0.067637
0 0.781628 0.623694 0.061128 0.073014
0 0.642397 0.029104 0.050225 0.058207
0 0.161788 0.961696 0.053989 0.073387
0 0.462438 0.602136 0.046732 0.070127
0 0.321606 0.494048 0.048829 0.085925
0 0.365883 0.530982 0.049260 0.079044
0 0.915579 0.928801 0.046773 0.074137
0 0.586594 0.739381 0.047689 0.082672
0 0.066865 0.657907 0.045867 0.073282
0 0.477371 0.755885 0.047257 0.085257
0 0.353244 0.906338 0.051300 0.067027
0 0.960665 0.853564 0.052812 0.076349
0 0.727375 0.679669 0.048662 0.073322
0 0.573815 0.825301 0.048146 0.076774
0 0.956213 0.773908 0.054213 0.070930
0 0.266223 0.479238 0.046281 0.071478
0 0.542771 0.362928 0.050819 0.075042
0 0.228935 0.551482 0.047389 0.072752
0 0.534299 0.718548 0.052695 0.086710
0 0.546000 0.927759 0.052510 0.074793
0 0.691194 0.911799 0.058059 0.083772
0 0.490066 0.023392 0.045084 0.046712
0 0.615201 0.371104 0.047149 0.078542
0 0.792272 0.836516 0.054197 0.079420
0 0.848511 0.957950 0.051516 0.078642
0 0.617803 0.546695 0.047992 0.079882
0 0.297236 0.419939 0.048926 0.077153
0 0.957541 0.960984 0.049144 0.074100
0 0.165766 0.733736 0.048721 0.089680
0 0.247350 0.640591 0.047523 0.079130
0 0.280533 0.563296 0.050011 0.092566
0 0.083424 0.922626 0.052334 0.082583
0 0.589805 0.486306 0.049816 0.071945
0 0.877528 0.696642 0.052506 0.079395
0 0.925327 0.387439 0.047377 0.067091
0 0.156464 0.403225 0.055184 0.074202
0 0.331147 0.361046 0.048526 0.081089
0 0.216449 0.764543 0.052237 0.083443
0 0.818470 0.761253 0.050071 0.078683
0 0.241952 0.859430 0.054151 0.082511
0 0.534947 0.564488 0.050551 0.073629
0 0.885133 0.374246 0.046006 0.079487
0 0.566586 0.135268 0.048336 0.081217
0 0.086794 0.583971 0.051024 0.079438
0 0.849376 0.869242 0.055832 0.071918
0 0.591857 0.308199 0.045275 0.064911
0 0.519752 0.834591 0.053700 0.077427
0 0.835904 0.645751 0.043956 0.089788
0 0.106358 0.747894 0.052719 0.079132
0 0.126710 0.848378 0.049093 0.082072
0 0.044773 0.541610 0.049689 0.072102
0 0.923581 0.616517 0.055603 0.077059
0 0.049458 0.151618 0.044014 0.079219
0 0.944293 0.699844 0.055258 0.079473
0 0.610495 0.082246 0.045690 0.062486
0 0.290386 0.221670 0.047269 0.070625
0 0.251614 0.103446 0.048337 0.076272
0 0.805203 0.545542 0.053708 0.071913
0 0.460943 0.300596 0.044724 0.080948
0 0.191125 0.650821 0.053044 0.089991
0 0.682846 0.548483 0.057838 0.077095
0 0.382908 0.393849 0.054308 0.079539
0 0.046484 0.345529 0.053486 0.080098
0 0.822319 0.471860 0.045060 0.076566
0 0.143214 0.484188 0.051203 0.078152
0 0.446739 0.382311 0.049601 0.076845
0 0.576579 0.021327 0.051004 0.042654
0 0.047682 0.464251 0.055785 0.077611
0 0.811185 0.023651 0.050078 0.047269
0 0.216319 0.269859 0.053315 0.074803
0 0.873439 0.464964 0.049583 0.084870
0 0.126611 0.636033 0.056050 0.077241
0 0.284882 0.032063 0.045907 0.063981
0 0.153633 0.324768 0.049933 0.073691
0 0.297057 0.299357 0.049164 0.077367
0 0.641019 0.442429 0.049418 0.084422
0 0.102039 0.345546 0.048276 0.075780
0 0.207225 0.352955 0.049374 0.084944
0 0.957477 0.025248 0.049444 0.050496
0 0.026382 0.047019 0.051086 0.083644
0 0.822764 0.303889 0.046159 0.068697
0 0.512110 0.310180 0.053720 0.087044
0 0.198185 0.485833 0.051341 0.083297
0 0.939030 0.258940 0.050456 0.076518
0 0.443527 0.223528 0.057047 0.075334
0 0.956977 0.329683 0.052746 0.071553
0 0.493001 0.103371 0.045515 0.067017
0 0.694281 0.455970 0.049135 0.084726
0 0.393557 0.303193 0.049101 0.079297
0 0.735681 0.203647 0.052523 0.082119
0 0.616439 0.176504 0.048748 0.074850
0 0.430455 0.148492 0.050096 0.076644
0 0.145579 0.137229 0.055524 0.072391
0 0.643332 0.300992 0.051458 0.085434
0 0.732254 0.121299 0.049975 0.076036
0 0.091370 0.118539 0.048609 0.082181
0 0.749992 0.524990 0.055686 0.092620
0 0.756521 0.306059 0.050466 0.071967
0 0.059361 0.254616 0.058836 0.087060
0 0.239438 0.195866 0.057510 0.086724
0 0.816672 0.384859 0.056108 0.082837
0 0.123436 0.205819 0.055535 0.077990
0 0.978331 0.127215 0.041179 0.078810
0 0.875984 0.296701 0.052290 0.072969
0 0.511155 0.189377 0.053020 0.076364
0 0.673746 0.193488 0.050802 0.085678
0 0.197705 0.068825 0.048235 0.078862
0 0.787581 0.222073 0.049675 0.080064
0 0.761331 0.058881 0.052840 0.073477
0 0.388147 0.105834 0.050612 0.072239
0 0.847396 0.226888 0.048441 0.074089
0 0.705008 0.350969 0.060397 0.078946
0 0.330163 0.092453 0.049270 0.084171
0 0.932725 0.105992 0.043182 0.071747
0 0.900283 0.214880 0.049960 0.083094
0 0.803076 0.133616 0.053666 0.076275
0 0.886375 0.132779 0.048123 0.076131
1 0.438389 0.449940 0.033535 0.046484
2 0.588517 0.234803 0.032755 0.052443
2 0.477383 0.151371 0.025736 0.035757
2 0.251998 0.057211 0.024176 0.035757
2 0.042209 0.400477 0.022617 0.038141
2 0.555762 0.488081 0.026516 0.032181
2 0.662605 0.804529 0.021837 0.033373
2 0.503509 0.448749 0.021837 0.032181