0 0.675094 0.003752 0.043740 0.007499
0 0.996332 0.584047 0.006949 0.051535
0 0.004188 0.731330 0.008376 0.067548
0 0.472509 0.435523 0.045804 0.079646
0 0.437470 0.449269 0.047357 0.072498
0 0.650391 0.991035 0.042960 0.015118
0 0.007192 0.895553 0.014384 0.061674
0 0.992833 0.060834 0.012804 0.061311
0 0.010222 0.037096 0.020444 0.072910
0 0.013341 0.608376 0.026642 0.070964
0 0.101448 0.984494 0.056031 0.028282
0 0.065861 0.242758 0.050589 0.068000
0 0.149587 0.637020 0.044033 0.080572
0 0.910280 0.012104 0.043363 0.024208
0 0.980625 0.014318 0.036950 0.028636
0 0.020600 0.960637 0.041199 0.070284
0 0.819916 0.981736 0.051263 0.033504
0 0.023518 0.440688 0.047037 0.072532
0 0.101721 0.267542 0.050659 0.081151
0 0.773464 0.017031 0.048188 0.034063
0 0.937946 0.976902 0.054555 0.043183
0 0.673628 0.958263 0.046066 0.063265
0 0.978793 0.747999 0.040641 0.075468
0 0.037838 0.376260 0.045833 0.072684
0 0.048184 0.019813 0.060438 0.039625
0 0.258595 0.980067 0.050594 0.036741
0 0.582651 0.971072 0.049377 0.054771
0 0.020301 0.822100 0.040603 0.085682
0 0.022369 0.540863 0.044737 0.071206
0 0.884839 0.816535 0.046462 0.070233
0 0.055651 0.493456 0.045273 0.075395
0 0.860454 0.878804 0.052677 0.071894
0 0.785030 0.201489 0.043313 0.073286
0 0.387138 0.751812 0.045882 0.067024
0 0.021192 0.289299 0.042384 0.067953
0 0.330825 0.498609 0.054510 0.067332
0 0.131935 0.529528 0.045527 0.075734
0 0.353554 0.913748 0.045929 0.067855
0 0.623089 0.853260 0.056909 0.062935
0 0.625097 0.929090 0.046271 0.079349
0 0.735779 0.875856 0.046798 0.060741
0 0.863739 0.752760 0.051887 0.072004
0 0.608064 0.746684 0.048222 0.077371
0 0.425253 0.800906 0.051093 0.073816
0 0.219425 0.585984 0.048698 0.074085
0 0.155711 0.455052 0.051463 0.073457
0 0.380448 0.972143 0.047093 0.052499
0 0.120351 0.937172 0.050484 0.071384
0 0.193476 0.671362 0.043877 0.083136
0 0.142822 0.725275 0.053122 0.081852
0 0.505450 0.586648 0.056152 0.069806
0 0.466021 0.968879 0.058510 0.059041
0 0.865223 0.953620 0.053677 0.069522
0 0.664896 0.616638 0.043778 0.065299
0 0.228129 0.483266 0.048429 0.078207
0 0.323287 0.572245 0.046533 0.072983
0 0.757158 0.475444 0.053627 0.066512
0 0.073830 0.063907 0.048610 0.074658
0 0.454717 0.629191 0.046668 0.086721
0 0.055703 0.909218 0.050610 0.075332
0 0.689166 0.895479 0.043979 0.076618
0 0.219444 0.741666 0.051180 0.082843
0 0.088642 0.436129 0.048498 0.078617
0 0.524608 0.515924 0.048499 0.075725
0 0.770218 0.638264 0.053500 0.080248
0 0.446081 0.872531 0.047416 0.072535
0 0.083146 0.347616 0.048605 0.075522
0 0.565325 0.017597 0.052206 0.035194
0 0.817150 0.805520 0.057331 0.066047
0 0.120602 0.018114 0.050695 0.036228
0 0.674521 0.550951 0.045435 0.064694
0 0.962057 0.679786 0.050108 0.069374
0 0.650050 0.775002 0.047077 0.075162
0 0.184338 0.527408 0.051957 0.081304
0 0.173643 0.015942 0.045059 0.031883
0 0.307624 0.948421 0.052607 0.076864
0 0.312961 0.414724 0.059264 0.080983
0 0.128725 0.860264 0.053702 0.075615
0 0.553965 0.722523 0.050882 0.071864
0 0.019638 0.146409 0.039277 0.083054
0 0.825825 0.221873 0.045956 0.066132
0 0.080813 0.578666 0.050338 0.077210
0 0.969589 0.933212 0.050643 0.074634
0 0.357575 0.688781 0.053488 0.084340
0 0.510883 0.813945 0.047129 0.079193
0 0.515699 0.668541 0.051284 0.083146
0 0.066455 0.752921 0.054111 0.079328
0 0.375792 0.543513 0.052604 0.072277
0 0.454772 0.725217 0.053752 0.073932
0 0.278134 0.494799 0.046474 0.077428
0 0.746082 0.578310 0.043956 0.065876
0 0.622327 0.655131 0.044668 0.079035
0 0.117142 0.193357 0.048613 0.069843
0 0.431377 0.368688 0.045603 0.078650
0 0.184018 0.814784 0.052085 0.079728
0 0.306783 0.662761 0.049544 0.078502
0 0.753771 0.399221 0.041753 0.079486
0 0.915996 0.720020 0.056597 0.071092
0 0.934015 0.793303 0.049707 0.075535
0 0.546382 0.329516 0.048141 0.075147
0 0.178815 0.958844 0.052712 0.074758
0 0.828951 0.458492 0.045067 0.063851
0 0.713855 0.510808 0.045628 0.065878
0 0.248981 0.138060 0.057020 0.074128
0 0.724089 0.804275 0.054771 0.075672
0 0.252684 0.649775 0.051070 0.078419
0 0.366076 0.839550 0.050137 0.074803
0 0.967556 0.501430 0.056767 0.066401
0 0.626691 0.452017 0.048796 0.081066
0 0.948219 0.437741 0.051433 0.079599
0 0.277067 0.764055 0.046650 0.072159
0 0.819714 0.711086 0.051356 0.069216
0 0.283682 0.861332 0.048471 0.071797
0 0.782986 0.317687 0.049601 0.076740
0 0.737516 0.719151 0.047365 0.076588
0 0.578820 0.598882 0.051882 0.077869
0 0.638616 0.188849 0.050603 0.080455
0 0.388350 0.622540 0.050103 0.080233
0 0.549728 0.913811 0.055286 0.087067
0 0.312395 0.227428 0.051962 0.074939
0 0.499116 0.364830 0.057097 0.074666
0 0.683994 0.710256 0.049748 0.075605
0 0.976684 0.363523 0.044968 0.079259
0 0.177382 0.370294 0.048284 0.070431
0 0.576252 0.109585 0.041346 0.065169
0 0.690735 0.032674 0.050110 0.065035
0 0.498616 0.272251 0.050953 0.074804
0 0.378081 0.448405 0.049246 0.072131
0 0.224289 0.073795 0.047673 0.078248
0 0.690148 0.195506 0.045361 0.080934
0 0.141438 0.073376 0.048689 0.076788
0 0.790866 0.539863 0.055516 0.077076
0 0.875809 0.583402 0.046160 0.078419
0 0.241430 0.017554 0.049358 0.035108
0 0.352903 0.364349 0.052585 0.087311
0 0.750898 0.262818 0.056165 0.074597
0 0.447949 0.247352 0.051182 0.092463
0 0.301072 0.086288 0.054112 0.071888
0 0.698614 0.402050 0.050913 0.081289
0 0.800698 0.405950 0.046444 0.081000
0 0.714116 0.094835 0.054070 0.067536
0 0.195093 0.301521 0.050480 0.073656
0 0.889852 0.441833 0.057724 0.069026
0 0.835683 0.294940 0.055750 0.081140
0 0.569964 0.252125 0.049048 0.092105
0 0.877998 0.349386 0.046348 0.076655
0 0.674052 0.329696 0.050253 0.083320
0 0.663192 0.111835 0.050548 0.080547
0 0.963876 0.095300 0.048881 0.077389
0 0.783593 0.128147 0.056909 0.081477
0 0.388747 0.301222 0.052106 0.077423
0 0.255651 0.214201 0.051548 0.079725
0 0.347238 0.026742 0.053240 0.053484
0 0.293074 0.024882 0.046322 0.049764
0 0.387297 0.055712 0.047631 0.088538
0 0.475414 0.162143 0.054518 0.081065
0 0.366518 0.216206 0.054200 0.075035
0 0.555039 0.433693 0.052589 0.078874
0 0.623799 0.294785 0.056131 0.088389
0 0.525252 0.192087 0.049871 0.077336
0 0.927871 0.355158 0.045968 0.079500
0 0.964552 0.244545 0.061650 0.083642
0 0.951807 0.173671 0.057302 0.070440
0 0.485985 0.063497 0.056301 0.077497
0 0.612231 0.058595 0.048073 0.076592
0 0.886910 0.058971 0.054514 0.077131
0 0.414004 0.129905 0.057162 0.084046
0 0.887863 0.166386 0.053533 0.080003
0 0.818072 0.051882 0.055363 0.089645
1 0.254337 0.415375 0.049133 0.036949
1 0.115518 0.635876 0.028856 0.056019
1 0.609573 0.516091 0.045233 0.042908
1 0.979870 0.623957 0.040260 0.067938
2 0.097191 0.143623 0.023396 0.029797
2 0.090172 0.110846 0.020277 0.026222
2 0.286702 0.262217 0.020277 0.028605
2 0.672744 0.446365 0.024956 0.034565