0 0.996239 0.024421 0.006851 0.048578
0 0.001954 0.378841 0.003908 0.075681
0 0.972521 0.002158 0.035197 0.004317
0 0.229536 0.002764 0.037796 0.005527
0 0.583106 0.003504 0.034222 0.007008
0 0.996687 0.438935 0.005946 0.055975
0 0.938888 0.993584 0.034192 0.010705
0 0.003970 0.925946 0.007941 0.051944
0 0.008217 0.668753 0.016435 0.063953
0 0.105636 0.991505 0.039983 0.014468
0 0.655753 0.006619 0.040080 0.013238
0 0.992223 0.355027 0.013980 0.058590
0 0.988876 0.170107 0.020675 0.054665
0 0.990202 0.918107 0.017993 0.077386
0 0.010091 0.080923 0.020153 0.075973
0 0.009543 0.200272 0.019086 0.075805
0 0.825085 0.012553 0.045331 0.025105
0 0.363534 0.011018 0.038158 0.022035
0 0.724076 0.981191 0.046132 0.034549
0 0.985143 0.517345 0.027748 0.082553
0 0.983907 0.288677 0.030230 0.072776
0 0.111650 0.028601 0.068897 0.057201
0 0.014973 0.794236 0.029945 0.067321
0 0.270742 0.023407 0.053330 0.046805
0 0.176804 0.013522 0.040688 0.027043
0 0.974914 0.217507 0.047935 0.063886
0 0.399944 0.054813 0.047073 0.080897
0 0.368147 0.101718 0.054155 0.081331
0 0.769122 0.019522 0.049325 0.039045
0 0.847841 0.390217 0.054947 0.072313
0 0.023109 0.722165 0.046053 0.070392
0 0.347933 0.969579 0.052435 0.057637
0 0.309719 0.040346 0.051950 0.080109
0 0.610054 0.454689 0.048830 0.071888
0 0.869382 0.331194 0.055182 0.068884
0 0.027886 0.562935 0.055772 0.079702
0 0.373785 0.911919 0.053119 0.072833
0 0.879909 0.023526 0.061833 0.047053
0 0.146274 0.070220 0.047914 0.072452
0 0.641979 0.512840 0.047920 0.065260
0 0.979739 0.733562 0.038605 0.084788
0 0.240007 0.966858 0.047738 0.063063
0 0.181075 0.864111 0.046498 0.071335
0 0.974029 0.649657 0.049882 0.074624
0 0.273681 0.861980 0.044497 0.075088
0 0.226084 0.896684 0.045822 0.069597
0 0.036978 0.637205 0.045916 0.069070
0 0.219991 0.379290 0.044272 0.078267
0 0.848795 0.198619 0.050240 0.071522
0 0.537785 0.028141 0.049040 0.056229
0 0.450129 0.090728 0.049637 0.077313
0 0.153454 0.433081 0.047429 0.078037
0 0.025352 0.265456 0.050212 0.068876
0 0.216374 0.056394 0.051655 0.069734
0 0.787730 0.071507 0.043819 0.073044
0 0.647611 0.410009 0.053307 0.079873
0 0.264915 0.095351 0.046337 0.072877
0 0.488331 0.047594 0.048268 0.075334
0 0.120822 0.364629 0.043551 0.065814
0 0.184565 0.964902 0.047364 0.067128
0 0.408764 0.966768 0.047644 0.062988
0 0.315938 0.893549 0.046077 0.076319
0 0.177864 0.735542 0.048285 0.066759
0 0.038907 0.027856 0.050113 0.055713
0 0.077868 0.337188 0.048063 0.076024
0 0.170149 0.131079 0.045931 0.068620
0 0.048517 0.197381 0.048387 0.072194
0 0.651880 0.326524 0.047850 0.076083
0 0.866925 0.262710 0.050305 0.062142
0 0.438795 0.165349 0.048997 0.071346
0 0.734234 0.328480 0.059306 0.065065
0 0.063349 0.507481 0.053996 0.094414
0 0.107357 0.929767 0.058147 0.070228
0 0.973908 0.847021 0.049154 0.064563
0 0.935184 0.526876 0.047418 0.073236
0 0.372610 0.715099 0.051033 0.071477
0 0.728521 0.054455 0.053633 0.074473
0 0.246779 0.665204 0.057471 0.070775
0 0.885550 0.500530 0.048544 0.071894
0 0.358893 0.644543 0.050398 0.073468
0 0.554581 0.452654 0.053472 0.069419
0 0.060150 0.117895 0.046055 0.075162
0 0.668343 0.961479 0.051348 0.073679
0 0.560875 0.822888 0.059813 0.069017
0 0.563503 0.079813 0.051710 0.080499
0 0.488422 0.963449 0.044974 0.067497
0 0.811827 0.456959 0.055944 0.074739
0 0.676122 0.084195 0.049330 0.079543
0 0.805888 0.272412 0.046989 0.083526
0 0.108173 0.481630 0.046058 0.072869
0 0.466905 0.357348 0.049570 0.070284
0 0.376792 0.834111 0.057265 0.072999
0 0.781613 0.381378 0.056840 0.077793
0 0.165373 0.276618 0.055680 0.071476
0 0.764914 0.960441 0.042260 0.075693
0 0.825640 0.778277 0.051667 0.079034
0 0.603623 0.557881 0.056353 0.074525
0 0.741803 0.254083 0.048898 0.080262
0 0.818688 0.920872 0.051704 0.067881
0 0.132022 0.216071 0.047540 0.075554
0 0.899311 0.684552 0.043656 0.070194
0 0.210940 0.789730 0.050100 0.074668
0 0.737934 0.175992 0.053179 0.068889
0 0.236952 0.164993 0.054904 0.070525
0 0.245997 0.244141 0.046236 0.071465
0 0.121805 0.731376 0.053204 0.072435
0 0.661067 0.242249 0.053070 0.071294
0 0.936572 0.900472 0.044523 0.081203
0 0.937859 0.599105 0.049809 0.067240
0 0.085221 0.612923 0.047879 0.074705
0 0.049806 0.910296 0.056647 0.078533
0 0.516011 0.394205 0.058265 0.082252
0 0.085903 0.251865 0.048248 0.080009
0 0.276637 0.783132 0.050025 0.064355
0 0.173020 0.351811 0.049113 0.071983
0 0.895068 0.168369 0.044875 0.084390
0 0.744374 0.709744 0.049575 0.071697
0 0.451632 0.244727 0.047653 0.075880
0 0.313446 0.600100 0.049594 0.080297
0 0.434918 0.895266 0.049035 0.070646
0 0.184351 0.660176 0.053800 0.078486
0 0.424686 0.408134 0.054861 0.076623
0 0.565692 0.740701 0.058085 0.068672
0 0.833912 0.530595 0.048257 0.071466
0 0.190227 0.211213 0.052999 0.079316
0 0.940230 0.051484 0.054712 0.073941
0 0.303904 0.273659 0.049367 0.073111
0 0.237365 0.583963 0.050458 0.077402
0 0.605508 0.665853 0.047671 0.078626
0 0.880552 0.585586 0.051322 0.077838
0 0.342820 0.194058 0.053626 0.081443
0 0.184163 0.500076 0.049069 0.068217
0 0.069135 0.838231 0.051195 0.068854
0 0.682038 0.165960 0.052956 0.075938
0 0.521755 0.155827 0.053683 0.084515
0 0.543867 0.322184 0.055535 0.076775
0 0.127306 0.846235 0.054477 0.078298
0 0.475438 0.740228 0.044074 0.071934
0 0.556558 0.644123 0.045401 0.084148
0 0.406214 0.334323 0.047160 0.074072
0 0.706159 0.903640 0.047174 0.074144
0 0.901655 0.421414 0.049529 0.081888
0 0.811265 0.141532 0.056611 0.077218
0 0.594619 0.274630 0.053763 0.076059
0 0.404074 0.255816 0.049478 0.073704
0 0.427939 0.781853 0.053564 0.080437
0 0.684079 0.776103 0.047022 0.073060
0 0.140423 0.615825 0.052071 0.077560
0 0.953934 0.145100 0.052210 0.076450
0 0.486223 0.667615 0.049955 0.068601
0 0.705462 0.580778 0.050611 0.077714
0 0.592617 0.191325 0.052594 0.076537
0 0.848791 0.852082 0.051905 0.084157
0 0.772525 0.773390 0.048571 0.073916
0 0.638822 0.827765 0.058465 0.082825
0 0.347692 0.329109 0.058028 0.074685
0 0.587373 0.898235 0.051008 0.082417
0 0.277131 0.463063 0.054664 0.085019
0 0.535276 0.922168 0.051484 0.077360
0 0.956518 0.408089 0.053123 0.086926
0 0.787844 0.612718 0.049675 0.074439
0 0.927224 0.777705 0.053075 0.073977
0 0.424909 0.661098 0.050270 0.078546
0 0.369108 0.550645 0.054410 0.087067
1 0.108889 0.106675 0.040554 0.077473
1 0.325696 0.511919 0.049912 0.077473
1 0.356112 0.408224 0.043673 0.072706
1 0.903589 0.968415 0.051472 0.063170
2 0.528466 0.249106 0.040554 0.061979
2 0.488302 0.269368 0.027296 0.050060
2 0.641549 0.065554 0.024956 0.042908
2 0.368590 0.772348 0.032755 0.040524
2 0.446968 0.974374 0.024176 0.039333