0 0.003462 0.826138 0.006923 0.041654
0 0.166288 0.991442 0.035276 0.014374
0 0.663970 0.009742 0.042044 0.019469
0 0.083051 0.983215 0.045282 0.030313
0 0.880347 0.981626 0.045934 0.033642
0 0.987679 0.563670 0.022652 0.070230
0 0.328521 0.763002 0.033296 0.066529
0 0.654171 0.974749 0.045827 0.047151
0 0.248324 0.011781 0.044459 0.023539
0 0.957128 0.977676 0.049731 0.041286
0 0.777528 0.974640 0.052764 0.047410
0 0.987871 0.134539 0.022493 0.075166
0 0.077192 0.012727 0.049583 0.025444
0 0.985156 0.754798 0.027755 0.087548
0 0.227347 0.969867 0.050672 0.056955
0 0.387991 0.903172 0.042940 0.066688
0 0.018042 0.767310 0.036084 0.081137
0 0.983423 0.363304 0.031117 0.093322
0 0.260373 0.833134 0.058432 0.073820
0 0.120666 0.962045 0.047239 0.071272
0 0.453951 0.721685 0.047587 0.076021
0 0.267690 0.902501 0.050635 0.067416
0 0.608820 0.966060 0.044571 0.064475
0 0.128026 0.013275 0.041626 0.026549
0 0.722260 0.017080 0.049989 0.034161
0 0.662592 0.905761 0.045678 0.071280
0 0.546347 0.959878 0.051992 0.076569
0 0.079117 0.914320 0.049004 0.076422
0 0.119929 0.881020 0.048591 0.075406
0 0.839087 0.949314 0.054178 0.079776
0 0.977898 0.644531 0.041544 0.074345
0 0.554417 0.809559 0.046619 0.073748
0 0.802195 0.024766 0.045964 0.049533
0 0.466805 0.656903 0.050921 0.077323
0 0.075368 0.736047 0.043790 0.083669
0 0.111335 0.422281 0.049926 0.076859
0 0.665651 0.663307 0.043975 0.073776
0 0.021670 0.400637 0.043340 0.086258
0 0.367198 0.628729 0.048027 0.073199
0 0.635574 0.755916 0.053289 0.072729
0 0.979095 0.215031 0.039775 0.081896
0 0.724171 0.747794 0.045134 0.071765
0 0.018362 0.615013 0.036723 0.089046
0 0.793839 0.896171 0.048230 0.082055
0 0.913870 0.665424 0.052104 0.078418
0 0.922615 0.886430 0.043360 0.069547
0 0.416561 0.671789 0.043120 0.077883
0 0.344494 0.498357 0.053178 0.079183
0 0.481412 0.092404 0.042883 0.069072
0 0.517141 0.668006 0.046831 0.085701
0 0.480913 0.582513 0.050246 0.075549
0 0.758280 0.615883 0.044508 0.072747
0 0.283475 0.763249 0.048538 0.074811
0 0.207956 0.387780 0.045639 0.072147
0 0.961803 0.429659 0.050948 0.083407
0 0.022643 0.209013 0.045285 0.084208
0 0.114719 0.801419 0.048796 0.071568
0 0.937456 0.585749 0.050025 0.081518
0 0.692177 0.836671 0.052917 0.084557
0 0.385072 0.826634 0.055308 0.075996
0 0.573310 0.700138 0.054000 0.083639
0 0.511148 0.034913 0.050925 0.069815
0 0.873462 0.612935 0.049803 0.084744
0 0.209155 0.746908 0.047122 0.075869
0 0.711706 0.070176 0.042519 0.071181
0 0.379006 0.551606 0.050564 0.078629
0 0.811173 0.128398 0.045301 0.075497
0 0.326883 0.576278 0.050341 0.080780
0 0.885394 0.498969 0.045193 0.073582
0 0.828333 0.683240 0.056864 0.085008
0 0.375701 0.748761 0.053776 0.074234
0 0.528684 0.348102 0.043576 0.068211
0 0.717637 0.666676 0.050474 0.077633
0 0.040570 0.133648 0.047324 0.068722
0 0.933847 0.502830 0.046253 0.076031
0 0.176766 0.028945 0.049625 0.057891
0 0.534269 0.201071 0.045780 0.076074
0 0.140008 0.067477 0.050570 0.081401
0 0.583295 0.092828 0.047629 0.081141
0 0.169130 0.709330 0.042478 0.078948
0 0.428633 0.466415 0.048998 0.079815
0 0.515168 0.277964 0.048685 0.076479
0 0.859847 0.149361 0.048688 0.076875
0 0.421660 0.326210 0.050427 0.080374
0 0.799572 0.562011 0.053915 0.093661
0 0.204289 0.651125 0.046959 0.075966
0 0.276016 0.412154 0.049295 0.076347
0 0.627586 0.046934 0.050744 0.076535
0 0.873588 0.052517 0.052911 0.076494
0 0.169495 0.240517 0.047796 0.061016
0 0.415510 0.190284 0.054632 0.082276
0 0.122608 0.724393 0.046729 0.075993
0 0.923649 0.071995 0.048694 0.076703
0 0.780108 0.745669 0.057520 0.082788
0 0.461937 0.360580 0.051579 0.077472
0 0.612272 0.289842 0.048460 0.086642
0 0.750492 0.145857 0.046272 0.081702
0 0.873019 0.422557 0.051204 0.070745
0 0.179703 0.449011 0.046652 0.074303
0 0.720975 0.241040 0.044961 0.072291
0 0.564079 0.554054 0.049714 0.077997
0 0.804284 0.458967 0.053912 0.082009
0 0.131448 0.500490 0.047642 0.077668
0 0.084418 0.636582 0.050610 0.085654
0 0.652649 0.481737 0.050099 0.079540
0 0.596475 0.368439 0.046933 0.075566
0 0.063019 0.559794 0.054103 0.082790
0 0.615478 0.155708 0.052795 0.088741
0 0.276957 0.622319 0.052804 0.083729
0 0.143850 0.372819 0.049605 0.083956
0 0.070019 0.196411 0.045945 0.079683
0 0.067575 0.064311 0.051555 0.076498
0 0.664127 0.402223 0.050156 0.073412
0 0.032794 0.322462 0.052059 0.078152
0 0.770454 0.223191 0.048790 0.081977
0 0.720262 0.330861 0.047337 0.078835
0 0.657405 0.321824 0.050029 0.079255
0 0.396869 0.265949 0.053466 0.079811
0 0.191207 0.576119 0.051092 0.072768
0 0.835880 0.253414 0.048705 0.081479
0 0.090299 0.280126 0.047781 0.076698
0 0.243752 0.349159 0.055076 0.085020
0 0.766910 0.362104 0.046819 0.076055
0 0.916773 0.166027 0.049942 0.080300
0 0.338954 0.413528 0.048315 0.079974
0 0.625428 0.575410 0.050030 0.081825
0 0.564319 0.264586 0.048884 0.083714
0 0.191129 0.311065 0.051000 0.079486
0 0.309794 0.354851 0.052584 0.087020
0 0.212063 0.192313 0.046846 0.078666
0 0.286575 0.236077 0.048638 0.085110
1 0.222752 0.834327 0.038994 0.100119
2 0.195846 0.082241 0.027296 0.040524
2 0.170890 0.102503 0.019497 0.030989
2 0.049228 0.486293 0.019497 0.030989
2 0.176349 0.356973 0.021057 0.034565
2 0.463346 0.414184 0.027296 0.039333
2 0.446578 0.255662 0.018717 0.027414
2 0.447748 0.771752 0.017937 0.029797
2 0.738254 0.374851 0.017157 0.027414
2 0.863815 0.205006 0.018717 0.028605
2 0.919577 0.720501 0.021057 0.029797
2 0.718757 0.959476 0.014038 0.026222
1 0.045140 0.706422 0.051298 0.086739
1 0.087434 0.489575 0.055118 0.098415
1 0.742301 0.853628 0.043112 0.070892
1 0.875730 0.896580 0.049115 0.090075
1 0.446246 0.130108 0.055664 0.091743
1 0.390856 0.432027 0.051844 0.093411
1 0.437515 0.555046 0.050206 0.085905