0 0.683497 0.158063 0.042127 0.069542
0 0.157948 0.397924 0.063795 0.098129
0 0.114528 0.268540 0.050694 0.069252
0 0.996180 0.779046 0.006673 0.048783
0 0.664690 0.112840 0.045997 0.066915
0 0.105589 0.213745 0.045327 0.069869
0 0.127862 0.994232 0.031647 0.010126
0 0.996160 0.490950 0.006814 0.053212
0 0.759801 0.005698 0.031879 0.011396
0 0.818399 0.991669 0.032944 0.015008
0 0.007381 0.190760 0.014762 0.066647
0 0.682410 0.451871 0.050847 0.079561
0 0.458155 0.011169 0.036681 0.022338
0 0.200940 0.008734 0.038576 0.017467
0 0.856018 0.986251 0.039410 0.025544
0 0.172317 0.328274 0.054820 0.085270
0 0.864041 0.009507 0.042289 0.019013
0 0.160432 0.453462 0.054017 0.072852
0 0.516701 0.009289 0.045301 0.018578
0 0.992220 0.588651 0.014292 0.062389
0 0.992400 0.860649 0.013890 0.065522
0 0.646351 0.410864 0.051034 0.080817
0 0.717075 0.983636 0.052835 0.030800
0 0.494251 0.985070 0.044541 0.028030
0 0.011243 0.543690 0.022486 0.076804
0 0.990732 0.329393 0.017184 0.076134
0 0.408592 0.019712 0.050510 0.039424
0 0.066048 0.978683 0.049708 0.040537
0 0.935752 0.081008 0.045597 0.068010
0 0.066475 0.017468 0.044769 0.034822
0 0.015708 0.319951 0.031417 0.071371
0 0.916764 0.970289 0.052547 0.057280
0 0.982410 0.960326 0.033759 0.072929
0 0.017548 0.690117 0.035089 0.069378
0 0.620625 0.973159 0.047591 0.051592
0 0.335809 0.906443 0.045284 0.068703
0 0.561834 0.929871 0.047198 0.067963
0 0.983973 0.049486 0.030622 0.078674
0 0.944538 0.029176 0.050573 0.058255
0 0.582861 0.862324 0.051280 0.071141
0 0.530718 0.747238 0.043125 0.069005
0 0.037654 0.367630 0.047012 0.071863
0 0.252527 0.601512 0.043526 0.063559
0 0.269393 0.287140 0.049616 0.079598
0 0.904952 0.283020 0.033071 0.061888
0 0.597159 0.562939 0.044756 0.064443
0 0.149645 0.524222 0.049085 0.075991
0 0.599054 0.793299 0.044954 0.068811
0 0.304545 0.969132 0.049918 0.059470
0 0.476525 0.909107 0.049827 0.076557
0 0.023046 0.761767 0.045968 0.069113
0 0.464099 0.637293 0.052390 0.071668
0 0.277345 0.703023 0.040184 0.063512
0 0.644408 0.515784 0.044021 0.074422
0 0.676270 0.947491 0.042052 0.077248
0 0.910135 0.906165 0.045928 0.067739
0 0.599137 0.489403 0.046507 0.071346
0 0.466987 0.398139 0.045953 0.071909
0 0.767721 0.291076 0.036480 0.101645
0 0.778973 0.884909 0.051843 0.076679
0 0.518800 0.611972 0.050297 0.075542
0 0.054966 0.918135 0.051048 0.069509
0 0.273225 0.780270 0.050370 0.068987
0 0.407111 0.854613 0.052007 0.079769
0 0.133946 0.034042 0.039976 0.067848
0 0.283933 0.855280 0.048602 0.075661
0 0.172813 0.767845 0.046238 0.066817
0 0.152546 0.912549 0.049544 0.081834
0 0.505345 0.448925 0.052862 0.072480
0 0.252154 0.228565 0.051017 0.082218
0 0.795284 0.668658 0.043497 0.069574
0 0.429568 0.453213 0.044985 0.067545
0 0.347582 0.709232 0.050696 0.077774
0 0.137045 0.722491 0.049904 0.078751
0 0.246548 0.024913 0.048929 0.049825
0 0.395952 0.653871 0.049211 0.076986
0 0.981842 0.141069 0.034847 0.077534
0 0.976138 0.721015 0.043515 0.068573
0 0.287675 0.366698 0.040546 0.081565
0 0.659851 0.736216 0.046224 0.086494
0 0.115686 0.871353 0.040620 0.074198
0 0.607032 0.651166 0.050205 0.077623
0 0.306554 0.621105 0.046299 0.073778
0 0.750902 0.824673 0.048840 0.071929
0 0.298721 0.030262 0.047721 0.060482
0 0.437696 0.551824 0.049020 0.073808
0 0.523597 0.527647 0.053344 0.077295
0 0.056584 0.428322 0.052563 0.065274
0 0.185309 0.660522 0.049308 0.068270
0 0.805735 0.334201 0.042278 0.070698
0 0.683109 0.652355 0.048768 0.072746
0 0.716266 0.737239 0.047268 0.077177
0 0.026443 0.046099 0.052606 0.084785
0 0.212134 0.400587 0.044821 0.076273
0 0.772296 0.587126 0.048857 0.076676
0 0.921723 0.833285 0.048776 0.072015
0 0.205285 0.935112 0.053960 0.093067
0 0.683484 0.825881 0.052279 0.080322
0 0.792283 0.750074 0.047294 0.077871
0 0.288734 0.542121 0.052837 0.083298
0 0.809169 0.133462 0.052532 0.084651
0 0.021980 0.129563 0.043872 0.069898
0 0.979531 0.227161 0.039397 0.078223
0 0.847028 0.397003 0.048479 0.075949
0 0.060975 0.662410 0.045178 0.074008
0 0.961141 0.649561 0.045775 0.070644
0 0.337984 0.470785 0.046435 0.075246
0 0.869597 0.750817 0.046663 0.069929
0 0.085794 0.577964 0.046376 0.074563
0 0.968885 0.425711 0.051017 0.075042
0 0.831954 0.618213 0.050958 0.070340
0 0.672591 0.041445 0.055812 0.071540
0 0.840263 0.083191 0.044859 0.075244
0 0.855032 0.475317 0.047832 0.077474
0 0.335910 0.391219 0.055027 0.070303
0 0.142248 0.163172 0.041523 0.072172
0 0.642505 0.226205 0.053313 0.084087
0 0.091091 0.147445 0.053909 0.066851
0 0.211846 0.482142 0.045171 0.070463
0 0.908092 0.660800 0.049381 0.065900
0 0.262511 0.471654 0.046364 0.073527
0 0.038529 0.220837 0.047968 0.086544
0 0.708426 0.316891 0.050803 0.077857
0 0.394063 0.066224 0.049061 0.083543
0 0.847172 0.206983 0.050683 0.081001
0 0.705320 0.571436 0.050650 0.081333
0 0.779125 0.053696 0.046423 0.076315
0 0.556993 0.329416 0.051914 0.083613
0 0.794966 0.470389 0.047745 0.074871
0 0.223806 0.737213 0.056079 0.083741
0 0.208532 0.562078 0.047783 0.074745
0 0.733236 0.241578 0.049604 0.080987
0 0.595004 0.267335 0.048450 0.085908
0 0.872717 0.144883 0.054794 0.064319
0 0.102746 0.078891 0.052093 0.065460
0 0.147396 0.611391 0.050726 0.074089
0 0.731804 0.087811 0.047480 0.074674
0 0.051512 0.509423 0.048840 0.075423
0 0.425973 0.119088 0.049147 0.074486
0 0.178352 0.053105 0.045781 0.071776
0 0.503257 0.344522 0.046644 0.081958
0 0.360567 0.321168 0.048686 0.071804
0 0.478775 0.046292 0.048243 0.078701
0 0.918139 0.212477 0.046327 0.074728
0 0.894081 0.543402 0.051209 0.078166
0 0.886022 0.351528 0.044997 0.081583
0 0.953333 0.353295 0.050204 0.081067
0 0.430310 0.301398 0.047388 0.074508
0 0.571993 0.092347 0.055283 0.083534
0 0.300641 0.196792 0.046487 0.085668
0 0.253417 0.097033 0.057062 0.082177
0 0.356059 0.238802 0.053041 0.075093
0 0.354943 0.158893 0.056580 0.080594
1 0.517547 0.219905 0.049912 0.082241
1 0.207934 0.281287 0.049912 0.092968
2 0.064046 0.253278 0.019497 0.036949
2 0.071455 0.283075 0.020277 0.032181
2 0.123317 0.556615 0.022617 0.030989
2 0.155682 0.690703 0.015598 0.025030
2 0.396276 0.743743 0.021057 0.030989
2 0.370150 0.466627 0.017157 0.029797
2 0.228991 0.297378 0.018717 0.029797
2 0.438779 0.166269 0.024956 0.034565
2 0.746053 0.473182 0.023396 0.038141
2 0.917627 0.475566 0.031195 0.040524
2 0.916457 0.365316 0.016378 0.025030
2 0.760091 0.678784 0.018717 0.029797
2 0.904369 0.709774 0.015598 0.027414