0 0.381451 0.001889 0.029117 0.003751
0 0.327142 0.995628 0.031993 0.007865
0 0.002055 0.540191 0.004109 0.059419
0 0.274244 0.995368 0.039927 0.008154
0 0.997226 0.271385 0.005210 0.052347
0 0.706382 0.995371 0.035571 0.008174
0 0.214763 0.995138 0.034215 0.008650
0 0.993406 0.619377 0.012306 0.059480
0 0.006426 0.946170 0.012852 0.064482
0 0.377537 0.991216 0.031446 0.015066
0 0.005261 0.150046 0.010521 0.055234
0 0.008128 0.701241 0.016219 0.069384
0 0.993814 0.189843 0.011397 0.069085
0 0.987323 0.681769 0.023754 0.073801
0 0.433356 0.987426 0.049118 0.022311
0 0.023780 0.980938 0.046749 0.035824
0 0.695263 0.880321 0.038780 0.072150
0 0.978547 0.969408 0.041307 0.058464
0 0.983578 0.895745 0.031072 0.078274
0 0.489735 0.806340 0.045288 0.080117
0 0.586451 0.983303 0.046023 0.030455
0 0.008400 0.075353 0.016787 0.066804
0 0.137462 0.008243 0.046307 0.016485
0 0.985469 0.775077 0.027353 0.079613
0 0.706150 0.726371 0.054704 0.075546
0 0.850998 0.798203 0.046480 0.078376
0 0.842537 0.732410 0.046729 0.071746
0 0.267737 0.547185 0.045597 0.074198
0 0.608936 0.890388 0.050982 0.076216
0 0.016937 0.791852 0.033874 0.081934
0 0.024399 0.890738 0.048728 0.070987
0 0.240928 0.801423 0.046740 0.085907
0 0.518185 0.971911 0.053641 0.053376
0 0.164087 0.966107 0.053036 0.065527
0 0.750113 0.969958 0.052671 0.057399
0 0.630142 0.963269 0.049107 0.070466
0 0.652340 0.849490 0.046760 0.083485
0 0.693008 0.803717 0.051318 0.075261
0 0.896727 0.958911 0.050634 0.079500
0 0.167489 0.893808 0.055727 0.072213
0 0.980870 0.477721 0.036532 0.078747
0 0.836293 0.959502 0.045620 0.075675
0 0.960816 0.834617 0.051117 0.083648
0 0.515585 0.741690 0.050544 0.085064
0 0.572014 0.746162 0.043076 0.073566
0 0.479318 0.937695 0.050330 0.084023
0 0.855496 0.882772 0.053899 0.075945
0 0.162392 0.817568 0.049434 0.070140
0 0.772084 0.584564 0.057990 0.076963
0 0.060246 0.794118 0.048731 0.071876
0 0.745670 0.801306 0.045588 0.070647
0 0.338237 0.921981 0.048110 0.085897
0 0.531824 0.837997 0.047098 0.077688
0 0.234063 0.896150 0.049428 0.076820
0 0.019538 0.453697 0.039075 0.074199
0 0.767676 0.875411 0.053523 0.082849
0 0.233091 0.505114 0.055271 0.085057
0 0.390829 0.942034 0.045849 0.079692
0 0.662830 0.015246 0.052587 0.030492
0 0.704348 0.607545 0.051913 0.076419
0 0.361421 0.705413 0.053404 0.078127
0 0.291119 0.827261 0.054047 0.074942
0 0.739725 0.671403 0.058498 0.078977
0 0.972584 0.570616 0.053132 0.081825
0 0.158261 0.736783 0.059782 0.079418
0 0.287575 0.944577 0.052366 0.079166
0 0.157275 0.652099 0.054126 0.081567
0 0.982985 0.079074 0.032187 0.071379
0 0.328420 0.765749 0.053594 0.073185
0 0.611661 0.794571 0.048939 0.075842
0 0.692023 0.531218 0.049280 0.071672
0 0.596292 0.669980 0.047052 0.080493
0 0.893980 0.727700 0.050957 0.091099
0 0.908331 0.643050 0.053934 0.069178
0 0.850966 0.386731 0.047275 0.072891
0 0.355470 0.467719 0.046221 0.073674
0 0.746089 0.512972 0.051057 0.084126
0 0.587824 0.589980 0.049191 0.071147
0 0.886292 0.207381 0.050687 0.079712
0 0.070526 0.715890 0.049836 0.082814
0 0.549417 0.544144 0.044972 0.074357
0 0.021848 0.021752 0.043505 0.043504
0 0.974920 0.020108 0.048282 0.040216
0 0.119937 0.511600 0.048240 0.071833
0 0.538939 0.019473 0.049567 0.038946
0 0.682436 0.449386 0.049983 0.070342
0 0.074124 0.626959 0.053721 0.082272
0 0.257214 0.718245 0.052525 0.083660
0 0.531137 0.211538 0.052783 0.083258
0 0.889111 0.097095 0.043225 0.065866
0 0.891158 0.021317 0.052676 0.042635
0 0.969505 0.402305 0.054725 0.081458
0 0.639583 0.557507 0.050684 0.076598
0 0.463074 0.405231 0.044054 0.071696
0 0.041984 0.552841 0.050048 0.077873
0 0.798060 0.431663 0.049470 0.080775
0 0.970397 0.289739 0.046791 0.080940
0 0.390444 0.536754 0.047499 0.073301
0 0.851807 0.468076 0.054027 0.080329
0 0.818720 0.530073 0.045409 0.073639
0 0.288431 0.643584 0.051269 0.080869
0 0.889946 0.341465 0.049630 0.087906
0 0.376175 0.399205 0.047205 0.082943
0 0.327208 0.368307 0.047977 0.076543
0 0.138759 0.579904 0.052847 0.079591
0 0.950143 0.118974 0.042873 0.067184
0 0.421712 0.448375 0.048352 0.071254
0 0.957839 0.189859 0.050224 0.070069
0 0.073458 0.480005 0.051556 0.077511
0 0.395725 0.622811 0.051673 0.076743
0 0.808099 0.339810 0.047824 0.086839
0 0.914841 0.266091 0.048220 0.076506
0 0.506483 0.362442 0.048357 0.078704
0 0.085668 0.181160 0.048999 0.079439
0 0.855905 0.154273 0.047831 0.071852
0 0.416175 0.747066 0.051038 0.085508
0 0.523825 0.458831 0.050904 0.073709
0 0.665155 0.156717 0.051807 0.073814
0 0.510955 0.088862 0.047297 0.079926
0 0.597420 0.037852 0.045333 0.075704
0 0.906973 0.541987 0.054062 0.076086
0 0.702397 0.379744 0.050381 0.071488
0 0.116956 0.123929 0.048956 0.075145
0 0.290245 0.472963 0.055154 0.082579
0 0.557706 0.076973 0.045414 0.074794
0 0.761262 0.317793 0.047898 0.081375
0 0.474897 0.026813 0.047224 0.053596
0 0.481542 0.622942 0.053261 0.088046
0 0.650670 0.359333 0.049092 0.073470
0 0.315572 0.178626 0.048408 0.069947
0 0.415715 0.032388 0.053809 0.064776
0 0.915116 0.414109 0.049987 0.083779
0 0.179310 0.155584 0.051688 0.079369
0 0.061000 0.396949 0.053821 0.080883
0 0.068716 0.075385 0.055466 0.082968
0 0.270490 0.025638 0.052625 0.051251
0 0.560284 0.273361 0.050423 0.077693
0 0.656939 0.280030 0.047813 0.077208
0 0.596954 0.464861 0.056012 0.073816
0 0.221321 0.085527 0.047195 0.073726
0 0.176490 0.468150 0.051648 0.081320
0 0.610158 0.258981 0.045708 0.076225
0 0.219485 0.313172 0.050232 0.083068
0 0.206143 0.231611 0.055776 0.082944
0 0.706939 0.095561 0.057985 0.074856
0 0.639057 0.078845 0.046474 0.081409
0 0.168987 0.070571 0.050948 0.076428
0 0.289116 0.109565 0.052283 0.082890
0 0.289095 0.316382 0.048980 0.078890
0 0.337731 0.077077 0.049444 0.076812
0 0.160230 0.366905 0.052836 0.079013
0 0.780582 0.238492 0.055213 0.080787
0 0.091599 0.322296 0.049907 0.077401
0 0.437012 0.188671 0.053345 0.084896
0 0.360634 0.294449 0.053875 0.081028
0 0.720770 0.184303 0.052825 0.082542
1 0.645838 0.678784 0.044453 0.060787
1 0.719147 0.923719 0.042894 0.057211
2 0.406024 0.227056 0.021837 0.039333
2 0.598265 0.358760 0.030415 0.045292
2 0.113179 0.839094 0.028856 0.035757