0 0.991960 0.004672 0.015146 0.009345
0 0.827954 0.003628 0.029093 0.007255
0 0.034164 0.003796 0.033679 0.007593
0 0.092912 0.004293 0.036794 0.008586
0 0.287958 0.011515 0.032924 0.022975
0 0.249268 0.594816 0.044524 0.075136
0 0.214503 0.602017 0.040359 0.069011
0 0.013325 0.558179 0.026626 0.068716
0 0.995951 0.622816 0.007350 0.061463
0 0.324200 0.023160 0.044906 0.046319
0 0.278074 0.963725 0.048386 0.069867
0 0.308856 0.935821 0.049688 0.071249
0 0.185525 0.762459 0.045584 0.071970
0 0.981557 0.853947 0.035515 0.065281
0 0.172419 0.816497 0.044486 0.071832
0 0.476038 0.007856 0.040715 0.015712
0 0.004791 0.173341 0.009582 0.065877
0 0.026135 0.510768 0.048704 0.075246
0 0.990966 0.450104 0.016463 0.050128
0 0.533233 0.007118 0.041356 0.014236
0 0.950130 0.988576 0.046997 0.020211
0 0.329329 0.986341 0.042145 0.024443
0 0.155800 0.987722 0.044210 0.021961
0 0.007436 0.386760 0.014873 0.089665
0 0.405505 0.988090 0.049551 0.020935
0 0.945382 0.841762 0.048425 0.078180
0 0.147903 0.869350 0.048031 0.073698
0 0.018479 0.979083 0.036958 0.039020
0 0.228472 0.758389 0.051791 0.077762
0 0.976049 0.766858 0.046411 0.093425
0 0.071382 0.951216 0.041369 0.076598
0 0.379252 0.013121 0.047858 0.026242
0 0.080705 0.881116 0.050888 0.070605
0 0.175423 0.573798 0.041179 0.065510
0 0.479995 0.878397 0.055207 0.073008
0 0.977944 0.931700 0.042436 0.076320
0 0.522309 0.855202 0.047008 0.080750
0 0.547829 0.925695 0.050646 0.070043
0 0.986490 0.257180 0.025196 0.072109
0 0.114544 0.960264 0.046559 0.076603
0 0.409618 0.787689 0.041126 0.061855
0 0.239430 0.673474 0.049756 0.063830
0 0.778360 0.012959 0.050332 0.025877
0 0.471089 0.969973 0.050284 0.057015
0 0.926944 0.942282 0.051304 0.070180
0 0.025551 0.707979 0.045112 0.067694
0 0.040770 0.624037 0.048934 0.081009
0 0.585841 0.967414 0.046135 0.061993
0 0.730284 0.762304 0.038679 0.057880
0 0.664520 0.063020 0.041136 0.069752
0 0.120235 0.434387 0.044314 0.068533
0 0.319436 0.734125 0.045996 0.070368
0 0.354225 0.802641 0.052311 0.072974
0 0.895003 0.877560 0.048772 0.080917
0 0.288172 0.804300 0.050406 0.079682
0 0.413721 0.935651 0.049264 0.070660
0 0.189886 0.916812 0.055768 0.084685
0 0.125817 0.780557 0.039715 0.067039
0 0.812306 0.663788 0.045513 0.068246
0 0.404420 0.857954 0.050615 0.069352
0 0.984856 0.101864 0.028506 0.071676
0 0.337572 0.873790 0.053296 0.075092
0 0.569091 0.783456 0.043828 0.070912
0 0.767845 0.959364 0.050252 0.078492
0 0.024981 0.799005 0.044158 0.070093
0 0.582995 0.867732 0.048380 0.078360
0 0.841972 0.854817 0.055790 0.068975
0 0.820583 0.782549 0.053690 0.073400
0 0.844843 0.717065 0.047371 0.073525
0 0.375033 0.733304 0.051329 0.079291
0 0.076640 0.736236 0.048143 0.076093
0 0.430910 0.686379 0.053408 0.071726
0 0.642919 0.905635 0.049924 0.074265
0 0.479903 0.794823 0.049560 0.082005
0 0.979980 0.373361 0.038209 0.082918
0 0.642966 0.028488 0.047420 0.056976
0 0.120675 0.588821 0.048074 0.080202
0 0.074356 0.551408 0.049400 0.077483
0 0.619400 0.779594 0.050782 0.078926
0 0.110184 0.363550 0.055461 0.077562
0 0.730625 0.695102 0.045224 0.069212
0 0.166663 0.662813 0.048482 0.077094
0 0.656721 0.683851 0.054464 0.071718
0 0.978428 0.181272 0.041221 0.073018
0 0.206794 0.514010 0.047741 0.079343
0 0.467138 0.271545 0.047245 0.065817
0 0.952744 0.692086 0.049475 0.081511
0 0.294729 0.659984 0.046837 0.075249
0 0.078970 0.051527 0.042719 0.077084
0 0.124777 0.289303 0.048698 0.076351
0 0.598146 0.693960 0.053279 0.076561
0 0.682244 0.761059 0.047262 0.079638
0 0.763502 0.851056 0.049422 0.080330
0 0.074560 0.228752 0.043127 0.065751
0 0.492437 0.612996 0.048839 0.079226
0 0.854408 0.621758 0.050856 0.080404
0 0.206264 0.026663 0.046651 0.053327
0 0.499685 0.211046 0.046847 0.069346
0 0.508734 0.315032 0.053365 0.071871
0 0.330927 0.557527 0.044372 0.071418
0 0.183786 0.088360 0.051959 0.060043
0 0.632616 0.602204 0.052402 0.080484
0 0.162274 0.475571 0.049160 0.085379
0 0.532462 0.661543 0.048397 0.082231
0 0.038393 0.181846 0.049479 0.078577
0 0.671542 0.157372 0.040480 0.069885
0 0.595793 0.099534 0.046250 0.068792
0 0.785419 0.555261 0.054203 0.073895
0 0.361494 0.190984 0.046239 0.078048
0 0.511957 0.067501 0.047771 0.068202
0 0.457088 0.123356 0.046683 0.066429
0 0.627176 0.305586 0.049668 0.081137
0 0.641793 0.492619 0.044786 0.070288
0 0.455307 0.048534 0.050134 0.076065
0 0.417539 0.610880 0.045308 0.076552
0 0.303999 0.494736 0.056001 0.075579
0 0.944421 0.107983 0.044752 0.068062
0 0.508127 0.534620 0.048843 0.075600
0 0.518925 0.139644 0.047459 0.069367
0 0.589256 0.548586 0.052134 0.072714
0 0.557570 0.181226 0.041156 0.072537
0 0.082830 0.131107 0.047195 0.081536
0 0.918820 0.523394 0.051343 0.077675
0 0.384728 0.121093 0.044913 0.070934
0 0.671097 0.238984 0.045183 0.072953
0 0.167489 0.243181 0.049643 0.072280
0 0.625479 0.155681 0.044515 0.069675
0 0.880441 0.265224 0.045144 0.072022
0 0.125083 0.068304 0.045789 0.072479
0 0.721232 0.055148 0.043006 0.067807
0 0.907031 0.145249 0.048986 0.069113
0 0.812677 0.302166 0.045365 0.071073
0 0.578359 0.030356 0.049660 0.060711
0 0.775376 0.228632 0.042524 0.074285
0 0.235026 0.187517 0.046117 0.083890
0 0.834314 0.515332 0.049061 0.078246
0 0.323296 0.239915 0.045995 0.074252
0 0.225712 0.377386 0.044067 0.078891
0 0.509067 0.458951 0.050641 0.066384
0 0.307462 0.413015 0.047596 0.078136
0 0.909457 0.417870 0.043882 0.084358
0 0.863479 0.189063 0.049263 0.071489
0 0.725944 0.260554 0.053477 0.077036
0 0.552425 0.261063 0.053963 0.074659
0 0.917958 0.047338 0.044688 0.079144
0 0.285869 0.110692 0.045465 0.066311
0 0.698647 0.331956 0.052782 0.076899
0 0.586220 0.434833 0.045884 0.071562
0 0.861596 0.435738 0.050445 0.079453
0 0.775196 0.451989 0.047632 0.075431
0 0.812702 0.149096 0.048975 0.073158
0 0.933481 0.240534 0.047275 0.074225
0 0.780911 0.363394 0.053866 0.073237
0 0.714163 0.130070 0.051571 0.078378
0 0.170532 0.161508 0.053524 0.078367
0 0.773452 0.072122 0.047165 0.075040
0 0.266457 0.296279 0.045466 0.077852
0 0.443560 0.497336 0.046508 0.072957
0 0.387095 0.505786 0.047932 0.082800
0 0.408082 0.324348 0.051178 0.070672
0 0.862781 0.043661 0.046815 0.072211
0 0.361999 0.421081 0.051854 0.075311
0 0.440794 0.389959 0.051525 0.077367
1 0.397835 0.247318 0.036654 0.077473
1 0.922306 0.314064 0.051472 0.056019
1 0.676253 0.964243 0.058491 0.071514
2 0.052348 0.427890 0.025736 0.042908
2 0.710958 0.601907 0.038994 0.064362
2 0.782707 0.710965 0.026516 0.039333