0 0.288244 0.993185 0.041331 0.011428
0 0.997319 0.702303 0.004815 0.069832
0 0.479817 0.993882 0.032799 0.009915
0 0.003887 0.535803 0.007773 0.063539
0 0.004352 0.400575 0.008704 0.058179
0 0.004332 0.741649 0.008664 0.063003
0 0.458551 0.006381 0.036164 0.012763
0 0.269039 0.006115 0.032632 0.012230
0 0.786910 0.990707 0.045780 0.015688
0 0.336953 0.006693 0.037127 0.013386
0 0.533936 0.991330 0.039339 0.014605
0 0.008560 0.189649 0.017121 0.070266
0 0.991819 0.103779 0.014665 0.062425
0 0.168846 0.008617 0.042432 0.017233
0 0.405555 0.612972 0.049874 0.073212
0 0.016977 0.809222 0.033862 0.073745
0 0.529679 0.011825 0.043952 0.023650
0 0.630112 0.984860 0.054555 0.027253
0 0.374047 0.585121 0.050199 0.078092
0 0.077297 0.818039 0.049148 0.077335
0 0.013516 0.113168 0.027000 0.066700
0 0.019179 0.947757 0.038358 0.076515
0 0.712812 0.978592 0.052334 0.039733
0 0.243573 0.753296 0.044319 0.067544
0 0.917562 0.974132 0.050939 0.048588
0 0.984110 0.399641 0.029724 0.076881
0 0.975046 0.965328 0.047841 0.065670
0 0.812770 0.771335 0.067010 0.093539
0 0.118744 0.844656 0.055137 0.074407
0 0.033799 0.866934 0.049109 0.079692
0 0.343165 0.519218 0.043510 0.076052
0 0.426496 0.473562 0.051848 0.091082
0 0.470414 0.898213 0.047879 0.072631
0 0.025168 0.036423 0.045413 0.071739
0 0.066445 0.967837 0.046945 0.061339
0 0.185429 0.074386 0.047751 0.072116
0 0.018157 0.277436 0.036314 0.066060
0 0.375154 0.670994 0.045704 0.073269
0 0.636549 0.019581 0.044841 0.039163
0 0.470483 0.486015 0.052248 0.069950
0 0.250404 0.965089 0.044137 0.067073
0 0.565188 0.878978 0.051169 0.080103
0 0.783527 0.934742 0.047889 0.068847
0 0.881403 0.920378 0.050319 0.071828
0 0.326410 0.654595 0.048283 0.074659
0 0.146679 0.918828 0.057109 0.065940
0 0.599698 0.831152 0.053949 0.081365
0 0.176521 0.422714 0.048256 0.075015
0 0.386780 0.505720 0.043338 0.076204
0 0.831151 0.900620 0.049824 0.083179
0 0.072432 0.067283 0.052647 0.080214
0 0.196744 0.955234 0.050774 0.077299
0 0.303985 0.959600 0.046897 0.069566
0 0.511173 0.944930 0.049850 0.080555
0 0.827763 0.041183 0.051627 0.082367
0 0.220752 0.103188 0.047411 0.072831
0 0.225508 0.872829 0.054170 0.077596
0 0.963262 0.463833 0.050114 0.073134
0 0.905079 0.793347 0.049255 0.083509
0 0.162604 0.741721 0.046041 0.072487
0 0.307390 0.574878 0.049991 0.076774
0 0.094363 0.136553 0.046706 0.078067
0 0.729477 0.023746 0.048296 0.047493
0 0.390670 0.778915 0.051805 0.072371
0 0.416412 0.709603 0.045974 0.084406
0 0.269080 0.414490 0.055955 0.067665
0 0.275839 0.326372 0.045829 0.066413
0 0.702850 0.766517 0.054289 0.073831
0 0.139331 0.121365 0.045786 0.068358
0 0.196268 0.801740 0.054238 0.068200
0 0.498377 0.841246 0.051171 0.082417
0 0.795661 0.685141 0.050342 0.083445
0 0.874257 0.710713 0.052720 0.078948
0 0.187595 0.525773 0.049898 0.065239
0 0.530346 0.748586 0.045604 0.086403
0 0.607891 0.671259 0.041520 0.066416
0 0.930128 0.037206 0.053271 0.074413
0 0.674800 0.829021 0.049765 0.073545
0 0.231947 0.031258 0.049516 0.062240
0 0.350508 0.927005 0.048497 0.083346
0 0.849693 0.109042 0.055067 0.067022
0 0.683897 0.910958 0.048545 0.074255
0 0.379693 0.856079 0.047894 0.079861
0 0.279904 0.809026 0.047947 0.074427
0 0.227467 0.683847 0.053061 0.072847
0 0.309924 0.463700 0.048598 0.080652
0 0.436605 0.087680 0.059781 0.068658
0 0.156070 0.186857 0.044808 0.065702
0 0.735029 0.245227 0.040382 0.063213
0 0.079758 0.730023 0.054024 0.080132
0 0.227902 0.471009 0.051713 0.074132
0 0.421051 0.028936 0.041811 0.057871
0 0.266756 0.525333 0.048878 0.088315
0 0.118708 0.677998 0.048496 0.075260
0 0.957003 0.809619 0.046782 0.074772
0 0.729674 0.700253 0.053560 0.078790
0 0.163504 0.637881 0.049188 0.072466
0 0.809239 0.456502 0.050584 0.068698
0 0.965832 0.604794 0.050836 0.082584
0 0.029853 0.636940 0.053562 0.075274
0 0.730997 0.619974 0.049073 0.073067
0 0.708164 0.553243 0.053483 0.060487
0 0.137975 0.476514 0.062987 0.068147
0 0.931016 0.405339 0.048350 0.080031
0 0.135636 0.369669 0.048131 0.068816
0 0.968487 0.327022 0.050341 0.081643
0 0.039665 0.342290 0.050861 0.072579
0 0.211147 0.384318 0.050092 0.072689
0 0.843180 0.625857 0.045849 0.075914
0 0.318951 0.374348 0.051202 0.071597
0 0.086124 0.317594 0.043520 0.065912
0 0.920806 0.515949 0.051768 0.071624
0 0.330667 0.823968 0.047491 0.076392
0 0.475687 0.663316 0.059649 0.067904
0 0.553760 0.457256 0.046244 0.071674
0 0.913443 0.621408 0.051497 0.089474
0 0.432213 0.849092 0.046797 0.083224
0 0.629880 0.223174 0.043605 0.072737
0 0.303715 0.147044 0.045580 0.072575
0 0.211536 0.594933 0.051784 0.078123
0 0.030673 0.520494 0.043580 0.077556
0 0.743396 0.108762 0.048817 0.078087
0 0.075053 0.401974 0.048926 0.076198
0 0.268159 0.237036 0.047326 0.074617
0 0.789811 0.387557 0.047550 0.070034
0 0.614249 0.070054 0.048919 0.072001
0 0.781014 0.177939 0.043964 0.078578
0 0.973200 0.205386 0.051460 0.080758
0 0.706826 0.298422 0.042495 0.067952
0 0.211827 0.180589 0.053202 0.072840
0 0.675897 0.344706 0.044546 0.066580
0 0.595975 0.306263 0.045509 0.079100
0 0.759459 0.303694 0.039681 0.066465
0 0.318924 0.284337 0.048635 0.070890
0 0.848714 0.196572 0.056991 0.072170
0 0.476826 0.151370 0.048194 0.076443
0 0.877273 0.467155 0.054735 0.072317
0 0.126581 0.556694 0.053388 0.076944
0 0.873803 0.386941 0.048983 0.077368
0 0.579364 0.228561 0.046486 0.068174
0 0.631113 0.363439 0.043422 0.086384
0 0.101767 0.219335 0.054112 0.076115
0 0.322477 0.053748 0.052939 0.077355
0 0.503309 0.208905 0.050347 0.072221
0 0.748241 0.470601 0.045002 0.079413
0 0.803526 0.552778 0.049257 0.078490
0 0.079276 0.601094 0.049165 0.073926
0 0.138646 0.283744 0.056401 0.079946
0 0.214331 0.255502 0.051396 0.070794
0 0.653175 0.571519 0.049254 0.079837
0 0.489546 0.056008 0.047068 0.073824
0 0.592238 0.577283 0.052164 0.074170
0 0.917099 0.324504 0.045669 0.080379
0 0.443386 0.382001 0.049633 0.078112
0 0.622969 0.462894 0.047836 0.077368
0 0.696691 0.482047 0.046595 0.075161
0 0.521895 0.591753 0.056103 0.082076
0 0.551453 0.063185 0.051089 0.079353
0 0.375190 0.253481 0.045036 0.091710
0 0.665013 0.161029 0.050168 0.075163
0 0.845528 0.273483 0.052550 0.073530
0 0.495086 0.391533 0.049234 0.080012
0 0.374700 0.111936 0.052775 0.086798
0 0.560878 0.150717 0.051014 0.073944
0 0.547179 0.363573 0.051006 0.075937
0 0.907014 0.239878 0.048565 0.081183
0 0.506201 0.289986 0.052407 0.074259
1 0.336615 0.221097 0.040554 0.060787
1 0.583837 0.730036 0.040554 0.072706