0 0.041028 0.003848 0.026001 0.007632
0 0.080636 0.327302 0.044405 0.074050
0 0.517801 0.993779 0.044089 0.010419
0 0.901950 0.964379 0.051811 0.066221
0 0.548631 0.006567 0.041472 0.013134
0 0.750085 0.003247 0.037618 0.006453
0 0.003286 0.515026 0.006571 0.054949
0 0.400232 0.994123 0.034244 0.010035
0 0.957145 0.763013 0.050007 0.071404
0 0.003615 0.215516 0.007231 0.061538
0 0.936762 0.729166 0.049438 0.073962
0 0.994395 0.969470 0.009702 0.056098
0 0.891214 0.304686 0.046682 0.078907
0 0.079750 0.006412 0.039049 0.012824
0 0.992614 0.481118 0.013344 0.066984
0 0.993434 0.169188 0.011488 0.060923
0 0.923696 0.324560 0.053133 0.081465
0 0.192867 0.986612 0.052474 0.023891
0 0.645673 0.988016 0.039327 0.021101
0 0.990013 0.354510 0.018254 0.073830
0 0.809261 0.839148 0.051176 0.067456
0 0.567567 0.986292 0.040458 0.024495
0 0.985660 0.886299 0.026837 0.070763
0 0.806694 0.774330 0.049800 0.073384
0 0.858941 0.983133 0.046831 0.030707
0 0.986942 0.805678 0.024416 0.063235
0 0.096479 0.185056 0.046886 0.067101
0 0.012255 0.713874 0.024510 0.084697
0 0.013376 0.118149 0.026726 0.075981
0 0.696399 0.011417 0.046339 0.022788
0 0.016387 0.949579 0.032775 0.079140
0 0.790695 0.984627 0.047360 0.027646
0 0.015999 0.448760 0.031996 0.062741
0 0.305655 0.014251 0.040591 0.028483
0 0.847011 0.029480 0.046874 0.058959
0 0.132810 0.190448 0.044958 0.071288
0 0.717679 0.447929 0.052593 0.073877
0 0.923127 0.016261 0.049450 0.032522
0 0.049215 0.141041 0.046788 0.065097
0 0.057119 0.737196 0.044637 0.063124
0 0.771144 0.237175 0.049565 0.081461
0 0.017760 0.372277 0.035520 0.069933
0 0.592858 0.017292 0.048792 0.034584
0 0.018329 0.290081 0.036657 0.067624
0 0.743158 0.205436 0.048617 0.074582
0 0.890077 0.205644 0.049514 0.077927
0 0.927626 0.233127 0.046368 0.080591
0 0.026506 0.042824 0.052812 0.079825
0 0.235886 0.963687 0.050897 0.069564
0 0.467135 0.014895 0.039787 0.029790
0 0.119812 0.410196 0.043992 0.065509
0 0.695306 0.392707 0.051176 0.075870
0 0.981821 0.097355 0.034601 0.066785
0 0.082964 0.247517 0.048896 0.069913
0 0.088171 0.814005 0.048611 0.081708
0 0.065929 0.089103 0.042276 0.068195
0 0.026113 0.193467 0.044653 0.068922
0 0.308494 0.968605 0.050279 0.059391
0 0.055945 0.413283 0.046594 0.068068
0 0.101092 0.968344 0.048821 0.060281
0 0.032049 0.799040 0.048220 0.073610
0 0.206817 0.116639 0.045679 0.071668
0 0.232446 0.178376 0.047407 0.078814
0 0.687760 0.964943 0.051298 0.066694
0 0.105041 0.741272 0.048284 0.084375
0 0.148251 0.469077 0.052169 0.071587
0 0.685163 0.761103 0.057792 0.074143
0 0.312587 0.085628 0.055519 0.064895
0 0.319632 0.898352 0.053217 0.075655
0 0.818307 0.919519 0.046234 0.071789
0 0.892337 0.051676 0.052775 0.081160
0 0.051730 0.904475 0.045884 0.085965
0 0.265438 0.851996 0.046030 0.079926
0 0.626375 0.943335 0.048401 0.073343
0 0.127177 0.032020 0.046951 0.064039
0 0.108104 0.112963 0.045668 0.065649
0 0.974179 0.560153 0.049151 0.081990
0 0.813018 0.194377 0.048956 0.073888
0 0.156621 0.094170 0.046885 0.066650
0 0.521123 0.104115 0.047993 0.074857
0 0.699047 0.895811 0.051910 0.079124
0 0.188252 0.021595 0.049445 0.043190
0 0.651662 0.183575 0.047970 0.075719
0 0.346076 0.028339 0.049038 0.056678
0 0.697257 0.694089 0.045228 0.068117
0 0.832194 0.127897 0.055158 0.076577
0 0.970936 0.030780 0.050002 0.061559
0 0.094685 0.473401 0.046801 0.065214
0 0.275712 0.403431 0.047999 0.066329
0 0.885527 0.697725 0.051218 0.081165
0 0.511526 0.947399 0.049933 0.079973
0 0.048105 0.507028 0.051979 0.070016
0 0.188930 0.254607 0.051214 0.070002
0 0.181138 0.175860 0.048239 0.072227
0 0.138843 0.919237 0.052582 0.083109
0 0.239532 0.265628 0.046357 0.071264
0 0.725852 0.827912 0.051718 0.093184
0 0.575855 0.916896 0.046383 0.081313
0 0.487472 0.057374 0.053744 0.060411
0 0.417012 0.020270 0.050215 0.040527
0 0.958281 0.381054 0.047829 0.077848
0 0.380124 0.952957 0.056994 0.074347
0 0.061007 0.636522 0.050542 0.079406
0 0.186336 0.326898 0.049035 0.065552
0 0.900638 0.789371 0.050626 0.073017
0 0.634230 0.345409 0.045533 0.078187
0 0.354114 0.824145 0.046218 0.070607
0 0.339358 0.654032 0.048019 0.072690
0 0.285865 0.247634 0.045852 0.081027
0 0.180829 0.864492 0.050580 0.080586
0 0.891752 0.442619 0.050906 0.071750
0 0.301707 0.329996 0.048958 0.064139
0 0.330633 0.261287 0.044178 0.088216
0 0.765711 0.723569 0.049577 0.078034
0 0.541528 0.862788 0.045889 0.079276
0 0.480954 0.861802 0.047956 0.079929
0 0.338070 0.731498 0.047221 0.068775
0 0.114034 0.547942 0.054678 0.082708
0 0.570145 0.115848 0.044451 0.068846
0 0.171859 0.394895 0.051131 0.068266
0 0.369341 0.085154 0.053008 0.072689
0 0.713648 0.059338 0.051686 0.076173
0 0.643182 0.865269 0.048997 0.077617
0 0.605083 0.166179 0.041880 0.080995
0 0.910786 0.133573 0.051432 0.074589
0 0.680190 0.507899 0.051888 0.075818
0 0.233533 0.364557 0.061074 0.079315
0 0.279477 0.473366 0.046554 0.068264
0 0.423591 0.848181 0.053158 0.073916
0 0.224053 0.811347 0.054422 0.080884
0 0.303718 0.802210 0.050379 0.072851
0 0.446809 0.761942 0.049951 0.063697
0 0.683120 0.119012 0.053563 0.081640
0 0.582978 0.809510 0.056155 0.067901
0 0.552335 0.042138 0.050542 0.067294
0 0.622133 0.751085 0.055965 0.074828
0 0.387618 0.758264 0.046733 0.075117
0 0.508963 0.354685 0.046392 0.075348
0 0.916643 0.622125 0.050519 0.070548
0 0.722604 0.314521 0.058925 0.074055
0 0.736576 0.647093 0.053394 0.071267
0 0.892734 0.519903 0.045301 0.070705
0 0.275786 0.694688 0.053975 0.084652
0 0.206662 0.466973 0.055858 0.082018
0 0.805226 0.311301 0.052895 0.076535
0 0.939333 0.493580 0.048953 0.077191
0 0.649879 0.646073 0.058801 0.067196
0 0.581993 0.643649 0.052099 0.075871
0 0.686148 0.239767 0.054720 0.076024
0 0.173901 0.533860 0.052425 0.075613
0 0.751257 0.502796 0.048607 0.078894
0 0.178555 0.625107 0.053861 0.080615
0 0.566338 0.460519 0.050830 0.073692
0 0.460808 0.444669 0.045715 0.069752
0 0.485639 0.606403 0.051824 0.071897
0 0.801067 0.408717 0.053347 0.081262
0 0.394467 0.670135 0.048874 0.071791
0 0.325565 0.505726 0.046366 0.073656
0 0.449721 0.263381 0.049370 0.075479
0 0.438470 0.631685 0.047810 0.079932
0 0.409463 0.224927 0.052894 0.077980
0 0.425206 0.506978 0.049263 0.066998
0 0.373954 0.491955 0.047493 0.073925
0 0.500648 0.774108 0.051479 0.079786
0 0.371537 0.584513 0.059464 0.081540
0 0.478833 0.518455 0.052317 0.083899
0 0.344800 0.381961 0.049021 0.071925
0 0.561126 0.566768 0.056171 0.083719
0 0.716103 0.571513 0.054101 0.074872
0 0.606968 0.498465 0.045576 0.072319
0 0.784802 0.589647 0.052223 0.077872
0 0.283976 0.603061 0.049316 0.076208
0 0.392257 0.364295 0.040422 0.084177
0 0.436774 0.352550 0.046762 0.085231
0 0.509454 0.246873 0.055199 0.080195
0 0.557844 0.380961 0.057770 0.080073
0 0.828051 0.507256 0.055002 0.083732
1 0.604894 0.293206 0.043673 0.069130
1 0.824041 0.689511 0.046793 0.077473
1 0.288262 0.154946 0.046793 0.038141
0 0.259406 0.113230 0.051472 0.064362