0 0.936940 0.355727 0.034809 0.058522
0 0.439408 0.481341 0.048751 0.067112
0 0.903425 0.351802 0.044491 0.075093
0 0.427487 0.518820 0.055426 0.070488
0 0.003003 0.593110 0.006006 0.063097
0 0.295023 0.218817 0.046419 0.072572
0 0.191415 0.990541 0.040534 0.016279
0 0.151458 0.412568 0.045378 0.081521
0 0.005430 0.350060 0.010861 0.062201
0 0.268307 0.247236 0.050149 0.073796
0 0.992614 0.277054 0.013099 0.059931
0 0.174292 0.369377 0.047040 0.072361
0 0.266768 0.011527 0.031107 0.023054
0 0.993033 0.030381 0.012384 0.058523
0 0.991987 0.352016 0.014193 0.059822
0 0.765621 0.613956 0.057630 0.102867
0 0.007264 0.266079 0.014529 0.060771
0 0.315409 0.008124 0.040626 0.016247
0 0.988718 0.894542 0.020875 0.078713
0 0.011607 0.842932 0.023190 0.074509
0 0.989530 0.198654 0.019114 0.070986
0 0.919213 0.207950 0.047105 0.067194
0 0.280743 0.158353 0.046117 0.063000
0 0.568695 0.603010 0.042943 0.077190
0 0.486885 0.984142 0.052983 0.028695
0 0.014386 0.676378 0.028735 0.068619
0 0.807988 0.235173 0.042844 0.074747
0 0.608539 0.600236 0.045925 0.068506
0 0.171370 0.159985 0.047598 0.069396
0 0.923960 0.982589 0.047006 0.031773
0 0.014345 0.764312 0.028664 0.071831
0 0.955320 0.213682 0.045027 0.071609
0 0.853558 0.013926 0.051554 0.027837
0 0.190263 0.107714 0.049103 0.065585
0 0.986874 0.650867 0.024293 0.078911
0 0.871572 0.163741 0.046474 0.064778
0 0.984117 0.419559 0.029746 0.068596
0 0.781627 0.983355 0.046455 0.030250
0 0.306584 0.299731 0.049159 0.070868
0 0.395285 0.206592 0.045225 0.065661
0 0.984759 0.559358 0.028520 0.075442
0 0.409138 0.151508 0.041702 0.072776
0 0.757436 0.235246 0.051836 0.073567
0 0.637961 0.101532 0.051601 0.074024
0 0.784258 0.290491 0.044772 0.071907
0 0.663466 0.039331 0.054051 0.078571
0 0.826533 0.140063 0.046090 0.077839
0 0.789395 0.422535 0.039847 0.057414
0 0.879515 0.764141 0.044092 0.063545
0 0.018078 0.465222 0.036150 0.080279
0 0.904246 0.016961 0.044578 0.033923
0 0.282780 0.765367 0.049341 0.078600
0 0.085005 0.129019 0.048750 0.059646
0 0.888457 0.111756 0.041917 0.070025
0 0.830277 0.968939 0.049166 0.058976
0 0.848679 0.216747 0.044696 0.069194
0 0.575534 0.700753 0.054054 0.078144
0 0.082823 0.967253 0.049052 0.062394
0 0.616017 0.767314 0.041096 0.071808
0 0.942501 0.434789 0.044237 0.065642
0 0.782502 0.172058 0.050573 0.075206
0 0.401757 0.580960 0.051802 0.070347
0 0.313840 0.124403 0.043982 0.072043
0 0.124246 0.166169 0.047395 0.077828
0 0.829502 0.473441 0.049626 0.062422
0 0.351378 0.261709 0.051542 0.085759
0 0.970768 0.494306 0.051817 0.071549
0 0.573058 0.787421 0.044966 0.075849
0 0.600450 0.966727 0.052061 0.063244
0 0.480067 0.429059 0.051505 0.072588
0 0.214786 0.020623 0.042995 0.041245
0 0.905561 0.271225 0.048492 0.069882
0 0.793644 0.027102 0.049592 0.054199
0 0.235290 0.299496 0.044850 0.078796
0 0.910742 0.841566 0.048620 0.082269
0 0.878389 0.437651 0.046562 0.067818
0 0.639475 0.173739 0.048356 0.064846
0 0.186185 0.295009 0.045689 0.064653
0 0.917129 0.498745 0.046791 0.065465
0 0.849084 0.064067 0.052705 0.081370
0 0.360653 0.150274 0.046565 0.078276
0 0.208086 0.446416 0.052623 0.077120
0 0.304938 0.049194 0.046529 0.066485
0 0.231498 0.965525 0.047533 0.066055
0 0.927549 0.768325 0.048797 0.085040
0 0.093412 0.068729 0.051475 0.061151
0 0.148313 0.964706 0.055736 0.067596
0 0.526466 0.781254 0.044498 0.069712
0 0.725052 0.891676 0.048152 0.074567
0 0.561136 0.916800 0.051647 0.080457
0 0.232582 0.733040 0.055305 0.067721
0 0.628305 0.445323 0.055217 0.073147
0 0.438677 0.388661 0.047052 0.077546
0 0.366736 0.516476 0.049674 0.082206
0 0.628359 0.528509 0.050683 0.082957
0 0.977633 0.116714 0.042591 0.067325
0 0.296982 0.844799 0.047659 0.077612
0 0.287508 0.371725 0.050948 0.071251
0 0.019538 0.110243 0.039077 0.085942
0 0.930933 0.135469 0.045747 0.065901
0 0.269318 0.914114 0.053447 0.079740
0 0.159286 0.235633 0.054657 0.071032
0 0.025437 0.957705 0.049527 0.078352
0 0.736771 0.693346 0.053050 0.077315
0 0.474263 0.789851 0.043245 0.074322
0 0.157622 0.056336 0.042177 0.072260
0 0.854553 0.826636 0.048335 0.073515
0 0.961562 0.947743 0.052960 0.083570
0 0.699219 0.405440 0.046672 0.072501
0 0.719357 0.033059 0.048673 0.066118
0 0.652821 0.373037 0.049005 0.071031
0 0.086876 0.016858 0.052846 0.033716
0 0.237390 0.126422 0.043272 0.085103
0 0.870556 0.532477 0.051755 0.070740
0 0.362485 0.966280 0.049209 0.064284
0 0.596087 0.860261 0.052110 0.078449
0 0.593813 0.213356 0.054396 0.076669
0 0.051511 0.393030 0.047244 0.075905
0 0.776966 0.091299 0.051781 0.072127
0 0.239321 0.522134 0.050278 0.080637
0 0.446655 0.101163 0.044817 0.077739
0 0.781697 0.892449 0.049549 0.080619
0 0.385533 0.405478 0.049738 0.073869
0 0.874188 0.933235 0.045591 0.085950
0 0.237092 0.655426 0.049818 0.075330
0 0.507716 0.933552 0.052570 0.078346
0 0.485993 0.145735 0.048055 0.073951
0 0.539151 0.457245 0.047641 0.072531
0 0.660878 0.844730 0.050641 0.070686
0 0.737328 0.815193 0.049585 0.072405
0 0.353694 0.069873 0.047340 0.069127
0 0.562957 0.520700 0.055526 0.076834
0 0.447839 0.951270 0.051516 0.076986
0 0.339729 0.375741 0.042454 0.072889
0 0.696987 0.190930 0.048973 0.071120
0 0.833883 0.396657 0.048456 0.070907
0 0.516855 0.854717 0.052639 0.068746
0 0.631856 0.280088 0.047612 0.080180
0 0.730123 0.469202 0.051799 0.068765
0 0.335094 0.903851 0.050087 0.077118
0 0.833309 0.314112 0.051530 0.067903
0 0.120409 0.897256 0.050480 0.082595
0 0.745776 0.336390 0.050403 0.080910
0 0.193008 0.558850 0.049429 0.076592
0 0.101201 0.371408 0.052546 0.073404
0 0.632115 0.689429 0.047463 0.084508
0 0.033592 0.313276 0.049792 0.079891
0 0.039809 0.174925 0.055048 0.073598
0 0.081796 0.598727 0.053258 0.084296
0 0.068651 0.894637 0.046099 0.081830
0 0.883461 0.662831 0.050623 0.079440
0 0.413931 0.045034 0.051983 0.074879
0 0.484913 0.344414 0.047829 0.072347
0 0.690621 0.308009 0.046652 0.077616
0 0.337519 0.726229 0.052446 0.072758
0 0.508559 0.709890 0.050302 0.074830
0 0.936589 0.573918 0.054624 0.082966
0 0.681779 0.668030 0.047914 0.087099
0 0.715342 0.121327 0.053239 0.069045
0 0.412831 0.299594 0.052392 0.075524
0 0.502557 0.028431 0.044795 0.056862
0 0.310164 0.492746 0.050683 0.074986
0 0.127969 0.773451 0.057597 0.082797
0 0.949756 0.046161 0.047231 0.080405
0 0.184711 0.843277 0.050703 0.083573
0 0.576375 0.285974 0.049713 0.075827
0 0.161575 0.673120 0.051397 0.072531
0 0.101991 0.287730 0.048976 0.078397
0 0.798591 0.537289 0.058012 0.080233
0 0.427837 0.874171 0.057047 0.079382
0 0.708452 0.583310 0.049950 0.072536
0 0.294227 0.599295 0.046907 0.072440
0 0.527631 0.096093 0.051843 0.075995
0 0.817643 0.739015 0.058473 0.088719
0 0.421857 0.697938 0.052019 0.074667
0 0.058368 0.808405 0.048754 0.082128
0 0.584935 0.099125 0.044563 0.065452
0 0.585274 0.389745 0.052483 0.071193
1 0.528466 0.301549 0.045233 0.061979
2 0.355332 0.651967 0.032755 0.042908
2 0.482453 0.291418 0.023396 0.036949
2 0.471924 0.742551 0.022617 0.035757
2 0.407974 0.804529 0.024176 0.033373
2 0.744493 0.989273 0.028076 0.021454