0 0.743568 0.989505 0.045830 0.018386
0 0.902985 0.002174 0.036569 0.004347
0 0.452642 0.993872 0.033987 0.010112
0 0.846066 0.989525 0.044580 0.018184
0 0.561148 0.993472 0.034709 0.010636
0 0.390141 0.004213 0.031899 0.008426
0 0.038220 0.992266 0.036335 0.012721
0 0.198100 0.004121 0.038972 0.008243
0 0.456404 0.005274 0.036213 0.010522
0 0.994934 0.035186 0.008689 0.053429
0 0.794808 0.873882 0.054179 0.089012
0 0.987766 0.979708 0.022681 0.037616
0 0.992327 0.915763 0.013825 0.070318
0 0.776876 0.832561 0.051235 0.077282
0 0.255541 0.983135 0.037780 0.030630
0 0.991717 0.823977 0.014946 0.067125
0 0.506794 0.986531 0.048802 0.023824
0 0.009089 0.565295 0.018178 0.071490
0 0.566096 0.011160 0.044460 0.022321
0 0.614918 0.984949 0.048015 0.027081
0 0.895845 0.983257 0.044662 0.030443
0 0.009246 0.427579 0.018479 0.075326
0 0.989799 0.362987 0.018545 0.074941
0 0.009783 0.098619 0.019548 0.078092
0 0.980940 0.751128 0.036223 0.074893
0 0.232016 0.514040 0.061716 0.078512
0 0.812381 0.967054 0.052273 0.062918
0 0.406128 0.977226 0.052941 0.042204
0 0.676762 0.982631 0.047266 0.031640
0 0.988802 0.107236 0.020618 0.066451
0 0.616861 0.013293 0.044413 0.026555
0 0.955808 0.799933 0.046390 0.066120
0 0.899850 0.536612 0.043773 0.076394
0 0.353419 0.872003 0.053194 0.074541
0 0.500297 0.867004 0.050346 0.073681
0 0.986344 0.531605 0.025462 0.074080
0 0.863475 0.523579 0.048607 0.085762
0 0.189214 0.885468 0.052665 0.073528
0 0.031190 0.661971 0.047980 0.080178
0 0.225365 0.955561 0.045771 0.080002
0 0.984406 0.627882 0.029160 0.082841
0 0.143932 0.977605 0.054832 0.041501
0 0.317955 0.592977 0.053053 0.078945
0 0.019971 0.737493 0.039942 0.080340
0 0.734343 0.912745 0.050475 0.075100
0 0.643937 0.938099 0.048436 0.079578
0 0.699673 0.646398 0.053443 0.069893
0 0.496172 0.785641 0.052115 0.081443
0 0.612089 0.784856 0.044865 0.069170
0 0.517833 0.936408 0.053886 0.069849
0 0.023667 0.859688 0.047335 0.083670
0 0.019511 0.302673 0.039010 0.073584
0 0.033892 0.943028 0.051096 0.072789
0 0.960379 0.881811 0.044108 0.085834
0 0.275933 0.451370 0.053305 0.085001
0 0.591364 0.935352 0.046967 0.071582
0 0.458073 0.381947 0.043603 0.069926
0 0.541875 0.814537 0.049195 0.074639
0 0.978843 0.186545 0.040314 0.081786
0 0.860349 0.017860 0.049903 0.035706
0 0.020109 0.191956 0.040217 0.080193
0 0.396634 0.917103 0.052826 0.076165
0 0.261578 0.577395 0.049125 0.081724
0 0.405803 0.828199 0.048006 0.078783
0 0.942049 0.962969 0.045839 0.070164
0 0.471983 0.698526 0.058674 0.075863
0 0.602318 0.858616 0.047971 0.071212
0 0.298424 0.958956 0.049962 0.078512
0 0.111050 0.756590 0.050545 0.083594
0 0.569854 0.740092 0.055858 0.079826
0 0.147866 0.844620 0.049281 0.077895
0 0.845990 0.862132 0.044028 0.073816
0 0.433392 0.337039 0.048331 0.073664
0 0.688965 0.874923 0.050679 0.082127
0 0.655491 0.586946 0.055993 0.081560
0 0.153138 0.552003 0.044732 0.071339
0 0.325498 0.804715 0.048118 0.085516
0 0.250829 0.742833 0.046274 0.079253
0 0.769306 0.101543 0.044744 0.075420
0 0.526109 0.509840 0.049183 0.079876
0 0.910412 0.126326 0.042950 0.069924
0 0.438027 0.448101 0.043872 0.063611
0 0.586430 0.658480 0.047628 0.074210
0 0.254640 0.858462 0.050208 0.075930
0 0.352387 0.552144 0.053832 0.087412
0 0.534706 0.614869 0.053359 0.077514
0 0.663566 0.707619 0.043101 0.070034
0 0.683672 0.522980 0.052122 0.076104
0 0.835976 0.759637 0.050957 0.083487
0 0.113661 0.910557 0.051691 0.073232
0 0.480117 0.103917 0.039791 0.091872
0 0.751659 0.175993 0.041611 0.066493
0 0.277675 0.238626 0.044681 0.074660
0 0.788587 0.023125 0.045934 0.046249
0 0.258707 0.660489 0.048710 0.076136
0 0.342264 0.025055 0.051115 0.050056
0 0.038659 0.494218 0.049927 0.080392
0 0.540497 0.420906 0.046976 0.065222
0 0.548521 0.348689 0.045467 0.071250
0 0.658112 0.211001 0.044110 0.071925
0 0.077953 0.023222 0.051619 0.046445
0 0.570434 0.480446 0.046298 0.075788
0 0.577053 0.567090 0.048385 0.081677
0 0.325265 0.411169 0.053612 0.082020
0 0.335183 0.710002 0.049195 0.069930
0 0.132608 0.064078 0.048280 0.082807
0 0.187803 0.624702 0.057137 0.080063
0 0.735986 0.556752 0.043855 0.075828
0 0.176415 0.097210 0.046025 0.081607
0 0.067393 0.810326 0.056207 0.085819
0 0.739887 0.702370 0.058858 0.075467
0 0.490588 0.222097 0.048549 0.087304
0 0.408734 0.733891 0.049290 0.080475
0 0.466303 0.615190 0.054416 0.079654
0 0.815298 0.683354 0.054072 0.083936
0 0.566714 0.196802 0.050928 0.080564
0 0.148937 0.694441 0.056653 0.086620
0 0.368172 0.127955 0.047687 0.072121
0 0.093651 0.200496 0.048152 0.075571
0 0.054629 0.243408 0.045698 0.080753
0 0.787849 0.601328 0.052987 0.081866
0 0.884893 0.634731 0.050692 0.072719
0 0.599106 0.259337 0.047331 0.081025
0 0.617094 0.469744 0.045666 0.081247
0 0.182472 0.475603 0.053611 0.077040
0 0.249380 0.293384 0.047815 0.066202
0 0.305900 0.170704 0.052686 0.079220
0 0.069348 0.608934 0.049506 0.084499
0 0.285059 0.080077 0.049979 0.078951
0 0.712139 0.455538 0.047722 0.078354
0 0.527438 0.051122 0.049882 0.082247
0 0.723268 0.029130 0.059680 0.058260
0 0.416869 0.056544 0.047674 0.074684
0 0.528319 0.133709 0.053732 0.071191
0 0.115368 0.135721 0.056633 0.073383
0 0.752539 0.418722 0.047806 0.072170
0 0.307767 0.316272 0.046804 0.077683
0 0.424030 0.253967 0.045081 0.080176
0 0.959357 0.471369 0.046611 0.066215
0 0.359827 0.340160 0.049430 0.082699
0 0.793517 0.513651 0.053004 0.078966
0 0.509939 0.302238 0.047527 0.077416
0 0.157260 0.376518 0.051049 0.076383
0 0.619984 0.378120 0.049389 0.089796
0 0.062406 0.329426 0.052878 0.081760
0 0.122916 0.264349 0.052614 0.071112
0 0.425586 0.166428 0.048828 0.071108
0 0.945271 0.573739 0.051907 0.083742
0 0.195975 0.230790 0.050705 0.069772
0 0.219220 0.048817 0.051113 0.078721
0 0.703584 0.187248 0.046526 0.070441
0 0.946614 0.095773 0.049211 0.071264
0 0.604612 0.083176 0.052368 0.073234
0 0.172248 0.296427 0.049288 0.076684
0 0.758890 0.321851 0.054859 0.079930
0 0.058003 0.123027 0.049735 0.076153
0 0.390574 0.476811 0.052369 0.083895
0 0.706806 0.302858 0.050128 0.081484
0 0.853320 0.280307 0.057693 0.084809
0 0.369407 0.255264 0.049951 0.080914
0 0.904931 0.309671 0.046699 0.071275
0 0.854739 0.365503 0.048581 0.080888
0 0.803614 0.161316 0.049743 0.083746
0 0.649605 0.289463 0.051918 0.083386
0 0.924862 0.210552 0.049612 0.081571
0 0.805047 0.391076 0.047887 0.082045
0 0.111040 0.485853 0.057261 0.086937
0 0.862594 0.141982 0.051209 0.079224
1 0.461006 0.542312 0.053812 0.069130
2 0.655197 0.882598 0.021057 0.029797