0 0.995972 0.730983 0.006849 0.070827
0 0.004629 0.503778 0.009258 0.051226
0 0.992863 0.593966 0.012552 0.070778
0 0.006433 0.748444 0.012866 0.065449
0 0.005727 0.052284 0.011455 0.065320
0 0.917893 0.989908 0.040509 0.017396
0 0.972720 0.987260 0.044410 0.022758
0 0.774423 0.008271 0.035086 0.016541
0 0.512042 0.984730 0.063323 0.027527
0 0.667156 0.988285 0.044218 0.020500
0 0.991882 0.167902 0.014478 0.071141
0 0.310857 0.988029 0.044025 0.021157
0 0.134836 0.863421 0.043792 0.076450
0 0.736161 0.987591 0.040962 0.021978
0 0.989345 0.851883 0.019518 0.069093
0 0.483338 0.009944 0.044796 0.019889
0 0.099312 0.850183 0.049009 0.085778
0 0.985368 0.935896 0.027443 0.082966
0 0.916877 0.011077 0.046140 0.022155
0 0.011437 0.646919 0.022875 0.074408
0 0.052555 0.982994 0.049757 0.031059
0 0.013897 0.430215 0.027792 0.075839
0 0.025250 0.927849 0.050500 0.082060
0 0.095768 0.325781 0.049308 0.077808
0 0.083194 0.082350 0.052244 0.074049
0 0.823365 0.970456 0.044728 0.055975
0 0.776683 0.960735 0.051447 0.072585
0 0.145603 0.454982 0.042808 0.069924
0 0.536496 0.942158 0.045433 0.066780
0 0.342031 0.025033 0.047466 0.050041
0 0.562540 0.874150 0.049968 0.070985
0 0.287566 0.016933 0.052934 0.033867
0 0.419467 0.968188 0.052404 0.060473
0 0.979173 0.029785 0.040019 0.059571
0 0.590351 0.941319 0.051183 0.080862
0 0.654044 0.821620 0.051264 0.069910
0 0.639377 0.524487 0.057017 0.060723
0 0.794046 0.882562 0.044100 0.073555
0 0.949104 0.882460 0.045816 0.078269
0 0.581032 0.019238 0.046184 0.038476
0 0.133490 0.292603 0.052977 0.074068
0 0.308474 0.734725 0.050681 0.071693
0 0.247149 0.365532 0.044128 0.065634
0 0.751817 0.633795 0.051894 0.071960
0 0.505130 0.801464 0.054595 0.070239
0 0.453618 0.894696 0.055066 0.086084
0 0.724372 0.719012 0.049630 0.086061
0 0.343551 0.944405 0.045001 0.076465
0 0.120405 0.960693 0.050595 0.071039
0 0.232391 0.954219 0.056259 0.083722
0 0.120460 0.049207 0.050120 0.079378
0 0.879917 0.821321 0.047218 0.078157
0 0.349752 0.674809 0.047136 0.082654
0 0.304712 0.893958 0.052231 0.077572
0 0.755198 0.810391 0.048551 0.078509
0 0.029771 0.840603 0.052033 0.079058
0 0.572811 0.444401 0.045784 0.056496
0 0.781879 0.423674 0.053882 0.068864
0 0.244369 0.692655 0.058315 0.078369
0 0.233159 0.020562 0.045571 0.041124
0 0.314292 0.812602 0.051213 0.076240
0 0.232801 0.858203 0.050196 0.075217
0 0.381564 0.744508 0.052373 0.074672
0 0.180370 0.900226 0.051266 0.083325
0 0.193972 0.798209 0.046843 0.066221
0 0.035709 0.117729 0.048767 0.078114
0 0.590007 0.775481 0.050412 0.078529
0 0.822006 0.678981 0.049136 0.076132
0 0.857350 0.744052 0.056888 0.087409
0 0.814884 0.025650 0.048296 0.051300
0 0.421273 0.663270 0.047127 0.078815
0 0.676631 0.673808 0.052915 0.075430
0 0.243488 0.117377 0.049547 0.076723
0 0.797173 0.594366 0.045136 0.076668
0 0.024987 0.337989 0.045636 0.075347
0 0.546999 0.347508 0.048771 0.091436
0 0.720819 0.909369 0.052878 0.082107
0 0.656382 0.456365 0.046790 0.072344
0 0.181232 0.424487 0.049887 0.071812
0 0.139673 0.637185 0.047201 0.071491
0 0.041026 0.718623 0.047194 0.081590
0 0.178832 0.034938 0.053189 0.069814
0 0.959554 0.549700 0.046428 0.078413
0 0.945637 0.471857 0.043770 0.081485
0 0.961382 0.661096 0.045869 0.075150
0 0.887247 0.605954 0.048722 0.076696
0 0.674527 0.048204 0.039739 0.071064
0 0.728633 0.025968 0.046898 0.051922
0 0.107440 0.158558 0.047015 0.074714
0 0.463447 0.602103 0.050833 0.086011
0 0.524869 0.461743 0.044745 0.076200
0 0.768172 0.078374 0.048357 0.072971
0 0.322463 0.221413 0.051222 0.079368
0 0.451420 0.767222 0.048835 0.076410
0 0.090227 0.692975 0.048392 0.080248
0 0.239770 0.436747 0.053847 0.068377
0 0.919648 0.708792 0.050567 0.076506
0 0.933015 0.800809 0.054794 0.082529
0 0.757141 0.545189 0.044613 0.093292
0 0.560502 0.654625 0.050325 0.080872
0 0.256763 0.200997 0.051446 0.081017
0 0.160020 0.113996 0.050599 0.078428
0 0.154351 0.216705 0.049903 0.074374
0 0.594689 0.581285 0.048181 0.072239
0 0.635936 0.181259 0.047987 0.073984
0 0.671756 0.125554 0.043846 0.074141
0 0.300790 0.143054 0.051389 0.071860
0 0.710726 0.503376 0.046100 0.074681
0 0.039652 0.489943 0.049798 0.083105
0 0.496186 0.385379 0.048971 0.081856
0 0.088759 0.608075 0.056731 0.084549
0 0.159851 0.538735 0.049428 0.081662
0 0.611751 0.386014 0.047973 0.075984
0 0.304151 0.507993 0.049941 0.083729
0 0.590590 0.298805 0.046094 0.070040
0 0.277330 0.581098 0.049158 0.078874
0 0.464615 0.155762 0.048348 0.082521
0 0.661272 0.245532 0.045997 0.068997
0 0.667735 0.592179 0.055762 0.080470
0 0.915037 0.373896 0.045808 0.076117
0 0.535239 0.551800 0.048678 0.076559
0 0.484935 0.514872 0.047832 0.079075
0 0.966743 0.271562 0.055099 0.081675
0 0.220343 0.514591 0.054180 0.081489
0 0.616982 0.671411 0.051908 0.078375
0 0.646675 0.324954 0.046290 0.075915
0 0.356657 0.532098 0.048949 0.084947
0 0.819002 0.110010 0.045936 0.072553
0 0.874652 0.196003 0.050200 0.072423
0 0.591515 0.091209 0.044923 0.077551
0 0.525359 0.110315 0.047082 0.082001
0 0.878981 0.332916 0.046474 0.066431
0 0.480473 0.063335 0.050843 0.074146
0 0.407305 0.436076 0.051638 0.087016
0 0.912505 0.078192 0.050656 0.075397
0 0.356614 0.305907 0.055989 0.079986
0 0.321674 0.404718 0.047921 0.078278
0 0.963780 0.390776 0.046254 0.081126
0 0.362845 0.167411 0.048675 0.080861
0 0.516268 0.244696 0.050397 0.078507
0 0.845681 0.565260 0.049388 0.078609
0 0.208755 0.228374 0.049500 0.082168
0 0.782660 0.197847 0.048331 0.079005
0 0.853256 0.267631 0.056047 0.080250
0 0.906028 0.527378 0.050595 0.074059
0 0.865416 0.044368 0.051855 0.077135
0 0.701737 0.405925 0.053818 0.087450
0 0.822028 0.370942 0.048508 0.080460
0 0.098135 0.470590 0.051070 0.079465
0 0.412013 0.275180 0.054616 0.081087
0 0.269887 0.290410 0.052594 0.091549
0 0.720368 0.321113 0.050661 0.076999
1 0.271495 0.653754 0.049133 0.041716
1 0.450477 0.376043 0.042114 0.077473
1 0.654417 0.890346 0.049133 0.061979
1 0.424741 0.057807 0.048353 0.077473