0 0.795102 0.877310 0.043967 0.074809
0 0.759332 0.884811 0.044369 0.069999
0 0.767156 0.004105 0.036924 0.008210
0 0.993929 0.017188 0.010705 0.034377
0 0.922557 0.006552 0.047324 0.013105
0 0.988830 0.948411 0.020747 0.066152
0 0.569252 0.011316 0.046097 0.022632
0 0.009282 0.910797 0.018563 0.069953
0 0.523900 0.984485 0.048566 0.027926
0 0.752133 0.982457 0.041783 0.032056
0 0.900386 0.398016 0.051487 0.072027
0 0.988020 0.505212 0.022063 0.078541
0 0.299075 0.983840 0.045934 0.029240
0 0.638622 0.973203 0.045640 0.050351
0 0.908945 0.458726 0.057762 0.077162
0 0.986946 0.255556 0.024261 0.090834
0 0.849314 0.981801 0.062980 0.033385
0 0.984783 0.868175 0.028607 0.074911
0 0.792489 0.958805 0.052564 0.076080
0 0.986143 0.081231 0.025933 0.086274
0 0.687917 0.977674 0.048972 0.041492
0 0.951005 0.975858 0.053324 0.045517
0 0.016459 0.731574 0.032919 0.101241
0 0.981920 0.622508 0.034152 0.076044
0 0.784945 0.723448 0.053612 0.068166
0 0.085917 0.972305 0.047535 0.052266
0 0.022358 0.630767 0.044716 0.070865
0 0.630016 0.861050 0.059009 0.082041
0 0.487731 0.907218 0.050253 0.082556
0 0.539597 0.933333 0.049379 0.078940
0 0.441679 0.962016 0.054193 0.072482
0 0.348340 0.970443 0.043725 0.055811
0 0.804940 0.791440 0.045689 0.075209
0 0.129701 0.924415 0.046089 0.078251
0 0.842959 0.863599 0.049338 0.075777
0 0.150425 0.015107 0.050694 0.030214
0 0.594918 0.956722 0.051801 0.079532
0 0.571065 0.882305 0.045093 0.076358
0 0.358755 0.672639 0.043400 0.062649
0 0.330500 0.904468 0.047363 0.075664
0 0.230233 0.962428 0.048705 0.071906
0 0.252635 0.880281 0.052163 0.082195
0 0.028856 0.964003 0.046263 0.066116
0 0.867054 0.019053 0.044964 0.038106
0 0.032124 0.386750 0.046382 0.066758
0 0.511265 0.828130 0.056918 0.085342
0 0.685270 0.889753 0.050745 0.083147
0 0.702473 0.023813 0.056202 0.047626
0 0.857506 0.772850 0.054169 0.074743
0 0.521565 0.565454 0.056721 0.078435
0 0.467255 0.755340 0.051033 0.075799
0 0.639086 0.774238 0.050530 0.086298
0 0.632687 0.653782 0.051669 0.077602
0 0.620258 0.503244 0.046421 0.068419
0 0.020264 0.551000 0.040528 0.072499
0 0.177981 0.885502 0.051305 0.078408
0 0.794197 0.637238 0.048400 0.078390
0 0.082654 0.887800 0.048556 0.076110
0 0.680692 0.690480 0.050897 0.074777
0 0.322408 0.822722 0.051373 0.076525
0 0.480247 0.656420 0.046200 0.089255
0 0.329191 0.735558 0.047582 0.077185
0 0.224013 0.020709 0.052323 0.041419
0 0.732204 0.812486 0.048910 0.075882
0 0.972104 0.790442 0.050030 0.077652
0 0.739907 0.680962 0.052437 0.074215
0 0.516909 0.728260 0.049330 0.075968
0 0.725137 0.605538 0.050123 0.071871
0 0.125903 0.841704 0.055172 0.074492
0 0.574005 0.559010 0.046441 0.083009
0 0.479275 0.510509 0.047021 0.082780
0 0.653162 0.428028 0.042302 0.079174
0 0.756939 0.546301 0.045580 0.079018
0 0.819346 0.538421 0.054812 0.078344
0 0.268470 0.800251 0.052959 0.077996
0 0.421642 0.596238 0.058923 0.071675
0 0.327601 0.446677 0.057872 0.073519
0 0.131594 0.766294 0.050305 0.079541
0 0.379924 0.202660 0.045623 0.066537
0 0.356194 0.270491 0.065511 0.075976
0 0.686381 0.495203 0.051702 0.065212
0 0.958495 0.697849 0.051109 0.084960
0 0.958638 0.562420 0.050082 0.080373
0 0.404693 0.317994 0.049041 0.064731
0 0.799576 0.349920 0.047540 0.071081
0 0.665194 0.580431 0.057749 0.079558
0 0.389422 0.753995 0.051062 0.081576
0 0.570871 0.685168 0.054522 0.084462
0 0.314920 0.632973 0.053878 0.076044
0 0.061487 0.338669 0.046747 0.076758
0 0.498394 0.081759 0.051632 0.070137
0 0.621616 0.222129 0.051016 0.074771
0 0.433796 0.037287 0.050889 0.074455
0 0.693547 0.392715 0.044163 0.086712
0 0.165761 0.606273 0.051497 0.086407
0 0.023780 0.160465 0.047538 0.084206
0 0.081984 0.408948 0.045055 0.072134
0 0.353373 0.361041 0.049684 0.078788
0 0.349508 0.571601 0.048966 0.077747
0 0.302652 0.305098 0.048172 0.078056
0 0.036358 0.468437 0.044207 0.085269
0 0.842545 0.196682 0.050164 0.083828
0 0.155735 0.693606 0.048825 0.072439
0 0.035452 0.058100 0.046901 0.066384
0 0.668626 0.245227 0.044547 0.084743
0 0.265157 0.692732 0.049961 0.075753
0 0.185657 0.204956 0.045435 0.076193
0 0.124179 0.548350 0.050249 0.079884
0 0.519527 0.452140 0.050687 0.076803
0 0.054118 0.813895 0.053880 0.081890
0 0.188363 0.426478 0.048252 0.078640
0 0.639104 0.142728 0.044551 0.073678
0 0.581399 0.355900 0.047798 0.073579
0 0.853206 0.117309 0.055384 0.079903
0 0.759095 0.396315 0.052657 0.081649
0 0.900293 0.061197 0.055604 0.070616
0 0.406168 0.134676 0.050196 0.071188
0 0.076054 0.587933 0.048657 0.081969
0 0.927040 0.256762 0.048437 0.074307
0 0.597462 0.433177 0.052986 0.082288
0 0.865965 0.605136 0.055879 0.086636
0 0.968255 0.431551 0.051484 0.082342
0 0.894529 0.189804 0.046597 0.083106
0 0.276846 0.549852 0.049577 0.084911
0 0.699158 0.305711 0.051229 0.074567
0 0.085221 0.499785 0.048740 0.079348
0 0.600141 0.070233 0.049309 0.078824
0 0.294283 0.032492 0.049317 0.064984
0 0.174958 0.512750 0.048839 0.076148
0 0.945084 0.348960 0.045791 0.074860
0 0.725399 0.081071 0.047625 0.077771
0 0.580716 0.273761 0.046194 0.072503
0 0.840945 0.451127 0.049781 0.084980
0 0.107084 0.669982 0.050273 0.077799
0 0.348432 0.061238 0.055147 0.070592
0 0.296498 0.155062 0.055217 0.085669
0 0.074412 0.118159 0.050851 0.075405
0 0.434142 0.201780 0.051201 0.081109
0 0.818412 0.275868 0.050867 0.078564
0 0.156396 0.072465 0.051896 0.076513
0 0.794922 0.142288 0.045580 0.077550
0 0.391458 0.448422 0.051273 0.083906
0 0.220522 0.589306 0.051239 0.079667
0 0.510023 0.283484 0.052564 0.087673
0 0.135976 0.443485 0.052784 0.084394
0 0.253946 0.449174 0.059002 0.080353
0 0.262340 0.238297 0.051988 0.079847
0 0.927973 0.118105 0.053465 0.069747
0 0.146639 0.154456 0.052417 0.078309
0 0.101206 0.293232 0.044457 0.069713
0 0.764274 0.282997 0.048452 0.080339
0 0.460855 0.396275 0.055728 0.091013
0 0.152524 0.279425 0.050409 0.082241
0 0.073835 0.214868 0.056831 0.084898
0 0.778885 0.061033 0.054425 0.082223
0 0.212110 0.303438 0.051117 0.083222
0 0.565503 0.169717 0.052831 0.081789
1 0.516378 0.367700 0.050692 0.084625
1 0.499220 0.150775 0.046013 0.065554
1 0.959740 0.207390 0.042114 0.078665