0 0.001905 0.263925 0.003771 0.049895
0 0.993903 0.173388 0.010533 0.073997
0 0.995657 0.557707 0.007258 0.057845
0 0.087873 0.941627 0.052854 0.078658
0 0.117756 0.958145 0.051464 0.080557
0 0.006380 0.119352 0.012761 0.069572
0 0.748339 0.008186 0.042482 0.016372
0 0.013819 0.960193 0.027638 0.076821
0 0.501551 0.008867 0.039315 0.017734
0 0.008227 0.347369 0.016427 0.075817
0 0.861357 0.012819 0.044140 0.025638
0 0.342669 0.983315 0.046721 0.030079
0 0.462736 0.983239 0.051774 0.030321
0 0.396278 0.982363 0.050668 0.031908
0 0.188913 0.010908 0.041743 0.021817
0 0.191292 0.977593 0.053925 0.041790
0 0.011109 0.424665 0.022194 0.065733
0 0.580689 0.979535 0.048387 0.037659
0 0.987504 0.453480 0.023061 0.075335
0 0.024007 0.881372 0.045940 0.081867
0 0.359827 0.796929 0.049910 0.070024
0 0.933823 0.012949 0.044297 0.025898
0 0.288615 0.978875 0.048665 0.039028
0 0.146210 0.013936 0.035270 0.027873
0 0.633454 0.973811 0.050985 0.049206
0 0.985884 0.297406 0.026218 0.067012
0 0.915073 0.097137 0.048885 0.060293
0 0.027255 0.761685 0.054280 0.082209
0 0.924602 0.902866 0.042221 0.067040
0 0.390828 0.013295 0.050559 0.026590
0 0.350737 0.732307 0.047237 0.080810
0 0.934112 0.970961 0.045487 0.054908
0 0.667452 0.020344 0.052753 0.040687
0 0.629719 0.475183 0.046530 0.071332
0 0.431729 0.934678 0.050893 0.077828
0 0.116335 0.690562 0.050515 0.077348
0 0.977969 0.934798 0.042002 0.076955
0 0.228306 0.825304 0.056925 0.091937
0 0.409019 0.827732 0.047714 0.068492
0 0.161950 0.717131 0.045540 0.089334
0 0.546996 0.466001 0.051146 0.076149
0 0.916600 0.154987 0.049519 0.072892
0 0.821626 0.959349 0.050843 0.077995
0 0.466293 0.882461 0.050330 0.076689
0 0.092708 0.848052 0.054877 0.086777
0 0.207721 0.743212 0.050033 0.074671
0 0.100321 0.515452 0.041342 0.062001
0 0.069013 0.657318 0.049844 0.077957
0 0.753578 0.825388 0.049451 0.074810
0 0.268181 0.918770 0.051643 0.069976
0 0.793428 0.776573 0.047529 0.080147
0 0.729401 0.938194 0.047806 0.077106
0 0.777487 0.902624 0.055000 0.086312
0 0.900651 0.771445 0.051876 0.091319
0 0.177282 0.177036 0.040878 0.069367
0 0.475246 0.655033 0.043929 0.070798
0 0.045379 0.448878 0.046659 0.058282
0 0.660608 0.427162 0.050851 0.079326
0 0.280354 0.227772 0.046190 0.074491
0 0.494462 0.588230 0.055231 0.076696
0 0.823568 0.035011 0.042917 0.065817
0 0.457411 0.519542 0.044630 0.065687
0 0.464700 0.211690 0.045528 0.084419
0 0.436363 0.411880 0.046885 0.080467
0 0.873677 0.917307 0.048686 0.076319
0 0.548842 0.174553 0.049842 0.069187
0 0.268205 0.744568 0.046526 0.075779
0 0.635079 0.198655 0.051023 0.069523
0 0.529403 0.668094 0.051199 0.074144
0 0.074172 0.026739 0.046728 0.053478
0 0.877640 0.673232 0.044619 0.075855
0 0.798589 0.183939 0.044364 0.063848
0 0.158932 0.115046 0.044269 0.065913
0 0.128879 0.466438 0.050003 0.060751
0 0.945924 0.838617 0.053206 0.074020
0 0.577680 0.921206 0.053220 0.070079
0 0.656537 0.585887 0.049782 0.077973
0 0.303016 0.159702 0.045123 0.078961
0 0.042833 0.076319 0.048000 0.067063
0 0.711113 0.105371 0.044751 0.062276
0 0.421970 0.158140 0.048460 0.069969
0 0.217172 0.054496 0.049741 0.077070
0 0.679472 0.512926 0.042219 0.065366
0 0.496854 0.272299 0.040174 0.067345
0 0.954165 0.059230 0.043645 0.072617
0 0.041988 0.513506 0.046569 0.072286
0 0.662281 0.925644 0.055949 0.079420
0 0.407760 0.742844 0.048382 0.081941
0 0.571948 0.111100 0.046265 0.068352
0 0.081734 0.203912 0.050806 0.067702
0 0.101381 0.082758 0.049562 0.075317
0 0.527205 0.376772 0.049208 0.067768
0 0.356654 0.219744 0.043917 0.074632
0 0.615960 0.269815 0.049113 0.075082
0 0.094027 0.585301 0.053843 0.074617
0 0.236218 0.267096 0.044777 0.072503
0 0.314790 0.054323 0.047814 0.076708
0 0.678054 0.696094 0.050418 0.081939
0 0.405050 0.481708 0.051470 0.074079
0 0.832335 0.718094 0.054751 0.079342
0 0.113636 0.402913 0.045421 0.063900
0 0.077762 0.272577 0.046376 0.061823
0 0.747520 0.435312 0.045997 0.072457
0 0.578313 0.377965 0.045962 0.081495
0 0.889168 0.043818 0.048402 0.066522
0 0.939550 0.406698 0.054054 0.072323
0 0.399115 0.262035 0.047321 0.065770
0 0.393778 0.063030 0.040871 0.066332
0 0.507960 0.514095 0.048636 0.076819
0 0.593449 0.049281 0.058268 0.070124
0 0.750582 0.664703 0.047225 0.086863
0 0.678418 0.284616 0.046085 0.086371
0 0.508451 0.106099 0.051673 0.065374
0 0.772100 0.528550 0.045202 0.074957
0 0.361203 0.436783 0.050322 0.068069
0 0.260657 0.108475 0.050091 0.086494
0 0.583478 0.695136 0.044366 0.079548
0 0.425390 0.649902 0.046979 0.075170
0 0.727541 0.045271 0.048902 0.065201
0 0.041215 0.321531 0.043646 0.070740
0 0.571531 0.831204 0.051092 0.078843
0 0.454180 0.112673 0.047255 0.073605
0 0.088717 0.342119 0.047355 0.074306
0 0.608327 0.769316 0.051440 0.081114
0 0.723320 0.581773 0.047302 0.075104
0 0.236317 0.515321 0.052488 0.074801
0 0.356515 0.905465 0.059042 0.079882
0 0.117857 0.159393 0.044838 0.072426
0 0.633753 0.350951 0.054524 0.081520
0 0.663827 0.135673 0.055027 0.071580
0 0.884740 0.501163 0.049437 0.067520
0 0.038342 0.152900 0.048091 0.076865
0 0.312169 0.680946 0.052864 0.079959
0 0.358013 0.129463 0.044948 0.071967
0 0.307652 0.596670 0.051648 0.075444
0 0.826834 0.255999 0.048228 0.080733
0 0.277976 0.310095 0.048031 0.070658
0 0.951180 0.337283 0.055590 0.074861
0 0.885823 0.386828 0.042422 0.080045
0 0.957028 0.526762 0.051652 0.079285
0 0.823115 0.487272 0.049026 0.078486
0 0.236026 0.656029 0.057892 0.079104
0 0.512986 0.847123 0.050764 0.076763
0 0.952255 0.712410 0.054753 0.076505
0 0.806663 0.104362 0.049848 0.074904
0 0.198816 0.323845 0.046582 0.065116
0 0.698146 0.369304 0.048011 0.082841
0 0.878856 0.221309 0.050006 0.075537
0 0.874862 0.572951 0.048664 0.074485
0 0.170104 0.400908 0.054264 0.071519
0 0.826208 0.391624 0.045690 0.077353
0 0.879468 0.309821 0.053066 0.068560
0 0.563637 0.249203 0.054606 0.075323
0 0.193135 0.578673 0.054310 0.082861
0 0.394812 0.589683 0.051207 0.090024
0 0.749343 0.341940 0.048601 0.070526
0 0.275908 0.392822 0.055328 0.081886
0 0.294410 0.472461 0.055674 0.075931
1 0.394716 0.333135 0.042894 0.063170
1 0.226651 0.951132 0.040554 0.069130
1 0.833789 0.831943 0.047573 0.071514