0 0.002942 0.681550 0.005884 0.055016
0 0.420294 0.994080 0.035425 0.009733
0 0.002967 0.599256 0.005933 0.052805
0 0.886879 0.003865 0.036404 0.007612
0 0.994662 0.781627 0.009265 0.056019
0 0.004843 0.096210 0.009672 0.056119
0 0.005128 0.937204 0.010256 0.059474
0 0.993393 0.961788 0.011705 0.063001
0 0.246288 0.007523 0.032204 0.015045
0 0.992838 0.286982 0.012651 0.064341
0 0.079010 0.007415 0.040529 0.014830
0 0.010794 0.763161 0.021587 0.069349
0 0.228195 0.989067 0.040727 0.019071
0 0.991618 0.437637 0.014920 0.063079
0 0.553760 0.987454 0.042882 0.022031
0 0.559537 0.023535 0.047946 0.046931
0 0.130808 0.008746 0.042603 0.017492
0 0.964304 0.981216 0.044745 0.034575
0 0.133806 0.980011 0.052748 0.037152
0 0.988101 0.509599 0.021955 0.067815
0 0.374429 0.673894 0.047921 0.071097
0 0.177215 0.952049 0.048626 0.064608
0 0.439741 0.586213 0.042508 0.076081
0 0.166402 0.892113 0.051483 0.071436
0 0.012790 0.167606 0.025523 0.064374
0 0.411479 0.654066 0.049585 0.072275
0 0.464961 0.705102 0.047263 0.074476
0 0.805987 0.771376 0.041425 0.069641
0 0.315916 0.618190 0.043794 0.088526
0 0.154724 0.814596 0.050500 0.071582
0 0.023738 0.835853 0.047477 0.078737
0 0.555986 0.768106 0.049267 0.071871
0 0.228442 0.939228 0.044746 0.066210
0 0.985038 0.183764 0.028043 0.065357
0 0.178291 0.759327 0.047728 0.080647
0 0.404426 0.559725 0.052242 0.086261
0 0.362188 0.598161 0.046468 0.075526
0 0.502742 0.658556 0.047920 0.078700
0 0.630860 0.962231 0.042838 0.071929
0 0.824506 0.600169 0.055007 0.085801
0 0.230412 0.863211 0.054351 0.072288
0 0.880183 0.550586 0.052125 0.079511
0 0.544854 0.694474 0.044762 0.078532
0 0.852252 0.967906 0.051941 0.060916
0 0.051005 0.947634 0.049854 0.077831
0 0.755441 0.975486 0.047458 0.045982
0 0.568466 0.922607 0.049032 0.071613
0 0.974806 0.835485 0.044641 0.069507
0 0.514835 0.563310 0.043515 0.065228
0 0.801599 0.949323 0.048536 0.065555
0 0.450322 0.018963 0.041228 0.037926
0 0.277129 0.567839 0.047660 0.081343
0 0.648835 0.747681 0.056346 0.075478
0 0.033903 0.706361 0.052932 0.081115
0 0.278288 0.920675 0.049879 0.079395
0 0.103712 0.929960 0.049431 0.083544
0 0.390364 0.815726 0.056426 0.074268
0 0.419198 0.745362 0.057825 0.088010
0 0.544921 0.844891 0.050131 0.073164
0 0.338380 0.741969 0.046374 0.072797
0 0.660261 0.668329 0.054812 0.073797
0 0.805082 0.086302 0.049234 0.074494
0 0.515504 0.484994 0.043705 0.065748
0 0.397615 0.897723 0.050753 0.074792
0 0.090622 0.512495 0.048214 0.071573
0 0.928964 0.756266 0.054898 0.073298
0 0.049644 0.189344 0.048017 0.065418
0 0.921962 0.928477 0.051551 0.081444
0 0.270335 0.806255 0.050529 0.083411
0 0.233802 0.523886 0.043220 0.071211
0 0.505903 0.961236 0.050420 0.073870
0 0.597075 0.450780 0.048340 0.079640
0 0.756921 0.737056 0.057479 0.085326
0 0.469708 0.527818 0.053341 0.074134
0 0.878216 0.821516 0.048725 0.077991
0 0.772621 0.062220 0.049406 0.080093
0 0.977336 0.611108 0.043032 0.071760
0 0.706178 0.501229 0.049729 0.076431
0 0.558458 0.591276 0.048028 0.074683
0 0.436034 0.954560 0.051972 0.072371
0 0.152432 0.476983 0.050748 0.079199
0 0.752352 0.827080 0.053635 0.083691
0 0.207463 0.036201 0.045390 0.072402
0 0.260362 0.319787 0.051128 0.075170
0 0.672606 0.825567 0.056421 0.079358
0 0.267749 0.657079 0.055251 0.078977
0 0.290771 0.486189 0.051982 0.074670
0 0.463427 0.103413 0.049094 0.076366
0 0.608710 0.869854 0.051521 0.080652
0 0.306552 0.275067 0.050629 0.084495
0 0.732903 0.565074 0.050014 0.072231
0 0.802221 0.683512 0.052484 0.080739
0 0.885414 0.632949 0.050025 0.077751
0 0.944387 0.680614 0.053788 0.073602
0 0.076171 0.592384 0.058083 0.085128
0 0.138564 0.595839 0.049436 0.079774
0 0.729376 0.639560 0.052410 0.069257
0 0.418388 0.069173 0.045235 0.076178
0 0.024777 0.049591 0.046674 0.074615
0 0.866145 0.718623 0.054331 0.073234
0 0.306687 0.087484 0.044047 0.070712
0 0.664981 0.573836 0.051952 0.077471
0 0.501018 0.387639 0.050084 0.070698
0 0.442096 0.457374 0.050793 0.074716
0 0.500713 0.188345 0.048365 0.078674
0 0.903419 0.480562 0.051230 0.078857
0 0.236658 0.387904 0.051987 0.075270
0 0.616512 0.522831 0.053963 0.072758
0 0.174720 0.547116 0.041535 0.072842
0 0.321330 0.025334 0.050206 0.050668
0 0.488617 0.042141 0.039874 0.063998
0 0.086620 0.435251 0.049923 0.070941
0 0.199664 0.683558 0.048722 0.071716
0 0.135208 0.145090 0.049371 0.067817
0 0.052474 0.112920 0.047823 0.077308
0 0.176013 0.098683 0.049366 0.077327
0 0.722787 0.040766 0.047471 0.081041
0 0.620015 0.287377 0.046050 0.072735
0 0.405118 0.384406 0.052567 0.081714
0 0.217345 0.258765 0.057245 0.073569
0 0.398249 0.144671 0.051894 0.078987
0 0.678929 0.075754 0.059019 0.068551
0 0.131369 0.403277 0.054472 0.080257
0 0.239104 0.188901 0.047855 0.069957
0 0.791082 0.235551 0.048400 0.078916
0 0.632231 0.030349 0.056406 0.060699
0 0.184202 0.397076 0.048003 0.075121
0 0.096259 0.236305 0.058058 0.087017
0 0.959767 0.037377 0.050747 0.074754
0 0.292187 0.158976 0.049900 0.064735
0 0.692183 0.149064 0.046758 0.067647
0 0.760943 0.359868 0.047067 0.074035
0 0.917080 0.391738 0.051886 0.079352
0 0.250939 0.080402 0.051517 0.086482
0 0.091582 0.324047 0.055631 0.075645
0 0.184193 0.181688 0.051158 0.073485
0 0.892647 0.197390 0.048441 0.070500
0 0.964109 0.249771 0.047324 0.075366
0 0.949572 0.450655 0.047563 0.075558
0 0.802227 0.160453 0.050825 0.063198
0 0.466374 0.242247 0.051983 0.079892
0 0.539281 0.056026 0.056496 0.079545
0 0.408551 0.300296 0.048678 0.072613
0 0.363777 0.264244 0.052475 0.076123
0 0.522199 0.306331 0.049761 0.082096
0 0.891228 0.276448 0.046879 0.070095
0 0.726726 0.421876 0.055081 0.080891
0 0.844017 0.246863 0.046898 0.078637
0 0.542421 0.138154 0.057371 0.075960
0 0.908097 0.042039 0.048228 0.071030
0 0.860399 0.408179 0.052503 0.078837
0 0.711390 0.220928 0.053448 0.069085
0 0.643897 0.374489 0.054957 0.076355
0 0.804537 0.314208 0.051483 0.073866
0 0.668562 0.266624 0.050776 0.068653
0 0.895006 0.118791 0.052196 0.071487
1 0.050788 0.251490 0.033535 0.054827
1 0.464125 0.649583 0.033535 0.064362
1 0.548743 0.213945 0.037434 0.084625
1 0.806494 0.865912 0.053812 0.082241
1 0.324527 0.364720 0.050692 0.078665
2 0.144764 0.742551 0.021837 0.035757