0 0.997272 0.602891 0.005430 0.069141
0 0.296515 0.996377 0.048256 0.006845
0 0.021438 0.002272 0.035904 0.004521
0 0.644614 0.001598 0.040837 0.003194
0 0.001603 0.135106 0.003206 0.080894
0 0.004897 0.975487 0.009793 0.046021
0 0.003228 0.733848 0.006456 0.061122
0 0.022875 0.990001 0.027760 0.017660
0 0.426997 0.005370 0.043973 0.010739
0 0.815894 0.006320 0.040272 0.012640
0 0.071465 0.007200 0.040423 0.014379
0 0.012389 0.910826 0.024778 0.084850
0 0.993795 0.265266 0.011627 0.070647
0 0.120719 0.985933 0.047898 0.026244
0 0.991838 0.485824 0.015305 0.067428
0 0.530804 0.986643 0.047396 0.023710
0 0.834376 0.962006 0.061921 0.073087
0 0.062490 0.975669 0.052001 0.046543
0 0.012475 0.628844 0.024930 0.096346
0 0.011034 0.410760 0.022067 0.082408
0 0.981485 0.966860 0.035524 0.063147
0 0.345064 0.927383 0.050196 0.084738
0 0.320248 0.862225 0.063425 0.088977
0 0.121126 0.569976 0.070343 0.094892
0 0.015986 0.496913 0.031972 0.086277
0 0.019215 0.839413 0.038430 0.077180
0 0.864550 0.831040 0.056938 0.076171
0 0.688767 0.014345 0.044676 0.028690
0 0.908449 0.018718 0.054994 0.037436
0 0.452188 0.975733 0.062071 0.045570
0 0.849901 0.765042 0.049086 0.081486
0 0.212406 0.979233 0.055044 0.039342
0 0.409377 0.327374 0.040366 0.067894
0 0.684790 0.977164 0.056934 0.042521
0 0.168620 0.849586 0.052187 0.080266
0 0.397791 0.963900 0.052459 0.069125
0 0.382273 0.187630 0.046748 0.075267
0 0.408965 0.889178 0.052795 0.081730
0 0.205955 0.246505 0.050395 0.079539
0 0.186968 0.018871 0.050532 0.037742
0 0.973115 0.755319 0.053026 0.085153
0 0.877312 0.681801 0.046928 0.066499
0 0.034702 0.682755 0.047875 0.079779
0 0.283815 0.605941 0.050324 0.085941
0 0.174796 0.539682 0.045852 0.078668
0 0.276181 0.020313 0.053688 0.040625
0 0.980271 0.123668 0.038069 0.080207
0 0.201151 0.898510 0.062326 0.088581
0 0.130222 0.388826 0.049072 0.067889
0 0.392547 0.387865 0.059944 0.075448
0 0.554344 0.423813 0.051609 0.085874
0 0.814356 0.904186 0.052706 0.085254
0 0.216287 0.577659 0.055226 0.095204
0 0.793713 0.139229 0.047181 0.075809
0 0.185358 0.674314 0.046271 0.072180
0 0.287336 0.777078 0.054431 0.084507
0 0.043454 0.089137 0.059412 0.075308
0 0.133227 0.660112 0.051404 0.077101
0 0.698419 0.700263 0.050013 0.079646
0 0.119988 0.067993 0.053496 0.082385
0 0.158169 0.465056 0.048906 0.070676
0 0.545128 0.639582 0.043372 0.085670
0 0.626442 0.291561 0.054834 0.085206
0 0.361853 0.455206 0.052256 0.078626
0 0.699537 0.917063 0.055915 0.078477
0 0.639293 0.536700 0.057123 0.081082
0 0.485389 0.599137 0.051051 0.079918
0 0.114251 0.866220 0.053495 0.088806
0 0.763277 0.911087 0.046042 0.083375
0 0.359801 0.318758 0.048166 0.075781
0 0.163113 0.133681 0.048071 0.075373
0 0.935742 0.923214 0.051390 0.083864
0 0.974376 0.863486 0.049772 0.082113
0 0.592699 0.359412 0.053214 0.073777
0 0.831000 0.515655 0.050176 0.074908
0 0.707887 0.508011 0.052969 0.081252
0 0.627267 0.622284 0.055450 0.080422
0 0.180588 0.309079 0.055455 0.074923
0 0.732941 0.630549 0.053476 0.078273
0 0.327359 0.040298 0.055335 0.080340
0 0.276326 0.159454 0.049041 0.075234
0 0.583240 0.218021 0.052519 0.080879
0 0.734037 0.099922 0.046853 0.072801
0 0.879607 0.906694 0.056431 0.082726
0 0.311059 0.694443 0.052567 0.084057
0 0.461065 0.669796 0.055227 0.084621
0 0.312217 0.238587 0.051661 0.085103
0 0.688158 0.788926 0.055669 0.084397
0 0.737138 0.029109 0.054680 0.058218
0 0.522298 0.759334 0.052477 0.078674
0 0.577962 0.547436 0.049104 0.075425
0 0.586812 0.681574 0.059075 0.080942
0 0.524544 0.036500 0.055913 0.073000
0 0.497663 0.108354 0.057162 0.087306
0 0.511236 0.342276 0.059091 0.080813
0 0.250425 0.687529 0.062523 0.087200
0 0.060201 0.793333 0.047713 0.073701
0 0.097760 0.315560 0.052232 0.086721
0 0.249584 0.515351 0.051286 0.079689
0 0.343885 0.124237 0.055259 0.082989
0 0.436626 0.454648 0.054243 0.085881
0 0.422197 0.730895 0.056839 0.086089
0 0.053881 0.171227 0.053806 0.082296
0 0.852138 0.372558 0.049036 0.079878
0 0.500154 0.895046 0.057175 0.089254
0 0.518896 0.532853 0.052144 0.078560
0 0.659302 0.222512 0.058595 0.083805
0 0.236503 0.369814 0.051670 0.087534
0 0.686493 0.142319 0.054717 0.086293
0 0.445346 0.822725 0.055040 0.091507
0 0.389849 0.637976 0.058044 0.083138
0 0.739142 0.436628 0.054799 0.088883
0 0.183907 0.391064 0.050984 0.084498
0 0.842826 0.206025 0.054327 0.083897
0 0.496836 0.237803 0.056120 0.083256
0 0.137174 0.258704 0.052519 0.081917
0 0.310087 0.413823 0.053774 0.079221
0 0.904553 0.768351 0.054597 0.084386
0 0.629094 0.764532 0.055065 0.084294
0 0.581703 0.934303 0.056487 0.094993
0 0.944821 0.068779 0.059596 0.091224
0 0.749315 0.827124 0.060702 0.095745
0 0.582723 0.042465 0.054829 0.084930
0 0.653405 0.455437 0.057479 0.080644
0 0.404345 0.542561 0.058288 0.091937
0 0.829122 0.093835 0.051958 0.083054
0 0.793774 0.679071 0.052130 0.086316
0 0.568610 0.821484 0.058753 0.105600
0 0.053970 0.461524 0.052505 0.080385
0 0.153955 0.751667 0.059793 0.087680
0 0.928065 0.689131 0.051056 0.081232
0 0.875815 0.596823 0.063835 0.099632
0 0.560280 0.141542 0.058578 0.085604
0 0.817514 0.431205 0.064408 0.085662
0 0.413370 0.121909 0.058213 0.086087
0 0.437010 0.272508 0.058017 0.086724
0 0.885535 0.088146 0.055051 0.078737
0 0.817730 0.310869 0.055445 0.084836
0 0.344207 0.571856 0.059972 0.092187
0 0.919201 0.240174 0.050913 0.077675
0 0.945935 0.405661 0.051994 0.079692
0 0.739078 0.333417 0.054426 0.084134
0 0.962022 0.300491 0.053476 0.084620
0 0.948636 0.490966 0.059913 0.084769
1 0.496880 0.423719 0.046013 0.087008
2 0.344024 0.265793 0.017937 0.028605
2 0.764770 0.175805 0.015598 0.025030
2 0.615423 0.990465 0.028856 0.019070