0 0.441278 0.002427 0.035221 0.004810
0 0.002571 0.486151 0.005143 0.056619
0 0.003740 0.347183 0.007480 0.057504
0 0.502864 0.005004 0.042662 0.010009
0 0.797354 0.990820 0.039092 0.015479
0 0.112382 0.006318 0.038473 0.012636
0 0.992619 0.417431 0.012947 0.060039
0 0.529920 0.989582 0.045164 0.018061
0 0.193961 0.011371 0.038926 0.022651
0 0.008167 0.822454 0.016334 0.069479
0 0.038849 0.987620 0.046601 0.021739
0 0.988544 0.017378 0.021469 0.034726
0 0.678486 0.009433 0.047379 0.018865
0 0.988739 0.207952 0.020834 0.069703
0 0.988098 0.122743 0.022039 0.083107
0 0.988392 0.317205 0.021461 0.080167
0 0.292577 0.976475 0.043453 0.043879
0 0.020176 0.167226 0.040333 0.078888
0 0.948879 0.976199 0.052488 0.044268
0 0.393523 0.023941 0.054634 0.047864
0 0.106876 0.886819 0.053199 0.084958
0 0.982657 0.936133 0.032838 0.091942
0 0.017987 0.419596 0.035975 0.069249
0 0.375850 0.181578 0.047853 0.072585
0 0.660770 0.506119 0.047956 0.073791
0 0.720250 0.973385 0.049270 0.050048
0 0.609850 0.968722 0.046267 0.059361
0 0.961336 0.160470 0.046618 0.070715
0 0.410005 0.974302 0.052502 0.048327
0 0.871143 0.196929 0.052102 0.079090
0 0.704883 0.478200 0.052145 0.068568
0 0.880215 0.018779 0.050679 0.037557
0 0.395636 0.110621 0.049749 0.078825
0 0.017002 0.656356 0.034003 0.078173
0 0.221067 0.038846 0.054453 0.076897
0 0.918491 0.183573 0.044714 0.087527
0 0.282498 0.887803 0.056236 0.076341
0 0.034956 0.033499 0.045967 0.066999
0 0.314741 0.039329 0.049162 0.078377
0 0.055371 0.107116 0.052244 0.081941
0 0.236854 0.972819 0.053565 0.051029
0 0.651267 0.670297 0.048957 0.079387
0 0.665389 0.140322 0.045683 0.074204
0 0.201898 0.699899 0.047565 0.069180
0 0.582992 0.023304 0.049348 0.046607
0 0.490126 0.303449 0.059000 0.067883
0 0.648217 0.586950 0.049434 0.075882
0 0.613348 0.436017 0.053086 0.067604
0 0.424893 0.187667 0.046633 0.076381
0 0.483999 0.733680 0.050847 0.076056
0 0.153738 0.116465 0.058441 0.072187
0 0.974952 0.780862 0.047621 0.091133
0 0.729745 0.788325 0.047176 0.073137
0 0.626252 0.277589 0.044073 0.072037
0 0.829141 0.063906 0.051539 0.073799
0 0.873228 0.943891 0.049585 0.087368
0 0.469822 0.229574 0.053638 0.083576
0 0.611406 0.521061 0.048239 0.077146
0 0.666946 0.234491 0.047728 0.069682
0 0.312188 0.716604 0.047142 0.083012
0 0.598820 0.602826 0.047981 0.074680
0 0.286541 0.103228 0.058997 0.080495
0 0.632492 0.045114 0.052240 0.076240
0 0.906997 0.888266 0.048309 0.073996
0 0.474199 0.368084 0.045743 0.069698
0 0.275818 0.662647 0.048005 0.077537
0 0.144951 0.960918 0.054833 0.074049
0 0.825498 0.919404 0.049062 0.080922
0 0.700946 0.718993 0.055340 0.076938
0 0.541931 0.191436 0.051569 0.079936
0 0.696787 0.398781 0.047456 0.076651
0 0.725378 0.645099 0.050428 0.074621
0 0.709195 0.187992 0.044701 0.080982
0 0.112789 0.195082 0.051497 0.075468
0 0.738866 0.114461 0.049756 0.077580
0 0.331440 0.934401 0.051813 0.076393
0 0.598157 0.684063 0.055893 0.081781
0 0.887500 0.087925 0.053668 0.083566
0 0.797535 0.256180 0.041564 0.069441
0 0.523925 0.057338 0.045828 0.075314
0 0.750103 0.028211 0.045521 0.056422
0 0.534302 0.703870 0.053099 0.077386
0 0.500520 0.144658 0.050282 0.078622
0 0.120841 0.049467 0.056193 0.064010
0 0.817630 0.656272 0.050394 0.077804
0 0.625017 0.363007 0.049531 0.070320
0 0.805430 0.579933 0.046750 0.081397
0 0.919476 0.815082 0.046961 0.072313
0 0.867933 0.544106 0.052732 0.068701
0 0.890838 0.274262 0.052289 0.080603
0 0.494364 0.955229 0.056599 0.079777
0 0.128803 0.437059 0.052149 0.085766
0 0.399511 0.537659 0.045065 0.079176
0 0.114216 0.353753 0.048541 0.071402
0 0.888072 0.406312 0.052638 0.078590
0 0.578511 0.250483 0.049488 0.081994
0 0.759946 0.204375 0.047539 0.080442
0 0.161374 0.652233 0.051707 0.078204
0 0.769025 0.516371 0.051301 0.080145
0 0.750894 0.303151 0.050464 0.073627
0 0.299187 0.815214 0.054094 0.074343
0 0.759444 0.852310 0.047014 0.078547
0 0.973300 0.586731 0.051022 0.082049
0 0.234022 0.849695 0.049941 0.077722
0 0.765205 0.377847 0.056477 0.076520
0 0.207242 0.172983 0.052302 0.076306
0 0.564017 0.911043 0.055284 0.089544
0 0.964867 0.700683 0.066131 0.061075
0 0.410328 0.779263 0.049925 0.077516
0 0.527621 0.620134 0.055039 0.084481
0 0.922243 0.339751 0.052425 0.076667
0 0.659714 0.956959 0.051434 0.077287
0 0.031264 0.555683 0.051634 0.070604
0 0.460090 0.651297 0.051544 0.081709
0 0.574624 0.803858 0.052057 0.083054
0 0.661502 0.845619 0.054929 0.078046
0 0.460723 0.804459 0.047066 0.072793
0 0.161536 0.885129 0.051932 0.079296
0 0.219655 0.772358 0.055861 0.080696
0 0.487288 0.551489 0.053043 0.077566
0 0.252362 0.584904 0.049233 0.076966
0 0.086613 0.273463 0.050488 0.073105
0 0.027192 0.762603 0.053575 0.076067
0 0.379431 0.843320 0.056591 0.080546
0 0.209387 0.624317 0.045901 0.075841
0 0.513696 0.865563 0.051767 0.086298
0 0.269400 0.418875 0.051740 0.074489
0 0.773496 0.934385 0.054221 0.085354
0 0.360478 0.746452 0.048631 0.085705
0 0.902069 0.484241 0.048303 0.074309
0 0.526732 0.483592 0.047199 0.083499
0 0.431776 0.404954 0.053424 0.083748
0 0.333583 0.324187 0.049273 0.075555
0 0.843596 0.841332 0.059807 0.081757
0 0.337317 0.401509 0.048699 0.071428
0 0.151959 0.297318 0.056539 0.074792
0 0.335165 0.485480 0.051426 0.080821
0 0.257197 0.333885 0.052821 0.070605
0 0.400960 0.629157 0.051361 0.080445
0 0.318051 0.618852 0.049840 0.079362
0 0.894544 0.612579 0.050351 0.074238
0 0.272869 0.226103 0.048139 0.078742
0 0.076781 0.609439 0.053878 0.082507
0 0.226822 0.496577 0.054516 0.082018
0 0.131978 0.536197 0.050420 0.079103
0 0.086164 0.753421 0.054106 0.086026
1 0.346363 0.117402 0.044453 0.048868
2 0.215343 0.367700 0.027296 0.044100