0 0.786015 0.002153 0.037389 0.004295
0 0.547445 0.993498 0.036906 0.010815
0 0.302755 0.004172 0.031401 0.008196
0 0.995481 0.536135 0.007533 0.061844
0 0.994651 0.694885 0.009184 0.061730
0 0.991816 0.771498 0.014751 0.065205
0 0.062334 0.007574 0.041512 0.015147
0 0.006265 0.356426 0.012530 0.066744
0 0.874001 0.011899 0.059227 0.023799
0 0.456689 0.909849 0.053999 0.069287
0 0.527602 0.010039 0.035463 0.020078
0 0.485559 0.880402 0.048498 0.070860
0 0.020948 0.940829 0.041896 0.075487
0 0.940721 0.978086 0.049725 0.040803
0 0.477590 0.729671 0.050185 0.085170
0 0.480654 0.806515 0.053158 0.070958
0 0.016405 0.624373 0.032810 0.072687
0 0.016247 0.450646 0.032493 0.081187
0 0.635818 0.972706 0.050720 0.051636
0 0.984098 0.388383 0.029707 0.076091
0 0.150347 0.780426 0.050738 0.073792
0 0.829182 0.783736 0.050504 0.072387
0 0.376102 0.969220 0.047322 0.058330
0 0.806334 0.719724 0.050245 0.077480
0 0.245583 0.973057 0.049542 0.050803
0 0.392432 0.013809 0.048260 0.027617
0 0.488612 0.642627 0.054525 0.077866
0 0.298393 0.901363 0.047289 0.077058
0 0.510593 0.965649 0.050962 0.065356
0 0.908803 0.933378 0.047592 0.074576
0 0.329628 0.959577 0.043496 0.069224
0 0.123951 0.877054 0.051315 0.084077
0 0.765841 0.890994 0.049113 0.069596
0 0.115062 0.962842 0.050804 0.070949
0 0.330474 0.842324 0.041706 0.073468
0 0.441021 0.968908 0.048060 0.058921
0 0.539877 0.771028 0.050678 0.074142
0 0.172610 0.950891 0.050686 0.069243
0 0.522513 0.702261 0.046073 0.071281
0 0.923603 0.815479 0.047197 0.072689
0 0.379066 0.893980 0.049421 0.080468
0 0.216339 0.913988 0.047979 0.080163
0 0.307402 0.768923 0.052128 0.087182
0 0.641404 0.825304 0.049460 0.075550
0 0.460057 0.499272 0.045939 0.075787
0 0.588494 0.800287 0.048937 0.077324
0 0.062101 0.896214 0.050224 0.072195
0 0.087181 0.820285 0.048722 0.085309
0 0.171963 0.844745 0.048994 0.080647
0 0.766112 0.817506 0.051408 0.071815
0 0.248715 0.843803 0.054585 0.079984
0 0.229680 0.672199 0.049554 0.088066
0 0.786762 0.960495 0.051299 0.074439
0 0.486824 0.563513 0.049274 0.070287
0 0.544847 0.868569 0.052212 0.071915
0 0.773322 0.548031 0.049880 0.070876
0 0.654491 0.521562 0.052623 0.064331
0 0.957475 0.893355 0.050856 0.072567
0 0.362614 0.738335 0.050572 0.078830
0 0.245269 0.485172 0.053616 0.081575
0 0.747189 0.755696 0.049548 0.076001
0 0.414091 0.494224 0.043056 0.076539
0 0.628749 0.746911 0.059407 0.076121
0 0.406398 0.696345 0.057850 0.069673
0 0.915189 0.587181 0.054289 0.065389
0 0.691123 0.866862 0.058221 0.077346
0 0.847131 0.963119 0.056344 0.070177
0 0.591378 0.926799 0.054246 0.083762
0 0.968791 0.229792 0.044448 0.080951
0 0.706201 0.959768 0.051608 0.072797
0 0.831964 0.882268 0.054501 0.085085
0 0.407574 0.828954 0.047775 0.076754
0 0.647087 0.599814 0.047994 0.076444
0 0.690963 0.474474 0.045740 0.075521
0 0.901988 0.655832 0.057933 0.068916
0 0.169566 0.381776 0.036561 0.085741
0 0.209938 0.024924 0.059199 0.049837
0 0.534607 0.603095 0.050075 0.083409
0 0.866676 0.719763 0.044126 0.070607
0 0.226796 0.149273 0.050053 0.083684
0 0.066472 0.740285 0.052023 0.079385
0 0.871536 0.049914 0.045127 0.078965
0 0.806218 0.266034 0.059442 0.089695
0 0.346058 0.034276 0.047882 0.068552
0 0.613353 0.664902 0.053793 0.079575
0 0.177829 0.285741 0.046747 0.080663
0 0.651340 0.420050 0.050946 0.081810
0 0.492662 0.128252 0.055464 0.071321
0 0.196096 0.093192 0.048662 0.081775
0 0.482123 0.025899 0.056091 0.051797
0 0.740228 0.483010 0.045563 0.072788
0 0.277031 0.704404 0.049962 0.080699
0 0.832895 0.530614 0.060581 0.064939
0 0.825574 0.057463 0.044155 0.074575
0 0.922592 0.468416 0.046561 0.074202
0 0.809327 0.350753 0.046998 0.080749
0 0.888739 0.520710 0.043865 0.070285
0 0.977912 0.122673 0.042177 0.075427
0 0.793680 0.641411 0.056736 0.079347
0 0.740666 0.614237 0.050953 0.079134
0 0.928320 0.095856 0.047193 0.066092
0 0.054840 0.660425 0.053117 0.078015
0 0.093656 0.040562 0.047273 0.078018
0 0.223228 0.330751 0.047625 0.078550
0 0.145711 0.056645 0.054257 0.074178
0 0.172600 0.711505 0.052729 0.072495
0 0.205137 0.554367 0.050397 0.080310
0 0.776705 0.210264 0.052598 0.074655
0 0.575899 0.032537 0.053355 0.065051
0 0.965948 0.636318 0.050925 0.081952
0 0.722809 0.387788 0.051700 0.079547
0 0.455274 0.076725 0.048536 0.067055
0 0.136988 0.328323 0.042892 0.073019
0 0.544792 0.098844 0.045675 0.073418
0 0.970511 0.461461 0.048790 0.076978
0 0.557498 0.523336 0.048239 0.093600
0 0.164753 0.606230 0.047789 0.073365
0 0.691322 0.319799 0.051358 0.086204
0 0.779335 0.049541 0.047231 0.080229
0 0.192404 0.456923 0.051653 0.082626
0 0.567854 0.169003 0.056273 0.078148
0 0.090104 0.124188 0.049707 0.074804
0 0.405602 0.068604 0.049599 0.080866
0 0.490711 0.438562 0.050871 0.082571
0 0.338100 0.349120 0.044542 0.075036
0 0.054561 0.183799 0.048754 0.074300
0 0.947683 0.296370 0.051014 0.076778
0 0.186643 0.203930 0.052616 0.079827
0 0.657937 0.025590 0.049715 0.051178
0 0.122003 0.236581 0.055179 0.072694
0 0.431811 0.178058 0.046340 0.072635
0 0.432985 0.408049 0.050717 0.087082
0 0.251535 0.271400 0.048959 0.069445
0 0.048583 0.550374 0.051454 0.073100
0 0.384708 0.379066 0.049466 0.082107
0 0.407370 0.612168 0.054444 0.078432
0 0.372780 0.195299 0.050713 0.069975
0 0.258102 0.588864 0.054086 0.082726
0 0.654584 0.089342 0.046801 0.069161
0 0.873128 0.422404 0.049104 0.081179
0 0.263967 0.194961 0.052474 0.079425
0 0.598805 0.100006 0.046474 0.072694
0 0.107257 0.423984 0.046485 0.077094
0 0.281968 0.110036 0.047372 0.075123
0 0.859817 0.340407 0.049519 0.081487
0 0.337072 0.261345 0.054994 0.081246
0 0.067957 0.343336 0.049668 0.072410
0 0.097712 0.518443 0.048733 0.072834
0 0.828173 0.157450 0.049029 0.073387
0 0.287848 0.424823 0.053820 0.082079
0 0.719315 0.120392 0.048223 0.071508
0 0.914714 0.181664 0.050826 0.076370
0 0.502852 0.300346 0.054954 0.083062
0 0.576666 0.377602 0.053963 0.079051
1 0.358451 0.551847 0.048353 0.064362
1 0.442289 0.276520 0.050692 0.078665
1 0.972998 0.803933 0.045233 0.096544
2 0.059757 0.043504 0.026516 0.039333
2 0.618542 0.564958 0.024176 0.042908