0 0.116361 0.995261 0.032182 0.007712
0 0.995655 0.981457 0.007275 0.034281
0 0.954615 0.994130 0.043071 0.009598
0 0.689376 0.994478 0.035576 0.009180
0 0.995362 0.449749 0.007900 0.052129
0 0.003157 0.432707 0.006315 0.058602
0 0.908351 0.005696 0.041566 0.011392
0 0.799590 0.990924 0.038739 0.015313
0 0.329351 0.987566 0.045283 0.021792
0 0.388057 0.008686 0.047012 0.017372
0 0.010214 0.801655 0.020422 0.074223
0 0.140085 0.705686 0.047893 0.063070
0 0.519050 0.010168 0.040836 0.020337
0 0.108540 0.733415 0.053841 0.065689
0 0.515491 0.978450 0.048207 0.039813
0 0.066701 0.981853 0.046601 0.033084
0 0.511731 0.928892 0.049943 0.063217
0 0.019439 0.878242 0.038878 0.074660
0 0.133260 0.011742 0.049393 0.023484
0 0.013046 0.209080 0.026091 0.080045
0 0.253795 0.972448 0.047400 0.052034
0 0.347164 0.562622 0.036845 0.085888
0 0.986598 0.040532 0.025071 0.074409
0 0.634324 0.014012 0.051714 0.028025
0 0.484401 0.839098 0.044276 0.065271
0 0.985201 0.181303 0.027643 0.066682
0 0.037065 0.944906 0.049085 0.062568
0 0.356961 0.936599 0.054747 0.071188
0 0.614471 0.969623 0.051212 0.057610
0 0.020211 0.620836 0.040422 0.079632
0 0.981366 0.702663 0.035287 0.073641
0 0.464466 0.901572 0.049374 0.068364
0 0.493964 0.762337 0.047212 0.070886
0 0.294796 0.945416 0.050210 0.077425
0 0.443692 0.772477 0.050984 0.077386
0 0.677575 0.555481 0.054165 0.079560
0 0.530039 0.814096 0.047789 0.074678
0 0.630412 0.412915 0.043882 0.069158
0 0.317768 0.870278 0.045409 0.079911
0 0.967396 0.955462 0.051736 0.067327
0 0.662041 0.481562 0.053450 0.075386
0 0.136932 0.947031 0.039891 0.078695
0 0.565634 0.954222 0.043795 0.069685
0 0.666416 0.871862 0.054594 0.077900
0 0.975939 0.881366 0.046120 0.071752
0 0.041559 0.541545 0.049625 0.065869
0 0.243097 0.608104 0.047193 0.074459
0 0.663843 0.792671 0.054178 0.067719
0 0.873071 0.959703 0.049022 0.068427
0 0.449137 0.696170 0.046671 0.070436
0 0.303404 0.616227 0.057986 0.060313
0 0.818400 0.951174 0.050588 0.065793
0 0.622492 0.632692 0.052521 0.075663
0 0.766802 0.949958 0.046090 0.066745
0 0.326376 0.500683 0.052324 0.070900
0 0.830695 0.020692 0.052261 0.041385
0 0.709813 0.667301 0.054371 0.072702
0 0.236325 0.500309 0.046637 0.065080
0 0.716563 0.845768 0.050471 0.075832
0 0.022740 0.305503 0.045481 0.074548
0 0.661511 0.713395 0.051068 0.083085
0 0.171267 0.863853 0.044198 0.064654
0 0.048424 0.806802 0.046167 0.073085
0 0.310070 0.769628 0.053524 0.074825
0 0.084363 0.576358 0.049675 0.073103
0 0.522523 0.259071 0.045913 0.077264
0 0.072202 0.481197 0.049941 0.071115
0 0.259801 0.676482 0.057534 0.069309
0 0.146827 0.792168 0.051786 0.078579
0 0.280543 0.555667 0.047401 0.071286
0 0.814705 0.787266 0.046428 0.070035
0 0.470989 0.229293 0.046113 0.068591
0 0.901851 0.861750 0.061936 0.071353
0 0.246579 0.876221 0.048272 0.072833
0 0.792024 0.663408 0.054629 0.070738
0 0.324270 0.682963 0.050647 0.070905
0 0.286573 0.219162 0.043393 0.070292
0 0.041331 0.718609 0.054617 0.074908
0 0.564377 0.753080 0.052811 0.084286
0 0.261280 0.772783 0.043957 0.066635
0 0.108668 0.254527 0.051336 0.071650
0 0.132953 0.635664 0.063424 0.068935
0 0.348368 0.431409 0.052316 0.072569
0 0.593032 0.380827 0.046012 0.077826
0 0.430180 0.183272 0.051074 0.080899
0 0.158782 0.369907 0.053518 0.068910
0 0.184686 0.941991 0.048780 0.074016
0 0.207717 0.326638 0.047764 0.068522
0 0.077324 0.896048 0.055777 0.073595
0 0.047669 0.239755 0.051425 0.072476
0 0.599020 0.472079 0.051375 0.074169
0 0.193701 0.666674 0.052772 0.068748
0 0.978135 0.115269 0.041639 0.073573
0 0.358640 0.246431 0.052413 0.076240
0 0.835512 0.717380 0.051224 0.074645
0 0.620649 0.075434 0.051420 0.078417
0 0.524674 0.466409 0.046880 0.071990
0 0.369392 0.857432 0.052516 0.082156
0 0.382248 0.755423 0.050351 0.069014
0 0.728296 0.294519 0.056299 0.072430
0 0.405227 0.101603 0.050300 0.078268
0 0.039320 0.048601 0.052936 0.078985
0 0.504918 0.536973 0.045717 0.072520
0 0.800025 0.533136 0.043253 0.069048
0 0.579869 0.583348 0.055981 0.070185
0 0.913925 0.443303 0.057605 0.071292
0 0.339775 0.357126 0.054528 0.064492
0 0.509628 0.671541 0.048366 0.069323
0 0.279928 0.344906 0.045847 0.071499
0 0.161738 0.443644 0.049843 0.070871
0 0.804679 0.341985 0.047831 0.077848
0 0.042358 0.389354 0.049952 0.062569
0 0.139308 0.559911 0.048857 0.073318
0 0.431103 0.540454 0.049116 0.075641
0 0.208269 0.776444 0.044627 0.064987
0 0.146143 0.058227 0.055263 0.064475
0 0.964943 0.784054 0.047495 0.073975
0 0.198519 0.549558 0.053076 0.069683
0 0.915672 0.709990 0.047636 0.072242
0 0.140320 0.297046 0.053812 0.077769
0 0.661648 0.343224 0.054154 0.086118
0 0.760470 0.227083 0.057047 0.065232
0 0.383119 0.515583 0.048350 0.078980
0 0.213511 0.444838 0.050609 0.071013
0 0.645157 0.232349 0.047088 0.065836
0 0.971589 0.625839 0.053751 0.081911
0 0.720480 0.503341 0.055526 0.081486
0 0.073518 0.306216 0.047978 0.069221
0 0.755370 0.584511 0.054332 0.077870
0 0.314160 0.279306 0.054791 0.080364
0 0.899989 0.634385 0.052751 0.079428
0 0.883179 0.239148 0.044212 0.068692
0 0.098246 0.424130 0.055419 0.074976
0 0.376471 0.189186 0.054069 0.076928
0 0.620387 0.296689 0.049627 0.075130
0 0.915691 0.045249 0.054476 0.066073
0 0.766470 0.812249 0.052622 0.087635
0 0.836475 0.598469 0.051118 0.073410
0 0.459265 0.377273 0.050362 0.074238
0 0.588802 0.173741 0.046609 0.075038
0 0.473231 0.306120 0.049198 0.070234
0 0.672170 0.047462 0.050924 0.073675
0 0.394906 0.660515 0.057279 0.082525
0 0.543460 0.395217 0.051116 0.076340
0 0.446715 0.460098 0.045858 0.072500
0 0.759062 0.377557 0.055965 0.076034
0 0.481362 0.074496 0.048062 0.067094
0 0.931136 0.515658 0.052700 0.081392
0 0.790145 0.145882 0.054522 0.076453
0 0.315605 0.149329 0.056363 0.088670
0 0.209932 0.243293 0.050914 0.070505
0 0.291274 0.067661 0.053715 0.080250
0 0.646706 0.157101 0.050051 0.076526
0 0.881778 0.382057 0.048089 0.077865
0 0.564359 0.291913 0.052974 0.074208
0 0.824645 0.460359 0.051996 0.071952
0 0.161052 0.126640 0.057020 0.069003
0 0.237391 0.040650 0.054672 0.072610
0 0.533860 0.151240 0.058406 0.080235
0 0.907790 0.178843 0.048860 0.073465
0 0.711964 0.193050 0.048165 0.070401
0 0.927647 0.112129 0.055182 0.069702
0 0.219447 0.133449 0.055283 0.085701
0 0.841670 0.290681 0.050460 0.077850
0 0.557132 0.072229 0.051282 0.081920
0 0.832037 0.103763 0.052502 0.075471
0 0.921656 0.304892 0.050526 0.085011
0 0.950689 0.230475 0.044938 0.067471
0 0.970097 0.421847 0.052845 0.085130
0 0.843047 0.193286 0.052050 0.076093
0 0.706349 0.111459 0.055439 0.079665
1 0.112009 0.181168 0.043673 0.071514
1 0.429031 0.031585 0.041334 0.056019
1 0.616202 0.711561 0.041334 0.071514
2 0.099921 0.135876 0.024176 0.033373