0 0.997037 0.428677 0.004884 0.052449
0 0.302261 0.002209 0.036482 0.004419
0 0.996280 0.309502 0.006281 0.054120
0 0.003167 0.431962 0.006319 0.053919
0 0.193008 0.991667 0.037223 0.013862
0 0.005807 0.779134 0.011614 0.058814
0 0.982901 0.160969 0.032448 0.067767
0 0.987568 0.620263 0.023061 0.076371
0 0.576078 0.984018 0.047756 0.028936
0 0.900669 0.012104 0.043293 0.024175
0 0.987695 0.769959 0.022831 0.074375
0 0.470284 0.010160 0.043360 0.020320
0 0.333480 0.668769 0.050411 0.074693
0 0.986740 0.539434 0.024543 0.079848
0 0.494067 0.925843 0.047982 0.084840
0 0.985448 0.914208 0.027238 0.087076
0 0.010254 0.651843 0.020505 0.079029
0 0.523144 0.969928 0.050729 0.056985
0 0.012164 0.864641 0.024328 0.073647
0 0.638359 0.968464 0.046199 0.060099
0 0.596980 0.934254 0.051664 0.076327
0 0.499257 0.774422 0.042412 0.074817
0 0.958912 0.973460 0.051844 0.050031
0 0.711386 0.802294 0.051446 0.075110
0 0.065302 0.980892 0.049831 0.035146
0 0.028554 0.556753 0.049232 0.069769
0 0.612750 0.852856 0.059203 0.071045
0 0.983558 0.230197 0.030937 0.077649
0 0.535788 0.825362 0.050042 0.077090
0 0.903980 0.787199 0.047378 0.092224
0 0.726274 0.979338 0.047719 0.038394
0 0.379933 0.969930 0.048035 0.056749
0 0.969112 0.676503 0.056386 0.081490
0 0.937240 0.916422 0.047360 0.069318
0 0.786143 0.979651 0.047706 0.037658
0 0.432785 0.979460 0.048768 0.038008
0 0.063723 0.574724 0.051420 0.075184
0 0.379047 0.642933 0.050637 0.073870
0 0.336275 0.933994 0.049515 0.080918
0 0.798712 0.749302 0.044046 0.068941
0 0.612077 0.624142 0.049648 0.074628
0 0.389780 0.772187 0.049333 0.074470
0 0.655779 0.796916 0.055424 0.080556
0 0.353055 0.856596 0.047792 0.074553
0 0.934631 0.727574 0.054979 0.081840
0 0.688930 0.724177 0.052548 0.073907
0 0.339234 0.775118 0.045533 0.077933
0 0.317640 0.488900 0.051528 0.079202
0 0.794060 0.508390 0.046146 0.070411
0 0.859932 0.953176 0.055194 0.073578
0 0.950901 0.832541 0.049874 0.094094
0 0.607840 0.709750 0.055605 0.080182
0 0.096354 0.791616 0.050569 0.070862
0 0.280968 0.410659 0.052493 0.076714
0 0.400110 0.566524 0.049493 0.083393
0 0.018030 0.379544 0.036059 0.072123
0 0.780368 0.875237 0.049250 0.071254
0 0.411925 0.701820 0.054272 0.078118
0 0.633132 0.408055 0.050832 0.080368
0 0.703107 0.019208 0.045912 0.038416
0 0.201049 0.939717 0.052139 0.074233
0 0.470479 0.446983 0.044044 0.063599
0 0.298402 0.613134 0.055077 0.084734
0 0.528740 0.358404 0.048287 0.080606
0 0.305289 0.345565 0.046967 0.069378
0 0.860945 0.832479 0.055403 0.076491
0 0.350417 0.545487 0.052959 0.077966
0 0.381809 0.368866 0.053947 0.081451
0 0.338289 0.409749 0.048892 0.077760
0 0.284279 0.962250 0.049344 0.070233
0 0.129627 0.475778 0.049361 0.079333
0 0.943032 0.570163 0.047519 0.084333
0 0.130542 0.658765 0.049864 0.074710
0 0.513283 0.673165 0.052522 0.076648
0 0.389049 0.224330 0.047885 0.079505
0 0.810997 0.321153 0.051954 0.079385
0 0.534896 0.016803 0.045419 0.033606
0 0.918279 0.387578 0.049458 0.086937
0 0.019449 0.112935 0.038899 0.076332
0 0.797933 0.430121 0.046167 0.073874
0 0.682116 0.429638 0.051562 0.079658
0 0.431193 0.407607 0.044495 0.075287
0 0.840099 0.112542 0.051439 0.069638
0 0.439204 0.242248 0.053519 0.073462
0 0.972708 0.354336 0.047418 0.078319
0 0.808610 0.575926 0.056517 0.075426
0 0.848179 0.730047 0.052300 0.072746
0 0.212718 0.758321 0.048317 0.070197
0 0.572634 0.546023 0.051248 0.078578
0 0.148379 0.830906 0.051008 0.078592
0 0.794936 0.651779 0.052372 0.071880
0 0.409718 0.305525 0.049892 0.077725
0 0.527406 0.594490 0.050293 0.076464
0 0.692745 0.345779 0.048601 0.072184
0 0.540908 0.447679 0.050071 0.076172
0 0.679469 0.507770 0.053773 0.067960
0 0.623950 0.531601 0.045304 0.077159
0 0.583614 0.337596 0.048335 0.072101
0 0.850952 0.444828 0.050336 0.085929
0 0.642008 0.235870 0.051643 0.083864
0 0.955099 0.439788 0.051785 0.088290
0 0.222672 0.834862 0.046799 0.073124
0 0.635854 0.135152 0.046022 0.074585
0 0.184544 0.691386 0.050643 0.078280
0 0.877288 0.145550 0.046682 0.078393
0 0.422836 0.163330 0.057939 0.078149
0 0.042257 0.761789 0.041856 0.068224
0 0.856648 0.359788 0.046965 0.088502
0 0.674654 0.594424 0.053581 0.077396
0 0.443598 0.525672 0.049729 0.076693
0 0.971639 0.115530 0.048831 0.074822
0 0.343043 0.295678 0.051111 0.072544
0 0.446837 0.070874 0.053400 0.078176
0 0.558030 0.275752 0.056252 0.081748
0 0.052165 0.650034 0.057264 0.072827
0 0.107903 0.912222 0.055475 0.080069
0 0.905124 0.511549 0.053756 0.081889
0 0.466273 0.340081 0.048842 0.079110
0 0.824048 0.207502 0.048897 0.081792
0 0.324737 0.055197 0.047191 0.079691
0 0.586761 0.081503 0.055640 0.066047
0 0.125705 0.027463 0.054900 0.054841
0 0.591498 0.180073 0.051146 0.072300
0 0.729945 0.662245 0.050288 0.079130
0 0.119844 0.585543 0.050510 0.072938
0 0.479489 0.138358 0.051443 0.079708
0 0.416062 0.019714 0.049567 0.039428
0 0.154600 0.401298 0.050452 0.081781
0 0.606571 0.025678 0.044292 0.051279
0 0.797504 0.086366 0.052394 0.074712
0 0.041860 0.038919 0.057742 0.077837
0 0.135047 0.239759 0.049153 0.084819
0 0.765720 0.275202 0.054106 0.070524
0 0.242512 0.342699 0.047653 0.076248
0 0.697026 0.264043 0.050889 0.075358
0 0.361834 0.021749 0.046498 0.043497
0 0.743892 0.496727 0.049717 0.073082
0 0.081569 0.435078 0.057666 0.080170
0 0.227027 0.534417 0.047139 0.073108
0 0.935102 0.206368 0.057405 0.066798
0 0.691830 0.090477 0.046468 0.074038
0 0.171795 0.187328 0.044849 0.071449
0 0.876641 0.224299 0.053289 0.069689
0 0.134528 0.124010 0.063023 0.060791
0 0.645427 0.061488 0.041379 0.068617
0 0.903896 0.296518 0.052937 0.082392
0 0.681401 0.173892 0.050708 0.074339
0 0.943895 0.033553 0.051290 0.067043
0 0.218312 0.444168 0.048669 0.070963
0 0.255151 0.143104 0.048326 0.073707
0 0.535991 0.129774 0.051424 0.079662
0 0.257527 0.250703 0.049495 0.077224
0 0.915739 0.098043 0.050406 0.074050
0 0.852533 0.038020 0.050492 0.075747
0 0.063942 0.354668 0.050070 0.077876
0 0.227446 0.073875 0.047556 0.084554
0 0.087529 0.197242 0.053128 0.079476
0 0.027488 0.221016 0.047486 0.078381
0 0.175105 0.305627 0.058602 0.080883
0 0.735302 0.171318 0.051139 0.079212
0 0.178516 0.043026 0.050912 0.076312
1 0.752682 0.752086 0.038214 0.064362