0 0.985071 0.002704 0.028175 0.005407
0 0.273884 0.993415 0.039160 0.010914
0 0.585289 0.993700 0.034856 0.010534
0 0.763837 0.993057 0.039901 0.011474
0 0.527254 0.005354 0.033785 0.010708
0 0.993683 0.251587 0.011054 0.058411
0 0.010155 0.900908 0.020309 0.066338
0 0.939278 0.987474 0.044470 0.022335
0 0.950353 0.253109 0.057998 0.072943
0 0.356939 0.986177 0.044392 0.024550
0 0.008129 0.206313 0.016241 0.070285
0 0.013957 0.366024 0.027914 0.053920
0 0.578574 0.011625 0.050402 0.023250
0 0.404840 0.979118 0.047451 0.038666
0 0.988322 0.072729 0.021674 0.073851
0 0.485043 0.979836 0.048684 0.037137
0 0.900085 0.232522 0.053094 0.088953
0 0.035192 0.974938 0.050756 0.047011
0 0.825447 0.971322 0.050809 0.054526
0 0.248192 0.014819 0.045490 0.029638
0 0.578310 0.776869 0.047080 0.082364
0 0.014874 0.302796 0.029721 0.077052
0 0.026303 0.854334 0.052606 0.075772
0 0.542092 0.968718 0.050169 0.059355
0 0.149958 0.968551 0.044931 0.059683
0 0.677050 0.960736 0.048941 0.072484
0 0.557438 0.847788 0.044932 0.073286
0 0.034672 0.780240 0.054564 0.073795
0 0.197464 0.014054 0.044128 0.028108
0 0.602787 0.882786 0.050992 0.078153
0 0.959331 0.942068 0.046525 0.070591
0 0.098053 0.926359 0.055375 0.073198
0 0.860645 0.013786 0.055300 0.027571
0 0.895553 0.845265 0.045491 0.074984
0 0.105599 0.857056 0.051920 0.073215
0 0.976655 0.801620 0.044227 0.070951
0 0.340192 0.912145 0.039049 0.070198
0 0.762492 0.915343 0.051713 0.079922
0 0.942958 0.860659 0.044081 0.076523
0 0.241422 0.962499 0.048455 0.071795
0 0.513560 0.862319 0.042858 0.082606
0 0.957435 0.203293 0.056180 0.070701
0 0.251067 0.263535 0.059855 0.086245
0 0.160458 0.896051 0.044682 0.069209
0 0.973532 0.313653 0.045058 0.094548
0 0.820812 0.594711 0.038687 0.062565
0 0.810502 0.827393 0.051906 0.074752
0 0.031508 0.451887 0.051077 0.078030
0 0.467514 0.840775 0.052388 0.079366
0 0.537749 0.724935 0.052779 0.075144
0 0.385313 0.780449 0.055973 0.079130
0 0.684286 0.812381 0.055154 0.083966
0 0.537354 0.468080 0.047130 0.064909
0 0.091541 0.640723 0.047468 0.070863
0 0.315358 0.249381 0.061456 0.064946
0 0.487306 0.351886 0.048613 0.081499
0 0.526843 0.158477 0.038658 0.077230
0 0.566610 0.304213 0.042243 0.080929
0 0.931577 0.638989 0.048470 0.073013
0 0.173772 0.794594 0.048519 0.070620
0 0.386786 0.706662 0.047135 0.068202
0 0.528900 0.648322 0.046345 0.072794
0 0.962348 0.577507 0.045617 0.073827
0 0.728595 0.700762 0.045081 0.066304
0 0.446129 0.588420 0.049437 0.072001
0 0.649643 0.529334 0.040696 0.071540
0 0.938284 0.744615 0.051637 0.081992
0 0.221053 0.891420 0.050025 0.074164
0 0.961146 0.485826 0.043147 0.071420
0 0.275241 0.318625 0.045496 0.085558
0 0.782651 0.705823 0.048262 0.073709
0 0.106071 0.426980 0.050699 0.077399
0 0.835565 0.661802 0.050180 0.075008
0 0.766062 0.450120 0.055215 0.082424
0 0.394666 0.917022 0.050677 0.077903
0 0.926296 0.023337 0.053290 0.046664
0 0.099082 0.710562 0.055144 0.076753
0 0.535991 0.227297 0.056527 0.062112
0 0.220117 0.811809 0.042875 0.071733
0 0.923555 0.437555 0.046928 0.075135
0 0.227284 0.214309 0.053137 0.086572
0 0.033189 0.095351 0.050753 0.068692
0 0.923157 0.534250 0.047574 0.071839
0 0.180643 0.188013 0.048577 0.072583
0 0.401423 0.252139 0.053658 0.062580
0 0.454460 0.763756 0.053988 0.079868
0 0.069376 0.357250 0.051018 0.077745
0 0.588225 0.245292 0.051794 0.079825
0 0.605982 0.495337 0.044625 0.071007
0 0.308876 0.026477 0.056388 0.052954
0 0.726863 0.599502 0.046336 0.076875
0 0.656811 0.451285 0.055967 0.068923
0 0.352998 0.164794 0.056094 0.073183
0 0.303147 0.195020 0.044006 0.070862
0 0.588788 0.612514 0.049375 0.076780
0 0.843027 0.116518 0.051481 0.075788
0 0.407047 0.193195 0.044610 0.065691
0 0.519827 0.290273 0.053718 0.061913
0 0.699012 0.532876 0.045010 0.073791
0 0.465539 0.531058 0.044077 0.072611
0 0.319777 0.628112 0.050007 0.077439
0 0.880194 0.490539 0.041566 0.067595
0 0.459904 0.306228 0.055503 0.072017
0 0.783162 0.544240 0.055291 0.076482
0 0.221305 0.704741 0.046517 0.077383
0 0.866599 0.396938 0.046488 0.077624
0 0.131584 0.587775 0.050102 0.070574
0 0.141765 0.274266 0.045987 0.065838
0 0.258874 0.061754 0.054988 0.082417
0 0.233763 0.625328 0.047360 0.074417
0 0.095611 0.534618 0.047037 0.076562
0 0.387035 0.535403 0.051499 0.078889
0 0.709158 0.443130 0.040642 0.076620
0 0.538886 0.389373 0.050513 0.079785
0 0.778125 0.389041 0.053060 0.071807
0 0.322477 0.316924 0.047282 0.068532
0 0.169351 0.691834 0.049273 0.073865
0 0.448064 0.461083 0.047973 0.075223
0 0.807728 0.034381 0.042584 0.068761
0 0.567764 0.158011 0.046550 0.074329
0 0.375517 0.317187 0.045572 0.075812
0 0.649376 0.386070 0.056936 0.077938
0 0.348196 0.397923 0.043182 0.065968
0 0.292709 0.561058 0.051519 0.072577
0 0.268241 0.490381 0.051337 0.078194
0 0.726825 0.118326 0.050157 0.076029
0 0.962587 0.126951 0.051392 0.076064
0 0.201007 0.358919 0.044310 0.068171
0 0.907978 0.141174 0.052881 0.070458
0 0.710860 0.058297 0.046130 0.069132
0 0.054364 0.163332 0.055646 0.075687
0 0.619721 0.183858 0.049434 0.074503
0 0.747528 0.237376 0.054176 0.078207
0 0.917954 0.351588 0.048052 0.074070
0 0.258338 0.398976 0.051997 0.069130
0 0.893156 0.069194 0.051214 0.076668
0 0.672988 0.128091 0.057422 0.086346
0 0.213707 0.541123 0.048776 0.076343
0 0.208793 0.427197 0.047752 0.067652
0 0.648953 0.298240 0.048964 0.074531
0 0.662391 0.032608 0.053534 0.065216
0 0.328991 0.090481 0.050166 0.078412
0 0.080786 0.258452 0.053619 0.080586
0 0.492077 0.110857 0.048638 0.077746
0 0.197232 0.124013 0.049576 0.072703
0 0.762633 0.033108 0.045907 0.066216
0 0.535860 0.070533 0.050395 0.078845
0 0.831940 0.311758 0.050943 0.076652
0 0.457679 0.225922 0.048241 0.078667
0 0.771702 0.302169 0.055138 0.077205
0 0.116622 0.177338 0.052696 0.075995
0 0.702960 0.311649 0.045899 0.076715
0 0.787219 0.107502 0.051290 0.078796
0 0.437410 0.090060 0.052149 0.072484
0 0.381136 0.081212 0.051335 0.076537
1 0.030901 0.030393 0.037434 0.053635
1 0.660266 0.211561 0.043673 0.089392
1 0.875123 0.181168 0.053812 0.076281
1 0.833010 0.378427 0.036654 0.053635
1 0.566290 0.514303 0.042894 0.070322
1 0.622831 0.802741 0.053032 0.075089
2 0.859916 0.864124 0.018717 0.030989