0 0.394407 0.994140 0.032318 0.009663
0 0.878017 0.003424 0.029105 0.006848
0 0.504755 0.992670 0.033684 0.012078
0 0.310158 0.003510 0.039440 0.007020
0 0.242499 0.992960 0.040199 0.011617
0 0.006961 0.467453 0.013917 0.065805
0 0.991204 0.586755 0.015872 0.063432
0 0.990116 0.446804 0.018051 0.067236
0 0.934629 0.986975 0.042388 0.023067
0 0.112495 0.986197 0.044605 0.024609
0 0.009635 0.602087 0.019270 0.071517
0 0.317660 0.975772 0.056872 0.045290
0 0.010961 0.682977 0.021921 0.075473
0 0.730159 0.981662 0.047195 0.033430
0 0.467901 0.443300 0.037479 0.063032
0 0.984539 0.516763 0.029006 0.069913
0 0.982880 0.887640 0.032288 0.081019
0 0.015162 0.853277 0.030324 0.076812
0 0.765772 0.015420 0.050642 0.030839
0 0.985619 0.242601 0.026807 0.075720
0 0.061556 0.981865 0.046354 0.033087
0 0.983063 0.029792 0.032482 0.059454
0 0.643889 0.831390 0.054098 0.081028
0 0.941968 0.012748 0.048811 0.025496
0 0.982609 0.167517 0.032962 0.068855
0 0.443787 0.016728 0.050475 0.033456
0 0.661410 0.902904 0.051657 0.077348
0 0.044614 0.215646 0.054065 0.073825
0 0.679045 0.967107 0.052030 0.062415
0 0.476805 0.875282 0.049459 0.084419
0 0.494654 0.802439 0.045809 0.072535
0 0.649074 0.648406 0.057262 0.080166
0 0.529289 0.865168 0.048126 0.078203
0 0.020514 0.072948 0.041016 0.063372
0 0.914292 0.776123 0.045602 0.071469
0 0.836753 0.021904 0.049519 0.043807
0 0.670955 0.780390 0.053104 0.070460
0 0.704278 0.022941 0.049058 0.045882
0 0.648913 0.507260 0.045402 0.068607
0 0.537856 0.961682 0.053464 0.073393
0 0.979223 0.094175 0.039678 0.071826
0 0.766081 0.656364 0.052635 0.068936
0 0.858651 0.908038 0.052821 0.083514
0 0.031510 0.420446 0.049403 0.078786
0 0.830868 0.626365 0.052343 0.082214
0 0.217788 0.017061 0.049831 0.034122
0 0.582743 0.547694 0.049370 0.076442
0 0.896473 0.959707 0.045157 0.077081
0 0.360408 0.861045 0.050324 0.076795
0 0.426605 0.900324 0.048747 0.082478
0 0.783787 0.417724 0.052729 0.077905
0 0.884851 0.526983 0.060019 0.078591
0 0.902032 0.677559 0.050123 0.076429
0 0.569327 0.389351 0.051934 0.068464
0 0.510206 0.729987 0.052925 0.079336
0 0.164425 0.396123 0.049746 0.074104
0 0.476360 0.673492 0.049313 0.077929
0 0.815879 0.471769 0.055206 0.070130
0 0.826096 0.545121 0.045392 0.070623
0 0.495360 0.601258 0.052667 0.084023
0 0.101953 0.021301 0.046591 0.042511
0 0.351134 0.938321 0.049486 0.076430
0 0.146086 0.127911 0.048781 0.081677
0 0.213605 0.175664 0.045059 0.070083
0 0.889066 0.420316 0.049674 0.070548
0 0.380822 0.018910 0.050293 0.037819
0 0.700963 0.856241 0.049936 0.082203
0 0.662981 0.710615 0.054715 0.072557
0 0.247495 0.384755 0.047897 0.076665
0 0.280733 0.437876 0.049950 0.076834
0 0.045166 0.136519 0.056635 0.078715
0 0.537057 0.568087 0.046050 0.072312
0 0.177259 0.220564 0.049705 0.083871
0 0.279080 0.949334 0.048668 0.080422
0 0.146133 0.951718 0.046739 0.077438
0 0.686943 0.436022 0.050372 0.075288
0 0.155354 0.029050 0.053620 0.058054
0 0.797836 0.048645 0.048426 0.069343
0 0.613233 0.443041 0.049665 0.078384
0 0.803886 0.346535 0.053427 0.081952
0 0.108857 0.081076 0.043980 0.070804
0 0.747700 0.719178 0.051092 0.073958
0 0.127071 0.208593 0.048721 0.077209
0 0.605638 0.611018 0.053122 0.086959
0 0.886897 0.834575 0.048943 0.073978
0 0.813669 0.950878 0.051721 0.086311
0 0.154848 0.630089 0.055300 0.073160
0 0.855634 0.370766 0.055954 0.084056
0 0.374586 0.715621 0.054926 0.086663
0 0.547191 0.159521 0.052687 0.080742
0 0.584707 0.934224 0.047369 0.080618
0 0.079404 0.253722 0.048865 0.070013
0 0.943922 0.720460 0.047871 0.078875
0 0.509584 0.459912 0.046604 0.071566
0 0.844819 0.115109 0.048783 0.073691
0 0.101707 0.395915 0.048412 0.071460
0 0.357425 0.501012 0.048318 0.076322
0 0.290117 0.810931 0.046038 0.078069
0 0.525776 0.096074 0.048925 0.070276
0 0.195476 0.341104 0.051846 0.081851
0 0.252976 0.765018 0.047315 0.075171
0 0.087137 0.718921 0.049074 0.076088
0 0.321798 0.296052 0.045773 0.071394
0 0.153310 0.783023 0.050957 0.082864
0 0.668446 0.575337 0.052609 0.077142
0 0.431615 0.627796 0.049840 0.082452
0 0.656135 0.373105 0.047543 0.074158
0 0.825196 0.831539 0.050081 0.075030
0 0.569327 0.473023 0.050733 0.077269
0 0.339276 0.793606 0.049192 0.078841
0 0.365089 0.074401 0.047436 0.076512
0 0.478128 0.371439 0.060121 0.085957
0 0.727486 0.540124 0.051007 0.078350
0 0.941585 0.841481 0.047108 0.076297
0 0.582027 0.721638 0.051855 0.075647
0 0.099788 0.915962 0.051267 0.082589
0 0.811597 0.175637 0.052092 0.073479
0 0.729813 0.331767 0.051000 0.078736
0 0.408625 0.560856 0.047855 0.083618
0 0.285599 0.341059 0.048118 0.077719
0 0.621287 0.181948 0.051586 0.071463
0 0.938469 0.933300 0.048898 0.076380
0 0.806643 0.734118 0.054971 0.081114
0 0.579571 0.832069 0.047531 0.078622
0 0.535761 0.029279 0.054505 0.058466
0 0.039002 0.754000 0.050528 0.084473
0 0.237296 0.088521 0.048687 0.072690
0 0.454889 0.516113 0.053317 0.086194
0 0.207026 0.902779 0.047886 0.077777
0 0.877544 0.295636 0.053950 0.077169
0 0.868120 0.751817 0.050272 0.076245
0 0.297027 0.729420 0.047579 0.073692
0 0.193826 0.458953 0.048718 0.075227
0 0.413608 0.248883 0.049288 0.073189
0 0.390517 0.341352 0.052245 0.079886
0 0.093783 0.318903 0.051073 0.071931
0 0.811236 0.264611 0.048186 0.073019
0 0.203078 0.755903 0.049457 0.086796
0 0.301784 0.596485 0.049667 0.079263
0 0.308523 0.223674 0.051191 0.073900
0 0.526525 0.231932 0.049916 0.073403
0 0.144978 0.485675 0.050671 0.072672
0 0.950969 0.485214 0.047682 0.081676
0 0.518029 0.321755 0.049111 0.074387
0 0.608684 0.109444 0.047478 0.072059
0 0.360812 0.589033 0.048310 0.080556
0 0.137566 0.563054 0.055586 0.078020
0 0.299290 0.039766 0.046298 0.065459
0 0.580491 0.322872 0.051006 0.072156
0 0.423642 0.069564 0.054041 0.079336
0 0.169252 0.701314 0.055645 0.081606
0 0.756518 0.260744 0.054438 0.087385
0 0.342964 0.405192 0.052824 0.078993
0 0.708809 0.223513 0.049028 0.081249
0 0.257112 0.671264 0.055525 0.087350
0 0.592044 0.040092 0.050536 0.076059
0 0.246554 0.530834 0.049349 0.079653
0 0.590519 0.251749 0.051213 0.071123
0 0.068721 0.617319 0.049440 0.072232
0 0.884035 0.062444 0.052297 0.069914
0 0.456439 0.293029 0.056131 0.083757
0 0.316631 0.111390 0.054819 0.079005
0 0.869376 0.210665 0.049873 0.080549
0 0.922588 0.236865 0.051190 0.080861
0 0.431552 0.169789 0.057308 0.083222
0 0.238875 0.265311 0.056315 0.085899
1 0.364690 0.274732 0.043673 0.053635
1 0.795575 0.583433 0.041334 0.091776
1 0.755801 0.590584 0.058491 0.070322
2 0.068335 0.092968 0.020277 0.030989
2 0.097581 0.470799 0.022617 0.033373
2 0.232890 0.331943 0.018717 0.025030
2 0.297621 0.664482 0.023396 0.032181
2 0.185708 0.849225 0.025736 0.034565
2 0.014134 0.979142 0.016378 0.025030
2 0.992348 0.771156 0.015303 0.040524
2 0.990789 0.724076 0.018423 0.046484
1 0.161141 0.880215 0.045233 0.082241