0 0.921232 0.994021 0.046849 0.010730
0 0.491845 0.001610 0.036184 0.003164
0 0.197795 0.995175 0.044715 0.008239
0 0.006951 0.746562 0.013894 0.073451
0 0.057900 0.003225 0.031233 0.006447
0 0.995660 0.586523 0.007634 0.058529
0 0.619305 0.992940 0.036279 0.011615
0 0.983708 0.990698 0.030452 0.015891
0 0.006021 0.560073 0.012038 0.066243
0 0.093813 0.990901 0.046177 0.015883
0 0.006945 0.345067 0.013890 0.070964
0 0.799412 0.014683 0.050695 0.029367
0 0.847598 0.008218 0.041158 0.016436
0 0.523693 0.989611 0.040764 0.017849
0 0.006793 0.265179 0.013585 0.074672
0 0.009634 0.655612 0.019252 0.074830
0 0.989586 0.908880 0.019033 0.075230
0 0.012681 0.453295 0.025325 0.073908
0 0.521637 0.714411 0.056816 0.078677
0 0.987343 0.752641 0.023364 0.077905
0 0.013687 0.115392 0.027336 0.081079
0 0.985679 0.022561 0.027028 0.045010
0 0.605367 0.016986 0.036639 0.033955
0 0.391482 0.976514 0.054748 0.043733
0 0.335999 0.616962 0.047985 0.077701
0 0.599562 0.467129 0.048586 0.075382
0 0.733999 0.978979 0.051603 0.038645
0 0.128636 0.073075 0.045602 0.067206
0 0.787251 0.972844 0.053046 0.051192
0 0.157235 0.130791 0.050056 0.083595
0 0.611042 0.400968 0.052860 0.078509
0 0.054903 0.875682 0.051273 0.087135
0 0.063357 0.188669 0.055752 0.092420
0 0.091456 0.685467 0.044148 0.071910
0 0.978613 0.467939 0.040823 0.077878
0 0.982777 0.086833 0.032588 0.072791
0 0.104280 0.890676 0.045319 0.078769
0 0.946561 0.658759 0.053423 0.080036
0 0.651413 0.018023 0.049778 0.036045
0 0.336345 0.487718 0.055519 0.082652
0 0.358478 0.561569 0.047816 0.087259
0 0.532067 0.783745 0.053516 0.081749
0 0.075035 0.112013 0.051524 0.079026
0 0.352571 0.426724 0.052545 0.070523
0 0.171599 0.020306 0.047709 0.040611
0 0.199998 0.885510 0.046612 0.073193
0 0.334748 0.708410 0.048596 0.077488
0 0.128729 0.957129 0.055043 0.080972
0 0.963738 0.601398 0.051333 0.070800
0 0.831806 0.551988 0.047593 0.069461
0 0.393299 0.908762 0.042195 0.089594
0 0.259941 0.953357 0.046682 0.068515
0 0.574220 0.973293 0.053214 0.050433
0 0.030744 0.810487 0.061487 0.097914
0 0.559723 0.017419 0.052418 0.034812
0 0.664695 0.659226 0.055039 0.079035
0 0.677166 0.591262 0.051461 0.072945
0 0.864828 0.971570 0.049256 0.053858
0 0.407270 0.736021 0.059617 0.083095
0 0.485462 0.925932 0.057022 0.077355
0 0.741037 0.489942 0.044212 0.067444
0 0.040517 0.257199 0.048496 0.076633
0 0.192718 0.079143 0.050708 0.079233
0 0.156795 0.687183 0.050727 0.078997
0 0.067501 0.316394 0.045039 0.080579
0 0.801606 0.912842 0.049659 0.091506
0 0.101136 0.029512 0.055771 0.059023
0 0.292909 0.579118 0.051081 0.077562
0 0.036327 0.390590 0.050927 0.083158
0 0.164129 0.594370 0.046921 0.075016
0 0.344461 0.944301 0.051918 0.079339
0 0.376702 0.664677 0.049780 0.079081
0 0.042769 0.050249 0.057333 0.088706
0 0.209873 0.626251 0.049159 0.088506
0 0.065844 0.748831 0.051274 0.077637
0 0.331052 0.316366 0.044874 0.077238
0 0.146603 0.483286 0.044925 0.067519
0 0.251840 0.674689 0.051749 0.075274
0 0.543902 0.604675 0.045951 0.082444
0 0.188865 0.742418 0.051025 0.089141
0 0.217854 0.532334 0.051116 0.083551
0 0.165621 0.832906 0.047137 0.077872
0 0.125755 0.545266 0.049891 0.076277
0 0.612935 0.874618 0.052159 0.073531
0 0.277065 0.835228 0.049357 0.076164
0 0.721422 0.919039 0.047998 0.084318
0 0.193867 0.459243 0.049620 0.077831
0 0.401445 0.821180 0.056246 0.078712
0 0.491475 0.837281 0.057202 0.085999
0 0.036238 0.533931 0.049397 0.082768
0 0.933198 0.025761 0.063517 0.051522
0 0.444046 0.538523 0.053143 0.068013
0 0.446524 0.615166 0.056917 0.077295
0 0.576046 0.534203 0.055510 0.075016
0 0.203427 0.165473 0.053407 0.077538
0 0.663871 0.422806 0.049823 0.078492
0 0.841205 0.623600 0.053651 0.084122
0 0.302198 0.106150 0.045997 0.072379
0 0.073301 0.475729 0.051052 0.080653
0 0.237699 0.035523 0.055275 0.071046
0 0.823726 0.159064 0.050843 0.083545
0 0.771341 0.655173 0.048180 0.078895
0 0.869759 0.749733 0.049400 0.085032
0 0.164098 0.390391 0.048401 0.076784
0 0.734082 0.710239 0.051691 0.085194
0 0.373635 0.034223 0.047434 0.067404
0 0.594919 0.609518 0.047979 0.075605
0 0.517496 0.435687 0.039347 0.092559
0 0.312609 0.239659 0.053538 0.078463
0 0.489037 0.350862 0.048063 0.076530
0 0.543416 0.190441 0.042114 0.102674
0 0.917799 0.725176 0.055516 0.084324
0 0.266265 0.161001 0.051048 0.076387
0 0.309243 0.032801 0.045976 0.065533
0 0.211309 0.243869 0.051100 0.083148
0 0.280169 0.346275 0.049590 0.083689
0 0.106186 0.268469 0.046503 0.070296
0 0.048638 0.636703 0.056634 0.075918
0 0.658172 0.512612 0.055946 0.104453
0 0.105570 0.411734 0.049448 0.079670
0 0.341687 0.177744 0.044276 0.085023
0 0.389310 0.103428 0.041458 0.076322
0 0.422006 0.472763 0.058225 0.078894
0 0.918944 0.092132 0.050076 0.075823
0 0.822331 0.394696 0.056809 0.075092
0 0.944978 0.814797 0.050087 0.081736
0 0.815963 0.809216 0.049448 0.086085
0 0.760565 0.839846 0.048288 0.072570
0 0.941012 0.413590 0.053018 0.081981
0 0.789366 0.054999 0.053833 0.077474
0 0.899496 0.889662 0.056005 0.081539
0 0.220360 0.386180 0.051614 0.084157
0 0.370989 0.355897 0.048231 0.076080
0 0.587584 0.791241 0.051916 0.082437
0 0.859962 0.238853 0.054730 0.084571
0 0.470098 0.428934 0.050867 0.082501
0 0.650437 0.772719 0.052557 0.080722
0 0.417735 0.190486 0.053968 0.075481
0 0.499557 0.266747 0.048562 0.081568
0 0.716366 0.434078 0.053530 0.086124
0 0.875561 0.366486 0.046780 0.074197
0 0.160160 0.285321 0.048182 0.080093
0 0.270325 0.505831 0.052018 0.086175
0 0.917792 0.290811 0.044356 0.078489
0 0.863878 0.051262 0.053141 0.077540
0 0.731928 0.592886 0.051672 0.092395
0 0.573580 0.117313 0.048583 0.083554
0 0.875329 0.488474 0.050605 0.081878
0 0.830431 0.313086 0.054650 0.078894
0 0.872773 0.144792 0.056766 0.088526
0 0.955242 0.337746 0.054255 0.074987
0 0.509542 0.129124 0.049197 0.080134
0 0.462027 0.145080 0.044113 0.076993
0 0.468101 0.039459 0.053109 0.078132
0 0.778262 0.548404 0.048952 0.088229
0 0.937825 0.163984 0.053523 0.079265
0 0.716730 0.336526 0.051026 0.079816
0 0.644168 0.256089 0.044281 0.087627
0 0.663731 0.336860 0.049325 0.079501
0 0.444359 0.257077 0.055573 0.076956
0 0.704970 0.127528 0.050781 0.084920
0 0.617942 0.089939 0.049290 0.082489
0 0.964373 0.234040 0.051523 0.083120
0 0.896406 0.572851 0.053940 0.082518
0 0.737532 0.073699 0.050747 0.085767
0 0.753128 0.279549 0.052492 0.082011
0 0.537456 0.321007 0.050701 0.077501
0 0.587029 0.295470 0.047232 0.076817
0 0.739396 0.195656 0.053750 0.080580
0 0.647554 0.163297 0.055482 0.081209
1 0.248488 0.299762 0.040554 0.067938
1 0.555372 0.682956 0.050692 0.066746
2 0.062876 0.574493 0.028076 0.040524
2 0.248098 0.565554 0.017937 0.029797
2 0.122927 0.714541 0.023396 0.034565
2 0.694581 0.715137 0.023396 0.028605
2 0.699260 0.182360 0.024956 0.028605
2 0.792846 0.109058 0.018717 0.032181
2 0.978848 0.386770 0.022617 0.027414
2 0.938294 0.546484 0.022617 0.027414
2 0.962470 0.552443 0.021057 0.034565