0 0.002522 0.975909 0.005045 0.045492
0 0.989398 0.755658 0.019394 0.073703
0 0.002914 0.202200 0.005828 0.055088
0 0.004134 0.780593 0.008267 0.058991
0 0.993788 0.116010 0.010874 0.062330
0 0.775589 0.988655 0.038720 0.019810
0 0.992142 0.310286 0.014140 0.070106
0 0.096402 0.988800 0.041826 0.019425
0 0.927630 0.988771 0.046417 0.019409
0 0.007919 0.280037 0.015832 0.076886
0 0.408754 0.450930 0.044801 0.064319
0 0.367385 0.010464 0.041609 0.020928
0 0.009078 0.055167 0.018157 0.073809
0 0.990391 0.538400 0.017492 0.075565
0 0.551089 0.984706 0.044919 0.027353
0 0.010822 0.455598 0.021643 0.078944
0 0.984800 0.931282 0.028640 0.081607
0 0.415573 0.395470 0.049706 0.068811
0 0.393351 0.749680 0.044807 0.080197
0 0.316835 0.902151 0.048527 0.069619
0 0.196349 0.011615 0.049592 0.023229
0 0.015502 0.635546 0.030972 0.069182
0 0.450851 0.979051 0.047167 0.038775
0 0.737970 0.964993 0.052787 0.066699
0 0.012359 0.538483 0.024685 0.073174
0 0.266939 0.864249 0.049024 0.069501
0 0.419321 0.323884 0.056002 0.068023
0 0.981969 0.847350 0.034264 0.075647
0 0.397817 0.936818 0.046323 0.061290
0 0.045545 0.966829 0.044539 0.063118
0 0.192201 0.980164 0.050080 0.036712
0 0.505510 0.966493 0.044911 0.063635
0 0.985745 0.451425 0.026544 0.071327
0 0.876079 0.975957 0.047074 0.044952
0 0.347889 0.742991 0.050896 0.071990
0 0.975343 0.369497 0.043930 0.073324
0 0.266887 0.728764 0.045915 0.062201
0 0.913175 0.750815 0.058282 0.081697
0 0.719597 0.897822 0.050426 0.072222
0 0.747032 0.023550 0.052562 0.047020
0 0.295673 0.964869 0.047307 0.066857
0 0.827386 0.900483 0.043403 0.074362
0 0.145634 0.342929 0.046916 0.067133
0 0.711643 0.796563 0.043532 0.071597
0 0.633058 0.017768 0.050802 0.035536
0 0.094202 0.923774 0.046708 0.078272
0 0.946813 0.699133 0.052715 0.075168
0 0.601061 0.665955 0.041506 0.069268
0 0.758958 0.767682 0.046611 0.072956
0 0.425250 0.710179 0.046054 0.073537
0 0.940500 0.821865 0.047480 0.083426
0 0.927129 0.942062 0.050568 0.064095
0 0.797361 0.716398 0.050688 0.072765
0 0.236367 0.926226 0.052018 0.069888
0 0.641048 0.797760 0.048315 0.075483
0 0.459246 0.867353 0.049577 0.069104
0 0.041176 0.878833 0.051104 0.074660
0 0.226470 0.842617 0.050974 0.077430
0 0.390602 0.257809 0.048067 0.081829
0 0.676286 0.732967 0.055904 0.079701
0 0.447747 0.635051 0.047291 0.064897
0 0.439727 0.253242 0.049010 0.078324
0 0.634716 0.954518 0.050887 0.077827
0 0.547306 0.916801 0.050723 0.079096
0 0.596590 0.878688 0.048280 0.077280
0 0.771658 0.891580 0.047437 0.076057
0 0.539065 0.697619 0.047277 0.064183
0 0.265099 0.657064 0.047855 0.070038
0 0.559767 0.825767 0.047120 0.071883
0 0.759724 0.649668 0.040843 0.068592
0 0.592527 0.767731 0.048653 0.071877
0 0.977557 0.038114 0.043230 0.075604
0 0.286483 0.793332 0.056710 0.086492
0 0.858943 0.839288 0.049699 0.073852
0 0.137941 0.954178 0.049672 0.071947
0 0.672217 0.230158 0.046336 0.070250
0 0.682145 0.157930 0.046080 0.073046
0 0.393621 0.849713 0.048156 0.073454
0 0.146211 0.416503 0.045699 0.067616
0 0.667810 0.054930 0.046130 0.073625
0 0.846952 0.745116 0.047664 0.073889
0 0.803694 0.388172 0.045538 0.077703
0 0.044362 0.796388 0.046901 0.072019
0 0.845733 0.031769 0.052097 0.063538
0 0.665863 0.648515 0.049101 0.079658
0 0.435022 0.794774 0.049728 0.080402
0 0.102262 0.844812 0.043570 0.065733
0 0.150360 0.828613 0.045384 0.072256
0 0.192999 0.778488 0.046134 0.068324
0 0.340944 0.665969 0.049316 0.073960
0 0.360316 0.197848 0.045181 0.069216
0 0.772532 0.464866 0.051333 0.081397
0 0.507385 0.832993 0.047268 0.075971
0 0.906616 0.426032 0.042722 0.073775
0 0.517107 0.478447 0.045564 0.073260
0 0.771912 0.085123 0.043201 0.067070
0 0.131254 0.487431 0.047622 0.073418
0 0.656537 0.375313 0.045619 0.072520
0 0.099821 0.156007 0.049394 0.077030
0 0.181295 0.696408 0.047530 0.072947
0 0.121592 0.253280 0.045202 0.070018
0 0.268377 0.435927 0.046580 0.082917
0 0.140412 0.645057 0.056524 0.079112
0 0.482494 0.574402 0.044789 0.075110
0 0.329645 0.372972 0.048168 0.069444
0 0.720501 0.074472 0.050120 0.077956
0 0.827939 0.570508 0.049144 0.078231
0 0.422113 0.522743 0.048846 0.076077
0 0.523740 0.397302 0.048324 0.078688
0 0.929577 0.623207 0.053385 0.082297
0 0.135425 0.733899 0.047052 0.073526
0 0.682870 0.564800 0.046257 0.074010
0 0.903614 0.550747 0.052060 0.077496
0 0.183850 0.063412 0.043106 0.072315
0 0.098485 0.025743 0.050813 0.051485
0 0.622938 0.594902 0.051721 0.075928
0 0.085832 0.085519 0.046677 0.067407
0 0.564957 0.244750 0.046819 0.066000
0 0.594513 0.527989 0.049830 0.078006
0 0.862931 0.475588 0.051103 0.078476
0 0.643144 0.120425 0.052942 0.079900
0 0.591102 0.185188 0.048556 0.076569
0 0.269856 0.239867 0.043481 0.069996
0 0.034219 0.702374 0.047827 0.073168
0 0.471693 0.439886 0.048399 0.079750
0 0.350343 0.483054 0.046884 0.075593
0 0.299816 0.592994 0.051235 0.078280
0 0.714023 0.421044 0.050210 0.076067
0 0.830834 0.306609 0.048948 0.073011
0 0.353869 0.590412 0.048458 0.074220
0 0.390203 0.116293 0.047157 0.075482
0 0.530883 0.164217 0.051833 0.079282
0 0.661437 0.471339 0.048095 0.074358
0 0.579573 0.028700 0.049467 0.057391
0 0.726038 0.527460 0.048430 0.083160
0 0.168319 0.282124 0.047821 0.079843
0 0.474553 0.706669 0.047287 0.077423
0 0.554511 0.089285 0.050160 0.075242
0 0.285747 0.166114 0.050276 0.076469
0 0.147319 0.185723 0.048071 0.073466
0 0.486210 0.215945 0.048442 0.076613
0 0.316352 0.298166 0.048547 0.075919
0 0.552769 0.313304 0.049453 0.072981
0 0.302195 0.508251 0.049073 0.075687
0 0.190120 0.606545 0.047626 0.071009
0 0.324055 0.066249 0.046795 0.079185
0 0.275128 0.087103 0.045732 0.074242
0 0.095504 0.317240 0.048736 0.078093
0 0.401428 0.038820 0.049154 0.073359
0 0.781491 0.271608 0.048146 0.082240
0 0.035906 0.092121 0.045944 0.080356
0 0.082614 0.740317 0.049051 0.078381
0 0.726804 0.330707 0.047519 0.074914
0 0.113492 0.581975 0.048902 0.074473
0 0.450085 0.061434 0.046124 0.079061
0 0.829808 0.219245 0.052008 0.081440
0 0.049348 0.350295 0.048874 0.079206
0 0.741174 0.147031 0.047891 0.072448
0 0.241810 0.363533 0.050636 0.077856
0 0.184010 0.511694 0.048084 0.078022
0 0.805528 0.142969 0.049554 0.076271
0 0.074475 0.449101 0.049632 0.078030
0 0.214337 0.246362 0.046934 0.071897
0 0.957636 0.283104 0.049317 0.075255
0 0.882377 0.083739 0.052877 0.076272
0 0.606679 0.322636 0.045515 0.069413
0 0.862040 0.376034 0.054155 0.081764
0 0.224083 0.123985 0.055518 0.086374
0 0.901408 0.312581 0.048859 0.079340
0 0.925967 0.125784 0.046393 0.075697
0 0.936232 0.204555 0.046501 0.073488
0 0.885561 0.209342 0.047572 0.084951
1 0.358061 0.905840 0.046013 0.090584
1 0.880192 0.904052 0.045233 0.041716
1 0.830670 0.656138 0.046013 0.079857
2 0.077304 0.609058 0.027296 0.042908
2 0.035580 0.578069 0.020277 0.033373
2 0.039090 0.402861 0.022617 0.038141
2 0.005312 0.860548 0.010624 0.033373
2 0.363131 0.793206 0.020277 0.027414
2 0.518327 0.750894 0.020277 0.033373
2 0.546793 0.647199 0.019497 0.030989
2 0.580328 0.643623 0.013258 0.021454
2 0.507019 0.681764 0.016378 0.028605
2 0.948822 0.447557 0.021837 0.032181
2 0.984307 0.492849 0.013258 0.020262
2 0.946092 0.889750 0.021057 0.025030