0 0.315474 0.994984 0.032328 0.008143
0 0.217022 0.004360 0.027325 0.008697
0 0.995724 0.642839 0.007215 0.059477
0 0.005371 0.714266 0.010732 0.064391
0 0.129884 0.006353 0.039425 0.012705
0 0.303814 0.007728 0.036859 0.015456
0 0.639276 0.990233 0.033639 0.016657
0 0.007073 0.096505 0.014139 0.068356
0 0.484102 0.988604 0.043000 0.019570
0 0.714997 0.985046 0.042251 0.026826
0 0.988782 0.941779 0.020794 0.076371
0 0.403936 0.009287 0.040777 0.018574
0 0.445691 0.536277 0.052068 0.071114
0 0.019495 0.867812 0.038991 0.074540
0 0.986311 0.058198 0.025544 0.074792
0 0.444149 0.601772 0.048101 0.075553
0 0.605802 0.015235 0.047248 0.030470
0 0.097966 0.588158 0.049522 0.084720
0 0.434442 0.724096 0.043949 0.087508
0 0.946848 0.969391 0.048875 0.057942
0 0.095070 0.959400 0.044884 0.075825
0 0.356575 0.972834 0.045522 0.051124
0 0.064626 0.889643 0.049348 0.073097
0 0.143609 0.964675 0.049163 0.067138
0 0.148265 0.173344 0.043483 0.074017
0 0.022779 0.752939 0.039826 0.071463
0 0.220876 0.567526 0.049151 0.068294
0 0.796111 0.925623 0.053966 0.074892
0 0.851444 0.957584 0.048990 0.080956
0 0.868822 0.876470 0.048446 0.078036
0 0.171032 0.896837 0.046253 0.075282
0 0.955450 0.017698 0.054280 0.035395
0 0.019699 0.301977 0.039398 0.079360
0 0.106941 0.511709 0.055220 0.079134
0 0.442591 0.396719 0.050311 0.075911
0 0.679757 0.964981 0.052262 0.066401
0 0.511750 0.753514 0.050612 0.071438
0 0.396002 0.690307 0.048626 0.083741
0 0.820267 0.840113 0.048571 0.080981
0 0.317045 0.885107 0.045523 0.073325
0 0.917585 0.912496 0.048833 0.073155
0 0.219006 0.911835 0.047496 0.077968
0 0.542954 0.018766 0.051121 0.037532
0 0.052971 0.803892 0.046065 0.074681
0 0.413424 0.103741 0.044836 0.083085
0 0.274289 0.961305 0.049645 0.071666
0 0.124689 0.695184 0.044404 0.080300
0 0.229465 0.833971 0.049379 0.078104
0 0.719367 0.857066 0.047142 0.078949
0 0.365041 0.528337 0.044967 0.080177
0 0.020374 0.169638 0.040747 0.079464
0 0.455654 0.469094 0.054313 0.077684
0 0.540774 0.961476 0.044877 0.073477
0 0.118840 0.397151 0.046595 0.078070
0 0.055410 0.028329 0.046399 0.056657
0 0.150222 0.458991 0.044431 0.072776
0 0.117822 0.780430 0.049594 0.076631
0 0.142741 0.622644 0.045239 0.085394
0 0.128368 0.110016 0.052221 0.078188
0 0.672198 0.887556 0.054793 0.083349
0 0.772755 0.796924 0.047801 0.072206
0 0.951576 0.544695 0.052016 0.071949
0 0.120811 0.870575 0.049930 0.086289
0 0.523810 0.874160 0.051814 0.077904
0 0.583705 0.603702 0.051937 0.071774
0 0.980597 0.274349 0.036865 0.072040
0 0.191139 0.759066 0.046827 0.086095
0 0.968294 0.867340 0.054653 0.083648
0 0.535018 0.693517 0.048939 0.074951
0 0.886276 0.787798 0.049284 0.081943
0 0.234113 0.724744 0.048100 0.077877
0 0.045713 0.441264 0.053523 0.073381
0 0.217110 0.644169 0.055269 0.077630
0 0.466661 0.020386 0.043561 0.040772
0 0.472261 0.801938 0.051974 0.079306
0 0.579753 0.917270 0.049530 0.076581
0 0.320735 0.556960 0.045060 0.082055
0 0.951288 0.619339 0.055917 0.077182
0 0.944717 0.414336 0.049498 0.070342
0 0.409991 0.799473 0.047408 0.078241
0 0.049130 0.631931 0.048777 0.085245
0 0.342710 0.746660 0.049891 0.077090
0 0.827573 0.533125 0.054426 0.091204
0 0.900693 0.029732 0.050326 0.059441
0 0.585694 0.679280 0.051959 0.083694
0 0.920933 0.476209 0.044217 0.074101
0 0.464597 0.930874 0.050337 0.083667
0 0.664506 0.726454 0.044036 0.073216
0 0.973594 0.360299 0.050383 0.090951
0 0.974731 0.122699 0.048056 0.069566
0 0.927001 0.677712 0.051940 0.078080
0 0.392088 0.925471 0.051487 0.077835
0 0.228276 0.146620 0.045465 0.097166
0 0.042254 0.090871 0.053315 0.076738
0 0.080217 0.352181 0.049307 0.075768
0 0.054855 0.240947 0.046154 0.082275
0 0.320359 0.116020 0.044216 0.070532
0 0.691343 0.641182 0.049306 0.076030
0 0.582728 0.795691 0.050689 0.080616
0 0.736210 0.735820 0.053229 0.085696
0 0.348541 0.633517 0.052972 0.088380
0 0.271427 0.609822 0.049805 0.081387
0 0.035321 0.513565 0.049986 0.077723
0 0.189263 0.504733 0.050912 0.083743
0 0.276654 0.800394 0.049538 0.080277
0 0.786575 0.674992 0.052687 0.072996
0 0.975702 0.198977 0.046276 0.070362
0 0.512468 0.563074 0.047940 0.073181
0 0.388413 0.054406 0.049455 0.075920
0 0.111664 0.294815 0.050566 0.070763
0 0.178404 0.073768 0.052344 0.087719
0 0.971014 0.476629 0.047735 0.073641
0 0.795502 0.600098 0.049955 0.078286
0 0.866623 0.570877 0.044617 0.074536
0 0.631088 0.065715 0.049956 0.090431
0 0.335681 0.042023 0.048663 0.083941
0 0.746267 0.111165 0.043914 0.086670
0 0.759802 0.046241 0.044682 0.069226
0 0.746839 0.556061 0.049600 0.076950
0 0.264991 0.089758 0.047961 0.095383
0 0.686874 0.309853 0.045236 0.071954
0 0.207955 0.237000 0.045799 0.076429
0 0.790357 0.472652 0.057688 0.085393
0 0.841518 0.307108 0.043966 0.070676
0 0.601184 0.284381 0.046048 0.087097
0 0.823864 0.411106 0.053692 0.087075
0 0.242710 0.495091 0.047371 0.077803
0 0.851041 0.654694 0.048387 0.084638
0 0.167632 0.358356 0.046242 0.074854
0 0.870870 0.085705 0.047964 0.081723
0 0.807021 0.058157 0.047512 0.087648
0 0.932622 0.239558 0.044446 0.070967
0 0.387078 0.462051 0.046036 0.086238
0 0.646629 0.462046 0.045538 0.085107
0 0.585173 0.354272 0.044112 0.080297
0 0.403725 0.180664 0.047811 0.077822
0 0.528656 0.077662 0.048618 0.081667
0 0.093797 0.191494 0.053987 0.085886
0 0.852401 0.157976 0.049065 0.077634
0 0.878904 0.431386 0.051126 0.081920
0 0.633295 0.233336 0.050984 0.074704
0 0.663958 0.564809 0.049823 0.075179
0 0.306700 0.206682 0.049216 0.088580
0 0.475987 0.088372 0.050357 0.078735
0 0.682884 0.196934 0.042931 0.080069
0 0.347940 0.304640 0.045999 0.072473
0 0.558662 0.147003 0.053692 0.079743
0 0.788101 0.263155 0.053354 0.079407
0 0.754256 0.199270 0.047262 0.078283
0 0.463476 0.329135 0.050325 0.076817
0 0.590413 0.521401 0.051124 0.082519
0 0.646206 0.351201 0.046243 0.079927
0 0.288810 0.423876 0.054217 0.073688
0 0.602217 0.435078 0.048146 0.085296
0 0.453551 0.174497 0.051146 0.084963
0 0.637806 0.153206 0.057911 0.076961
0 0.544014 0.308072 0.049699 0.077285
0 0.899826 0.335558 0.052187 0.071563
0 0.427228 0.262487 0.055027 0.078237
0 0.879403 0.248278 0.053035 0.086064
0 0.298003 0.318462 0.049853 0.085291
0 0.712839 0.374994 0.047752 0.088061
0 0.502239 0.226279 0.051677 0.083883
0 0.765937 0.366029 0.050863 0.083423
1 0.519887 0.442789 0.053032 0.072706
2 0.138525 0.029797 0.029636 0.045292
2 0.202475 0.354589 0.023396 0.036949
2 0.222362 0.371275 0.021057 0.032181
2 0.378728 0.338498 0.024956 0.030989
2 0.461786 0.698451 0.030415 0.047676
2 0.348313 0.877831 0.015598 0.025030
2 0.668844 0.794398 0.024956 0.036949
2 0.782707 0.740763 0.029636 0.046484
2 0.844318 0.794994 0.024956 0.035757
2 0.921526 0.157926 0.017157 0.027414
3 0.041187 0.964839 0.082373 0.070322