0 0.736417 0.002148 0.031091 0.004261
0 0.993932 0.814881 0.010609 0.060355
0 0.994303 0.086258 0.009946 0.059444
0 0.989419 0.212446 0.019392 0.067658
0 0.949427 0.007396 0.043086 0.014791
0 0.009421 0.923717 0.018841 0.070221
0 0.425326 0.989225 0.047790 0.018695
0 0.350947 0.989016 0.043127 0.018955
0 0.011819 0.982861 0.023631 0.031455
0 0.008062 0.699962 0.016124 0.075021
0 0.927586 0.986051 0.043880 0.024852
0 0.777854 0.986559 0.045752 0.023822
0 0.583524 0.012299 0.050802 0.024554
0 0.326433 0.011994 0.046586 0.023973
0 0.989323 0.282842 0.019519 0.063075
0 0.535529 0.984889 0.047425 0.027139
0 0.879614 0.984364 0.046953 0.027978
0 0.462594 0.013310 0.047290 0.026621
0 0.017598 0.335743 0.035165 0.068515
0 0.522870 0.011716 0.046288 0.023380
0 0.083325 0.980549 0.046427 0.035617
0 0.014010 0.606922 0.027987 0.082543
0 0.985632 0.701355 0.026786 0.067777
0 0.024121 0.403434 0.048204 0.076557
0 0.985395 0.623453 0.027148 0.075125
0 0.983327 0.425062 0.031294 0.082125
0 0.428274 0.939747 0.049214 0.075052
0 0.076392 0.243064 0.048801 0.063953
0 0.979838 0.347032 0.038325 0.074657
0 0.604423 0.876118 0.051915 0.073390
0 0.520818 0.935778 0.046006 0.071828
0 0.596322 0.957487 0.049301 0.078111
0 0.230651 0.969997 0.050498 0.057054
0 0.031291 0.533796 0.043633 0.067383
0 0.214886 0.017569 0.045874 0.035138
0 0.471530 0.916868 0.048585 0.073548
0 0.395874 0.884933 0.050613 0.075049
0 0.412728 0.815780 0.049995 0.069936
0 0.027813 0.767564 0.055578 0.079612
0 0.346283 0.936486 0.048650 0.072432
0 0.130597 0.937830 0.051674 0.069059
0 0.718143 0.601274 0.046414 0.066549
0 0.671293 0.932488 0.046014 0.066773
0 0.365360 0.761662 0.048651 0.075056
0 0.181792 0.563072 0.048041 0.069742
0 0.122557 0.017719 0.049644 0.035437
0 0.800443 0.936212 0.052271 0.076440
0 0.085093 0.186688 0.050657 0.072258
0 0.723814 0.960906 0.048546 0.074602
0 0.310838 0.249168 0.046981 0.066827
0 0.277069 0.579292 0.044523 0.074665
0 0.964379 0.959446 0.052661 0.076827
0 0.421003 0.739346 0.053269 0.079109
0 0.437575 0.125624 0.050161 0.079876
0 0.470116 0.181100 0.051005 0.076258
0 0.337064 0.843531 0.045950 0.065682
0 0.491334 0.848136 0.054182 0.078995
0 0.656158 0.857794 0.047800 0.074386
0 0.971493 0.858353 0.050047 0.073707
0 0.512902 0.761647 0.047952 0.080044
0 0.683961 0.743179 0.053958 0.080666
0 0.120393 0.413623 0.050935 0.076342
0 0.612168 0.796641 0.047715 0.076878
0 0.544317 0.645130 0.051273 0.077003
0 0.264221 0.400438 0.046997 0.075732
0 0.185898 0.155110 0.043829 0.064292
0 0.887584 0.930424 0.055667 0.071372
0 0.062562 0.835965 0.053038 0.079263
0 0.724556 0.782924 0.050824 0.083156
0 0.919549 0.872285 0.053792 0.071499
0 0.636298 0.701415 0.044477 0.069292
0 0.186660 0.931084 0.052555 0.080419
0 0.798881 0.365713 0.059035 0.087746
0 0.930111 0.664587 0.048453 0.082209
0 0.048204 0.936840 0.047244 0.076881
0 0.766225 0.748908 0.044178 0.074920
0 0.284027 0.034668 0.046525 0.068762
0 0.389641 0.665400 0.046931 0.070582
0 0.589425 0.726349 0.050106 0.075041
0 0.809482 0.780301 0.047477 0.071745
0 0.559047 0.844030 0.045143 0.074066
0 0.193529 0.632484 0.047548 0.071289
0 0.058876 0.460012 0.051139 0.089328
0 0.818604 0.855927 0.052338 0.075485
0 0.658905 0.523954 0.058038 0.078274
0 0.115357 0.864026 0.049829 0.073463
0 0.607983 0.407911 0.050835 0.074644
0 0.455170 0.682222 0.048850 0.071609
0 0.548485 0.168460 0.043335 0.072360
0 0.710966 0.863236 0.053996 0.075575
0 0.214509 0.857009 0.052588 0.081155
0 0.695424 0.663020 0.057124 0.073214
0 0.132689 0.764872 0.049408 0.078013
0 0.964119 0.566701 0.050151 0.066929
0 0.074301 0.575311 0.046244 0.068131
0 0.892222 0.808178 0.046815 0.070217
0 0.273986 0.830893 0.041142 0.067149
0 0.760400 0.038564 0.054874 0.076756
0 0.426791 0.041861 0.049792 0.077257
0 0.176072 0.054140 0.053346 0.082170
0 0.779363 0.674646 0.051723 0.072266
0 0.223685 0.447139 0.054494 0.080904
0 0.888713 0.457070 0.052750 0.081889
0 0.027377 0.267647 0.048550 0.071579
0 0.325102 0.710876 0.050239 0.076687
0 0.063578 0.040332 0.050309 0.070699
0 0.502542 0.503925 0.048681 0.072680
0 0.276163 0.919410 0.053012 0.080875
0 0.575926 0.062797 0.049648 0.073648
0 0.686819 0.157491 0.047939 0.075834
0 0.520985 0.063377 0.054375 0.072746
0 0.769255 0.310000 0.052532 0.075592
0 0.664102 0.318677 0.041707 0.066665
0 0.478394 0.351493 0.044839 0.072219
0 0.507015 0.133903 0.048200 0.075536
0 0.525031 0.570424 0.049765 0.070471
0 0.577331 0.465965 0.051204 0.085026
0 0.956837 0.756951 0.050460 0.084289
0 0.414237 0.555076 0.052652 0.070226
0 0.461134 0.603757 0.051103 0.074713
0 0.794769 0.115113 0.053901 0.077930
0 0.234259 0.116194 0.055427 0.084352
0 0.145677 0.201963 0.048822 0.075004
0 0.545591 0.380319 0.048147 0.075393
0 0.271611 0.674660 0.051425 0.078797
0 0.834495 0.571954 0.051478 0.083271
0 0.686843 0.247290 0.048545 0.079254
0 0.091838 0.312821 0.048275 0.073268
0 0.411609 0.315348 0.050465 0.074329
0 0.176810 0.264634 0.048841 0.072010
0 0.400511 0.390400 0.049952 0.068235
0 0.306948 0.100365 0.051785 0.073007
0 0.836394 0.055222 0.047251 0.076565
0 0.280314 0.321713 0.048233 0.082515
0 0.336130 0.619950 0.048735 0.066074
0 0.691732 0.076128 0.049700 0.073944
0 0.223609 0.770829 0.047816 0.079622
0 0.886146 0.036630 0.048099 0.072992
0 0.330423 0.548057 0.049680 0.071787
0 0.641132 0.108072 0.047844 0.081276
0 0.140558 0.342411 0.048494 0.075408
0 0.600343 0.222959 0.047255 0.068772
0 0.791243 0.199048 0.051998 0.078783
0 0.844146 0.412480 0.049465 0.081098
0 0.174884 0.709554 0.050556 0.073067
0 0.929073 0.409146 0.048541 0.077300
0 0.575189 0.553179 0.049315 0.079614
0 0.127636 0.120833 0.051978 0.075822
0 0.159824 0.483400 0.052931 0.081465
0 0.231774 0.538630 0.050101 0.083382
0 0.718321 0.446624 0.050195 0.072802
0 0.457730 0.425342 0.048092 0.079034
0 0.332775 0.306357 0.050256 0.073679
0 0.422036 0.480088 0.049247 0.070430
0 0.781172 0.488040 0.051268 0.075565
0 0.312584 0.177429 0.047079 0.067819
0 0.443352 0.254694 0.052408 0.089060
0 0.881798 0.615032 0.051140 0.079891
0 0.658906 0.439708 0.053376 0.081875
0 0.950208 0.493770 0.053525 0.078191
0 0.070473 0.691446 0.047957 0.075598
0 0.616976 0.331162 0.048310 0.079883
0 0.373728 0.263982 0.045884 0.075606
0 0.772452 0.588837 0.053929 0.082761
0 0.969468 0.044384 0.051217 0.074046
0 0.740774 0.158071 0.051535 0.076216
0 0.849570 0.322315 0.053838 0.081481
0 0.562981 0.294191 0.049124 0.074704
0 0.315612 0.468135 0.052393 0.084505
0 0.742217 0.241733 0.053179 0.081639
0 0.862046 0.221124 0.053956 0.079171
0 0.192445 0.340487 0.046054 0.073551
0 0.876172 0.143756 0.051508 0.083520
0 0.897573 0.282463 0.052556 0.075370
0 0.928656 0.125963 0.053826 0.081564
1 0.253167 0.269368 0.063950 0.033373
1 0.700430 0.547676 0.052252 0.089392
2 0.111619 0.066746 0.021057 0.030989
2 0.579938 0.166269 0.020277 0.032181
2 0.820921 0.235399 0.023396 0.036949
2 0.924256 0.185340 0.022617 0.032181
2 0.890331 0.350417 0.021837 0.033373
2 0.716417 0.706794 0.021837 0.028605
2 0.218073 0.668653 0.020277 0.040524
2 0.926206 0.924911 0.021837 0.033373
2 0.744103 0.539928 0.016378 0.028605