0 0.996990 0.224942 0.005136 0.049510
0 0.666608 0.773122 0.038873 0.075827
0 0.595041 0.378851 0.044769 0.070070
0 0.634276 0.778978 0.046745 0.080945
0 0.064889 0.992569 0.032967 0.012452
0 0.324924 0.992163 0.035019 0.013246
0 0.655085 0.545927 0.041592 0.076712
0 0.523730 0.986517 0.047471 0.024017
0 0.602148 0.512715 0.047257 0.067652
0 0.577866 0.326935 0.054813 0.075468
0 0.626106 0.566447 0.049147 0.072353
0 0.421584 0.943551 0.057771 0.077761
0 0.920936 0.005562 0.033086 0.011124
0 0.537255 0.961810 0.054243 0.071864
0 0.510168 0.792054 0.053438 0.075695
0 0.506741 0.719969 0.044140 0.074967
0 0.414057 0.878942 0.053098 0.071087
0 0.231209 0.894793 0.053995 0.082694
0 0.381541 0.814323 0.041589 0.071208
0 0.009963 0.920499 0.019927 0.076651
0 0.199778 0.912603 0.050941 0.080659
0 0.276184 0.979091 0.047696 0.038633
0 0.594702 0.456427 0.043461 0.066218
0 0.571438 0.007039 0.043765 0.014077
0 0.553983 0.907595 0.053532 0.072599
0 0.641913 0.985081 0.045069 0.026676
0 0.397337 0.538406 0.047394 0.074873
0 0.025674 0.974724 0.051018 0.047589
0 0.663880 0.472965 0.049013 0.073330
0 0.577100 0.569517 0.044346 0.069549
0 0.606261 0.721432 0.039647 0.067562
0 0.741054 0.009671 0.045346 0.019323
0 0.498308 0.910745 0.047497 0.071101
0 0.400445 0.755161 0.057639 0.071339
0 0.221364 0.825983 0.046445 0.066749
0 0.589171 0.978654 0.051625 0.039581
0 0.988265 0.607057 0.021569 0.081867
0 0.614620 0.210578 0.056420 0.063712
0 0.365666 0.492948 0.047385 0.072275
0 0.613058 0.139629 0.052327 0.081843
0 0.486308 0.484804 0.045666 0.071557
0 0.465540 0.865661 0.048012 0.075148
0 0.859639 0.764334 0.046474 0.063932
0 0.289829 0.945628 0.053702 0.074285
0 0.331685 0.019350 0.048777 0.038628
0 0.025844 0.733809 0.051344 0.067592
0 0.235276 0.758555 0.050037 0.068845
0 0.744475 0.738926 0.046673 0.071017
0 0.846893 0.465269 0.044261 0.082990
0 0.723642 0.913579 0.048939 0.071707
0 0.620722 0.283817 0.044305 0.068593
0 0.141247 0.886244 0.043053 0.070228
0 0.651471 0.679036 0.047672 0.073172
0 0.168491 0.954144 0.048997 0.073847
0 0.801436 0.498162 0.050126 0.069373
0 0.696976 0.714559 0.045905 0.074250
0 0.449229 0.790105 0.044504 0.070868
0 0.462114 0.417468 0.049864 0.073293
0 0.314047 0.052205 0.047300 0.074887
0 0.319203 0.671580 0.053722 0.074375
0 0.549917 0.630598 0.047882 0.072191
0 0.286835 0.726719 0.052659 0.079295
0 0.501747 0.012764 0.045915 0.025514
0 0.811626 0.560025 0.047774 0.069756
0 0.782747 0.908861 0.043818 0.067386
0 0.779839 0.701050 0.045353 0.081519
0 0.458961 0.582874 0.041345 0.077348
0 0.558478 0.732259 0.048537 0.072944
0 0.618590 0.892880 0.058757 0.080727
0 0.700674 0.423185 0.051374 0.074210
0 0.760162 0.057064 0.052748 0.076872
0 0.718149 0.976676 0.050642 0.043283
0 0.361773 0.968250 0.054447 0.060779
0 0.860062 0.012708 0.050344 0.025417
0 0.644298 0.347418 0.046836 0.074838
0 0.577534 0.831063 0.050955 0.070762
0 0.812104 0.419082 0.053231 0.076426
0 0.800950 0.092096 0.051512 0.082929
0 0.944628 0.667742 0.051679 0.078439
0 0.237747 0.688397 0.052786 0.071309
0 0.283493 0.379225 0.046836 0.077786
0 0.833509 0.707198 0.053848 0.080213
0 0.434971 0.488571 0.050784 0.085736
0 0.673135 0.269721 0.044533 0.068628
0 0.038961 0.879528 0.050234 0.092296
0 0.350977 0.612679 0.053283 0.076610
0 0.289501 0.603642 0.050458 0.071702
0 0.260791 0.014149 0.048974 0.028298
0 0.048370 0.795796 0.058910 0.075084
0 0.381726 0.291772 0.045251 0.072632
0 0.410893 0.622995 0.056376 0.081092
0 0.193193 0.431352 0.046365 0.072639
0 0.652028 0.096182 0.047438 0.074983
0 0.901916 0.399281 0.047672 0.069164
0 0.976571 0.731830 0.044764 0.084853
0 0.295276 0.858035 0.047709 0.075564
0 0.142097 0.491847 0.048269 0.084224
0 0.230885 0.611639 0.046531 0.073947
0 0.495769 0.292376 0.044550 0.077339
0 0.858952 0.372987 0.048216 0.070487
0 0.091704 0.898757 0.048000 0.079779
0 0.722976 0.356468 0.045241 0.069833
0 0.246565 0.336036 0.053010 0.074487
0 0.019825 0.361227 0.039647 0.079933
0 0.119545 0.353122 0.050666 0.072958
0 0.087766 0.501605 0.050835 0.076267
0 0.022873 0.663689 0.045717 0.077115
0 0.842433 0.144765 0.048676 0.079612
0 0.046767 0.427063 0.043396 0.077589
0 0.352739 0.108556 0.051182 0.073665
0 0.358916 0.416831 0.053106 0.076744
0 0.868155 0.078658 0.043521 0.066717
0 0.113875 0.433053 0.056013 0.077751
0 0.873599 0.830475 0.051978 0.077929
0 0.769859 0.824855 0.053162 0.078268
0 0.927105 0.594616 0.048906 0.076263
0 0.228195 0.177843 0.050133 0.082875
0 0.301851 0.506462 0.052911 0.079391
0 0.797266 0.240680 0.050395 0.079936
0 0.528217 0.161121 0.047813 0.073355
0 0.888077 0.495141 0.050701 0.077201
0 0.181452 0.789151 0.054043 0.091589
0 0.544477 0.240688 0.054750 0.082064
0 0.894062 0.699434 0.051820 0.084574
0 0.318171 0.164444 0.052944 0.082087
0 0.140811 0.281866 0.048419 0.073288
0 0.771585 0.171275 0.055625 0.073642
0 0.250875 0.473006 0.052426 0.081217
0 0.239479 0.257699 0.048440 0.075306
0 0.433329 0.067965 0.049026 0.074193
0 0.171683 0.359419 0.045752 0.076867
0 0.436999 0.149731 0.051235 0.074915
0 0.878305 0.961551 0.048969 0.073660
0 0.939394 0.781894 0.057679 0.073251
0 0.387326 0.028984 0.052118 0.057967
0 0.965211 0.024869 0.055003 0.049739
0 0.848742 0.257456 0.048518 0.072076
0 0.177486 0.580654 0.053432 0.076698
0 0.712455 0.217195 0.055798 0.072113
0 0.953302 0.907693 0.049366 0.082407
0 0.294071 0.240832 0.047385 0.089599
0 0.230671 0.090384 0.049552 0.076018
0 0.419776 0.345295 0.051799 0.078393
0 0.902665 0.302420 0.046787 0.080678
0 0.177427 0.036647 0.054119 0.073260
0 0.121969 0.209969 0.052863 0.075626
0 0.659988 0.028132 0.055869 0.056264
0 0.098782 0.097388 0.050532 0.080047
0 0.056740 0.568654 0.054983 0.087430
0 0.171307 0.155171 0.052523 0.078768
0 0.027152 0.036432 0.050574 0.072790
0 0.907999 0.210334 0.050833 0.073117
0 0.962082 0.440519 0.053619 0.077023
0 0.031096 0.198893 0.055976 0.082707
0 0.932728 0.114683 0.055066 0.060398
0 0.431821 0.233253 0.053674 0.076355
0 0.958776 0.358901 0.051695 0.076955
1 0.237180 0.407032 0.047573 0.065554
1 0.859136 0.601907 0.053032 0.102503
2 0.015303 0.451728 0.029636 0.050060
2 0.320237 0.388558 0.023396 0.035757
2 0.319457 0.313468 0.015598 0.028605
2 0.208324 0.143623 0.014818 0.022646
2 0.016863 0.256257 0.017157 0.026222
2 0.436050 0.663290 0.019497 0.029797
2 0.473874 0.637664 0.028076 0.038141
2 0.486742 0.600119 0.017937 0.032181
2 0.500390 0.519666 0.018717 0.030989
2 0.593586 0.618594 0.021057 0.028605
2 0.877853 0.641836 0.020277 0.032181
2 0.950772 0.840286 0.030415 0.042908
2 0.743713 0.873063 0.018717 0.029797
2 0.758141 0.944577 0.024176 0.032181
3 0.533535 0.412992 0.100605 0.144219
3 0.712518 0.525030 0.099825 0.146603