0 0.868318 0.003334 0.070520 0.006668
0 0.002020 0.874278 0.004040 0.058290
0 0.400454 0.004558 0.036755 0.009115
0 0.005611 0.952817 0.011223 0.074220
0 0.227204 0.992727 0.042348 0.013502
0 0.989609 0.640284 0.020020 0.077698
0 0.823954 0.965192 0.044280 0.066648
0 0.795627 0.885135 0.046398 0.075937
0 0.989238 0.202334 0.020598 0.078440
0 0.594346 0.975147 0.051023 0.047047
0 0.384200 0.149501 0.045688 0.077132
0 0.901590 0.886646 0.040995 0.084340
0 0.876241 0.962654 0.048866 0.071625
0 0.019570 0.809691 0.039139 0.086360
0 0.791764 0.775132 0.047800 0.076089
0 0.981525 0.717742 0.036085 0.079832
0 0.420806 0.833460 0.049823 0.085716
0 0.316247 0.199314 0.051908 0.084920
0 0.750682 0.944469 0.047286 0.084399
0 0.406101 0.187462 0.049729 0.082230
0 0.717045 0.876501 0.054195 0.078467
0 0.698591 0.969778 0.050539 0.058081
0 0.915561 0.504122 0.059366 0.078258
0 0.909345 0.684852 0.047347 0.071979
0 0.567892 0.921178 0.051882 0.072939
0 0.422387 0.958074 0.056074 0.082082
0 0.540980 0.849481 0.045847 0.077142
0 0.939030 0.736919 0.042852 0.085481
0 0.521174 0.022980 0.051921 0.045959
0 0.397607 0.758526 0.050462 0.077366
0 0.733371 0.642946 0.049541 0.076747
0 0.952874 0.927404 0.054360 0.088062
0 0.026191 0.065398 0.040060 0.062609
0 0.459520 0.026420 0.052648 0.052840
0 0.876359 0.549851 0.045204 0.078497
0 0.456477 0.205564 0.042905 0.073038
0 0.028997 0.475199 0.045200 0.079201
0 0.180425 0.616200 0.047893 0.081192
0 0.674430 0.632727 0.045404 0.077195
0 0.071543 0.870831 0.057855 0.087021
0 0.719899 0.789004 0.051373 0.076384
0 0.456363 0.684560 0.052692 0.087311
0 0.056847 0.113154 0.047510 0.075682
0 0.109132 0.792033 0.055716 0.084621
0 0.512417 0.545848 0.052124 0.074012
0 0.619239 0.626525 0.052465 0.081636
0 0.629994 0.031933 0.053468 0.063865
0 0.025377 0.357912 0.050693 0.081447
0 0.476388 0.864278 0.064052 0.109443
0 0.924832 0.609739 0.045850 0.069089
0 0.365943 0.878563 0.066348 0.103023
0 0.145862 0.891439 0.053733 0.079909
0 0.104102 0.700767 0.055656 0.079387
0 0.975474 0.474785 0.045968 0.073339
0 0.347483 0.097549 0.049995 0.080017
0 0.077744 0.480886 0.044116 0.080131
0 0.422003 0.089276 0.050169 0.078695
0 0.277125 0.560118 0.049593 0.081275
0 0.713711 0.566863 0.054537 0.079169
0 0.287265 0.739189 0.052000 0.077618
0 0.042392 0.280096 0.047868 0.071356
0 0.915474 0.248319 0.052997 0.056218
0 0.630168 0.186847 0.052674 0.080376
0 0.770035 0.545012 0.048190 0.079479
0 0.655023 0.106442 0.053389 0.079731
0 0.392865 0.271653 0.052062 0.079965
0 0.443233 0.520659 0.053002 0.081795
0 0.545494 0.611926 0.050941 0.084809
0 0.072878 0.212988 0.052464 0.081981
0 0.824784 0.562583 0.048455 0.085027
0 0.133673 0.198285 0.054486 0.084381
0 0.498281 0.300276 0.045792 0.082743
0 0.208884 0.327945 0.051757 0.082209
0 0.248673 0.049852 0.053732 0.081935
0 0.449600 0.322885 0.048346 0.076887
0 0.226618 0.583652 0.051268 0.085222
0 0.552258 0.296825 0.051437 0.080789
0 0.928049 0.432229 0.056609 0.081078
0 0.528913 0.461254 0.057842 0.088492
0 0.625271 0.501378 0.048772 0.076572
0 0.146981 0.512541 0.053337 0.078024
0 0.965015 0.136185 0.049411 0.081893
0 0.909725 0.133763 0.049027 0.094970
0 0.144698 0.109293 0.052756 0.081340
0 0.740756 0.368719 0.050276 0.082312
0 0.804328 0.122620 0.054857 0.080418
0 0.389016 0.381661 0.051118 0.086552
0 0.659257 0.293375 0.052613 0.081062
0 0.797312 0.365148 0.054962 0.096619
1 0.273054 0.448749 0.044453 0.070322
2 0.733965 0.186532 0.025736 0.036949
2 0.178299 0.218117 0.029636 0.054827
3 0.843928 0.826579 0.089686 0.132300
5 0.495321 0.743743 0.064730 0.109654