0 0.998065 0.631264 0.003870 0.066669
0 0.346930 0.001683 0.044078 0.003366
0 0.169580 0.001865 0.042619 0.003730
0 0.993157 0.843331 0.013096 0.065937
0 0.758919 0.866728 0.045250 0.073882
0 0.023525 0.721244 0.047051 0.080000
0 0.021320 0.032730 0.042641 0.065369
0 0.969739 0.031697 0.047300 0.063394
0 0.020326 0.630707 0.040651 0.080001
0 0.043150 0.842561 0.047743 0.073751
0 0.019267 0.349119 0.038534 0.088355
0 0.429648 0.017564 0.047196 0.035127
0 0.645597 0.687852 0.050517 0.073388
0 0.128023 0.560352 0.045114 0.069776
0 0.235270 0.877253 0.049485 0.076729
0 0.769848 0.682514 0.052217 0.083218
0 0.626783 0.967209 0.054251 0.065123
0 0.240396 0.022825 0.051593 0.045650
0 0.292487 0.761451 0.044579 0.083137
0 0.958422 0.948984 0.050885 0.076560
0 0.663559 0.612244 0.047427 0.078344
0 0.834506 0.030605 0.051955 0.061210
0 0.246713 0.793029 0.050072 0.083815
0 0.605719 0.594155 0.054644 0.086032
0 0.460218 0.603669 0.048364 0.074867
0 0.634688 0.414707 0.052257 0.081798
0 0.468004 0.240897 0.049217 0.075457
0 0.952307 0.864212 0.056660 0.078821
0 0.438496 0.175541 0.058671 0.082746
0 0.078455 0.776525 0.055468 0.089845
0 0.309723 0.967159 0.051049 0.064517
0 0.107192 0.490228 0.056041 0.083269
0 0.889884 0.587054 0.055364 0.078350
0 0.832287 0.678713 0.056075 0.083182
0 0.610890 0.494822 0.067313 0.098500
0 0.800835 0.789391 0.057280 0.092235
0 0.123401 0.265337 0.049464 0.075245
0 0.083059 0.940064 0.054522 0.087229
0 0.968985 0.610056 0.049562 0.075184
0 0.873049 0.794892 0.049562 0.073800
0 0.518268 0.593026 0.046070 0.075430
0 0.953147 0.693446 0.057964 0.087971
0 0.035886 0.525145 0.047829 0.076284
0 0.762980 0.365346 0.053045 0.084572
0 0.766796 0.592731 0.051055 0.079118
0 0.160420 0.200137 0.048958 0.077833
0 0.054450 0.246762 0.054264 0.084861
0 0.551522 0.731804 0.053150 0.087076
0 0.335412 0.431242 0.055750 0.081627
0 0.074202 0.361768 0.052112 0.080799
0 0.482907 0.338548 0.051099 0.078819
0 0.709554 0.343622 0.052833 0.089543
0 0.454814 0.086726 0.053845 0.084589
0 0.600458 0.292977 0.051727 0.079681
0 0.748344 0.466954 0.049724 0.075942
0 0.310955 0.628714 0.052464 0.081756
0 0.891377 0.484680 0.054636 0.084877
0 0.235496 0.559728 0.056978 0.094723
0 0.512556 0.929031 0.055521 0.090633
0 0.171133 0.933577 0.056619 0.090421
0 0.968207 0.141475 0.050407 0.077600
0 0.394319 0.516699 0.052541 0.083558
0 0.539070 0.443000 0.054136 0.084319
0 0.349446 0.095935 0.056682 0.084817
0 0.569674 0.162730 0.056657 0.085678
0 0.209629 0.282962 0.055168 0.084831
0 0.678802 0.123338 0.057851 0.089244
2 0.165431 0.310489 0.027296 0.041716
2 0.315948 0.480930 0.028856 0.036949
2 0.280853 0.703814 0.025736 0.036949
2 0.150613 0.705602 0.028856 0.045292
1 0.050788 0.125149 0.046013 0.085816