0 0.997888 0.043874 0.004179 0.052667
0 0.035423 0.992211 0.040682 0.013263
0 0.081008 0.009764 0.043858 0.019528
0 0.398441 0.988316 0.049352 0.020907
0 0.416193 0.016742 0.050726 0.033484
0 0.835469 0.013046 0.049255 0.026069
0 0.671386 0.012209 0.052811 0.024417
0 0.989978 0.739555 0.018941 0.082607
0 0.012543 0.299285 0.025003 0.078325
0 0.013785 0.639571 0.027562 0.083156
0 0.988183 0.213069 0.022533 0.075465
0 0.968903 0.029854 0.054456 0.059708
0 0.337756 0.974345 0.054709 0.048887
0 0.979498 0.846232 0.039934 0.090258
0 0.197526 0.968902 0.051647 0.059521
0 0.946574 0.082058 0.046504 0.072055
0 0.026989 0.465288 0.053969 0.089289
0 0.804786 0.966609 0.057829 0.064934
0 0.062969 0.897751 0.050095 0.082710
0 0.940989 0.724125 0.049576 0.073204
0 0.830659 0.182746 0.052985 0.076547
0 0.869355 0.238035 0.049815 0.073136
0 0.727864 0.394668 0.049207 0.078648
0 0.494180 0.849103 0.050345 0.073586
0 0.327926 0.519822 0.042916 0.075364
0 0.674018 0.374270 0.055318 0.085289
0 0.444762 0.055154 0.047975 0.073084
0 0.400409 0.918497 0.053898 0.087828
0 0.078837 0.419053 0.049701 0.079119
0 0.912901 0.645483 0.058425 0.097831
0 0.692716 0.625221 0.051746 0.079288
0 0.692405 0.730999 0.052317 0.092263
0 0.921189 0.816379 0.056568 0.083097
0 0.217999 0.693318 0.050616 0.076904
0 0.568029 0.311599 0.051206 0.078213
0 0.447314 0.790206 0.046923 0.072130
0 0.375824 0.838571 0.054437 0.077210
0 0.876402 0.480659 0.050215 0.075033
0 0.166611 0.141451 0.047721 0.073852
0 0.891580 0.926426 0.057016 0.088472
0 0.789717 0.406950 0.048371 0.071940
0 0.747578 0.782339 0.048577 0.079247
0 0.907510 0.381311 0.053143 0.076617
0 0.606331 0.759330 0.054409 0.083772
0 0.902255 0.173012 0.051281 0.076084
0 0.541789 0.785373 0.051503 0.085420
0 0.133421 0.876225 0.055205 0.084183
0 0.812895 0.688233 0.051602 0.080919
0 0.722591 0.933483 0.055674 0.086365
0 0.159105 0.227554 0.050305 0.080607
0 0.294287 0.845602 0.055205 0.083450
0 0.840689 0.093001 0.060392 0.089599
0 0.315082 0.355177 0.052509 0.084420
0 0.663919 0.103023 0.048108 0.072246
0 0.782448 0.605478 0.052848 0.081384
0 0.968489 0.403855 0.053003 0.082372
0 0.682311 0.283533 0.051792 0.078588
0 0.211439 0.067727 0.052741 0.077580
0 0.236308 0.281073 0.053467 0.078054
0 0.427253 0.333779 0.046171 0.074229
0 0.536042 0.183749 0.050532 0.079640
0 0.278136 0.189038 0.054353 0.084147
0 0.128543 0.478977 0.056130 0.088447
0 0.513558 0.692768 0.053395 0.078830
0 0.726031 0.155734 0.057239 0.085716
0 0.381180 0.535181 0.055942 0.081679
0 0.609709 0.913340 0.055085 0.092003
0 0.478197 0.131496 0.058430 0.087677
0 0.106250 0.268270 0.050904 0.087249
0 0.554673 0.066877 0.053806 0.077272
0 0.953785 0.278252 0.055100 0.084605
0 0.623113 0.632161 0.052411 0.086918
0 0.636651 0.529107 0.047939 0.073969
0 0.375172 0.280269 0.063278 0.087232
0 0.470840 0.485902 0.055489 0.086101
0 0.520540 0.372923 0.053204 0.084240
0 0.602717 0.253984 0.053530 0.086881
1 0.072625 0.074493 0.042894 0.067938
2 0.381458 0.039928 0.019497 0.029797
2 0.951942 0.601907 0.029636 0.040524