0 0.002120 0.118637 0.004241 0.080654
0 0.002506 0.304863 0.005012 0.082422
0 0.995198 0.470336 0.009514 0.068729
0 0.002908 0.637566 0.005815 0.068099
0 0.996481 0.809278 0.006599 0.063849
0 0.976224 0.990762 0.044493 0.016500
0 0.994859 0.326053 0.009916 0.070613
0 0.480716 0.988452 0.045026 0.020590
0 0.955698 0.007574 0.044702 0.015148
0 0.009312 0.788808 0.018625 0.080566
0 0.694001 0.981490 0.051208 0.034213
0 0.298979 0.849027 0.045693 0.066855
0 0.157645 0.011538 0.049959 0.023077
0 0.294355 0.669571 0.046037 0.072607
0 0.275563 0.773167 0.053095 0.074874
0 0.385879 0.835409 0.052611 0.070522
0 0.211546 0.902182 0.045471 0.073358
0 0.381091 0.600491 0.047494 0.078631
0 0.650031 0.959381 0.050868 0.077755
0 0.479477 0.930433 0.050405 0.075754
0 0.780826 0.547895 0.042588 0.071320
0 0.236226 0.963958 0.055242 0.069038
0 0.654022 0.866759 0.058175 0.089707
0 0.701921 0.634790 0.052434 0.077117
0 0.312549 0.927141 0.056658 0.092587
0 0.609166 0.428122 0.051513 0.077291
0 0.789309 0.906402 0.053449 0.066179
0 0.326248 0.574400 0.052401 0.083871
0 0.369854 0.916582 0.048492 0.080350
0 0.636772 0.020643 0.051538 0.041286
0 0.544204 0.319814 0.039636 0.063617
0 0.733962 0.564867 0.046729 0.084208
0 0.740905 0.711061 0.048492 0.077585
0 0.984840 0.143771 0.028993 0.080473
0 0.019423 0.512490 0.038846 0.088879
0 0.668837 0.775939 0.051969 0.079506
0 0.439126 0.558267 0.051833 0.080619
0 0.521285 0.878777 0.056055 0.083942
0 0.034589 0.173733 0.052882 0.084854
0 0.267415 0.539818 0.052294 0.085159
0 0.256508 0.025942 0.055282 0.051884
0 0.847841 0.932790 0.050797 0.080976
0 0.573990 0.690809 0.048547 0.078522
0 0.907196 0.888146 0.053145 0.082270
0 0.743037 0.026434 0.052606 0.052864
0 0.205801 0.699008 0.050180 0.081261
0 0.106154 0.721570 0.046292 0.072175
0 0.804212 0.775929 0.046767 0.078678
0 0.030424 0.894338 0.053176 0.080163
0 0.152940 0.960722 0.050485 0.074818
0 0.208578 0.078429 0.052799 0.086333
0 0.470305 0.374046 0.053202 0.080217
0 0.642077 0.259919 0.053676 0.082134
0 0.413344 0.433696 0.051549 0.081229
0 0.449498 0.024545 0.053222 0.049090
0 0.937590 0.099037 0.052728 0.074172
0 0.058428 0.708069 0.045234 0.074735
0 0.748648 0.447301 0.053197 0.081582
0 0.160990 0.833127 0.047535 0.076678
0 0.649218 0.352950 0.053728 0.084060
0 0.837686 0.609463 0.052404 0.080831
0 0.909533 0.169882 0.051516 0.084003
0 0.514106 0.033023 0.052702 0.066047
0 0.644278 0.162971 0.047821 0.077555
0 0.716032 0.339367 0.051085 0.063065
0 0.867488 0.407013 0.053931 0.083505
0 0.953200 0.222791 0.048177 0.077750
0 0.915976 0.764194 0.053337 0.082667
0 0.687879 0.117769 0.047910 0.077949
0 0.192520 0.474355 0.051002 0.078227
0 0.869638 0.506873 0.052105 0.084608
0 0.094517 0.540791 0.048343 0.076299
0 0.581058 0.236892 0.057161 0.093381
0 0.625041 0.550057 0.066818 0.108308
0 0.363789 0.374455 0.051333 0.083989
0 0.188156 0.179865 0.053376 0.087617
0 0.383584 0.066740 0.055589 0.085782
0 0.492650 0.117996 0.051049 0.082081
0 0.139104 0.618853 0.051846 0.085999
0 0.430819 0.145473 0.053533 0.085268
0 0.835538 0.273379 0.055830 0.091326
0 0.075148 0.829462 0.049325 0.092982
0 0.374620 0.151457 0.049097 0.074039
0 0.188498 0.383810 0.054440 0.085361
0 0.149827 0.268782 0.051246 0.082972
0 0.948864 0.407842 0.055745 0.083172
0 0.782534 0.107132 0.053821 0.095183
0 0.271444 0.353091 0.058331 0.092492
0 0.303598 0.160630 0.056792 0.087803
1 0.058197 0.267580 0.037434 0.098927
1 0.442289 0.674613 0.067850 0.119190
4 0.363131 0.737187 0.132580 0.141836
2 0.611523 0.984505 0.025736 0.030989
2 0.771009 0.634088 0.049912 0.078665
2 0.993128 0.949940 0.013744 0.040524