0 0.998023 0.252440 0.003695 0.057760
0 0.735588 0.996181 0.044564 0.007272
0 0.003425 0.104571 0.006801 0.060898
0 0.002589 0.516624 0.005179 0.075433
0 0.002025 0.321076 0.004032 0.076554
0 0.003925 0.413125 0.007850 0.066011
0 0.356327 0.993388 0.044660 0.012417
0 0.858233 0.989927 0.042958 0.018218
0 0.764021 0.228494 0.050960 0.072976
0 0.784880 0.199277 0.054816 0.079286
0 0.941998 0.987873 0.051819 0.022261
0 0.948656 0.877361 0.048621 0.089311
0 0.438455 0.010182 0.044979 0.020364
0 0.906621 0.844290 0.049760 0.067223
0 0.977286 0.805877 0.044600 0.077691
0 0.769140 0.295734 0.054878 0.069695
0 0.708555 0.010691 0.049314 0.021382
0 0.914110 0.780462 0.058828 0.083549
0 0.036690 0.980632 0.049073 0.036025
0 0.150214 0.979767 0.053569 0.038550
0 0.768232 0.125519 0.048670 0.081176
0 0.838994 0.904189 0.047153 0.077228
0 0.786618 0.973553 0.047157 0.051103
0 0.241830 0.242893 0.049254 0.079074
0 0.175804 0.291164 0.049093 0.078316
0 0.205734 0.969315 0.051142 0.059705
0 0.180176 0.216250 0.051727 0.078325
0 0.646802 0.980490 0.052100 0.037446
0 0.224021 0.323157 0.048025 0.075499
0 0.032421 0.037304 0.055793 0.074395
0 0.118448 0.399588 0.042007 0.075119
0 0.541658 0.031885 0.042561 0.063771
0 0.738545 0.554107 0.050880 0.082312
0 0.537253 0.126685 0.046007 0.073472
0 0.219884 0.895396 0.050586 0.077600
0 0.824129 0.797194 0.050701 0.082366
0 0.158937 0.600518 0.048844 0.069809
0 0.117453 0.275535 0.050662 0.075659
0 0.792901 0.042469 0.050039 0.084306
0 0.511845 0.213761 0.051646 0.080873
0 0.195673 0.045319 0.051776 0.084186
0 0.335359 0.041541 0.051657 0.082013
0 0.203477 0.130568 0.048440 0.079691
0 0.587043 0.175264 0.047219 0.081091
0 0.503373 0.881301 0.051836 0.081476
0 0.567761 0.965319 0.048193 0.067518
0 0.081564 0.214004 0.052645 0.083986
0 0.962187 0.078006 0.047223 0.081164
0 0.817953 0.332279 0.054644 0.091847
0 0.115041 0.909584 0.053697 0.086579
0 0.654266 0.094875 0.054263 0.081562
0 0.763357 0.396548 0.052601 0.084404
0 0.693037 0.514654 0.053468 0.087689
0 0.169746 0.803416 0.051173 0.078844
0 0.421033 0.564214 0.048331 0.076175
0 0.907371 0.565406 0.052371 0.076822
0 0.436120 0.735234 0.051771 0.079277
0 0.901637 0.091937 0.055068 0.076073
0 0.961537 0.533246 0.050725 0.080727
0 0.790314 0.670897 0.054644 0.081940
0 0.839828 0.539052 0.051210 0.085457
0 0.089890 0.726189 0.050657 0.074393
0 0.630808 0.027612 0.056589 0.055224
0 0.454036 0.963406 0.052991 0.071595
0 0.544231 0.279086 0.053747 0.068471
0 0.251652 0.829388 0.048770 0.083085
0 0.713938 0.063667 0.048550 0.075015
0 0.639184 0.438954 0.053976 0.080921
0 0.479089 0.312959 0.050286 0.078044
0 0.291511 0.124813 0.061874 0.098545
0 0.038483 0.316217 0.062451 0.099788
0 0.534559 0.808944 0.049858 0.081597
0 0.177279 0.434337 0.055608 0.085889
0 0.262079 0.702689 0.055656 0.083016
0 0.163075 0.518049 0.056644 0.082110
0 0.263892 0.380462 0.055042 0.091502
0 0.953526 0.447979 0.049247 0.076187
0 0.747042 0.759228 0.056327 0.088265
0 0.853022 0.049754 0.049576 0.084937
0 0.171226 0.696978 0.051908 0.078555
0 0.444376 0.252304 0.052505 0.078104
0 0.359606 0.552591 0.051520 0.082387
0 0.620750 0.676660 0.047057 0.080725
0 0.240071 0.618601 0.052763 0.078529
0 0.311452 0.752286 0.052368 0.086362
0 0.480617 0.692417 0.047228 0.079407
0 0.347674 0.444385 0.049402 0.080250
0 0.418278 0.065151 0.055039 0.083566
0 0.107804 0.813588 0.053665 0.086481
0 0.488409 0.061136 0.049767 0.079815
0 0.619366 0.923477 0.055738 0.081114
0 0.521471 0.628092 0.054979 0.088928
0 0.064538 0.608398 0.057369 0.095699
0 0.403958 0.895599 0.057562 0.098636
0 0.386519 0.367908 0.055623 0.077487
0 0.938251 0.364510 0.055103 0.085067
0 0.870393 0.187429 0.055187 0.086878
0 0.537959 0.503426 0.052098 0.088201
0 0.959925 0.172674 0.055934 0.085051
0 0.572137 0.712773 0.047612 0.081694
0 0.499752 0.400042 0.058802 0.090832
0 0.590366 0.473508 0.052989 0.094609
1 0.071455 0.129917 0.046793 0.078665
1 0.783097 0.471990 0.052252 0.090584
1 0.265256 0.974970 0.056931 0.050060
2 0.625951 0.193087 0.037434 0.061979
2 0.818582 0.148391 0.043673 0.065554
2 0.992348 0.110846 0.015303 0.042908
2 0.981577 0.887366 0.023396 0.039333
3 0.898910 0.934446 0.079548 0.126341
3 0.956864 0.705006 0.086273 0.144219