0 0.998084 0.800059 0.003803 0.062502
0 0.328042 0.995579 0.044964 0.008843
0 0.875820 0.996677 0.046483 0.006646
0 0.446415 0.011134 0.029766 0.022268
0 0.931534 0.995239 0.044412 0.009373
0 0.688973 0.995424 0.045683 0.008973
0 0.002994 0.414810 0.005988 0.069109
0 0.038362 0.005554 0.045797 0.011107
0 0.102211 0.991313 0.052122 0.016698
0 0.894916 0.513902 0.051098 0.073332
0 0.913224 0.551219 0.055012 0.084095
0 0.991887 0.397786 0.015583 0.078256
0 0.779604 0.123564 0.037913 0.072284
0 0.689389 0.016260 0.050054 0.032519
0 0.923176 0.015888 0.051769 0.031775
0 0.532315 0.015139 0.050730 0.030262
0 0.021289 0.568907 0.042578 0.076234
0 0.986925 0.537408 0.025322 0.077095
0 0.014303 0.224781 0.028580 0.086416
0 0.148166 0.183637 0.049455 0.075807
0 0.673205 0.568162 0.049598 0.080987
0 0.805253 0.540470 0.046820 0.083614
0 0.304915 0.763572 0.053640 0.076882
0 0.378471 0.702085 0.045675 0.069227
0 0.548539 0.458345 0.044912 0.080790
0 0.052099 0.625657 0.045484 0.083356
0 0.685591 0.719177 0.050175 0.078881
0 0.340402 0.860024 0.049943 0.077408
0 0.250246 0.971214 0.054104 0.056332
0 0.594869 0.580237 0.049770 0.076045
0 0.645216 0.644326 0.056264 0.093969
0 0.606365 0.707684 0.053415 0.081167
0 0.627844 0.505598 0.051155 0.080732
0 0.788994 0.646721 0.049539 0.072913
0 0.170038 0.957915 0.050487 0.078762
0 0.611675 0.965509 0.053461 0.068194
0 0.978787 0.706861 0.041723 0.077846
0 0.794522 0.856730 0.055507 0.083800
0 0.728134 0.666964 0.049663 0.078430
0 0.267617 0.433909 0.052875 0.074256
0 0.817564 0.949757 0.047800 0.076915
0 0.360000 0.773717 0.048955 0.083478
0 0.877032 0.679476 0.053885 0.083547
0 0.557804 0.938882 0.051501 0.077025
0 0.218856 0.032126 0.057466 0.064253
0 0.780955 0.769727 0.055934 0.078334
0 0.833267 0.733740 0.053433 0.087875
0 0.149316 0.838421 0.054436 0.088605
0 0.136693 0.349753 0.046315 0.074764
0 0.688828 0.482241 0.053331 0.085819
0 0.970839 0.945779 0.055550 0.084854
0 0.220165 0.647465 0.050305 0.097253
0 0.380535 0.034967 0.054098 0.069935
0 0.929176 0.647084 0.054024 0.089556
0 0.437780 0.560135 0.058452 0.085899
0 0.215251 0.401390 0.059584 0.082738
0 0.479988 0.896085 0.057650 0.091413
0 0.365817 0.610522 0.054742 0.083947
0 0.650350 0.802044 0.059164 0.083769
0 0.336592 0.185293 0.050968 0.079139
0 0.979487 0.168636 0.040383 0.088248
0 0.544352 0.622504 0.054711 0.085054
0 0.172755 0.765159 0.052753 0.076717
0 0.830614 0.083723 0.054241 0.088967
0 0.886789 0.433242 0.052055 0.080815
0 0.060692 0.448136 0.054229 0.081426
0 0.227848 0.319037 0.054497 0.076960
0 0.208441 0.553695 0.063834 0.080891
0 0.764402 0.488450 0.059075 0.092282
0 0.344887 0.486741 0.052123 0.092384
0 0.239598 0.786407 0.052373 0.091577
0 0.201859 0.229902 0.047507 0.078251
0 0.755256 0.061999 0.051821 0.087279
0 0.889100 0.065223 0.057726 0.087505
0 0.574319 0.383171 0.060563 0.095496
0 0.253868 0.186921 0.052248 0.085250
0 0.392758 0.392655 0.053071 0.081646
0 0.459773 0.480608 0.051899 0.084355
0 0.278074 0.108400 0.056362 0.080361
0 0.665272 0.228965 0.054877 0.091396
0 0.565083 0.233598 0.051687 0.084564
0 0.616218 0.165654 0.052974 0.091675
0 0.861055 0.275445 0.051858 0.085225
0 0.758406 0.325759 0.056499 0.086370
0 0.085952 0.078445 0.057818 0.087213
0 0.703298 0.142422 0.054304 0.086215
0 0.349547 0.270248 0.053686 0.085144
0 0.094902 0.210081 0.055612 0.091469
1 0.032071 0.097139 0.050692 0.082241
3 0.290212 0.671633 0.092806 0.148987
2 0.558101 0.783075 0.048353 0.071514
2 0.278903 0.484505 0.017157 0.029797
2 0.128386 0.294994 0.028076 0.048868