0 0.001717 0.455348 0.003435 0.077541
0 0.992391 0.005160 0.014401 0.010294
0 0.001914 0.365776 0.003829 0.061292
0 0.996980 0.046518 0.005764 0.051752
0 0.004239 0.273023 0.008460 0.074289
0 0.327205 0.004586 0.042884 0.009173
0 0.007530 0.979417 0.015061 0.038924
0 0.908920 0.006142 0.042782 0.012285
0 0.448813 0.007286 0.045923 0.014571
0 0.996050 0.491528 0.007598 0.064288
0 0.994243 0.400810 0.011172 0.067950
0 0.989982 0.954600 0.018623 0.070088
0 0.522353 0.981256 0.046109 0.035045
0 0.151453 0.978062 0.051828 0.041224
0 0.380556 0.984274 0.052784 0.028494
0 0.044293 0.908572 0.049402 0.083763
0 0.105882 0.718415 0.057469 0.081729
0 0.183435 0.943660 0.049650 0.075132
0 0.269023 0.760674 0.050115 0.082795
0 0.280070 0.657667 0.047170 0.083143
0 0.678423 0.160358 0.050084 0.079663
0 0.824103 0.624087 0.050474 0.076182
0 0.311180 0.972814 0.043501 0.051763
0 0.227708 0.516388 0.046563 0.082821
0 0.493770 0.795012 0.048288 0.068666
0 0.186457 0.562091 0.048200 0.072776
0 0.361388 0.888574 0.051591 0.071708
0 0.981217 0.683160 0.036236 0.074647
0 0.314021 0.799884 0.050633 0.084168
0 0.441082 0.971162 0.051018 0.054909
0 0.220622 0.631999 0.052350 0.080702
0 0.151823 0.785825 0.051217 0.077566
0 0.272596 0.540283 0.044947 0.074535
0 0.675475 0.968680 0.051751 0.059860
0 0.321275 0.561027 0.045463 0.077855
0 0.648862 0.096216 0.046575 0.070725
0 0.972908 0.315169 0.053760 0.106343
0 0.770735 0.858109 0.049170 0.075854
0 0.618985 0.874672 0.055443 0.088580
0 0.857357 0.697496 0.052349 0.082054
0 0.964637 0.882822 0.054243 0.080475
0 0.923403 0.568113 0.045663 0.072793
0 0.814963 0.812428 0.048995 0.083453
0 0.043430 0.697692 0.054209 0.089516
0 0.345620 0.659631 0.046882 0.076859
0 0.718454 0.217170 0.060626 0.095381
0 0.919707 0.939909 0.053231 0.081437
0 0.491482 0.917569 0.050063 0.076891
0 0.685501 0.655954 0.054940 0.085361
0 0.634430 0.524493 0.049064 0.076553
0 0.874375 0.792472 0.051557 0.080205
0 0.557833 0.899880 0.055169 0.086705
0 0.123886 0.631054 0.047917 0.089297
0 0.718262 0.089944 0.058125 0.073685
0 0.574053 0.808329 0.060134 0.089019
0 0.371010 0.807332 0.051624 0.085216
0 0.860868 0.950619 0.055776 0.088089
0 0.880577 0.612992 0.051857 0.081273
0 0.563076 0.688593 0.056067 0.077552
0 0.031988 0.284718 0.051473 0.086446
0 0.059366 0.366937 0.050034 0.090466
0 0.602263 0.592583 0.052287 0.085394
0 0.777632 0.117542 0.056725 0.090644
0 0.118860 0.179209 0.047156 0.078366
0 0.610925 0.027612 0.046412 0.055223
0 0.426037 0.810109 0.046863 0.079075
0 0.604274 0.455396 0.049874 0.076046
0 0.788740 0.237361 0.052111 0.078729
0 0.739074 0.710436 0.051173 0.080714
0 0.848017 0.210616 0.051985 0.080083
0 0.198908 0.265899 0.054197 0.078188
0 0.362314 0.485839 0.049619 0.080220
0 0.315103 0.175864 0.054295 0.082385
0 0.874149 0.509330 0.049319 0.077191
0 0.177261 0.349165 0.053878 0.084353
0 0.741978 0.600732 0.049715 0.078163
0 0.109314 0.443790 0.059934 0.091200
0 0.305625 0.414045 0.054535 0.073972
0 0.359386 0.042415 0.056041 0.076427
0 0.971871 0.097668 0.051115 0.079178
0 0.475880 0.577067 0.055943 0.081951
0 0.509376 0.493403 0.052945 0.080224
0 0.501409 0.711352 0.054804 0.082164
0 0.036704 0.155425 0.059535 0.092400
0 0.241170 0.428479 0.051291 0.079204
0 0.539609 0.316518 0.054483 0.086837
0 0.192327 0.061157 0.046715 0.067447
0 0.866752 0.308082 0.055893 0.084119
0 0.413009 0.141663 0.051975 0.080859
0 0.936677 0.248276 0.058135 0.083095
0 0.382641 0.211173 0.054120 0.080433
0 0.745740 0.471484 0.050951 0.085731
0 0.619402 0.347628 0.050116 0.078984
0 0.728242 0.321148 0.056917 0.074618
0 0.256190 0.254127 0.049132 0.080015
0 0.305951 0.090080 0.053742 0.077192
0 0.481191 0.243008 0.056595 0.085235
1 0.031291 0.061383 0.047573 0.067938
1 0.880972 0.094160 0.038994 0.057211
1 0.417722 0.513111 0.053032 0.075089
1 0.964810 0.801549 0.056931 0.070322
3 0.115128 0.884386 0.106064 0.154946
2 0.044939 0.497020 0.024956 0.038141
2 0.091732 0.991061 0.018717 0.017878
2 0.969099 0.752086 0.028076 0.042908
2 0.891501 0.423719 0.031975 0.053635
2 0.938684 0.434446 0.026516 0.044100