0 0.001824 0.983942 0.003647 0.031873
0 0.997425 0.613889 0.005033 0.085209
0 0.792868 0.002543 0.050296 0.005087
0 0.935266 0.993366 0.046528 0.012214
0 0.994841 0.115521 0.009900 0.070182
0 0.008904 0.848558 0.017809 0.078316
0 0.472440 0.986038 0.054412 0.025578
0 0.016217 0.929543 0.032435 0.074147
0 0.635778 0.013141 0.049483 0.026282
0 0.212942 0.968458 0.049826 0.062205
0 0.869957 0.014622 0.053041 0.029244
0 0.015065 0.503903 0.030116 0.083173
0 0.165004 0.016851 0.048690 0.033692
0 0.980332 0.188323 0.038352 0.079626
0 0.022384 0.237833 0.044768 0.104879
0 0.219785 0.025775 0.050931 0.051550
0 0.985280 0.763008 0.028123 0.082440
0 0.691013 0.600073 0.048570 0.069097
0 0.860422 0.344001 0.048218 0.069776
0 0.380304 0.024740 0.050169 0.049454
0 0.837687 0.514191 0.052296 0.082194
0 0.696938 0.458365 0.045077 0.071974
0 0.330665 0.845769 0.053012 0.084208
0 0.791517 0.555904 0.049232 0.086155
0 0.226482 0.901235 0.047282 0.075177
0 0.657418 0.543518 0.046613 0.076356
0 0.240811 0.164219 0.045189 0.076910
0 0.657566 0.065596 0.048294 0.081125
0 0.690305 0.715286 0.051626 0.077902
0 0.784006 0.743517 0.050057 0.080776
0 0.887577 0.968366 0.056859 0.062166
0 0.977338 0.465627 0.044696 0.081137
0 0.246348 0.671163 0.051228 0.078832
0 0.718171 0.824475 0.059636 0.094508
0 0.874291 0.599132 0.050902 0.079226
0 0.395053 0.286848 0.046424 0.077878
0 0.522988 0.033067 0.051366 0.066133
0 0.556191 0.544776 0.050253 0.076475
0 0.411548 0.840351 0.047870 0.074226
0 0.048848 0.412001 0.048952 0.087794
0 0.590135 0.955931 0.053586 0.084075
0 0.096908 0.563519 0.055210 0.082912
0 0.276830 0.871900 0.047989 0.083224
0 0.780718 0.949450 0.061825 0.086738
0 0.545130 0.778793 0.051318 0.078782
0 0.622392 0.815174 0.058216 0.087288
0 0.225004 0.384375 0.051440 0.079937
0 0.463500 0.635755 0.055109 0.090829
0 0.936816 0.028011 0.051457 0.055964
0 0.951454 0.547513 0.055355 0.088491
0 0.838459 0.735841 0.050661 0.076816
0 0.108653 0.375414 0.049175 0.083745
0 0.448927 0.289517 0.051804 0.079468
0 0.612186 0.196877 0.051138 0.080938
0 0.434663 0.930516 0.051353 0.084153
0 0.978317 0.353220 0.042509 0.085965
0 0.502009 0.387608 0.051396 0.080266
0 0.086885 0.477805 0.055204 0.078923
0 0.275029 0.096647 0.056023 0.087193
0 0.421758 0.373156 0.053500 0.078534
0 0.846744 0.424728 0.055948 0.083140
0 0.911068 0.411529 0.051479 0.071933
0 0.211132 0.594126 0.052190 0.085045
0 0.869242 0.870471 0.054230 0.082809
0 0.741773 0.510275 0.054316 0.083262
0 0.061761 0.175028 0.052547 0.081736
0 0.712765 0.033444 0.052492 0.066887
0 0.132426 0.177818 0.051794 0.082853
0 0.245180 0.297305 0.053206 0.083827
0 0.358348 0.573558 0.051752 0.075426
0 0.922047 0.263484 0.044473 0.074582
0 0.565846 0.095531 0.049143 0.081329
0 0.958661 0.832286 0.060446 0.092273
0 0.595478 0.351942 0.048102 0.075675
0 0.483060 0.834317 0.056270 0.082297
0 0.602550 0.506754 0.048718 0.078672
0 0.949801 0.674539 0.054282 0.085680
0 0.669652 0.378273 0.051800 0.080090
0 0.527158 0.639931 0.056047 0.088819
0 0.707032 0.113409 0.057993 0.087796
0 0.765866 0.107055 0.048865 0.073702
0 0.143504 0.831031 0.053255 0.084501
0 0.166294 0.361379 0.052739 0.091450
0 0.961096 0.093246 0.053021 0.075944
0 0.808460 0.052349 0.052430 0.084715
0 0.510461 0.118530 0.056973 0.083237
0 0.548493 0.298257 0.055377 0.083935
0 0.432427 0.550951 0.060013 0.094294
0 0.678321 0.252555 0.051444 0.081552
0 0.314508 0.304847 0.073616 0.115898
0 0.839889 0.214718 0.060085 0.087788
1 0.035580 0.072706 0.046793 0.078665
2 0.120197 0.040524 0.033535 0.052443
2 0.477383 0.450536 0.033535 0.045292
2 0.879413 0.286055 0.046793 0.064362
2 0.986889 0.247318 0.026222 0.032181