0 0.002223 0.104570 0.004445 0.064009
0 0.002094 0.723045 0.004189 0.057372
0 0.505731 0.001775 0.043148 0.003489
0 0.176986 0.995003 0.047961 0.009406
0 0.997662 0.685861 0.004657 0.079746
0 0.786725 0.454887 0.038760 0.081022
0 0.754468 0.468842 0.049569 0.076335
0 0.927914 0.992449 0.048992 0.013574
0 0.297081 0.990888 0.044601 0.015633
0 0.995888 0.524056 0.007815 0.056421
0 0.898075 0.207260 0.053894 0.081306
0 0.917001 0.260835 0.053406 0.078749
0 0.007979 0.293019 0.015957 0.072357
0 0.640177 0.604406 0.051563 0.079879
0 0.832682 0.485323 0.052712 0.079613
0 0.990159 0.286526 0.018917 0.073181
0 0.768625 0.982373 0.055788 0.032454
0 0.016975 0.576053 0.033950 0.080025
0 0.628976 0.973826 0.053973 0.049845
0 0.502463 0.701837 0.057975 0.080828
0 0.939366 0.019949 0.056140 0.039898
0 0.852944 0.535921 0.056997 0.079587
0 0.022995 0.949615 0.045989 0.080628
0 0.205896 0.049470 0.053158 0.074822
0 0.672635 0.635859 0.049256 0.077435
0 0.165474 0.082233 0.048693 0.078228
0 0.986819 0.207898 0.024728 0.068483
0 0.482748 0.632171 0.054635 0.086961
0 0.979002 0.049461 0.040536 0.080940
0 0.414752 0.981367 0.052789 0.034497
0 0.124824 0.188370 0.050383 0.074239
0 0.242822 0.493674 0.057125 0.086775
0 0.041712 0.133216 0.059654 0.069718
0 0.783293 0.344647 0.046552 0.075775
0 0.015675 0.431195 0.031330 0.072576
0 0.101754 0.110818 0.049581 0.084399
0 0.455603 0.019437 0.064477 0.038834
0 0.805481 0.676414 0.057622 0.085584
0 0.653185 0.022812 0.043846 0.045575
0 0.196609 0.384652 0.049272 0.077181
0 0.753260 0.915637 0.049567 0.072060
0 0.880992 0.941720 0.046479 0.071178
0 0.344818 0.026641 0.046275 0.053283
0 0.707679 0.963369 0.053230 0.070163
0 0.288184 0.553890 0.050139 0.079702
0 0.028546 0.753946 0.047132 0.074866
0 0.893638 0.445109 0.053362 0.076876
0 0.428520 0.541695 0.052712 0.077985
0 0.642686 0.737433 0.046573 0.076893
0 0.274132 0.225602 0.048296 0.071739
0 0.240741 0.968565 0.053822 0.060284
0 0.710145 0.863303 0.050493 0.072562
0 0.825486 0.086305 0.047176 0.073408
0 0.320610 0.752791 0.045648 0.073896
0 0.768093 0.617432 0.052005 0.079069
0 0.224726 0.612934 0.051019 0.079036
0 0.191928 0.533316 0.052153 0.078182
0 0.899907 0.056955 0.052536 0.074269
0 0.725381 0.782496 0.049565 0.077168
0 0.874102 0.128893 0.054260 0.082534
0 0.840465 0.742754 0.052818 0.086908
0 0.285368 0.683055 0.051829 0.074775
0 0.077450 0.784025 0.049500 0.074045
0 0.911160 0.868617 0.055440 0.084156
0 0.401732 0.095851 0.050572 0.073113
0 0.710343 0.568865 0.050731 0.071316
0 0.923997 0.501680 0.044989 0.069082
0 0.657586 0.532052 0.054340 0.071805
0 0.872021 0.813641 0.055932 0.088013
0 0.326697 0.102172 0.053378 0.074908
0 0.381485 0.798805 0.050215 0.086186
0 0.101956 0.282346 0.046103 0.078952
0 0.300629 0.454230 0.052847 0.077329
0 0.325307 0.378982 0.051900 0.078848
0 0.343453 0.957413 0.057536 0.081806
0 0.642185 0.828591 0.055141 0.079005
0 0.082390 0.440223 0.052327 0.077693
0 0.247997 0.136351 0.053459 0.081396
0 0.554576 0.270309 0.060056 0.074643
0 0.387941 0.185790 0.050395 0.079401
0 0.633130 0.391055 0.048870 0.076051
0 0.662011 0.451725 0.055303 0.077382
0 0.406203 0.680667 0.052853 0.079732
0 0.582629 0.216522 0.047144 0.072336
0 0.808771 0.264479 0.061520 0.093871
0 0.580290 0.659314 0.048711 0.075301
0 0.142378 0.797609 0.050932 0.079677
0 0.036382 0.655514 0.060011 0.086822
0 0.155139 0.292808 0.053793 0.084208
0 0.854851 0.327206 0.051805 0.070354
0 0.891167 0.696315 0.050619 0.078654
0 0.227837 0.702544 0.053835 0.082990
0 0.253104 0.887530 0.052291 0.083404
0 0.055235 0.531012 0.050755 0.083986
0 0.728427 0.690761 0.055863 0.082280
0 0.049181 0.873257 0.062234 0.079165
0 0.175917 0.733476 0.050877 0.083799
0 0.735516 0.074872 0.051490 0.077407
0 0.517264 0.873915 0.052595 0.083385
0 0.165539 0.909089 0.052809 0.085089
0 0.959598 0.677264 0.055091 0.081415
0 0.723145 0.262097 0.058913 0.074636
0 0.560246 0.124813 0.049248 0.073116
0 0.665212 0.231218 0.052560 0.084508
0 0.438727 0.792333 0.053493 0.081784
0 0.963058 0.403276 0.048207 0.074745
0 0.113644 0.366234 0.059529 0.079744
0 0.484722 0.513060 0.051697 0.083810
0 0.568589 0.482339 0.051091 0.078773
0 0.629506 0.307933 0.056437 0.074231
0 0.574851 0.398987 0.052236 0.079267
0 0.587613 0.054460 0.055579 0.082468
0 0.654707 0.118001 0.055453 0.082797
0 0.408281 0.436564 0.056648 0.085873
0 0.491222 0.252563 0.057171 0.077056
0 0.435456 0.309538 0.053714 0.077787
1 0.032851 0.056615 0.047573 0.075089
2 0.070675 0.266389 0.021837 0.034565
2 0.124877 0.976162 0.042894 0.047676
2 0.278514 0.939213 0.017937 0.028605
2 0.365860 0.908820 0.027296 0.039333
2 0.594756 0.928486 0.029636 0.042908
2 0.508969 0.757449 0.026516 0.034565
2 0.246538 0.559595 0.033535 0.046484
2 0.518327 0.371871 0.021837 0.038141
2 0.420842 0.146007 0.032755 0.051251
2 0.935954 0.194875 0.025736 0.032181
3 0.257067 0.323600 0.098265 0.125149