0 0.398857 0.001680 0.050711 0.003345
0 0.578530 0.001902 0.050446 0.003803
0 0.708436 0.001573 0.041212 0.003113
0 0.554008 0.994975 0.040736 0.008950
0 0.946047 0.005034 0.037939 0.010067
0 0.990353 0.030259 0.018225 0.060488
0 0.989605 0.273942 0.020187 0.076520
0 0.722506 0.716553 0.045689 0.064963
0 0.027155 0.978003 0.054310 0.041664
0 0.676248 0.983326 0.049035 0.030460
0 0.013963 0.697350 0.027924 0.073661
0 0.893981 0.011968 0.051250 0.023937
0 0.013305 0.780413 0.026600 0.075541
0 0.376569 0.984189 0.048482 0.029087
0 0.184481 0.014004 0.051971 0.028008
0 0.468410 0.418681 0.046443 0.076834
0 0.887969 0.976957 0.054526 0.044177
0 0.519482 0.018393 0.053704 0.036786
0 0.774393 0.966453 0.060570 0.065097
0 0.810257 0.913990 0.047149 0.072809
0 0.744213 0.654945 0.043189 0.065627
0 0.682073 0.920018 0.050404 0.080392
0 0.016421 0.179882 0.032767 0.077411
0 0.683215 0.071772 0.046158 0.069023
0 0.416427 0.401335 0.048019 0.074336
0 0.983101 0.744565 0.032643 0.084001
0 0.520757 0.414362 0.049258 0.080340
0 0.862663 0.461868 0.056487 0.066919
0 0.464746 0.505420 0.052869 0.081408
0 0.750162 0.889489 0.051753 0.084704
0 0.466459 0.672299 0.045617 0.073931
0 0.975263 0.542272 0.048924 0.076281
0 0.020144 0.613447 0.040287 0.080938
0 0.892603 0.900393 0.053577 0.079178
0 0.647512 0.025486 0.068070 0.050972
0 0.894418 0.801795 0.049957 0.075769
0 0.452376 0.602863 0.052884 0.068780
0 0.970645 0.894974 0.054287 0.086673
0 0.802144 0.669850 0.053374 0.080414
0 0.673740 0.215028 0.050242 0.074545
0 0.897078 0.529567 0.068001 0.103569
0 0.498271 0.758665 0.046182 0.074749
0 0.112195 0.956560 0.055477 0.079387
0 0.774039 0.035338 0.057918 0.070676
0 0.473971 0.186365 0.042240 0.082532
0 0.505821 0.957723 0.061129 0.082265
0 0.069670 0.597292 0.045023 0.073604
0 0.539108 0.101976 0.045700 0.068979
0 0.773434 0.540686 0.056190 0.088047
0 0.060290 0.207466 0.051553 0.082204
0 0.971643 0.370089 0.056368 0.093789
0 0.033578 0.879226 0.052221 0.080457
0 0.712703 0.492682 0.054126 0.085211
0 0.762606 0.770550 0.065903 0.105282
0 0.512037 0.546592 0.057854 0.094049
0 0.274819 0.697399 0.049831 0.078485
0 0.256770 0.234494 0.050140 0.078143
0 0.455183 0.913117 0.053650 0.086735
0 0.333228 0.899217 0.045977 0.072991
0 0.731840 0.112762 0.053079 0.090407
0 0.619587 0.185689 0.053281 0.087826
0 0.203422 0.413916 0.049447 0.084428
0 0.297358 0.156655 0.051513 0.083768
0 0.646711 0.441589 0.056911 0.090222
0 0.732376 0.395014 0.051093 0.085622
0 0.523917 0.283246 0.049357 0.079479
0 0.481253 0.107972 0.055420 0.072287
0 0.943428 0.670956 0.054200 0.082482
0 0.122126 0.198139 0.046214 0.080006
0 0.237205 0.339346 0.053739 0.076958
0 0.570952 0.921916 0.055576 0.085645
0 0.373660 0.632650 0.052330 0.080411
0 0.129981 0.045809 0.051140 0.083108
0 0.455116 0.323956 0.058195 0.079820
0 0.200922 0.217628 0.049593 0.079220
0 0.327400 0.281143 0.052254 0.079238
0 0.221946 0.840232 0.056613 0.093133
0 0.357004 0.537806 0.052268 0.076878
0 0.933459 0.091327 0.047374 0.074915
0 0.079021 0.295622 0.049619 0.073966
0 0.399761 0.235987 0.051262 0.082910
0 0.594637 0.791629 0.056102 0.082576
0 0.255060 0.042153 0.047195 0.073469
0 0.558482 0.181548 0.054181 0.083306
0 0.140979 0.291432 0.048108 0.072619
0 0.141040 0.811644 0.053705 0.081902
0 0.889110 0.186971 0.056069 0.085906
0 0.763275 0.230901 0.049036 0.080553
0 0.302897 0.472417 0.049797 0.081180
0 0.854754 0.081594 0.056180 0.083814
0 0.129104 0.694794 0.049362 0.079373
0 0.132826 0.590968 0.050751 0.078167
0 0.408526 0.090176 0.058422 0.080647
1 0.041039 0.095352 0.046793 0.102503
1 0.227041 0.682360 0.044453 0.079857
2 0.249658 0.401669 0.024176 0.035757
2 0.356502 0.745530 0.025736 0.034565
2 0.073405 0.931466 0.025736 0.036949
2 0.695360 0.848033 0.046793 0.067938
2 0.721486 0.986293 0.036654 0.027414
2 0.909828 0.041716 0.031195 0.035757