0 0.451295 0.994555 0.034150 0.009310
0 0.003130 0.776557 0.006259 0.053924
0 0.093836 0.993601 0.033055 0.010487
0 0.994476 0.909052 0.009580 0.058599
0 0.005603 0.100656 0.011145 0.059867
0 0.994072 0.219122 0.010060 0.059196
0 0.006215 0.940793 0.012429 0.068455
0 0.007370 0.621710 0.014702 0.069106
0 0.266975 0.794580 0.046925 0.075379
0 0.008190 0.480305 0.016378 0.074346
0 0.284877 0.745312 0.048795 0.072767
0 0.626103 0.989011 0.039365 0.019010
0 0.307330 0.549051 0.048860 0.079016
0 0.616087 0.010548 0.049576 0.021095
0 0.361051 0.011593 0.045575 0.023116
0 0.979872 0.016518 0.038273 0.032963
0 0.801455 0.982187 0.047056 0.032318
0 0.192476 0.981534 0.047973 0.033600
0 0.983717 0.658503 0.030503 0.081089
0 0.325548 0.254518 0.045760 0.071900
0 0.973754 0.966674 0.049864 0.063141
0 0.194017 0.093362 0.048814 0.070634
0 0.475421 0.015168 0.050278 0.030287
0 0.566056 0.883342 0.051905 0.081947
0 0.240783 0.015308 0.049932 0.030580
0 0.251825 0.140218 0.044145 0.058927
0 0.343563 0.626412 0.049368 0.073485
0 0.166909 0.415980 0.044100 0.069205
0 0.106175 0.071321 0.050642 0.069512
0 0.750250 0.971555 0.049861 0.053473
0 0.246819 0.969310 0.046691 0.057895
0 0.034794 0.534152 0.049669 0.081794
0 0.302582 0.162136 0.041758 0.069847
0 0.418406 0.384730 0.054156 0.071530
0 0.082736 0.020617 0.059796 0.041193
0 0.421234 0.324586 0.047626 0.063435
0 0.979309 0.483697 0.039081 0.080658
0 0.368142 0.308667 0.049820 0.071572
0 0.074918 0.953904 0.052574 0.076035
0 0.030561 0.050125 0.054626 0.083726
0 0.137730 0.700587 0.050827 0.063576
0 0.181116 0.921207 0.050299 0.083463
0 0.796647 0.064286 0.043678 0.070467
0 0.071581 0.477724 0.048231 0.067673
0 0.051752 0.840390 0.049934 0.079711
0 0.820970 0.821207 0.043024 0.066197
0 0.124492 0.898532 0.051905 0.079004
0 0.249740 0.424711 0.048397 0.078127
0 0.159045 0.111126 0.050224 0.079484
0 0.795645 0.385507 0.044262 0.069364
0 0.384734 0.968638 0.053466 0.059259
0 0.754140 0.834961 0.051026 0.082291
0 0.497189 0.971245 0.054532 0.054353
0 0.131572 0.577186 0.046793 0.076825
0 0.266505 0.060799 0.051423 0.082449
0 0.665582 0.960631 0.055288 0.071153
0 0.066026 0.607953 0.050784 0.073058
0 0.724540 0.914782 0.055667 0.073640
0 0.642768 0.300047 0.043800 0.068573
0 0.271280 0.907731 0.052804 0.082188
0 0.713277 0.799418 0.052203 0.076949
0 0.795311 0.888025 0.047550 0.079699
0 0.167526 0.640746 0.054511 0.075159
0 0.182848 0.258255 0.044687 0.069560
0 0.977686 0.351858 0.042367 0.074782
0 0.885620 0.857408 0.054167 0.059701
0 0.316087 0.039793 0.050447 0.079509
0 0.371899 0.234408 0.046743 0.077230
0 0.191430 0.026152 0.045093 0.052304
0 0.617023 0.634984 0.045498 0.075422
0 0.512715 0.549821 0.047468 0.072665
0 0.305863 0.851424 0.050673 0.072882
0 0.293718 0.380555 0.047873 0.073630
0 0.130250 0.776993 0.053102 0.078832
0 0.185400 0.485756 0.053745 0.076619
0 0.069227 0.144010 0.051330 0.080756
0 0.748562 0.035374 0.048255 0.070250
0 0.820483 0.305058 0.041833 0.069037
0 0.860841 0.954168 0.050640 0.073551
0 0.179357 0.559203 0.047203 0.066187
0 0.848438 0.184805 0.043017 0.063386
0 0.209952 0.324376 0.049333 0.068839
0 0.340291 0.759357 0.051224 0.082053
0 0.696148 0.053581 0.048598 0.068329
0 0.605215 0.839299 0.046457 0.074378
0 0.601569 0.333809 0.041949 0.081178
0 0.386233 0.810470 0.048545 0.073706
0 0.615244 0.064015 0.052757 0.074171
0 0.455850 0.596216 0.043028 0.075963
0 0.961243 0.093561 0.045328 0.066345
0 0.213974 0.731369 0.049960 0.077867
0 0.876316 0.714909 0.047786 0.074042
0 0.878889 0.039472 0.043890 0.069477
0 0.127727 0.220274 0.050600 0.079413
0 0.072860 0.696103 0.054316 0.084788
0 0.974683 0.165409 0.047921 0.073575
0 0.918250 0.750495 0.054286 0.082719
0 0.843395 0.387651 0.045396 0.070716
0 0.379101 0.546042 0.047321 0.076107
0 0.076966 0.239569 0.045043 0.077266
0 0.183501 0.833229 0.049319 0.075559
0 0.681765 0.637561 0.052716 0.066049
0 0.719730 0.181325 0.050277 0.077381
0 0.408258 0.624384 0.049708 0.074808
0 0.105992 0.325886 0.048496 0.077896
0 0.660635 0.104187 0.052432 0.074872
0 0.492174 0.651497 0.049450 0.075803
0 0.481301 0.904338 0.047432 0.073375
0 0.934740 0.605599 0.046073 0.080665
0 0.780022 0.470209 0.047975 0.070781
0 0.932085 0.510340 0.046816 0.074540
0 0.668730 0.194695 0.046644 0.085152
0 0.612992 0.757817 0.055262 0.081923
0 0.389845 0.893090 0.050813 0.074662
0 0.724065 0.570487 0.049011 0.074939
0 0.113026 0.414302 0.057906 0.086242
0 0.693793 0.723672 0.049934 0.074133
0 0.691476 0.317227 0.048438 0.077901
0 0.378106 0.701629 0.053937 0.084709
0 0.534307 0.478798 0.049082 0.077632
0 0.786007 0.244239 0.046278 0.072176
0 0.923869 0.171080 0.045780 0.076419
0 0.557700 0.307307 0.050526 0.078524
0 0.436115 0.066847 0.050403 0.081331
0 0.666949 0.451932 0.052052 0.080324
0 0.454483 0.728929 0.047766 0.076619
0 0.500871 0.088881 0.048195 0.072641
0 0.351621 0.476159 0.052682 0.079773
0 0.524927 0.398119 0.049658 0.070737
0 0.522978 0.714092 0.054564 0.081418
0 0.925961 0.414258 0.048130 0.074049
0 0.654565 0.372932 0.052404 0.071880
0 0.812554 0.728462 0.052539 0.077405
0 0.943070 0.266886 0.049834 0.077045
0 0.446167 0.177389 0.050158 0.078556
0 0.778622 0.570692 0.051337 0.089455
0 0.745038 0.113582 0.052490 0.075250
0 0.754294 0.337360 0.047296 0.078428
0 0.551559 0.224167 0.049248 0.076126
0 0.390474 0.121283 0.048598 0.081451
0 0.572595 0.591638 0.053752 0.077880
0 0.555069 0.101770 0.050913 0.080906
0 0.617563 0.230825 0.055830 0.082735
0 0.422688 0.251404 0.048955 0.070974
0 0.424716 0.465046 0.052279 0.077517
0 0.473340 0.428543 0.054475 0.083703
0 0.864911 0.265888 0.050392 0.081815
1 0.305030 0.490465 0.035095 0.087008
2 0.071455 0.347437 0.021837 0.034565
2 0.359231 0.145411 0.017157 0.028605
2 0.406804 0.174613 0.018717 0.027414
2 0.240299 0.099523 0.019497 0.034565
2 0.161141 0.884982 0.020277 0.032181
2 0.810783 0.626341 0.020277 0.027414
2 0.903979 0.589988 0.022617 0.038141
2 0.892671 0.462455 0.017157 0.021454
3 0.257457 0.247318 0.111523 0.151371
1 0.284713 0.623019 0.053481 0.075063
1 0.268341 0.678065 0.050206 0.063386
1 0.569034 0.956631 0.057847 0.066722