0 0.002580 0.667014 0.005060 0.061705
0 0.002730 0.781641 0.005460 0.052520
0 0.995878 0.008514 0.007633 0.017028
0 0.953001 0.995722 0.048273 0.008251
0 0.997344 0.803130 0.005138 0.074036
0 0.006849 0.261446 0.013697 0.076836
0 0.690001 0.988852 0.048521 0.020401
0 0.765525 0.009896 0.044925 0.019774
0 0.572433 0.987196 0.047787 0.023732
0 0.222817 0.985505 0.050755 0.026431
0 0.989023 0.455662 0.021424 0.082349
0 0.641585 0.015147 0.047326 0.030294
0 0.897787 0.018291 0.051983 0.036581
0 0.388967 0.971201 0.054357 0.055620
0 0.542300 0.035192 0.052264 0.070384
0 0.035097 0.961803 0.051988 0.073212
0 0.022245 0.071692 0.044449 0.084198
0 0.355048 0.918575 0.053807 0.082169
0 0.024760 0.854039 0.049520 0.074306
0 0.365399 0.025229 0.048434 0.050458
0 0.654258 0.076855 0.049590 0.079090
0 0.270557 0.961884 0.050228 0.073664
0 0.425889 0.030120 0.048960 0.060240
0 0.072380 0.782373 0.047442 0.073640
0 0.491722 0.065644 0.047623 0.073256
0 0.676265 0.918158 0.049328 0.077472
0 0.473199 0.175392 0.049282 0.075222
0 0.598578 0.944963 0.049393 0.070625
0 0.855622 0.807597 0.046591 0.070925
0 0.425337 0.110683 0.048742 0.076600
0 0.791753 0.158608 0.051969 0.092971
0 0.598884 0.060610 0.053802 0.077976
0 0.028802 0.729344 0.050637 0.080016
0 0.071880 0.099501 0.053319 0.082827
0 0.075868 0.442320 0.053295 0.080323
0 0.026951 0.501733 0.053719 0.086922
0 0.121507 0.387836 0.051887 0.076281
0 0.099951 0.188060 0.055866 0.080004
0 0.417667 0.874699 0.059421 0.084603
0 0.888670 0.474794 0.050027 0.079712
0 0.033517 0.311483 0.054543 0.085399
0 0.461576 0.800559 0.053601 0.078190
0 0.257682 0.346314 0.049963 0.081803
0 0.396617 0.304593 0.050359 0.078564
0 0.138682 0.947884 0.054568 0.078131
0 0.275404 0.535750 0.047326 0.082724
0 0.378288 0.749559 0.050774 0.082973
0 0.234772 0.789087 0.051112 0.079060
0 0.743414 0.844927 0.054193 0.080026
0 0.546215 0.204967 0.051961 0.082171
0 0.307701 0.825978 0.053641 0.077170
0 0.524768 0.534316 0.052072 0.076122
0 0.962913 0.381597 0.045752 0.074863
0 0.528832 0.628160 0.051493 0.081950
0 0.653265 0.825282 0.056172 0.084453
0 0.786892 0.433797 0.051582 0.074074
0 0.259423 0.069581 0.050535 0.077508
0 0.959374 0.503988 0.046091 0.080985
0 0.373484 0.382049 0.054354 0.087782
0 0.206360 0.891235 0.055424 0.082325
0 0.575252 0.305875 0.048095 0.078450
0 0.765540 0.513196 0.058450 0.083060
0 0.366336 0.203484 0.057056 0.083157
0 0.171212 0.318259 0.054782 0.081559
0 0.939607 0.942960 0.055165 0.080081
0 0.559393 0.794411 0.055848 0.087495
0 0.906997 0.117614 0.051643 0.078582
0 0.850251 0.532147 0.054444 0.084959
0 0.458615 0.473358 0.053428 0.083934
0 0.441878 0.702606 0.059499 0.076628
0 0.096824 0.700963 0.049931 0.083385
0 0.802054 0.828520 0.054741 0.087347
0 0.319902 0.597437 0.054069 0.082759
0 0.189152 0.221430 0.051635 0.080485
0 0.249845 0.191554 0.050438 0.079072
0 0.933981 0.827436 0.050747 0.079948
0 0.174351 0.683811 0.052618 0.083026
0 0.465013 0.263518 0.053900 0.083915
0 0.518057 0.441376 0.052610 0.089779
0 0.682579 0.659438 0.057562 0.086700
0 0.844915 0.203614 0.060202 0.092471
0 0.906803 0.747936 0.057936 0.087952
0 0.797232 0.699846 0.054985 0.079486
0 0.958871 0.164685 0.053626 0.075684
1 0.699650 0.125149 0.049133 0.088200
1 0.746053 0.120381 0.046793 0.097735
1 0.622052 0.239571 0.043673 0.083433
2 0.434490 0.288439 0.019497 0.033373
2 0.218853 0.543504 0.048353 0.069130
2 0.110059 0.865912 0.025736 0.039333
2 0.924646 0.498212 0.020277 0.026222
2 0.857576 0.923123 0.018717 0.029797