0 0.591312 0.993656 0.039729 0.010474
0 0.670156 0.003140 0.050527 0.006280
0 0.005111 0.380844 0.010221 0.071655
0 0.426842 0.992971 0.033099 0.011690
0 0.491819 0.002973 0.079603 0.005945
0 0.081576 0.991109 0.043278 0.015316
0 0.371943 0.991022 0.042405 0.015348
0 0.008266 0.111237 0.016530 0.071483
0 0.993927 0.674345 0.010707 0.067270
0 0.979641 0.013476 0.039201 0.026921
0 0.328016 0.009556 0.046437 0.019112
0 0.200975 0.008162 0.052937 0.016323
0 0.012821 0.859102 0.025643 0.087551
0 0.072057 0.010982 0.052697 0.021964
0 0.014782 0.962856 0.029564 0.071231
0 0.130501 0.965473 0.053316 0.066255
0 0.537326 0.980680 0.048090 0.035693
0 0.820984 0.984498 0.051006 0.028624
0 0.619767 0.865809 0.047906 0.069231
0 0.980373 0.748483 0.037515 0.080263
0 0.166507 0.921301 0.052730 0.082689
0 0.288222 0.874597 0.052085 0.086466
0 0.861878 0.493265 0.049157 0.072707
0 0.285074 0.964203 0.055337 0.068534
0 0.985343 0.451870 0.027390 0.074850
0 0.567201 0.758469 0.052025 0.076034
0 0.570442 0.841537 0.047577 0.079211
0 0.671455 0.950751 0.045626 0.072629
0 0.613186 0.946220 0.057561 0.080236
0 0.327557 0.598161 0.047372 0.078300
0 0.287391 0.662113 0.051220 0.080068
0 0.721232 0.964461 0.046067 0.067753
0 0.341985 0.496108 0.048683 0.075795
0 0.523781 0.874433 0.055619 0.079814
0 0.636307 0.642187 0.052030 0.074359
0 0.061526 0.949434 0.050130 0.081280
0 0.899306 0.526391 0.051223 0.082042
0 0.158416 0.620134 0.046577 0.071120
0 0.293525 0.785508 0.055865 0.080249
0 0.162516 0.702511 0.054291 0.078794
0 0.022485 0.295637 0.044969 0.075346
0 0.345105 0.871142 0.053451 0.075092
0 0.388082 0.512072 0.042974 0.076418
0 0.687949 0.773921 0.060386 0.080402
0 0.031087 0.440724 0.049484 0.071909
0 0.685216 0.860020 0.056957 0.079254
0 0.618339 0.180209 0.048978 0.082744
0 0.609035 0.712570 0.055146 0.081967
0 0.359286 0.696636 0.051348 0.075688
0 0.827756 0.807351 0.055684 0.088758
0 0.629463 0.529637 0.044936 0.068073
0 0.063787 0.166729 0.054839 0.078150
0 0.974728 0.539002 0.047382 0.075870
0 0.801447 0.642090 0.051637 0.070940
0 0.911641 0.883342 0.053939 0.075552
0 0.064112 0.721745 0.067107 0.092637
0 0.439752 0.938112 0.057957 0.077654
0 0.303687 0.404578 0.055346 0.079238
0 0.770852 0.720933 0.052618 0.075894
0 0.772814 0.196356 0.056860 0.077795
0 0.570155 0.198904 0.049120 0.073414
0 0.669528 0.207218 0.051517 0.076269
0 0.067603 0.633675 0.055176 0.075683
0 0.964146 0.962899 0.051010 0.071226
0 0.268681 0.308626 0.055689 0.073592
0 0.947285 0.814520 0.052964 0.082855
0 0.224105 0.883721 0.071006 0.121132
0 0.606925 0.461963 0.046802 0.070908
0 0.390250 0.795399 0.052278 0.078357
0 0.806716 0.257730 0.048960 0.077342
0 0.667003 0.079976 0.056452 0.084036
0 0.209461 0.541496 0.056887 0.083376
0 0.879783 0.614047 0.049016 0.087657
0 0.567933 0.608831 0.058517 0.084323
0 0.331097 0.322543 0.053738 0.077405
0 0.942127 0.435996 0.050382 0.078652
0 0.282254 0.521185 0.072470 0.110326
0 0.763443 0.112801 0.050756 0.077337
0 0.723588 0.045897 0.055957 0.083127
0 0.502597 0.628833 0.052163 0.083563
0 0.452485 0.693122 0.055550 0.082707
0 0.569691 0.089059 0.059645 0.091460
0 0.488550 0.393591 0.053099 0.077898
0 0.096334 0.553690 0.050433 0.077736
0 0.376492 0.392673 0.051457 0.082732
0 0.713972 0.577239 0.053369 0.082661
0 0.431769 0.388708 0.049593 0.078288
0 0.106249 0.086707 0.055301 0.087849
0 0.728508 0.408192 0.053177 0.081140
0 0.727281 0.286706 0.057950 0.083071
0 0.527274 0.465591 0.049643 0.089287
0 0.202031 0.405662 0.056307 0.079086
0 0.282214 0.215246 0.055204 0.079037
0 0.370684 0.204601 0.052424 0.076970
0 0.960330 0.304613 0.053590 0.075938
0 0.883548 0.232350 0.055277 0.082376
0 0.138433 0.251675 0.056801 0.084943
1 0.034800 0.073897 0.057711 0.059595
2 0.755801 0.556615 0.025736 0.035757
2 0.843928 0.613826 0.028856 0.045292
2 0.799085 0.845650 0.017157 0.029797
2 0.859136 0.542908 0.018717 0.025030