0 0.001525 0.197976 0.003048 0.066674
0 0.997801 0.639261 0.004314 0.068572
0 0.014978 0.003008 0.029892 0.006007
0 0.003654 0.610819 0.007308 0.063670
0 0.282203 0.993763 0.046774 0.011105
0 0.592430 0.006772 0.039848 0.013544
0 0.994889 0.870732 0.009205 0.067305
0 0.006004 0.295021 0.012009 0.073946
0 0.187196 0.006737 0.052000 0.013466
0 0.743490 0.972983 0.044520 0.053124
0 0.069562 0.009479 0.049620 0.018957
0 0.279180 0.012402 0.054927 0.024804
0 0.385517 0.987183 0.054863 0.023797
0 0.461609 0.916732 0.052245 0.082522
0 0.568859 0.951727 0.053525 0.074183
0 0.561745 0.872613 0.049204 0.073423
0 0.986375 0.727022 0.025889 0.071664
0 0.017511 0.821699 0.035023 0.073985
0 0.503997 0.880701 0.055121 0.081370
0 0.515009 0.795504 0.050102 0.077293
0 0.611468 0.837844 0.054556 0.082508
0 0.497824 0.015936 0.050738 0.031871
0 0.958136 0.890512 0.054873 0.062765
0 0.949322 0.961304 0.053451 0.074009
0 0.196362 0.725794 0.048794 0.069485
0 0.119106 0.861357 0.051004 0.073795
0 0.328891 0.951724 0.050754 0.064281
0 0.153659 0.769919 0.045972 0.066225
0 0.385914 0.842343 0.056495 0.081488
0 0.698424 0.825969 0.062924 0.070648
0 0.334658 0.873102 0.050077 0.076729
0 0.030902 0.742489 0.053638 0.067088
0 0.229125 0.817137 0.055785 0.081142
0 0.959089 0.813195 0.050713 0.077077
0 0.873462 0.849588 0.053344 0.076442
0 0.252649 0.717648 0.049301 0.070855
0 0.829235 0.762953 0.054700 0.080614
0 0.089198 0.773069 0.054799 0.082348
0 0.149287 0.679200 0.050693 0.083868
0 0.128083 0.040331 0.056478 0.080662
0 0.260146 0.891505 0.056925 0.079649
0 0.907749 0.717206 0.050843 0.076971
0 0.302573 0.612044 0.048962 0.072551
0 0.088060 0.947296 0.061055 0.098228
0 0.653317 0.748599 0.053047 0.081585
0 0.629993 0.038695 0.049186 0.077391
0 0.802508 0.401301 0.049618 0.081299
0 0.473411 0.711756 0.049855 0.082133
0 0.224050 0.652057 0.048959 0.076134
0 0.512368 0.254976 0.049864 0.075759
0 0.854779 0.604918 0.050321 0.084280
0 0.114416 0.613916 0.046654 0.071234
0 0.769043 0.329799 0.048282 0.075518
0 0.529587 0.710026 0.053827 0.079453
0 0.078093 0.688023 0.055435 0.076600
0 0.718200 0.574465 0.045386 0.080573
0 0.496578 0.094451 0.054576 0.082155
0 0.384885 0.683625 0.052842 0.082612
0 0.419759 0.583541 0.053904 0.077323
0 0.828479 0.318220 0.049768 0.083489
0 0.463380 0.212655 0.051645 0.085093
0 0.647035 0.185297 0.051031 0.081327
0 0.039831 0.160928 0.050682 0.081058
0 0.377187 0.197429 0.055429 0.075184
0 0.775863 0.041342 0.045764 0.074554
0 0.287868 0.234979 0.050178 0.081589
0 0.181256 0.593623 0.053241 0.076666
0 0.972831 0.162149 0.053543 0.082274
0 0.513708 0.614170 0.058254 0.076979
0 0.596577 0.222607 0.051618 0.080240
0 0.245484 0.114263 0.053174 0.089652
0 0.942899 0.361158 0.055560 0.080594
0 0.581267 0.308178 0.052228 0.084394
0 0.131374 0.390422 0.047322 0.072230
0 0.708833 0.387047 0.049687 0.084416
0 0.924821 0.630960 0.055236 0.085002
0 0.965212 0.251340 0.051294 0.082228
0 0.058237 0.520765 0.050804 0.080325
0 0.228309 0.286472 0.048343 0.078113
0 0.893534 0.309132 0.058807 0.079564
0 0.878850 0.512834 0.051773 0.080600
0 0.729716 0.138950 0.053513 0.080896
0 0.491917 0.418474 0.052098 0.081725
0 0.217552 0.507922 0.051677 0.079033
0 0.380942 0.508828 0.053815 0.085244
0 0.591039 0.462916 0.055797 0.084636
0 0.878766 0.190198 0.055771 0.084160
0 0.441366 0.492213 0.056247 0.088454
0 0.323224 0.442192 0.061474 0.093879
1 0.322577 0.534565 0.067070 0.044100
2 0.955061 0.411204 0.023396 0.030989
2 0.378338 0.783671 0.041334 0.046484
3 0.635699 0.920739 0.086567 0.125149
3 0.679373 0.971990 0.095925 0.056019