0 0.990279 0.992445 0.017770 0.012710
0 0.021085 0.003524 0.032159 0.007049
0 0.046314 0.992140 0.033855 0.013094
0 0.624542 0.992336 0.038931 0.012943
0 0.992456 0.119662 0.013598 0.068559
0 0.014703 0.979909 0.029402 0.037444
0 0.836775 0.599188 0.050473 0.069680
0 0.987928 0.683811 0.022528 0.075037
0 0.013838 0.897070 0.027676 0.073418
0 0.799807 0.984520 0.056259 0.028085
0 0.055538 0.782235 0.069330 0.081234
0 0.984725 0.039970 0.028903 0.079787
0 0.345626 0.017231 0.045188 0.034433
0 0.976885 0.176259 0.044484 0.094410
0 0.063316 0.855580 0.054862 0.078922
0 0.357462 0.905411 0.064114 0.084559
0 0.383093 0.963594 0.054445 0.069536
0 0.979253 0.503969 0.039688 0.108922
0 0.905724 0.956800 0.050074 0.074128
0 0.104194 0.911485 0.045876 0.079026
0 0.187434 0.038435 0.052688 0.076871
0 0.242005 0.939788 0.051436 0.080327
0 0.539528 0.671404 0.041641 0.064509
0 0.245948 0.863503 0.055709 0.071240
0 0.417636 0.267510 0.046027 0.084696
0 0.930238 0.884384 0.052506 0.089418
0 0.210581 0.144026 0.052561 0.079572
0 0.034511 0.368923 0.048580 0.085751
0 0.963403 0.741750 0.063369 0.102579
0 0.129036 0.064057 0.054541 0.084581
0 0.492572 0.381171 0.054303 0.067931
0 0.408105 0.871614 0.050210 0.077749
0 0.859372 0.528572 0.052344 0.080865
0 0.148577 0.707947 0.050555 0.088007
0 0.244639 0.090172 0.051134 0.081153
0 0.199991 0.719520 0.047599 0.082729
0 0.810335 0.716781 0.052808 0.083577
0 0.768443 0.565286 0.050145 0.077881
0 0.646353 0.874349 0.052008 0.087708
0 0.082560 0.731838 0.045648 0.092880
0 0.043666 0.136144 0.056525 0.087887
0 0.246460 0.745883 0.051609 0.074173
0 0.183640 0.841722 0.054933 0.082599
0 0.472738 0.305813 0.049403 0.074734
0 0.522983 0.752528 0.054718 0.088854
0 0.377726 0.303151 0.052436 0.079458
0 0.632085 0.722002 0.049139 0.080156
0 0.827051 0.845428 0.059732 0.088647
0 0.452977 0.945173 0.051774 0.071158
0 0.809217 0.462353 0.052430 0.078926
0 0.797970 0.366670 0.048835 0.079612
0 0.036114 0.246319 0.052172 0.082680
0 0.428031 0.569905 0.054761 0.078978
0 0.080880 0.401978 0.052655 0.081794
0 0.338504 0.430826 0.051935 0.077775
0 0.126792 0.791226 0.059088 0.074182
0 0.518338 0.509150 0.048190 0.075648
0 0.912084 0.509140 0.047361 0.091277
0 0.451425 0.825068 0.050344 0.079105
0 0.659653 0.504045 0.057028 0.085691
0 0.334552 0.642998 0.051524 0.078771
0 0.746850 0.158910 0.049972 0.077346
0 0.963515 0.275833 0.058017 0.082717
0 0.717028 0.485627 0.052032 0.086989
0 0.187064 0.618804 0.050076 0.079965
0 0.461050 0.515307 0.056420 0.086968
0 0.935435 0.338487 0.051685 0.079675
0 0.457868 0.225156 0.049242 0.076836
0 0.801414 0.058007 0.052274 0.080955
0 0.688825 0.682467 0.052013 0.087403
0 0.741702 0.072413 0.059264 0.082174
0 0.304783 0.140655 0.058712 0.078992
0 0.446140 0.061709 0.055653 0.091766
0 0.702422 0.215144 0.058789 0.086046
0 0.316865 0.221574 0.054008 0.079791
0 0.256665 0.309192 0.056173 0.078198
0 0.365412 0.723294 0.060666 0.088462
0 0.685255 0.124968 0.054839 0.081871
0 0.444071 0.679560 0.056530 0.086113
0 0.362706 0.137747 0.051047 0.081601
0 0.513463 0.076896 0.053124 0.082658
0 0.175156 0.335457 0.053763 0.081666
0 0.821934 0.287865 0.053928 0.076020
0 0.412518 0.466252 0.057608 0.083886
0 0.268021 0.395926 0.064858 0.098594
0 0.594319 0.241961 0.048754 0.076953
0 0.539503 0.203659 0.052442 0.080800
0 0.091499 0.538703 0.055060 0.087826
0 0.577802 0.480465 0.051108 0.077708
0 0.205241 0.501217 0.054006 0.087122
0 0.251997 0.622070 0.052256 0.090694
0 0.532143 0.331932 0.054905 0.086908
1 0.112009 0.168057 0.054592 0.045292
1 0.872394 0.637068 0.057711 0.096544
2 0.134625 0.339094 0.017157 0.025030
2 0.280463 0.522646 0.023396 0.034565
2 0.495711 0.440405 0.029636 0.041716
2 0.883702 0.236591 0.031975 0.053635
2 0.383018 0.027414 0.027296 0.040524
2 0.019983 0.843862 0.026516 0.047676
2 0.038700 0.817044 0.023396 0.034565