0 0.078155 0.001908 0.033680 0.003709
0 0.111319 0.014747 0.029493 0.029411
0 0.002257 0.699445 0.004487 0.068428
0 0.004644 0.494510 0.009287 0.064799
0 0.006152 0.972337 0.012303 0.052560
0 0.992358 0.969813 0.013792 0.057459
0 0.994086 0.180084 0.010269 0.060489
0 0.992582 0.876758 0.013334 0.067690
0 0.584381 0.990720 0.054539 0.015868
0 0.007082 0.219432 0.014147 0.072705
0 0.991801 0.083731 0.014803 0.073523
0 0.939335 0.427693 0.062328 0.119736
0 0.850348 0.667444 0.059842 0.079023
0 0.891858 0.715568 0.051690 0.083113
0 0.985643 0.743001 0.026890 0.096180
0 0.502808 0.975298 0.050009 0.046622
0 0.984188 0.485301 0.029690 0.071793
0 0.985767 0.627100 0.026570 0.084958
0 0.831882 0.014018 0.055917 0.027990
0 0.821075 0.975961 0.058692 0.044844
0 0.131459 0.981234 0.052234 0.035082
0 0.269093 0.976687 0.049438 0.043580
0 0.885302 0.581450 0.060281 0.081088
0 0.914189 0.508386 0.056667 0.081867
0 0.730380 0.971431 0.055159 0.054005
0 0.236853 0.889860 0.050542 0.080629
0 0.103204 0.920794 0.052530 0.083529
0 0.982425 0.405296 0.033440 0.072728
0 0.952968 0.914473 0.051134 0.076937
0 0.280478 0.750782 0.047296 0.075784
0 0.704113 0.283997 0.038029 0.063849
0 0.298914 0.931907 0.047955 0.070913
0 0.034142 0.882750 0.054836 0.082188
0 0.484923 0.846149 0.048150 0.080225
0 0.276100 0.835049 0.047390 0.073843
0 0.516406 0.624276 0.051528 0.084059
0 0.462559 0.585900 0.051150 0.086242
0 0.944201 0.600118 0.055428 0.085332
0 0.140963 0.859612 0.051181 0.078709
0 0.805550 0.620351 0.051072 0.075726
0 0.222390 0.773277 0.049279 0.075958
0 0.021769 0.332940 0.043539 0.079193
0 0.438355 0.797996 0.052999 0.073480
0 0.364674 0.021186 0.048586 0.042345
0 0.694913 0.721723 0.050518 0.075935
0 0.581343 0.654819 0.050135 0.076524
0 0.386921 0.722482 0.049877 0.081080
0 0.534797 0.725905 0.056041 0.081137
0 0.279966 0.199725 0.056644 0.072861
0 0.374210 0.619970 0.057869 0.087166
0 0.316958 0.682620 0.054114 0.078847
0 0.749012 0.281819 0.046614 0.069677
0 0.300117 0.584255 0.047568 0.080066
0 0.441598 0.678811 0.053891 0.087207
0 0.738960 0.764188 0.056096 0.082603
0 0.058273 0.768589 0.053395 0.081825
0 0.157671 0.754503 0.058570 0.082423
0 0.910021 0.853173 0.063394 0.098074
0 0.813674 0.776606 0.052907 0.081827
0 0.224804 0.541061 0.051107 0.076755
0 0.309921 0.476774 0.051385 0.074726
0 0.343684 0.155458 0.057956 0.081871
0 0.652631 0.650746 0.053842 0.086175
0 0.078486 0.070091 0.045777 0.082895
0 0.563400 0.566626 0.055998 0.077812
0 0.947692 0.029325 0.060815 0.058650
0 0.206533 0.142339 0.051088 0.081036
0 0.546090 0.851421 0.053652 0.081703
0 0.446676 0.500778 0.057023 0.074892
0 0.157955 0.575413 0.050741 0.079727
0 0.539930 0.239469 0.045041 0.067751
0 0.382947 0.529487 0.053580 0.079987
0 0.334081 0.236468 0.052156 0.071992
0 0.518867 0.162675 0.052477 0.072056
0 0.046676 0.427830 0.052759 0.082851
0 0.206717 0.451887 0.050338 0.080960
0 0.466650 0.424048 0.053050 0.079892
0 0.719565 0.186213 0.047907 0.073586
0 0.189425 0.662310 0.056207 0.084623
0 0.219462 0.050605 0.048826 0.083118
0 0.701316 0.607586 0.054836 0.082264
0 0.131488 0.495114 0.052391 0.081779
0 0.382801 0.091563 0.051437 0.078995
0 0.041199 0.129806 0.055807 0.082712
0 0.124630 0.293367 0.052422 0.083668
0 0.253412 0.401804 0.051573 0.079785
0 0.526236 0.473863 0.052079 0.077259
0 0.847197 0.255824 0.052064 0.071970
0 0.628317 0.437220 0.057721 0.077681
0 0.167173 0.368181 0.049694 0.072240
0 0.775778 0.341944 0.052782 0.077796
0 0.395890 0.227625 0.052699 0.079819
0 0.472097 0.073387 0.054438 0.081243
0 0.889121 0.086915 0.055700 0.076138
0 0.878541 0.337907 0.051342 0.078015
0 0.880748 0.166453 0.055788 0.073945
0 0.078202 0.237362 0.063253 0.078807
0 0.276229 0.293318 0.053350 0.077394
0 0.457702 0.194595 0.052227 0.081327
0 0.139344 0.063865 0.056843 0.074682
0 0.674659 0.120381 0.057164 0.089663
0 0.716575 0.401676 0.059439 0.083176
0 0.477502 0.327944 0.051363 0.078525
0 0.559390 0.109427 0.053629 0.073401
0 0.819127 0.111506 0.057364 0.079260
0 0.533593 0.317641 0.054289 0.079406
0 0.655483 0.279577 0.055121 0.081475
1 0.160751 0.151967 0.038214 0.058403
1 0.625171 0.752086 0.046793 0.088200
1 0.705109 0.502384 0.067850 0.075089
1 0.861085 0.505959 0.050692 0.075089
2 0.462176 0.970799 0.042114 0.058403
2 0.593586 0.383790 0.033535 0.042908
2 0.772569 0.231824 0.037434 0.048868