0 0.002022 0.021593 0.004015 0.042823
0 0.170519 0.996682 0.044231 0.006636
0 0.953240 0.003706 0.042985 0.007411
0 0.793698 0.005143 0.045118 0.010287
0 0.587771 0.995062 0.038790 0.009066
0 0.004579 0.200998 0.009150 0.057027
0 0.520035 0.671371 0.043569 0.073804
0 0.991565 0.012611 0.015869 0.025123
0 0.480284 0.670364 0.049455 0.075733
0 0.055895 0.992007 0.045694 0.015169
0 0.006822 0.377395 0.013643 0.075904
0 0.013823 0.835616 0.027646 0.074608
0 0.959517 0.990469 0.054294 0.017778
0 0.101174 0.007860 0.046824 0.015719
0 0.791142 0.983573 0.046860 0.030358
0 0.459612 0.009263 0.045840 0.018526
0 0.014444 0.918162 0.028888 0.081813
0 0.662285 0.984608 0.045180 0.028446
0 0.358865 0.988727 0.047756 0.020686
0 0.706656 0.012823 0.053672 0.025646
0 0.534095 0.965283 0.044940 0.067705
0 0.597441 0.825237 0.052320 0.072037
0 0.735017 0.973896 0.048487 0.050325
0 0.414288 0.980918 0.048462 0.036134
0 0.837393 0.969175 0.049802 0.059290
0 0.624675 0.209998 0.052673 0.074685
0 0.454941 0.335396 0.052939 0.072471
0 0.795234 0.922840 0.051519 0.081136
0 0.532272 0.824485 0.049347 0.085277
0 0.019963 0.779079 0.039925 0.073411
0 0.477955 0.856812 0.052678 0.075534
0 0.334796 0.020413 0.052575 0.040826
0 0.274007 0.017386 0.054836 0.034772
0 0.989406 0.617038 0.020610 0.081583
0 0.784075 0.102511 0.045826 0.080627
0 0.481915 0.588514 0.046027 0.073036
0 0.242915 0.107452 0.051479 0.080506
0 0.472328 0.974437 0.050042 0.049358
0 0.447876 0.790424 0.047507 0.073638
0 0.566695 0.898714 0.054168 0.084624
0 0.221659 0.031763 0.050514 0.063526
0 0.102452 0.682953 0.048316 0.071307
0 0.092544 0.613875 0.055297 0.081868
0 0.495762 0.124657 0.047002 0.072652
0 0.769573 0.806176 0.050807 0.070891
0 0.017245 0.606468 0.034460 0.077114
0 0.637675 0.034348 0.049060 0.068626
0 0.359837 0.640265 0.044690 0.071318
0 0.762150 0.033677 0.052239 0.067354
0 0.019464 0.131095 0.038928 0.080645
0 0.829088 0.152153 0.052434 0.091728
0 0.547024 0.613592 0.049400 0.075799
0 0.366096 0.070588 0.054902 0.077664
0 0.977372 0.773643 0.044916 0.072571
0 0.593130 0.666587 0.054378 0.082299
0 0.823454 0.848298 0.053578 0.079727
0 0.051874 0.873021 0.049480 0.082751
0 0.845650 0.058007 0.053172 0.078776
0 0.177142 0.063245 0.045821 0.072709
0 0.144573 0.288015 0.041646 0.070246
0 0.509974 0.048058 0.058173 0.075049
0 0.388932 0.812881 0.048354 0.073213
0 0.682104 0.620851 0.050187 0.077408
0 0.825020 0.363171 0.050126 0.081029
0 0.425617 0.702149 0.053699 0.074833
0 0.892688 0.106356 0.049940 0.077541
0 0.069225 0.111313 0.048415 0.069888
0 0.382720 0.145892 0.051235 0.073367
0 0.568467 0.149283 0.049014 0.087778
0 0.505622 0.407305 0.047798 0.073179
0 0.645941 0.540199 0.049161 0.078341
0 0.284389 0.928557 0.053419 0.086909
0 0.123478 0.049384 0.054809 0.072639
0 0.610930 0.100101 0.048865 0.069361
0 0.917483 0.206272 0.047056 0.082318
0 0.556597 0.239130 0.051943 0.077951
0 0.179999 0.887756 0.057838 0.093554
0 0.513328 0.490599 0.056571 0.071451
0 0.853263 0.765331 0.050142 0.078594
0 0.698812 0.535329 0.048606 0.078739
0 0.233639 0.418274 0.053208 0.071659
0 0.103986 0.835683 0.052034 0.080737
0 0.466810 0.198712 0.053528 0.086872
0 0.605827 0.485977 0.049483 0.092748
0 0.124361 0.357136 0.048024 0.076185
0 0.918470 0.873276 0.053690 0.078369
0 0.748001 0.681592 0.054751 0.076883
0 0.031266 0.535364 0.060276 0.068997
0 0.974527 0.273351 0.050643 0.083198
0 0.818553 0.546709 0.050903 0.084764
0 0.655982 0.284875 0.054443 0.082706
0 0.247217 0.753473 0.058240 0.085099
0 0.453317 0.439220 0.052864 0.079405
0 0.360217 0.240864 0.056414 0.080640
0 0.077592 0.308104 0.052807 0.072488
0 0.126325 0.556730 0.046386 0.074995
0 0.897832 0.339505 0.048475 0.073399
0 0.366858 0.525005 0.050300 0.077793
0 0.393995 0.320739 0.055193 0.085546
0 0.316069 0.289400 0.048644 0.072952
0 0.763970 0.250528 0.053312 0.089852
0 0.155205 0.163635 0.058114 0.091710
0 0.864374 0.430695 0.054576 0.082592
0 0.690340 0.380769 0.053894 0.083738
0 0.301227 0.532288 0.048540 0.080211
0 0.957882 0.541816 0.051866 0.079051
0 0.187955 0.313708 0.047002 0.083513
0 0.178245 0.568416 0.050468 0.077858
1 0.042209 0.067342 0.050692 0.044100
1 0.238740 0.498808 0.052252 0.075089
1 0.237180 0.882002 0.047573 0.076281
2 0.218073 0.150179 0.028076 0.042908
2 0.256677 0.155542 0.019497 0.027414
2 0.029341 0.656734 0.029636 0.042908
2 0.258627 0.537545 0.023396 0.028605
2 0.562391 0.312872 0.025736 0.039333
2 0.635699 0.342074 0.025736 0.042908
2 0.919966 0.558999 0.029636 0.040524
2 0.964810 0.638260 0.044453 0.058403
1 0.655976 0.792610 0.067850 0.107271