0 0.624157 0.002979 0.065365 0.005959
0 0.145375 0.001822 0.049318 0.003613
0 0.002318 0.185872 0.004637 0.086206
0 0.502308 0.993481 0.039088 0.011949
0 0.575699 0.991115 0.046200 0.016227
0 0.364053 0.991969 0.044368 0.014958
0 0.435644 0.129304 0.052268 0.079463
0 0.439902 0.010798 0.043293 0.021596
0 0.456831 0.167980 0.052284 0.082290
0 0.917869 0.722588 0.053126 0.111390
0 0.497053 0.012163 0.048025 0.024325
0 0.317157 0.037046 0.039177 0.071089
0 0.437887 0.062578 0.053200 0.071333
0 0.102451 0.152548 0.047844 0.076448
0 0.932663 0.982937 0.050639 0.031716
0 0.128293 0.114873 0.047184 0.069210
0 0.985860 0.927861 0.026967 0.078735
0 0.273248 0.028536 0.047252 0.057072
0 0.986597 0.783766 0.025182 0.072473
0 0.692281 0.021949 0.047782 0.043898
0 0.228943 0.973895 0.056465 0.050589
0 0.207470 0.926747 0.048255 0.079730
0 0.739783 0.078380 0.044889 0.068232
0 0.981679 0.172064 0.035271 0.069746
0 0.775618 0.031012 0.044173 0.062023
0 0.833687 0.032088 0.059319 0.064146
0 0.454741 0.971545 0.049623 0.055051
0 0.637373 0.402613 0.046670 0.066450
0 0.411759 0.912570 0.043091 0.070647
0 0.157300 0.930692 0.046734 0.085797
0 0.173936 0.197464 0.056430 0.073888
0 0.675848 0.143126 0.053027 0.084648
0 0.259068 0.896183 0.046997 0.077720
0 0.733098 0.162486 0.052454 0.083221
0 0.599000 0.221164 0.050030 0.072914
0 0.463041 0.505214 0.047740 0.067755
0 0.678262 0.281831 0.048922 0.086230
0 0.511747 0.194442 0.045905 0.073067
0 0.584820 0.144690 0.051425 0.076372
0 0.596092 0.448267 0.046438 0.071901
0 0.487775 0.817679 0.047953 0.072182
0 0.323731 0.930110 0.047555 0.070317
0 0.851218 0.515744 0.043988 0.067693
0 0.958088 0.105671 0.045527 0.076707
0 0.190084 0.047713 0.052387 0.075921
0 0.460091 0.890023 0.049812 0.081155
0 0.273685 0.743807 0.051550 0.079378
0 0.847597 0.110275 0.055216 0.087519
0 0.101223 0.964889 0.058513 0.068751
0 0.097422 0.830198 0.045904 0.069993
0 0.705037 0.360710 0.056381 0.073913
0 0.369356 0.222993 0.051529 0.077385
0 0.975048 0.298073 0.049062 0.078822
0 0.122896 0.566917 0.048776 0.079568
0 0.976506 0.383789 0.045942 0.078526
0 0.712562 0.672163 0.049919 0.066989
0 0.178937 0.665218 0.053914 0.080465
0 0.421816 0.320541 0.055188 0.073720
0 0.115159 0.480224 0.053293 0.077641
0 0.231256 0.207769 0.049161 0.076065
0 0.429657 0.806816 0.051515 0.074642
0 0.736964 0.279057 0.053859 0.078865
0 0.563168 0.346071 0.048752 0.073984
0 0.036763 0.447464 0.053709 0.084476
0 0.047520 0.204679 0.055847 0.079406
0 0.876424 0.189085 0.055800 0.084642
0 0.864916 0.728978 0.052291 0.072166
0 0.157131 0.834681 0.055086 0.078829
0 0.433384 0.433865 0.049948 0.075017
0 0.781964 0.219216 0.049064 0.075372
0 0.830121 0.443218 0.053663 0.073308
0 0.949360 0.670955 0.049762 0.081510
0 0.318099 0.809038 0.052529 0.076278
0 0.664364 0.472305 0.056989 0.079328
0 0.701852 0.778537 0.049866 0.077206
0 0.167786 0.751098 0.052912 0.077038
0 0.725198 0.858159 0.054496 0.083288
0 0.349032 0.311273 0.050224 0.075959
0 0.356737 0.625976 0.059058 0.080539
0 0.273761 0.390951 0.053303 0.078801
0 0.255209 0.308962 0.051981 0.077980
0 0.157959 0.434215 0.049681 0.077478
0 0.804436 0.568635 0.051214 0.077918
0 0.628138 0.837697 0.048305 0.074506
0 0.535395 0.887548 0.054765 0.086026
0 0.879379 0.830362 0.052598 0.086529
0 0.424002 0.682731 0.044838 0.078760
0 0.510500 0.729894 0.047050 0.076035
0 0.777775 0.773845 0.051658 0.080853
0 0.035568 0.290723 0.053173 0.080046
0 0.336567 0.468771 0.053280 0.078972
0 0.511231 0.542237 0.052958 0.081205
0 0.217776 0.600247 0.051841 0.081586
1 0.029731 0.076877 0.031975 0.065554
1 0.013891 0.662098 0.027781 0.082241
1 0.858356 0.352801 0.042114 0.090584
2 0.440729 0.552443 0.033535 0.051251
2 0.008432 0.800954 0.016863 0.042908
2 0.839639 0.792610 0.029636 0.050060
3 0.376779 0.033373 0.100605 0.066746
3 0.964663 0.042908 0.070675 0.085816