0 0.755224 0.991859 0.040381 0.014885
0 0.298367 0.001474 0.053789 0.002872
0 0.002199 0.114104 0.004387 0.069975
0 0.517406 0.003816 0.044282 0.007632
0 0.895465 0.992864 0.036389 0.012403
0 0.005606 0.214909 0.011211 0.070497
0 0.993280 0.263177 0.012560 0.072047
0 0.534171 0.983355 0.045286 0.030578
0 0.335261 0.984012 0.052234 0.029387
0 0.386291 0.012408 0.047862 0.024817
0 0.470172 0.980836 0.054030 0.035354
0 0.199020 0.408260 0.050088 0.073927
0 0.164529 0.979402 0.055190 0.038562
0 0.183800 0.335827 0.054300 0.081636
0 0.411686 0.969537 0.053742 0.058172
0 0.604868 0.882479 0.049224 0.076484
0 0.441716 0.022414 0.050033 0.044828
0 0.530060 0.909605 0.050674 0.084549
0 0.476415 0.146435 0.053463 0.076033
0 0.495344 0.843915 0.046593 0.071167
0 0.254978 0.915938 0.041878 0.076328
0 0.633624 0.948504 0.049543 0.071304
0 0.577421 0.956180 0.048999 0.069597
0 0.134946 0.378989 0.047628 0.081682
0 0.854468 0.942688 0.050219 0.082907
0 0.450440 0.203146 0.053788 0.085175
0 0.911086 0.941203 0.053789 0.080548
0 0.289852 0.415817 0.051230 0.087614
0 0.482649 0.065326 0.052661 0.085378
0 0.683557 0.842215 0.048695 0.072488
0 0.195128 0.033556 0.048639 0.067088
0 0.307440 0.941396 0.061774 0.069446
0 0.800845 0.813707 0.053492 0.077078
0 0.562153 0.823447 0.053100 0.076557
0 0.158670 0.453334 0.051991 0.077383
0 0.459138 0.918243 0.054941 0.077243
0 0.974528 0.195371 0.050565 0.089417
0 0.765887 0.914040 0.052541 0.083134
0 0.041776 0.463825 0.047283 0.072726
0 0.248101 0.364985 0.050644 0.088804
0 0.762168 0.738544 0.053196 0.085723
0 0.201557 0.942349 0.047085 0.071370
0 0.097516 0.314776 0.049779 0.082954
0 0.895034 0.844469 0.058098 0.076819
0 0.844591 0.440619 0.051802 0.085057
0 0.598539 0.737238 0.051965 0.079965
0 0.659602 0.212460 0.057670 0.079418
0 0.155424 0.539635 0.050427 0.075774
0 0.878837 0.221166 0.050036 0.076069
0 0.056852 0.377846 0.050903 0.076292
0 0.509028 0.263020 0.056671 0.090411
0 0.975997 0.450834 0.047530 0.080623
0 0.893639 0.483553 0.049724 0.075683
0 0.351368 0.429387 0.054094 0.083971
0 0.236796 0.697405 0.046855 0.077047
0 0.704382 0.671776 0.061430 0.094560
0 0.626258 0.341941 0.053851 0.089973
0 0.758199 0.425370 0.054885 0.075360
0 0.822569 0.721878 0.056139 0.088661
0 0.036637 0.253587 0.049701 0.078329
0 0.390589 0.189623 0.053231 0.083886
0 0.213083 0.244821 0.056489 0.091413
0 0.962852 0.537112 0.052587 0.084517
0 0.512106 0.619432 0.047082 0.072355
0 0.609372 0.514823 0.048733 0.077613
0 0.932606 0.138485 0.052554 0.079384
0 0.198493 0.620972 0.053270 0.082612
0 0.286660 0.771772 0.049660 0.080772
0 0.972119 0.692660 0.055066 0.085098
0 0.420781 0.388736 0.050993 0.082281
0 0.877752 0.321738 0.054105 0.082038
0 0.088007 0.612159 0.049075 0.077673
0 0.248793 0.164560 0.055412 0.082191
0 0.118826 0.165488 0.050482 0.078634
0 0.361174 0.846701 0.052331 0.081346
0 0.668938 0.463077 0.050081 0.081337
0 0.366630 0.522338 0.051705 0.081583
0 0.141382 0.679005 0.051811 0.089804
0 0.566746 0.181106 0.073048 0.117649
0 0.873256 0.647685 0.051754 0.081791
0 0.719721 0.162876 0.058600 0.086858
0 0.141298 0.089053 0.049030 0.080185
0 0.439381 0.750116 0.050660 0.080813
1 0.705889 0.766985 0.058491 0.044100