0 0.584800 0.003649 0.037116 0.007298
0 0.003240 0.679476 0.006479 0.060465
0 0.005320 0.343868 0.010622 0.060368
0 0.006026 0.971434 0.012053 0.054349
0 0.994112 0.181791 0.010398 0.063084
0 0.523922 0.990818 0.042620 0.015696
0 0.873975 0.006621 0.043560 0.013243
0 0.177164 0.009674 0.045749 0.019348
0 0.989477 0.271923 0.019281 0.080094
0 0.464244 0.012969 0.051172 0.025764
0 0.095381 0.984893 0.048704 0.027466
0 0.304267 0.975685 0.047109 0.045517
0 0.379239 0.976132 0.061981 0.044547
0 0.242195 0.974296 0.045981 0.048222
0 0.013803 0.189510 0.027587 0.078889
0 0.191608 0.903390 0.055485 0.071891
0 0.019110 0.794571 0.038220 0.078746
0 0.498061 0.911047 0.046698 0.075440
0 0.340581 0.930158 0.045632 0.073843
0 0.805763 0.023713 0.055715 0.047426
0 0.209305 0.751351 0.046216 0.067771
0 0.189079 0.974051 0.049471 0.048701
0 0.841554 0.787452 0.043146 0.067144
0 0.647954 0.492518 0.049221 0.069046
0 0.969134 0.961402 0.053533 0.073900
0 0.886804 0.933716 0.047093 0.072414
0 0.619245 0.846315 0.046304 0.078086
0 0.828250 0.695985 0.056754 0.085771
0 0.656991 0.784654 0.050126 0.076547
0 0.707376 0.099921 0.049906 0.068323
0 0.171866 0.702389 0.049302 0.076568
0 0.825455 0.959259 0.050305 0.077979
0 0.254374 0.609875 0.053088 0.067096
0 0.800256 0.577846 0.048853 0.088059
0 0.391863 0.906849 0.053441 0.073714
0 0.235561 0.872598 0.052725 0.080972
0 0.063156 0.908461 0.046156 0.073188
0 0.668447 0.161917 0.048442 0.080408
0 0.690095 0.896592 0.049897 0.076662
0 0.921209 0.866717 0.057108 0.081818
0 0.712417 0.812219 0.052904 0.078513
0 0.177666 0.825345 0.056471 0.074188
0 0.977299 0.794037 0.043572 0.080706
0 0.120434 0.766645 0.052524 0.077287
0 0.126799 0.922623 0.050488 0.077149
0 0.319119 0.538401 0.048703 0.075880
0 0.093520 0.580349 0.055288 0.070608
0 0.031211 0.079907 0.057619 0.077984
0 0.455514 0.219052 0.054900 0.072902
0 0.463626 0.783120 0.050345 0.075455
0 0.311203 0.773520 0.053971 0.078188
0 0.475330 0.138798 0.044900 0.073383
0 0.542384 0.291826 0.047027 0.071719
0 0.447502 0.938316 0.050141 0.081667
0 0.512880 0.834103 0.049255 0.072982
0 0.568945 0.827874 0.050616 0.081714
0 0.528324 0.115803 0.056853 0.086754
0 0.766858 0.756343 0.056183 0.079199
0 0.089965 0.131113 0.047540 0.069970
0 0.286487 0.456999 0.056364 0.074233
0 0.583651 0.176815 0.046376 0.075914
0 0.195536 0.626504 0.050820 0.076923
0 0.747536 0.894419 0.053233 0.081527
0 0.774823 0.654021 0.054219 0.074050
0 0.085738 0.664474 0.055536 0.070766
0 0.910877 0.671683 0.052222 0.071630
0 0.856861 0.624076 0.055112 0.075306
0 0.505307 0.571154 0.046031 0.076043
0 0.200354 0.296083 0.046871 0.070148
0 0.257895 0.363810 0.056632 0.075844
0 0.241372 0.064575 0.049140 0.078197
0 0.754287 0.139469 0.052882 0.076516
0 0.267935 0.272173 0.048656 0.073932
0 0.497912 0.446660 0.049154 0.077466
0 0.557507 0.403349 0.058637 0.087750
0 0.045258 0.542907 0.050131 0.072956
0 0.969513 0.453337 0.052966 0.078802
0 0.813893 0.188112 0.046033 0.067476
0 0.137723 0.294502 0.058527 0.060808
0 0.485205 0.282110 0.054894 0.078484
0 0.314595 0.178122 0.050831 0.077802
0 0.311427 0.040962 0.054210 0.081284
0 0.821331 0.318700 0.053654 0.079100
0 0.658326 0.588559 0.082551 0.130383
0 0.404984 0.685135 0.058932 0.081660
0 0.371467 0.037549 0.054571 0.074758
0 0.572157 0.625064 0.056070 0.090464
0 0.401678 0.182475 0.051572 0.078124
0 0.759154 0.400556 0.055421 0.081013
0 0.334687 0.272806 0.052584 0.076261
0 0.964367 0.356463 0.053291 0.078013
0 0.172531 0.439294 0.050815 0.081118
0 0.139381 0.059836 0.050972 0.074727
0 0.177940 0.195176 0.054472 0.079470
0 0.431618 0.430504 0.051336 0.083256
0 0.909403 0.107899 0.056521 0.079835
0 0.702203 0.473041 0.049916 0.078935
0 0.375025 0.443343 0.052944 0.083472
0 0.877655 0.215272 0.051258 0.085273
0 0.859555 0.501218 0.050891 0.074750
0 0.919420 0.591060 0.058064 0.086206
0 0.645352 0.342085 0.050710 0.078058
0 0.064425 0.425314 0.060034 0.082977
1 0.090562 0.070322 0.038214 0.050060
1 0.123707 0.432658 0.045233 0.076281
2 0.053518 0.132896 0.026516 0.036949
2 0.281243 0.560191 0.021837 0.030989
2 0.512478 0.369487 0.022617 0.033373
2 0.706669 0.151371 0.021057 0.033373
2 0.795185 0.364124 0.024956 0.041716
2 0.717587 0.606079 0.030415 0.041716
2 0.930105 0.980930 0.029636 0.038141