0 0.381284 0.001575 0.042995 0.003150
0 0.996472 0.887516 0.006827 0.068706
0 0.002335 0.725741 0.004667 0.067357
0 0.005135 0.331120 0.010270 0.065774
0 0.005287 0.486761 0.010575 0.054217
0 0.491129 0.005466 0.039992 0.010932
0 0.996274 0.043068 0.007170 0.067250
0 0.010791 0.557590 0.021582 0.074776
0 0.938179 0.989211 0.049031 0.019456
0 0.581716 0.316231 0.049548 0.084196
0 0.259233 0.009232 0.047770 0.018465
0 0.429570 0.982576 0.060826 0.033019
0 0.118197 0.018364 0.074292 0.036728
0 0.342611 0.322421 0.052653 0.062999
0 0.060781 0.258390 0.051766 0.081956
0 0.014348 0.413412 0.028695 0.083508
0 0.372839 0.959620 0.050487 0.079318
0 0.061684 0.330779 0.048882 0.074892
0 0.020200 0.632141 0.040286 0.072506
0 0.022761 0.039275 0.045521 0.078550
0 0.979691 0.968112 0.039573 0.061646
0 0.578446 0.234957 0.055609 0.081146
0 0.185728 0.374900 0.051460 0.064276
0 0.893987 0.013335 0.054201 0.026670
0 0.201195 0.520084 0.048832 0.082094
0 0.171234 0.447570 0.060953 0.084716
0 0.706081 0.978292 0.060951 0.041009
0 0.571954 0.013965 0.059937 0.027931
0 0.065507 0.413551 0.050531 0.075953
0 0.284905 0.337332 0.056067 0.084904
0 0.147470 0.060069 0.055143 0.078791
0 0.325839 0.017678 0.054629 0.035357
0 0.624581 0.369773 0.056360 0.069657
0 0.643087 0.296066 0.058488 0.068961
0 0.261928 0.271187 0.053603 0.081871
0 0.311598 0.221361 0.048096 0.096538
0 0.589262 0.148909 0.058761 0.080971
0 0.358093 0.232637 0.049874 0.082057
0 0.244206 0.443066 0.061128 0.097001
0 0.747514 0.023328 0.051550 0.046657
0 0.116982 0.234455 0.047815 0.072284
0 0.794610 0.970540 0.051061 0.056982
0 0.959517 0.023679 0.046632 0.047358
0 0.539951 0.364520 0.056430 0.089027
0 0.722066 0.111798 0.048610 0.076203
0 0.780344 0.867929 0.049522 0.075882
0 0.568898 0.075102 0.051619 0.079838
0 0.207557 0.294335 0.051341 0.082539
0 0.308952 0.474305 0.051206 0.076283
0 0.791084 0.524827 0.049993 0.078360
0 0.056177 0.898589 0.062863 0.086920
0 0.252814 0.553165 0.051139 0.080413
0 0.973551 0.133291 0.050171 0.072627
0 0.359949 0.111071 0.042712 0.080419
0 0.134022 0.141535 0.055203 0.086822
0 0.810519 0.032787 0.057588 0.065574
0 0.519212 0.135037 0.068266 0.080024
0 0.553384 0.936665 0.053180 0.074853
0 0.532412 0.856589 0.050598 0.079135
0 0.603699 0.444106 0.057890 0.083416
0 0.643725 0.523827 0.052291 0.073326
0 0.831406 0.363714 0.053668 0.090403
0 0.143366 0.950829 0.054170 0.079237
0 0.327108 0.804416 0.053703 0.083836
0 0.839452 0.600744 0.056314 0.082184
0 0.491884 0.058116 0.050871 0.076454
0 0.505478 0.444660 0.054560 0.091271
0 0.401916 0.166124 0.050523 0.086616
0 0.738055 0.559489 0.052150 0.078164
0 0.863273 0.440372 0.061701 0.089242
0 0.430379 0.565764 0.051529 0.079761
0 0.696317 0.043289 0.048023 0.074714
0 0.644341 0.914840 0.056399 0.083488
0 0.735486 0.922915 0.057352 0.084645
0 0.398900 0.458461 0.057058 0.079043
0 0.770909 0.377406 0.059593 0.084267
0 0.074271 0.781799 0.056875 0.081578
0 0.170126 0.840194 0.052683 0.082942
0 0.837633 0.921984 0.052622 0.078029
0 0.684431 0.374805 0.047336 0.085263
0 0.628628 0.657596 0.051038 0.078060
0 0.895884 0.742315 0.054819 0.085681
0 0.432462 0.321090 0.056318 0.087775
0 0.563466 0.725643 0.058663 0.083890
0 0.912702 0.130128 0.051483 0.073182
0 0.296803 0.103770 0.056896 0.080417
0 0.731079 0.232841 0.054890 0.076457
0 0.370340 0.585545 0.055186 0.085944
0 0.492259 0.649276 0.051609 0.081207
0 0.844968 0.161593 0.055739 0.078946
0 0.409896 0.072485 0.051617 0.082665
0 0.963792 0.358375 0.053850 0.082485
0 0.946322 0.708114 0.049398 0.078365
0 0.849919 0.252777 0.055980 0.077819
0 0.298842 0.712686 0.060392 0.087044
0 0.898030 0.353922 0.054866 0.088298
0 0.964493 0.247450 0.054814 0.081293
1 0.023492 0.318236 0.022617 0.054827
1 0.115128 0.316448 0.040554 0.087008
1 0.153342 0.324195 0.037434 0.078665
1 0.079644 0.041716 0.042894 0.083433
1 0.347143 0.374851 0.047573 0.075089
1 0.321407 0.983909 0.039774 0.032181
2 0.454767 0.464243 0.044453 0.067938
2 0.905149 0.280691 0.023396 0.032181