0 0.104159 0.466447 0.044496 0.077048
0 0.126595 0.431613 0.046240 0.069129
0 0.995684 0.212337 0.007288 0.051348
0 0.378039 0.004633 0.030927 0.009265
0 0.004583 0.291121 0.009152 0.051543
0 0.987953 0.720836 0.022442 0.070341
0 0.924322 0.583762 0.052150 0.060376
0 0.931654 0.644777 0.058485 0.075397
0 0.069381 0.989990 0.037816 0.017329
0 0.300545 0.989353 0.042529 0.018269
0 0.115541 0.988410 0.047201 0.020382
0 0.648246 0.987495 0.043968 0.021862
0 0.168536 0.985076 0.043317 0.026807
0 0.657238 0.010372 0.041031 0.020667
0 0.990381 0.080271 0.017594 0.066913
0 0.011213 0.933493 0.022426 0.071246
0 0.192251 0.947564 0.048444 0.069262
0 0.158735 0.915379 0.048802 0.070156
0 0.781549 0.982482 0.046800 0.031765
0 0.449544 0.984477 0.046988 0.027614
0 0.599163 0.967674 0.048539 0.061434
0 0.799340 0.024434 0.044845 0.048823
0 0.823863 0.963960 0.051348 0.068439
0 0.811835 0.898419 0.045709 0.073533
0 0.503106 0.418163 0.044905 0.077171
0 0.971074 0.694502 0.053190 0.084478
0 0.017268 0.234080 0.034507 0.070743
0 0.091418 0.383246 0.043464 0.077318
0 0.802221 0.080603 0.056453 0.075096
0 0.539544 0.431954 0.046039 0.078785
0 0.738822 0.948566 0.036154 0.069855
0 0.965811 0.969345 0.043919 0.058043
0 0.979669 0.823725 0.038741 0.075275
0 0.017853 0.101408 0.035706 0.076579
0 0.017556 0.727450 0.035112 0.080468
0 0.850098 0.018420 0.046670 0.036840
0 0.624230 0.920615 0.048016 0.078767
0 0.369627 0.649751 0.044167 0.072970
0 0.195442 0.871687 0.049938 0.074047
0 0.156282 0.062235 0.047873 0.071312
0 0.788233 0.684931 0.042417 0.070079
0 0.083578 0.810435 0.045319 0.075407
0 0.828073 0.556842 0.047865 0.069939
0 0.843736 0.429789 0.051576 0.075300
0 0.497855 0.020253 0.046601 0.040501
0 0.122502 0.845270 0.048006 0.090518
0 0.023900 0.608934 0.047635 0.074471
0 0.360866 0.719602 0.046476 0.060779
0 0.441434 0.934017 0.049751 0.065568
0 0.979395 0.266853 0.039265 0.075437
0 0.338614 0.936487 0.048091 0.074703
0 0.919793 0.921820 0.040559 0.078800
0 0.491781 0.919158 0.049057 0.076650
0 0.484538 0.105027 0.044611 0.074521
0 0.036142 0.514198 0.048647 0.075253
0 0.054598 0.909417 0.045345 0.076223
0 0.031587 0.176563 0.054317 0.068285
0 0.666390 0.745885 0.044951 0.070091
0 0.468115 0.048534 0.042928 0.068750
0 0.308288 0.870415 0.050157 0.074428
0 0.979370 0.348505 0.039059 0.078101
0 0.532063 0.868264 0.049928 0.069245
0 0.344351 0.397643 0.044763 0.071434
0 0.078928 0.656830 0.051242 0.062338
0 0.214000 0.226594 0.043103 0.083460
0 0.054562 0.029208 0.049764 0.058416
0 0.038081 0.833639 0.046986 0.073799
0 0.680414 0.922492 0.051199 0.076101
0 0.107377 0.556104 0.049455 0.082055
0 0.180706 0.546757 0.044976 0.068026
0 0.808582 0.754019 0.047707 0.074862
0 0.331396 0.777798 0.052110 0.076656
0 0.225125 0.796556 0.059649 0.072298
0 0.452523 0.700522 0.040394 0.079842
0 0.977159 0.154794 0.043757 0.078959
0 0.496997 0.722546 0.047105 0.068630
0 0.661892 0.836571 0.051150 0.083842
0 0.449221 0.863286 0.055510 0.071745
0 0.049000 0.341910 0.045537 0.076941
0 0.872723 0.899726 0.048256 0.076049
0 0.391052 0.958389 0.049031 0.077128
0 0.859524 0.666122 0.049614 0.074216
0 0.697556 0.686196 0.039595 0.077415
0 0.249221 0.888902 0.054096 0.087036
0 0.841058 0.808885 0.052524 0.077082
0 0.029459 0.431960 0.051303 0.076388
0 0.905923 0.775608 0.045907 0.073978
0 0.188515 0.727842 0.051146 0.074387
0 0.630582 0.660976 0.046417 0.072611
0 0.217267 0.060841 0.065484 0.082422
0 0.782005 0.512951 0.049252 0.076397
0 0.183829 0.623664 0.048400 0.076291
0 0.490495 0.802150 0.052737 0.077611
0 0.566500 0.595838 0.048396 0.072145
0 0.718358 0.781300 0.047353 0.071088
0 0.447550 0.552784 0.051334 0.078295
0 0.946696 0.214174 0.047028 0.084448
0 0.365953 0.832185 0.052101 0.079677
0 0.155956 0.332804 0.048963 0.075280
0 0.583782 0.756314 0.054007 0.079539
0 0.472338 0.623487 0.047181 0.077396
0 0.576972 0.673019 0.045547 0.074920
0 0.395971 0.255682 0.047640 0.074641
0 0.325312 0.464375 0.054691 0.082794
0 0.936975 0.443689 0.050455 0.078430
0 0.333209 0.085040 0.050035 0.072326
0 0.949389 0.031466 0.051384 0.062932
0 0.059899 0.254162 0.044655 0.082702
0 0.261754 0.670602 0.050028 0.070963
0 0.891929 0.402579 0.050692 0.080504
0 0.337444 0.549974 0.054489 0.085656
0 0.894624 0.033648 0.047067 0.067296
0 0.953355 0.520564 0.057899 0.073380
0 0.694827 0.342638 0.056720 0.072836
0 0.086996 0.728785 0.051290 0.075748
0 0.790862 0.384355 0.045661 0.076432
0 0.333339 0.305324 0.047440 0.083782
0 0.709438 0.247982 0.047931 0.068242
0 0.407835 0.605422 0.050402 0.083776
0 0.414412 0.423770 0.051788 0.075281
0 0.465671 0.471023 0.049511 0.087742
0 0.228550 0.379327 0.049893 0.081570
0 0.942689 0.107195 0.049180 0.079664
0 0.775480 0.597430 0.047177 0.083365
0 0.635879 0.534903 0.049451 0.082947
0 0.834483 0.137325 0.048515 0.076007
0 0.612431 0.029339 0.045962 0.058677
0 0.169190 0.256980 0.046788 0.073087
0 0.114025 0.152566 0.047720 0.083246
0 0.250015 0.271101 0.046707 0.078284
0 0.439271 0.137181 0.045758 0.082440
0 0.337132 0.162665 0.049709 0.071766
0 0.726701 0.402250 0.056710 0.088810
0 0.381321 0.061033 0.043156 0.081434
0 0.866422 0.503865 0.055153 0.083510
0 0.669777 0.607318 0.053262 0.083041
0 0.543012 0.519392 0.058548 0.083157
0 0.735339 0.490186 0.050087 0.078556
0 0.629911 0.181445 0.049048 0.072623
0 0.684672 0.177464 0.050804 0.076494
0 0.896050 0.258953 0.048099 0.068509
0 0.236543 0.139771 0.051623 0.068345
0 0.685041 0.098318 0.044676 0.070760
0 0.723373 0.583879 0.047019 0.075843
0 0.836575 0.309345 0.048384 0.072099
0 0.428976 0.331677 0.044007 0.069550
0 0.671916 0.467685 0.048899 0.085768
0 0.804882 0.219960 0.050887 0.079237
0 0.268755 0.443058 0.055828 0.088385
0 0.393651 0.166510 0.044782 0.072143
0 0.500256 0.339650 0.046703 0.071099
0 0.735711 0.085936 0.048944 0.083877
0 0.553979 0.289467 0.051604 0.071859
0 0.471574 0.194509 0.051329 0.085303
0 0.311242 0.237486 0.059942 0.085770
0 0.662957 0.279615 0.050677 0.077967
0 0.588318 0.228797 0.047823 0.075442
0 0.520800 0.222680 0.046205 0.079713
0 0.932133 0.346403 0.048450 0.079591
0 0.749061 0.162888 0.047807 0.072586
0 0.381459 0.351189 0.049097 0.080659
0 0.603406 0.106485 0.051686 0.085857
0 0.546021 0.048285 0.047496 0.085965
0 0.283491 0.043886 0.054552 0.078459
0 0.592971 0.459769 0.055369 0.082965
1 0.346753 0.616210 0.057711 0.050060
2 0.139695 0.100715 0.019497 0.034565
2 0.170890 0.500000 0.021057 0.032181
2 0.253947 0.520262 0.020277 0.029797
2 0.310489 0.516687 0.014818 0.025030
2 0.501950 0.981526 0.029636 0.036949
2 0.714468 0.986889 0.019497 0.026222
2 0.842758 0.862932 0.017157 0.028605
2 0.870444 0.772944 0.019497 0.032181
2 0.813123 0.602503 0.021837 0.032181
2 0.688342 0.402265 0.015598 0.027414
3 0.173229 0.023242 0.078768 0.046484