0 0.916092 0.917766 0.042735 0.075277
0 0.947136 0.939055 0.045909 0.085965
0 0.850725 0.992314 0.035351 0.012899
0 0.004254 0.507349 0.008508 0.053718
0 0.073223 0.991968 0.037267 0.013801
0 0.009168 0.906853 0.018335 0.074640
0 0.990210 0.898144 0.018005 0.080069
0 0.983354 0.970607 0.031608 0.055714
0 0.509028 0.988877 0.044476 0.019395
0 0.249625 0.985863 0.052038 0.025236
0 0.441950 0.010038 0.053947 0.020076
0 0.622428 0.879227 0.056225 0.084096
0 0.353296 0.986005 0.050035 0.025021
0 0.989352 0.144006 0.019585 0.075075
0 0.608677 0.944076 0.060935 0.070792
0 0.029727 0.960698 0.051672 0.075262
0 0.954544 0.015664 0.050638 0.031328
0 0.709446 0.809198 0.048976 0.070392
0 0.018451 0.044225 0.036887 0.077087
0 0.020632 0.396834 0.041265 0.082566
0 0.024121 0.635934 0.048243 0.081456
0 0.873955 0.957201 0.048496 0.068444
0 0.734276 0.870903 0.055983 0.077592
0 0.248279 0.901460 0.042897 0.093390
0 0.693310 0.946750 0.049982 0.078305
0 0.132498 0.084286 0.055798 0.072869
0 0.750694 0.945793 0.054431 0.072231
0 0.976713 0.644019 0.040888 0.075913
0 0.044248 0.796123 0.048869 0.080602
0 0.113435 0.034973 0.052633 0.069947
0 0.353568 0.088355 0.061809 0.072749
0 0.793868 0.028422 0.051016 0.056843
0 0.133212 0.946323 0.048134 0.080962
0 0.930770 0.816195 0.048264 0.077232
0 0.743677 0.747591 0.046146 0.077762
0 0.642364 0.695529 0.056185 0.085354
0 0.691118 0.737527 0.049727 0.075632
0 0.965300 0.759825 0.057449 0.075977
0 0.558970 0.843543 0.049895 0.086193
0 0.442511 0.165533 0.049989 0.085166
0 0.491068 0.546564 0.050351 0.095149
0 0.064992 0.876078 0.061123 0.081106
0 0.821384 0.475521 0.054132 0.081391
0 0.032461 0.715957 0.050546 0.076039
0 0.600483 0.155429 0.053574 0.077771
0 0.405191 0.131588 0.049409 0.092380
0 0.600131 0.221064 0.046323 0.076064
0 0.233229 0.355145 0.051688 0.076583
0 0.514968 0.940089 0.046080 0.074166
0 0.966741 0.499205 0.047908 0.067113
0 0.835370 0.052765 0.048155 0.075880
0 0.438138 0.574715 0.049912 0.074652
0 0.054140 0.276888 0.047886 0.080645
0 0.391993 0.668065 0.050394 0.081401
0 0.282810 0.036067 0.053349 0.072134
0 0.959888 0.269504 0.048079 0.077527
0 0.918258 0.566624 0.050794 0.074299
0 0.729736 0.029033 0.054883 0.058066
0 0.049905 0.100557 0.054199 0.070360
0 0.530629 0.026408 0.056710 0.052816
0 0.576431 0.375287 0.054721 0.088344
0 0.678266 0.186554 0.052211 0.074447
0 0.300330 0.944961 0.058050 0.080984
0 0.588072 0.756686 0.054832 0.087827
0 0.361854 0.163760 0.054909 0.089331
0 0.756617 0.673120 0.051240 0.076191
0 0.875154 0.104278 0.046327 0.076623
0 0.407010 0.042688 0.052521 0.073542
0 0.155842 0.149623 0.048583 0.080667
0 0.664017 0.107709 0.052168 0.085432
0 0.925500 0.229312 0.052018 0.079550
0 0.789655 0.409206 0.058995 0.088316
0 0.255742 0.808646 0.053550 0.079992
0 0.187888 0.609690 0.054141 0.079037
0 0.349274 0.628497 0.051290 0.079557
0 0.718593 0.614126 0.053110 0.079933
0 0.231870 0.281612 0.056766 0.079148
0 0.542005 0.127996 0.049232 0.079205
0 0.108778 0.486724 0.053149 0.080409
0 0.821081 0.125754 0.059559 0.086365
0 0.614546 0.077647 0.051643 0.077991
0 0.245620 0.140688 0.049253 0.083507
0 0.650937 0.254427 0.048454 0.080879
0 0.341816 0.756080 0.054990 0.085105
0 0.149245 0.549406 0.054509 0.088198
0 0.207413 0.741603 0.053080 0.081404
0 0.605434 0.630699 0.050647 0.085014
0 0.507034 0.462622 0.051380 0.076333
0 0.203667 0.107154 0.054151 0.093973
0 0.115376 0.338611 0.052804 0.085883
0 0.911322 0.152477 0.050787 0.079233
0 0.463894 0.238971 0.049659 0.081297
0 0.458469 0.410548 0.051978 0.081206
0 0.369642 0.254399 0.049181 0.082782
0 0.294152 0.298350 0.047537 0.078257
0 0.170320 0.404730 0.054221 0.083694
0 0.393771 0.339505 0.052442 0.089600
1 0.103430 0.226460 0.034315 0.064362
1 0.538994 0.329559 0.053812 0.077473
2 0.046889 0.185340 0.021057 0.032181
2 0.076524 0.208582 0.022617 0.033373
2 0.169330 0.209178 0.024176 0.039333
2 0.334665 0.205602 0.022617 0.044100
2 0.484402 0.056019 0.021057 0.030989
2 0.558101 0.193087 0.023396 0.040524
2 0.010771 0.848033 0.021542 0.034565
2 0.150223 0.865316 0.034315 0.050060
2 0.819362 0.705602 0.024956 0.033373
3 0.831450 0.837306 0.109963 0.175209