0 0.201794 0.002227 0.043664 0.004453
0 0.943363 0.993806 0.040371 0.010310
0 0.769086 0.005767 0.036183 0.011533
0 0.993470 0.566437 0.011662 0.063000
0 0.987983 0.232432 0.022359 0.076615
0 0.990189 0.433150 0.017818 0.067958
0 0.462895 0.009501 0.045849 0.019001
0 0.956980 0.504456 0.053370 0.071337
0 0.023070 0.986264 0.046056 0.024659
0 0.262619 0.985721 0.035819 0.025594
0 0.982366 0.310434 0.033361 0.083360
0 0.936615 0.468636 0.048537 0.080079
0 0.275934 0.684654 0.049741 0.084276
0 0.266050 0.230643 0.050459 0.085060
0 0.299121 0.207096 0.050437 0.076880
0 0.800550 0.387007 0.047624 0.080361
0 0.013159 0.747799 0.026310 0.070912
0 0.666241 0.983355 0.050548 0.030199
0 0.286989 0.625349 0.055437 0.067813
0 0.389180 0.461662 0.049051 0.078607
0 0.237858 0.744892 0.051155 0.086947
0 0.308505 0.982707 0.049365 0.031396
0 0.487253 0.608598 0.044066 0.084487
0 0.015580 0.574214 0.031161 0.080326
0 0.266039 0.804143 0.052645 0.080467
0 0.017189 0.821157 0.034379 0.070360
0 0.530620 0.618671 0.052283 0.073058
0 0.567430 0.977730 0.051774 0.041367
0 0.779284 0.336341 0.051388 0.084192
0 0.470325 0.974413 0.053222 0.047845
0 0.520912 0.546597 0.055624 0.070111
0 0.649314 0.858326 0.044587 0.071106
0 0.977025 0.635139 0.043924 0.076788
0 0.226384 0.959775 0.049720 0.074381
0 0.273227 0.326996 0.053104 0.078873
0 0.016886 0.360190 0.033724 0.081479
0 0.983847 0.122573 0.030439 0.088249
0 0.233357 0.878763 0.053941 0.080760
0 0.555113 0.796770 0.048276 0.083095
0 0.750576 0.937708 0.046562 0.073281
0 0.092759 0.889319 0.048375 0.080885
0 0.236371 0.403191 0.049345 0.073632
0 0.212481 0.326651 0.048599 0.079307
0 0.885551 0.536596 0.052038 0.073295
0 0.833494 0.535613 0.045899 0.072855
0 0.426263 0.427180 0.051993 0.086144
0 0.318592 0.924910 0.051091 0.073380
0 0.470261 0.728171 0.050531 0.073820
0 0.640933 0.664140 0.049706 0.075818
0 0.589395 0.446857 0.049668 0.076086
0 0.151624 0.730451 0.047410 0.078402
0 0.881160 0.922629 0.046458 0.080973
0 0.721303 0.401271 0.044861 0.069482
0 0.532749 0.931097 0.050201 0.078375
0 0.461353 0.805463 0.049132 0.075343
0 0.139237 0.855771 0.047977 0.076927
0 0.943346 0.579143 0.045738 0.076244
0 0.481446 0.420309 0.051148 0.083151
0 0.537711 0.717407 0.049832 0.075404
0 0.023271 0.470936 0.046534 0.078320
0 0.455037 0.912929 0.050374 0.086635
0 0.149479 0.495650 0.052096 0.071668
0 0.603803 0.822493 0.049657 0.085473
0 0.905843 0.638279 0.045891 0.083579
0 0.042005 0.912285 0.049583 0.077839
0 0.818680 0.926190 0.050724 0.074949
0 0.653486 0.480820 0.050648 0.071743
0 0.294850 0.033430 0.048262 0.066861
0 0.246135 0.078592 0.048787 0.079566
0 0.933888 0.946161 0.054936 0.085366
0 0.645074 0.296851 0.046934 0.076569
0 0.675999 0.753508 0.046966 0.084908
0 0.234596 0.555200 0.048759 0.080349
0 0.631070 0.391942 0.053144 0.071068
0 0.387371 0.704581 0.051365 0.075644
0 0.145829 0.378332 0.053321 0.067538
0 0.096162 0.769870 0.049219 0.074184
0 0.771730 0.579337 0.046916 0.070972
0 0.832668 0.452259 0.048867 0.075757
0 0.116234 0.665752 0.049739 0.080754
0 0.379414 0.622982 0.051017 0.080480
0 0.750701 0.274329 0.048838 0.079546
0 0.192270 0.452242 0.050585 0.077026
0 0.446461 0.653075 0.055119 0.085103
0 0.786850 0.733724 0.044748 0.070735
0 0.784697 0.650506 0.051057 0.073429
0 0.394134 0.179067 0.049387 0.081542
0 0.107734 0.318304 0.054624 0.084908
0 0.159261 0.614348 0.055331 0.070749
0 0.957767 0.196502 0.052200 0.078879
0 0.603116 0.733404 0.051929 0.078908
0 0.828353 0.827388 0.053235 0.080489
0 0.197563 0.688905 0.052906 0.082306
0 0.495718 0.339265 0.055345 0.082777
0 0.682442 0.611441 0.052625 0.083674
0 0.721302 0.872977 0.055907 0.083575
0 0.710237 0.476650 0.052779 0.077948
0 0.042454 0.185491 0.047934 0.078360
0 0.190621 0.048120 0.052447 0.082807
0 0.835126 0.250418 0.049580 0.070697
0 0.347866 0.505479 0.051487 0.082738
0 0.053314 0.532690 0.051173 0.079790
0 0.348505 0.863220 0.050268 0.074955
0 0.146526 0.232766 0.054239 0.068957
0 0.876454 0.025168 0.054918 0.050242
0 0.406916 0.869290 0.054421 0.081670
0 0.957647 0.800148 0.051043 0.080162
0 0.698781 0.109648 0.050226 0.084493
0 0.840148 0.640171 0.051236 0.081754
0 0.847976 0.332009 0.054187 0.084259
0 0.594896 0.319578 0.049148 0.078149
0 0.887174 0.835871 0.052423 0.079663
0 0.287942 0.532139 0.053045 0.083098
0 0.433364 0.302988 0.054009 0.081434
0 0.321646 0.372391 0.060840 0.093548
0 0.532003 0.177509 0.048985 0.082419
0 0.951107 0.713269 0.055743 0.083210
0 0.029278 0.663326 0.054728 0.087860
0 0.542331 0.302788 0.048768 0.082930
0 0.728739 0.751479 0.050513 0.079678
0 0.926206 0.383527 0.057839 0.083086
0 0.059228 0.262748 0.051808 0.078196
0 0.492096 0.240821 0.050292 0.081491
0 0.041243 0.080583 0.051740 0.084422
0 0.827243 0.100629 0.055761 0.090277
0 0.745726 0.142931 0.047818 0.080709
0 0.661787 0.049080 0.053209 0.076917
0 0.894394 0.745088 0.056023 0.086114
0 0.940404 0.122506 0.052730 0.080894
0 0.472609 0.142215 0.047082 0.084847
0 0.157397 0.146542 0.054094 0.082395
0 0.681807 0.233440 0.052102 0.083058
0 0.478614 0.056541 0.050201 0.076650
0 0.950503 0.039423 0.056719 0.078715
0 0.863696 0.172698 0.054043 0.092036
0 0.403640 0.084862 0.052468 0.081665
1 0.101870 0.255662 0.032755 0.056019
2 0.011551 0.297378 0.023102 0.046484
2 0.061706 0.473778 0.022617 0.034565
2 0.040260 0.755662 0.020277 0.035757
2 0.246928 0.653754 0.021837 0.039333
2 0.268765 0.443981 0.023396 0.034565
2 0.319457 0.168057 0.020277 0.026222
2 0.412653 0.258045 0.021057 0.032181
2 0.457106 0.256257 0.016378 0.028605
2 0.535485 0.115614 0.021837 0.035757
2 0.531975 0.500000 0.019497 0.029797
2 0.551862 0.484505 0.018717 0.034565
2 0.439169 0.601311 0.017937 0.027414
2 0.414993 0.804529 0.021057 0.033373
2 0.789336 0.896901 0.022617 0.036949
2 0.871614 0.703814 0.021837 0.032181
2 0.852507 0.901073 0.014818 0.028605