0 0.664321 0.996324 0.036869 0.006780
0 0.609069 0.993128 0.040606 0.013021
0 0.002443 0.087090 0.004886 0.056463
0 0.997103 0.073770 0.005102 0.048145
0 0.997343 0.759829 0.004761 0.058550
0 0.008536 0.326364 0.017022 0.073029
0 0.005195 0.932079 0.010391 0.067924
0 0.005594 0.422632 0.011174 0.070958
0 0.845091 0.369988 0.047698 0.082844
0 0.860160 0.426548 0.050584 0.076467
0 0.994232 0.508407 0.010727 0.076398
0 0.160133 0.007235 0.049773 0.014470
0 0.474601 0.007961 0.044323 0.015922
0 0.889259 0.599544 0.055335 0.071859
0 0.803317 0.010611 0.046607 0.021223
0 0.011743 0.851958 0.023449 0.078781
0 0.347785 0.987740 0.041421 0.021783
0 0.220635 0.988263 0.051388 0.020939
0 0.988080 0.679817 0.022245 0.080667
0 0.909942 0.568409 0.056312 0.085396
0 0.980444 0.968196 0.037408 0.060433
0 0.987484 0.219423 0.023210 0.080063
0 0.976103 0.821753 0.046161 0.063985
0 0.411008 0.979227 0.054567 0.038188
0 0.076185 0.978950 0.049246 0.039668
0 0.499376 0.980296 0.055747 0.036043
0 0.746375 0.021113 0.053953 0.042226
0 0.259826 0.030367 0.054183 0.060733
0 0.562269 0.022799 0.054181 0.045597
0 0.497683 0.133147 0.047052 0.079875
0 0.172458 0.625240 0.049246 0.079197
0 0.709957 0.093217 0.048316 0.077381
0 0.564387 0.967234 0.053688 0.062552
0 0.370971 0.251219 0.051066 0.078155
0 0.320802 0.634203 0.055239 0.077760
0 0.639754 0.020950 0.050263 0.041901
0 0.451497 0.684460 0.045480 0.069945
0 0.491841 0.649619 0.044845 0.070150
0 0.151766 0.911184 0.045734 0.072160
0 0.336718 0.032520 0.053958 0.065039
0 0.555161 0.523590 0.046762 0.074320
0 0.020024 0.244727 0.040046 0.083195
0 0.239847 0.435438 0.053808 0.086051
0 0.954914 0.022038 0.054718 0.044076
0 0.322715 0.264761 0.047429 0.080401
0 0.210161 0.095657 0.052853 0.075730
0 0.576865 0.193632 0.047485 0.064733
0 0.159326 0.058011 0.049744 0.074736
0 0.473047 0.060174 0.052892 0.081669
0 0.890047 0.023641 0.054635 0.047283
0 0.878539 0.159213 0.044303 0.064720
0 0.148136 0.422717 0.052137 0.077539
0 0.585677 0.911553 0.053235 0.075471
0 0.671593 0.132764 0.050724 0.083941
0 0.215350 0.668523 0.049400 0.080151
0 0.932803 0.966220 0.051598 0.064631
0 0.970114 0.747956 0.041796 0.072399
0 0.390322 0.326576 0.052561 0.069823
0 0.497995 0.573315 0.049392 0.074278
0 0.142025 0.701675 0.046731 0.076617
0 0.028531 0.673361 0.047211 0.077399
0 0.117886 0.851176 0.050840 0.073151
0 0.549144 0.120531 0.048936 0.077385
0 0.336646 0.560414 0.051748 0.079628
0 0.273909 0.881409 0.052845 0.081908
0 0.258694 0.138719 0.056705 0.074811
0 0.602115 0.100848 0.053439 0.084793
0 0.303051 0.808982 0.048207 0.075232
0 0.862934 0.664106 0.045476 0.073715
0 0.085858 0.915152 0.050614 0.078194
0 0.052510 0.089811 0.050887 0.074408
0 0.840521 0.193492 0.042906 0.074893
0 0.339673 0.719379 0.059304 0.085401
0 0.603051 0.571934 0.052200 0.078434
0 0.225316 0.842524 0.048537 0.079112
0 0.072948 0.636085 0.050616 0.076798
0 0.159351 0.783020 0.051173 0.076634
0 0.353300 0.130789 0.055553 0.084689
0 0.219177 0.927982 0.052056 0.083849
0 0.583333 0.464550 0.054746 0.079147
0 0.464790 0.755383 0.053904 0.072168
0 0.105281 0.133832 0.053488 0.084339
0 0.531802 0.896576 0.050533 0.078887
0 0.865663 0.085468 0.053105 0.078109
0 0.908795 0.714352 0.043717 0.072097
0 0.807913 0.320225 0.046332 0.075368
0 0.519340 0.808089 0.048154 0.079229
0 0.780931 0.866797 0.048165 0.077153
0 0.661565 0.629306 0.049269 0.078919
0 0.687776 0.704851 0.046078 0.087675
0 0.732609 0.763745 0.042766 0.075503
0 0.210813 0.575018 0.048500 0.079418
0 0.670619 0.261219 0.051650 0.076332
0 0.759440 0.501530 0.046414 0.076187
0 0.177676 0.221626 0.051988 0.079884
0 0.471511 0.851386 0.052682 0.078955
0 0.739530 0.426505 0.054494 0.074779
0 0.877651 0.510102 0.049661 0.080352
0 0.812542 0.649253 0.052036 0.075625
0 0.678061 0.903723 0.048946 0.084296
0 0.743600 0.188142 0.054932 0.079841
0 0.198487 0.298195 0.054296 0.078948
0 0.839129 0.864393 0.053766 0.077700
0 0.831557 0.785622 0.048994 0.074255
0 0.589485 0.382953 0.051696 0.076602
0 0.048845 0.827901 0.052697 0.083382
0 0.877745 0.926682 0.051910 0.078872
0 0.400491 0.793507 0.049601 0.077894
0 0.712270 0.524049 0.048880 0.079060
0 0.622967 0.857851 0.052465 0.081094
0 0.417522 0.874987 0.053800 0.083487
0 0.054264 0.422167 0.049761 0.076508
0 0.051781 0.543489 0.050442 0.071936
0 0.722452 0.293147 0.049394 0.075938
0 0.908970 0.213344 0.053961 0.067796
0 0.093744 0.230364 0.053541 0.087088
0 0.592932 0.777847 0.049820 0.076827
0 0.731558 0.903105 0.053854 0.086760
0 0.757659 0.605257 0.053604 0.083629
0 0.857429 0.288231 0.049167 0.071002
0 0.662382 0.383484 0.058729 0.074286
0 0.885962 0.780283 0.049485 0.077410
0 0.964136 0.532866 0.052165 0.087372
0 0.964786 0.132189 0.059967 0.080885
1 0.028561 0.025626 0.042114 0.034565
1 0.690681 0.975566 0.053032 0.048868
1 0.479723 0.508343 0.050692 0.087008
2 0.239519 0.324791 0.030415 0.048868
2 0.378338 0.209774 0.017937 0.023838
2 0.386137 0.188915 0.017937 0.027414
2 0.440729 0.146007 0.028856 0.027414
2 0.807663 0.127533 0.024956 0.035757
2 0.935564 0.508343 0.010918 0.025030
2 0.633750 0.528605 0.012478 0.022646
2 0.288652 0.594756 0.017937 0.028605
2 0.898130 0.989273 0.021837 0.021454
3 0.476604 0.368892 0.109963 0.144219
2 0.461396 0.278308 0.024956 0.029797