0 0.450159 0.995981 0.031482 0.006589
0 0.997126 0.744366 0.004735 0.041191
0 0.389811 0.994956 0.027855 0.008102
0 0.004137 0.590821 0.008275 0.055288
0 0.164013 0.004873 0.029634 0.009745
0 0.995770 0.230990 0.007133 0.049301
0 0.262153 0.992759 0.034433 0.011935
0 0.992633 0.086675 0.013144 0.062415
0 0.637616 0.008569 0.038365 0.017138
0 0.611106 0.987384 0.039348 0.022144
0 0.020346 0.982458 0.040691 0.032266
0 0.708769 0.010061 0.040466 0.020122
0 0.010660 0.265766 0.021307 0.067712
0 0.268565 0.012362 0.044995 0.024700
0 0.016030 0.875096 0.032035 0.074956
0 0.852799 0.010983 0.040889 0.021966
0 0.685358 0.981461 0.053014 0.033819
0 0.988078 0.162738 0.022118 0.065154
0 0.014330 0.156438 0.028661 0.076127
0 0.744847 0.981787 0.045916 0.033208
0 0.045593 0.919731 0.049316 0.080496
0 0.480217 0.966213 0.046928 0.064297
0 0.878943 0.802757 0.039643 0.065434
0 0.625409 0.748337 0.039121 0.061260
0 0.941674 0.976696 0.056473 0.043397
0 0.564456 0.973076 0.042944 0.050612
0 0.196527 0.567011 0.041827 0.068405
0 0.799502 0.972961 0.050658 0.050971
0 0.020504 0.522346 0.041009 0.065345
0 0.983831 0.364747 0.030246 0.069450
0 0.839962 0.792949 0.040815 0.075023
0 0.265169 0.699683 0.041818 0.058128
0 0.692950 0.927225 0.047238 0.070726
0 0.649565 0.868764 0.057646 0.074416
0 0.373002 0.827312 0.048347 0.080553
0 0.022780 0.677739 0.044015 0.075749
0 0.461567 0.877330 0.042741 0.074484
0 0.415285 0.869109 0.043065 0.081548
0 0.456088 0.698231 0.045223 0.072697
0 0.902127 0.864010 0.047947 0.067951
0 0.522564 0.864554 0.047981 0.066669
0 0.313004 0.954068 0.045065 0.074576
0 0.497417 0.626866 0.044688 0.076303
0 0.035062 0.757642 0.050052 0.078193
0 0.380504 0.020160 0.047921 0.040321
0 0.168184 0.857265 0.047510 0.069585
0 0.363390 0.639913 0.044350 0.062793
0 0.358739 0.962975 0.038261 0.070723
0 0.281182 0.898391 0.048664 0.076609
0 0.436764 0.634768 0.047395 0.065477
0 0.645923 0.657062 0.047850 0.073535
0 0.823933 0.910644 0.055753 0.082306
0 0.522655 0.943078 0.045550 0.077107
0 0.725707 0.876470 0.049738 0.076463
0 0.223018 0.967099 0.048763 0.062788
0 0.977149 0.845242 0.042859 0.068993
0 0.076475 0.675637 0.052278 0.075849
0 0.531851 0.786617 0.048719 0.080974
0 0.600226 0.603072 0.047869 0.079518
0 0.940785 0.909398 0.053646 0.081425
0 0.909546 0.018567 0.050697 0.037134
0 0.878966 0.931712 0.047407 0.073552
0 0.372569 0.712974 0.050350 0.075396
0 0.628417 0.939219 0.048944 0.073574
0 0.167750 0.608821 0.046962 0.081942
0 0.419875 0.780340 0.054329 0.067022
0 0.056462 0.836809 0.050535 0.072247
0 0.642461 0.433184 0.056167 0.063009
0 0.487264 0.751391 0.050069 0.076527
0 0.218704 0.669334 0.048222 0.073983
0 0.125302 0.952758 0.047152 0.066651
0 0.678706 0.041768 0.053589 0.071654
0 0.574810 0.675809 0.055091 0.088719
0 0.242228 0.767899 0.050719 0.076842
0 0.110272 0.620047 0.044676 0.069399
0 0.471830 0.505268 0.042629 0.062367
0 0.020206 0.067118 0.040413 0.085282
0 0.262577 0.462307 0.044629 0.071256
0 0.662960 0.791925 0.048733 0.078068
0 0.271102 0.226173 0.049651 0.068814
0 0.293165 0.756059 0.044046 0.072088
0 0.402212 0.406012 0.047705 0.069268
0 0.242555 0.853124 0.053539 0.079123
0 0.773726 0.828942 0.054865 0.074096
0 0.561695 0.158933 0.049317 0.063362
0 0.712780 0.770813 0.048305 0.076107
0 0.564251 0.548379 0.046326 0.066906
0 0.312798 0.596570 0.042244 0.064960
0 0.812835 0.732912 0.050491 0.070300
0 0.166675 0.488427 0.043767 0.071331
0 0.896784 0.741038 0.050103 0.075772
0 0.717176 0.532013 0.044563 0.074300
0 0.222906 0.502781 0.046395 0.076716
0 0.345445 0.046506 0.054517 0.067581
0 0.088578 0.189066 0.047571 0.061193
0 0.071099 0.252369 0.048133 0.064208
0 0.164801 0.777309 0.046971 0.079961
0 0.865245 0.536797 0.043369 0.073238
0 0.592265 0.814221 0.049574 0.076281
0 0.351705 0.411114 0.045047 0.079480
0 0.439791 0.559034 0.044182 0.074969
0 0.393650 0.234275 0.044335 0.067696
0 0.643654 0.577317 0.046210 0.072601
0 0.566075 0.400622 0.047890 0.085859
0 0.748650 0.712813 0.048207 0.074598
0 0.527393 0.027206 0.048341 0.054411
0 0.096780 0.545344 0.048154 0.075458
0 0.190058 0.164495 0.045891 0.076381
0 0.383203 0.575029 0.046848 0.070877
0 0.139046 0.093895 0.047721 0.059855
0 0.908345 0.513736 0.048330 0.086097
0 0.077980 0.408306 0.046341 0.078146
0 0.804003 0.338059 0.048260 0.070865
0 0.838277 0.650246 0.051293 0.081713
0 0.542294 0.254615 0.050487 0.062299
0 0.254943 0.324381 0.045794 0.083664
0 0.138651 0.162934 0.040113 0.065124
0 0.069048 0.035614 0.050061 0.071228
0 0.424263 0.471639 0.046304 0.072001
0 0.584005 0.214554 0.048917 0.070811
0 0.472422 0.387034 0.047287 0.057500
0 0.975239 0.614827 0.046255 0.077419
0 0.260320 0.614839 0.046915 0.071114
0 0.693149 0.194637 0.046987 0.067988
0 0.040404 0.312009 0.051520 0.080304
0 0.488052 0.065283 0.051075 0.077582
0 0.316711 0.103043 0.051735 0.073323
0 0.424672 0.327357 0.048868 0.076411
0 0.297460 0.170873 0.053935 0.079914
0 0.814208 0.118012 0.042675 0.066068
0 0.739814 0.600215 0.052322 0.076885
0 0.313321 0.514959 0.049395 0.082742
0 0.361619 0.180447 0.047720 0.071698
0 0.139346 0.422892 0.052437 0.079685
0 0.077864 0.117088 0.046947 0.069614
0 0.168356 0.333412 0.051714 0.072628
0 0.668844 0.515970 0.046514 0.080458
0 0.717862 0.449203 0.043635 0.073317
0 0.734987 0.106264 0.039771 0.065796
0 0.509459 0.552996 0.048449 0.075068
0 0.967590 0.702832 0.052200 0.084458
0 0.471354 0.289749 0.052492 0.083669
0 0.300134 0.286047 0.051445 0.078258
0 0.546362 0.325504 0.049728 0.072144
0 0.127972 0.030261 0.044443 0.060521
0 0.522184 0.120797 0.051856 0.071653
0 0.766955 0.063212 0.041663 0.068341
0 0.701070 0.304112 0.045238 0.063489
0 0.672688 0.369806 0.054942 0.077250
0 0.244222 0.080134 0.048059 0.069497
0 0.584562 0.098801 0.052270 0.075398
0 0.925193 0.593347 0.050763 0.078355
0 0.829486 0.485155 0.049174 0.073497
0 0.839504 0.176934 0.051105 0.071328
0 0.774346 0.499322 0.047716 0.071086
0 0.609964 0.504619 0.049618 0.071753
0 0.216060 0.235000 0.050796 0.077898
0 0.813737 0.039679 0.049559 0.075881
0 0.794032 0.593250 0.046397 0.070088
0 0.437556 0.218188 0.042419 0.075802
0 0.624860 0.069840 0.041899 0.072199
0 0.193428 0.041672 0.045396 0.067786
0 0.161734 0.257759 0.046837 0.068593
0 0.762311 0.179667 0.041267 0.064773
0 0.870052 0.425684 0.052908 0.077669
0 0.659430 0.257267 0.051175 0.073095
0 0.495052 0.215492 0.049359 0.073136
0 0.857900 0.347687 0.054110 0.068370
0 0.388878 0.120518 0.048099 0.069148
0 0.958762 0.316696 0.050403 0.061467
0 0.739912 0.243264 0.046038 0.076813
0 0.930253 0.068335 0.043568 0.074849
0 0.598893 0.288039 0.048491 0.077463
0 0.947170 0.478601 0.043232 0.076899
0 0.683540 0.118868 0.046368 0.072352
0 0.886670 0.105994 0.043446 0.077584
0 0.799836 0.246988 0.050244 0.079805
0 0.939713 0.141208 0.046157 0.069482
0 0.867362 0.271362 0.048341 0.076074
0 0.965996 0.244446 0.043924 0.072766
0 0.914976 0.252631 0.045265 0.074315
1 0.203645 0.113826 0.050692 0.041716
2 0.096411 0.341478 0.021837 0.034565
2 0.014913 0.206794 0.016378 0.027414