0 0.558234 0.002344 0.028115 0.004688
0 0.119567 0.001933 0.028457 0.003834
0 0.002599 0.238655 0.005199 0.050797
0 0.005351 0.984914 0.010702 0.027537
0 0.167506 0.003353 0.032226 0.006706
0 0.995335 0.521850 0.007867 0.048290
0 0.245622 0.646571 0.047857 0.069783
0 0.995566 0.342208 0.007483 0.055916
0 0.755620 0.990139 0.037512 0.016965
0 0.992007 0.924482 0.014483 0.062440
0 0.990920 0.064278 0.016590 0.071485
0 0.879746 0.008429 0.036037 0.016858
0 0.328959 0.988862 0.040451 0.019468
0 0.012052 0.826775 0.024094 0.072292
0 0.982021 0.976358 0.034175 0.044259
0 0.010983 0.514225 0.021959 0.070469
0 0.015521 0.755143 0.031037 0.062166
0 0.584680 0.982338 0.041094 0.032256
0 0.987449 0.669932 0.023318 0.069409
0 0.079475 0.979198 0.047975 0.038383
0 0.783679 0.011190 0.047746 0.022380
0 0.013925 0.380589 0.027851 0.082807
0 0.985491 0.842851 0.027153 0.067682
0 0.986066 0.593416 0.025959 0.071792
0 0.937569 0.978852 0.048843 0.039135
0 0.412729 0.012223 0.043987 0.024443
0 0.953227 0.015458 0.054199 0.030917
0 0.514867 0.019748 0.056652 0.039497
0 0.423179 0.977792 0.045877 0.041280
0 0.251737 0.972696 0.046960 0.051417
0 0.083303 0.820694 0.041801 0.062028
0 0.690364 0.014892 0.049094 0.029784
0 0.535638 0.824865 0.049918 0.074615
0 0.016689 0.680501 0.033377 0.077605
0 0.020021 0.030692 0.040030 0.061277
0 0.521893 0.894397 0.056260 0.079641
0 0.318547 0.820867 0.040968 0.068681
0 0.631044 0.968172 0.048741 0.060490
0 0.984306 0.431654 0.029366 0.070270
0 0.027807 0.448977 0.043935 0.072147
0 0.302198 0.890904 0.046345 0.070697
0 0.397795 0.743092 0.043988 0.070165
0 0.977028 0.757197 0.040954 0.072240
0 0.219721 0.706946 0.049519 0.066569
0 0.029318 0.900678 0.049181 0.079316
0 0.678332 0.784448 0.048070 0.066774
0 0.113538 0.947122 0.046837 0.073210
0 0.116467 0.612477 0.046406 0.072761
0 0.234357 0.842666 0.043534 0.066292
0 0.699855 0.963912 0.052004 0.068830
0 0.768628 0.909279 0.046470 0.067202
0 0.057759 0.761279 0.045088 0.072695
0 0.793810 0.755785 0.049984 0.073748
0 0.662432 0.851543 0.049494 0.070015
0 0.895799 0.893940 0.046406 0.067595
0 0.550231 0.952282 0.052840 0.076842
0 0.072483 0.023203 0.047224 0.046406
0 0.361173 0.785878 0.050355 0.074802
0 0.073212 0.666162 0.048824 0.064826
0 0.096532 0.074599 0.047346 0.072456
0 0.078692 0.485624 0.049334 0.064226
0 0.280360 0.456094 0.041977 0.063962
0 0.128356 0.861126 0.045832 0.072384
0 0.245674 0.768596 0.051191 0.072137
0 0.294777 0.023825 0.047014 0.047649
0 0.186315 0.952684 0.050719 0.074647
0 0.776520 0.828978 0.052925 0.081390
0 0.729248 0.854429 0.050498 0.078037
0 0.567305 0.788359 0.048257 0.072313
0 0.579805 0.694711 0.047415 0.071007
0 0.470822 0.203703 0.046587 0.076841
0 0.146683 0.667225 0.043127 0.061781
0 0.825224 0.700676 0.045082 0.068837
0 0.085473 0.217820 0.041480 0.070235
0 0.608042 0.752322 0.046874 0.078567
0 0.398639 0.592741 0.047450 0.072011
0 0.374973 0.414898 0.048200 0.069648
0 0.907318 0.826669 0.050739 0.067170
0 0.176003 0.866601 0.042393 0.068730
0 0.435420 0.627065 0.049246 0.070717
0 0.035710 0.124535 0.046728 0.074820
0 0.112039 0.743249 0.049613 0.079306
0 0.103512 0.427585 0.046123 0.068862
0 0.071539 0.555912 0.049214 0.071415
0 0.430241 0.907738 0.046390 0.070756
0 0.350061 0.700519 0.047540 0.068375
0 0.234754 0.509416 0.043364 0.066023
0 0.729889 0.722885 0.044982 0.071436
0 0.870231 0.741620 0.047234 0.082029
0 0.607010 0.635827 0.049562 0.073725
0 0.794161 0.366663 0.045989 0.079566
0 0.438442 0.705536 0.051091 0.078453
0 0.354285 0.617102 0.047613 0.071555
0 0.239243 0.578218 0.050361 0.063891
0 0.437570 0.808595 0.049157 0.076348
0 0.821727 0.611423 0.051806 0.073037
0 0.293103 0.656688 0.046434 0.075399
0 0.489568 0.699510 0.045435 0.067778
0 0.926760 0.105610 0.047447 0.086908
0 0.108609 0.150771 0.050026 0.068544
0 0.652456 0.723774 0.046404 0.072784
0 0.125415 0.295690 0.050122 0.081207
0 0.801674 0.541937 0.052078 0.072973
0 0.280248 0.378376 0.044773 0.075075
0 0.202548 0.391923 0.044752 0.070447
0 0.226859 0.041622 0.050032 0.081698
0 0.377924 0.902896 0.046180 0.078514
0 0.175170 0.249558 0.046130 0.072743
0 0.736236 0.171134 0.048373 0.072022
0 0.577539 0.580057 0.050084 0.064166
0 0.915886 0.717332 0.048377 0.073733
0 0.902024 0.190517 0.040848 0.067955
0 0.701469 0.657973 0.042758 0.070790
0 0.763740 0.320187 0.058366 0.087652
0 0.944401 0.412323 0.046036 0.067554
0 0.877399 0.127636 0.045514 0.058926
0 0.381745 0.345718 0.050309 0.058432
0 0.510259 0.540735 0.045480 0.068336
0 0.063842 0.381716 0.050765 0.073615
0 0.350216 0.527711 0.048465 0.073461
0 0.535057 0.066330 0.047356 0.074389
0 0.507516 0.249278 0.053229 0.086271
0 0.258105 0.105294 0.046944 0.072426
0 0.217237 0.266403 0.041242 0.079103
0 0.791737 0.247704 0.047377 0.070468
0 0.176779 0.329528 0.043884 0.067489
0 0.597969 0.409832 0.049906 0.072292
0 0.749158 0.621128 0.048460 0.066393
0 0.447817 0.138101 0.045410 0.078052
0 0.949214 0.486653 0.050567 0.073137
0 0.162039 0.577846 0.047464 0.074567
0 0.328916 0.374950 0.046831 0.072453
0 0.740001 0.067529 0.044088 0.079466
0 0.427657 0.062140 0.048176 0.068070
0 0.191531 0.121020 0.048214 0.074544
0 0.972297 0.154267 0.050879 0.082412
0 0.496831 0.133258 0.043407 0.075050
0 0.503106 0.467246 0.042078 0.070756
0 0.321091 0.164892 0.042330 0.079068
0 0.414829 0.198205 0.046532 0.069534
0 0.274108 0.189592 0.049791 0.075618
0 0.483704 0.357015 0.043390 0.069357
0 0.766377 0.133256 0.052987 0.081038
0 0.863258 0.528738 0.045696 0.072653
0 0.166407 0.479788 0.049984 0.075562
0 0.817529 0.041557 0.050828 0.066098
0 0.282093 0.269835 0.051073 0.075332
0 0.430730 0.407926 0.050105 0.077334
0 0.361730 0.216564 0.050829 0.076319
0 0.813545 0.112647 0.047412 0.069138
0 0.459288 0.483867 0.043657 0.075895
0 0.892752 0.287470 0.042853 0.076341
0 0.789469 0.471503 0.055978 0.076572
0 0.575944 0.508764 0.045561 0.067139
0 0.422375 0.284131 0.046796 0.079281
0 0.401169 0.487804 0.046310 0.078297
0 0.544750 0.155718 0.047349 0.088261
0 0.637690 0.562427 0.047597 0.069800
0 0.832883 0.292458 0.045524 0.073073
0 0.692650 0.098274 0.047303 0.082749
0 0.536280 0.313755 0.049415 0.077173
0 0.900934 0.374890 0.047072 0.074119
0 0.589711 0.183508 0.047514 0.077936
0 0.641984 0.483851 0.049311 0.075635
0 0.619383 0.351845 0.054577 0.083449
0 0.947383 0.321512 0.050255 0.077321
1 0.041429 0.254470 0.053812 0.034565
1 0.129556 0.207986 0.022617 0.029797
2 0.414213 0.544696 0.024176 0.030989
2 0.285922 0.759833 0.015598 0.029797