0 0.002614 0.478190 0.005195 0.061851
0 0.090641 0.995470 0.025356 0.007296
0 0.249365 0.994878 0.032944 0.008204
0 0.894146 0.994918 0.030389 0.008183
0 0.517929 0.993803 0.031188 0.010181
0 0.580292 0.004773 0.036301 0.009546
0 0.822437 0.006592 0.039014 0.013183
0 0.746144 0.989552 0.039713 0.018035
0 0.006063 0.729061 0.012127 0.067714
0 0.006763 0.827994 0.013525 0.060285
0 0.072602 0.008164 0.038894 0.016328
0 0.010035 0.604433 0.020038 0.069723
0 0.990584 0.278945 0.017071 0.076080
0 0.825742 0.986030 0.045363 0.024838
0 0.988000 0.839908 0.022189 0.076162
0 0.011270 0.237873 0.022540 0.073083
0 0.015207 0.896715 0.030394 0.066200
0 0.988901 0.502515 0.020319 0.070044
0 0.681789 0.022937 0.045287 0.045874
0 0.290279 0.012541 0.045450 0.025064
0 0.985310 0.394164 0.027311 0.074420
0 0.026236 0.965724 0.052472 0.065223
0 0.446777 0.905487 0.043049 0.069884
0 0.560756 0.923940 0.051799 0.071108
0 0.017524 0.155858 0.035013 0.064045
0 0.624616 0.226497 0.042874 0.064793
0 0.187478 0.914899 0.046887 0.071140
0 0.212910 0.020508 0.044040 0.041017
0 0.466808 0.970171 0.052139 0.056181
0 0.126252 0.968914 0.046769 0.059023
0 0.370822 0.019675 0.046360 0.039349
0 0.828070 0.913528 0.046425 0.071351
0 0.354647 0.833875 0.045701 0.068608
0 0.212720 0.968003 0.052019 0.060791
0 0.869949 0.958504 0.053555 0.077717
0 0.792717 0.187982 0.041538 0.068642
0 0.021225 0.540491 0.042450 0.068450
0 0.665534 0.827526 0.052049 0.076860
0 0.311584 0.175184 0.046278 0.078501
0 0.771542 0.951163 0.048432 0.072463
0 0.658250 0.176565 0.047947 0.073739
0 0.763148 0.022626 0.047345 0.045230
0 0.827638 0.739247 0.043166 0.068830
0 0.497037 0.024707 0.045248 0.049362
0 0.911033 0.021333 0.051074 0.042666
0 0.390256 0.882736 0.047533 0.066965
0 0.344316 0.444486 0.044368 0.067066
0 0.676249 0.715088 0.040709 0.066558
0 0.686877 0.318390 0.040879 0.071854
0 0.506409 0.377780 0.051174 0.069392
0 0.764909 0.873342 0.046911 0.070550
0 0.648907 0.900699 0.048945 0.074838
0 0.179237 0.638224 0.045914 0.060351
0 0.621809 0.954725 0.044474 0.062381
0 0.464299 0.423493 0.045041 0.071835
0 0.392775 0.962243 0.052948 0.071882
0 0.520672 0.593616 0.050458 0.066646
0 0.095873 0.046611 0.049852 0.063864
0 0.509797 0.454269 0.046835 0.067275
0 0.765568 0.377542 0.043498 0.066242
0 0.651894 0.274754 0.043265 0.064493
0 0.396930 0.803983 0.044224 0.071750
0 0.754029 0.157812 0.048464 0.072706
0 0.455778 0.203529 0.043613 0.068005
0 0.443715 0.034965 0.046177 0.069703
0 0.292041 0.391949 0.044364 0.066114
0 0.254971 0.865794 0.045831 0.075191
0 0.785587 0.782576 0.041861 0.075944
0 0.527747 0.859860 0.047123 0.080654
0 0.921852 0.447151 0.050228 0.068939
0 0.739055 0.766591 0.041812 0.068810
0 0.805664 0.666701 0.045179 0.067233
0 0.411896 0.093099 0.051886 0.073499
0 0.109842 0.166170 0.047657 0.075135
0 0.475607 0.848053 0.046519 0.079314
0 0.142343 0.882610 0.043956 0.069936
0 0.377936 0.293464 0.048548 0.070725
0 0.067454 0.880530 0.046598 0.072506
0 0.256380 0.045637 0.046029 0.072707
0 0.135829 0.230242 0.048637 0.070629
0 0.940179 0.374262 0.052136 0.078260
0 0.966733 0.669471 0.044447 0.065698
0 0.408030 0.354504 0.046814 0.070873
0 0.662022 0.645007 0.044929 0.067533
0 0.722176 0.399492 0.043516 0.072224
0 0.278688 0.121110 0.044210 0.074777
0 0.622754 0.455058 0.051582 0.075881
0 0.690730 0.472271 0.043950 0.070741
0 0.674663 0.104292 0.046386 0.071117
0 0.553930 0.059033 0.049527 0.070190
0 0.592645 0.294956 0.048013 0.076946
0 0.509083 0.159576 0.048098 0.078036
0 0.496118 0.255913 0.048588 0.067346
0 0.825352 0.831752 0.046380 0.079282
0 0.308334 0.257873 0.047572 0.070422
0 0.064679 0.117015 0.050730 0.076455
0 0.742302 0.537641 0.042469 0.064666
0 0.923411 0.853696 0.043967 0.076466
0 0.616188 0.374848 0.047461 0.068417
0 0.416858 0.241617 0.044257 0.068580
0 0.844308 0.292198 0.041241 0.062706
0 0.571905 0.816704 0.044610 0.072832
0 0.520932 0.670441 0.048144 0.069750
0 0.224990 0.167890 0.043504 0.074892
0 0.946861 0.746629 0.054109 0.088572
0 0.460070 0.123530 0.047461 0.075866
0 0.875054 0.769416 0.048779 0.077617
0 0.571548 0.494665 0.043269 0.072140
0 0.381807 0.727744 0.043985 0.069747
0 0.188593 0.836037 0.044855 0.070131
0 0.756476 0.083031 0.049440 0.065292
0 0.603202 0.564083 0.045660 0.069153
0 0.131298 0.433236 0.046808 0.069748
0 0.759424 0.469133 0.048182 0.069991
0 0.817339 0.595097 0.045430 0.070957
0 0.709192 0.199914 0.043225 0.078370
0 0.263740 0.570730 0.039043 0.064763
0 0.544295 0.330196 0.048676 0.083996
0 0.566217 0.133571 0.049578 0.071552
0 0.634349 0.772178 0.048649 0.073865
0 0.617748 0.118720 0.042375 0.069983
0 0.559895 0.214823 0.056198 0.080533
0 0.344501 0.123775 0.044517 0.070887
0 0.037603 0.789329 0.043986 0.069478
0 0.453379 0.769556 0.049151 0.077007
0 0.876841 0.548943 0.039367 0.068074
0 0.525303 0.523539 0.045992 0.065130
0 0.137714 0.302967 0.047437 0.061176
0 0.308444 0.685013 0.049705 0.082448
0 0.531460 0.745090 0.049355 0.074596
0 0.183099 0.077696 0.050149 0.078194
0 0.109861 0.722434 0.049295 0.068958
0 0.937206 0.516594 0.044927 0.070240
0 0.731050 0.300339 0.044839 0.071647
0 0.144582 0.782186 0.042030 0.069942
0 0.285590 0.317981 0.054187 0.073738
0 0.241252 0.786424 0.048623 0.076333
0 0.355805 0.219421 0.049432 0.075670
0 0.974979 0.070859 0.044163 0.067403
0 0.864434 0.624457 0.048450 0.076460
0 0.202820 0.695607 0.045095 0.067178
0 0.958781 0.303755 0.049043 0.073419
0 0.279000 0.464497 0.046115 0.070895
0 0.117917 0.364138 0.046119 0.069767
0 0.039938 0.706497 0.047750 0.075114
0 0.466817 0.688032 0.046808 0.071420
0 0.866699 0.102639 0.038390 0.067508
0 0.904030 0.676458 0.048992 0.072748
0 0.474533 0.550096 0.045828 0.077062
0 0.318116 0.769753 0.051280 0.080380
0 0.110897 0.508907 0.050906 0.077031
0 0.793965 0.321575 0.048537 0.074168
0 0.342917 0.370489 0.047668 0.072247
0 0.403835 0.656062 0.047012 0.073800
0 0.291106 0.935821 0.051458 0.082915
0 0.692326 0.582279 0.049274 0.075025
0 0.176822 0.183374 0.047878 0.084589
0 0.269608 0.643635 0.051537 0.075609
0 0.935239 0.232724 0.047831 0.072429
0 0.309655 0.530521 0.050844 0.082271
0 0.818197 0.124612 0.050961 0.079976
0 0.901581 0.323054 0.044350 0.070072
0 0.421028 0.569823 0.048051 0.077536
0 0.214061 0.559614 0.047016 0.076323
0 0.159839 0.573997 0.047122 0.077404
0 0.846228 0.214532 0.044770 0.075334
0 0.085500 0.647487 0.047577 0.072933
0 0.925801 0.081339 0.045837 0.066657
0 0.958675 0.591738 0.050315 0.075413
0 0.967635 0.148354 0.047391 0.072698
0 0.211177 0.473317 0.049637 0.074153
0 0.189838 0.400779 0.050600 0.078637
1 0.034410 0.034565 0.049133 0.057211
1 0.575259 0.978546 0.056152 0.040524
1 0.794795 0.533373 0.052252 0.056019