0 0.345394 0.994267 0.032599 0.009474
0 0.003120 0.604104 0.006240 0.052993
0 0.996130 0.865860 0.006495 0.050223
0 0.931018 0.992656 0.037150 0.012150
0 0.861320 0.992748 0.033620 0.012046
0 0.995849 0.396250 0.007205 0.053626
0 0.398304 0.004834 0.035018 0.009595
0 0.005089 0.351457 0.010179 0.056507
0 0.448867 0.988922 0.048220 0.019206
0 0.884675 0.007610 0.041491 0.015221
0 0.991290 0.210549 0.015660 0.073672
0 0.010646 0.201605 0.021228 0.069234
0 0.979876 0.977612 0.038297 0.041855
0 0.013544 0.927648 0.027088 0.083004
0 0.094601 0.984400 0.047406 0.028044
0 0.014592 0.281976 0.029169 0.080252
0 0.161203 0.977856 0.053204 0.041166
0 0.984388 0.792306 0.029254 0.081124
0 0.697137 0.978285 0.049340 0.040198
0 0.019245 0.544263 0.038487 0.068556
0 0.776953 0.017642 0.053822 0.035284
0 0.202133 0.882583 0.045753 0.069403
0 0.183943 0.819453 0.040767 0.058642
0 0.025346 0.721931 0.045980 0.081124
0 0.162035 0.919615 0.051430 0.071638
0 0.079562 0.744857 0.042567 0.065713
0 0.276573 0.255919 0.043077 0.073013
0 0.150799 0.760915 0.041680 0.062751
0 0.638443 0.840152 0.039822 0.066752
0 0.468747 0.948116 0.053018 0.073242
0 0.053426 0.640689 0.047888 0.079533
0 0.605856 0.901735 0.046827 0.072255
0 0.490682 0.882985 0.052712 0.081015
0 0.541039 0.908918 0.047234 0.083945
0 0.314834 0.848059 0.046716 0.066164
0 0.024098 0.051108 0.048196 0.075724
0 0.051663 0.816020 0.048561 0.069201
0 0.751129 0.968657 0.055030 0.059411
0 0.233248 0.824605 0.040109 0.067243
0 0.639090 0.957538 0.048462 0.071330
0 0.856977 0.875117 0.043987 0.068922
0 0.777403 0.908179 0.045894 0.072697
0 0.059726 0.946745 0.048069 0.071440
0 0.517355 0.741466 0.046564 0.061975
0 0.940569 0.870313 0.047188 0.067355
0 0.611558 0.757941 0.049685 0.068452
0 0.347027 0.905648 0.045880 0.076590
0 0.150098 0.618651 0.041928 0.066886
0 0.941903 0.943818 0.047809 0.066197
0 0.229112 0.956071 0.056151 0.080952
0 0.336564 0.575929 0.046546 0.075485
0 0.308797 0.956589 0.049264 0.077117
0 0.461993 0.576018 0.048486 0.076828
0 0.329557 0.777813 0.045953 0.076130
0 0.591414 0.819885 0.053017 0.074771
0 0.840507 0.806066 0.044881 0.068603
0 0.812595 0.428340 0.048235 0.077160
0 0.746876 0.797329 0.046149 0.070250
0 0.916517 0.809426 0.050887 0.067581
0 0.970570 0.427303 0.045364 0.060685
0 0.110578 0.683096 0.046693 0.069942
0 0.054071 0.469392 0.047246 0.071079
0 0.690553 0.866337 0.043345 0.075272
0 0.107016 0.815692 0.052354 0.083185
0 0.512349 0.811328 0.050729 0.072526
0 0.846798 0.661654 0.046553 0.076641
0 0.371783 0.599248 0.043007 0.081104
0 0.971029 0.680746 0.048208 0.078308
0 0.164216 0.018189 0.052562 0.036378
0 0.312163 0.275276 0.046100 0.080475
0 0.166528 0.686723 0.046326 0.072040
0 0.787738 0.759753 0.045355 0.076282
0 0.967929 0.494677 0.046456 0.066179
0 0.779601 0.381889 0.045880 0.071213
0 0.737479 0.869937 0.042954 0.068724
0 0.847485 0.470019 0.044359 0.072449
0 0.215346 0.620544 0.050384 0.069736
0 0.643589 0.027875 0.038816 0.055751
0 0.718453 0.475587 0.046465 0.070521
0 0.209963 0.376439 0.045479 0.074542
0 0.263517 0.644609 0.047375 0.069092
0 0.459005 0.777391 0.046437 0.067462
0 0.465757 0.654470 0.055097 0.070464
0 0.946170 0.612660 0.048482 0.063690
0 0.137672 0.443149 0.043666 0.072200
0 0.212903 0.751290 0.048984 0.076560
0 0.649140 0.610176 0.052985 0.078249
0 0.372023 0.829203 0.049461 0.077706
0 0.576454 0.518240 0.043912 0.073298
0 0.429733 0.713982 0.049283 0.082256
0 0.084285 0.571129 0.055870 0.080304
0 0.933722 0.735340 0.052978 0.079544
0 0.100805 0.496461 0.048599 0.071095
0 0.865315 0.736872 0.050243 0.077677
0 0.228354 0.548460 0.045025 0.071161
0 0.538787 0.678094 0.048349 0.073959
0 0.669437 0.761313 0.048083 0.077375
0 0.310789 0.515845 0.041544 0.069448
0 0.270817 0.532734 0.040135 0.070451
0 0.529627 0.491567 0.042323 0.070449
0 0.797154 0.126631 0.040102 0.069113
0 0.800254 0.681779 0.045983 0.077475
0 0.934190 0.538921 0.049153 0.075479
0 0.488878 0.521392 0.043057 0.079385
0 0.376376 0.742246 0.054394 0.085886
0 0.340548 0.019421 0.053364 0.038817
0 0.749845 0.112715 0.047057 0.068029
0 0.669385 0.536961 0.052775 0.080236
0 0.727704 0.169486 0.045945 0.066180
0 0.777477 0.501126 0.046463 0.072530
0 0.185588 0.458278 0.049337 0.087105
0 0.747097 0.322651 0.046058 0.068925
0 0.072972 0.098542 0.051936 0.079022
0 0.528582 0.028001 0.048955 0.055822
0 0.696305 0.664006 0.045512 0.077650
0 0.317320 0.678434 0.048713 0.076444
0 0.272837 0.732194 0.050292 0.078644
0 0.890140 0.492740 0.047876 0.078731
0 0.646932 0.297631 0.047874 0.070384
0 0.748262 0.688249 0.047914 0.085670
0 0.048662 0.391352 0.050643 0.070506
0 0.736307 0.038749 0.049805 0.076660
0 0.531337 0.598900 0.043357 0.072168
0 0.877501 0.603849 0.053060 0.073081
0 0.604980 0.678516 0.057430 0.080923
0 0.339004 0.338961 0.047083 0.070854
0 0.689339 0.393368 0.047660 0.075291
0 0.486461 0.078196 0.047494 0.081164
0 0.595227 0.037048 0.049665 0.074096
0 0.415686 0.616833 0.043539 0.081407
0 0.453859 0.029933 0.041215 0.059835
0 0.711207 0.239810 0.050913 0.075989
0 0.961115 0.361033 0.043786 0.069242
0 0.554469 0.194849 0.046366 0.067319
0 0.908638 0.405787 0.045821 0.073229
0 0.278665 0.129061 0.043344 0.076200
0 0.736468 0.577283 0.053768 0.079555
0 0.606491 0.453201 0.053507 0.077519
0 0.047171 0.170623 0.051412 0.078980
0 0.655927 0.090513 0.044960 0.061237
0 0.415364 0.449444 0.056322 0.082836
0 0.294218 0.430225 0.045100 0.074200
0 0.454061 0.148365 0.044763 0.071656
0 0.526643 0.337228 0.045284 0.071885
0 0.611937 0.241674 0.047159 0.076527
0 0.344681 0.468988 0.047841 0.079588
0 0.949804 0.034043 0.047827 0.068086
0 0.604664 0.370770 0.047310 0.074880
0 0.501228 0.167150 0.044678 0.067515
0 0.467973 0.432023 0.050183 0.081114
0 0.365907 0.259626 0.042951 0.074724
0 0.420163 0.206358 0.055212 0.071898
0 0.370598 0.393145 0.051860 0.074063
0 0.560029 0.276931 0.046844 0.071805
0 0.570282 0.116561 0.059917 0.082741
0 0.905264 0.069258 0.053050 0.061847
0 0.408437 0.282063 0.044792 0.065683
0 0.305362 0.058238 0.043202 0.062708
0 0.526666 0.414172 0.046250 0.071375
0 0.123807 0.372028 0.049539 0.072108
0 0.622696 0.160567 0.057394 0.073118
0 0.209928 0.037793 0.045647 0.068816
0 0.366132 0.073324 0.050088 0.074903
0 0.443675 0.350101 0.049274 0.076919
0 0.048777 0.317926 0.050157 0.068726
0 0.122031 0.066383 0.048819 0.078810
0 0.842566 0.148342 0.048405 0.077060
0 0.120924 0.153927 0.049721 0.082438
0 0.816088 0.331743 0.048345 0.070802
0 0.397627 0.131693 0.051026 0.074428
0 0.227512 0.112109 0.045921 0.074299
0 0.791152 0.255291 0.048353 0.072340
0 0.183129 0.197194 0.053354 0.077412
0 0.240813 0.464402 0.049887 0.080111
0 0.909472 0.141605 0.047771 0.073255
0 0.229447 0.235092 0.049436 0.080711
0 0.947932 0.274330 0.049502 0.078590
0 0.872245 0.269276 0.048325 0.075536
0 0.963607 0.152856 0.052429 0.080143
1 0.182978 0.339690 0.032755 0.078665
2 0.145154 0.818832 0.024176 0.033373
2 0.882532 0.552443 0.021837 0.036949