0 0.996744 0.973496 0.005432 0.045553
0 0.015670 0.125053 0.031324 0.074269
0 0.239698 0.003651 0.023584 0.007302
0 0.309369 0.995256 0.027285 0.007735
0 0.539507 0.993226 0.030826 0.011324
0 0.995962 0.507834 0.006844 0.051205
0 0.887752 0.993174 0.033811 0.011054
0 0.952960 0.992430 0.036253 0.012514
0 0.212263 0.991261 0.037189 0.014693
0 0.024493 0.989025 0.027925 0.019245
0 0.007229 0.881302 0.014457 0.068903
0 0.993643 0.588024 0.010993 0.060660
0 0.258771 0.989993 0.034102 0.017271
0 0.451427 0.989373 0.042619 0.018291
0 0.797490 0.986479 0.041278 0.023925
0 0.187862 0.009807 0.038838 0.019614
0 0.577863 0.010418 0.042251 0.020836
0 0.064235 0.971211 0.048374 0.054569
0 0.289821 0.464859 0.044363 0.067443
0 0.229823 0.576095 0.043385 0.064779
0 0.986940 0.379047 0.024081 0.070728
0 0.017360 0.445145 0.034720 0.073023
0 0.019758 0.343101 0.039515 0.066007
0 0.222169 0.792110 0.046639 0.075223
0 0.671364 0.981086 0.043866 0.034562
0 0.734769 0.982045 0.043685 0.032674
0 0.984254 0.796220 0.029514 0.067496
0 0.985555 0.218149 0.026919 0.078738
0 0.981451 0.449384 0.035131 0.062978
0 0.986126 0.128616 0.025860 0.080662
0 0.347689 0.940765 0.041942 0.069052
0 0.976133 0.021570 0.044927 0.043131
0 0.087103 0.915962 0.049355 0.073380
0 0.326138 0.420275 0.043673 0.071857
0 0.125114 0.968016 0.043335 0.060844
0 0.275926 0.571329 0.044806 0.076838
0 0.338972 0.728175 0.046131 0.069537
0 0.291969 0.767474 0.050174 0.078184
0 0.188631 0.740836 0.050589 0.085286
0 0.397111 0.971688 0.047519 0.053059
0 0.214829 0.900620 0.041248 0.070709
0 0.513821 0.014933 0.052419 0.029866
0 0.261636 0.836135 0.047618 0.073089
0 0.113683 0.847628 0.045324 0.076993
0 0.627549 0.838804 0.041652 0.059380
0 0.362979 0.875354 0.043506 0.067845
0 0.169948 0.659646 0.047708 0.076780
0 0.024575 0.683833 0.049055 0.083333
0 0.408140 0.835163 0.046266 0.079140
0 0.697425 0.798865 0.040950 0.061964
0 0.257965 0.916010 0.038972 0.066791
0 0.303092 0.947277 0.047165 0.078188
0 0.016204 0.268071 0.032407 0.074228
0 0.778627 0.027447 0.047651 0.054893
0 0.106241 0.020022 0.044080 0.040043
0 0.680014 0.921942 0.048637 0.069110
0 0.354048 0.656202 0.045749 0.065992
0 0.648369 0.689406 0.039784 0.066930
0 0.048282 0.398673 0.043194 0.075030
0 0.179160 0.375257 0.046518 0.074042
0 0.185321 0.544667 0.044302 0.071215
0 0.725380 0.028773 0.047045 0.057443
0 0.324118 0.523273 0.053693 0.082416
0 0.298333 0.092965 0.048987 0.076318
0 0.734635 0.096544 0.041886 0.069987
0 0.047500 0.610596 0.053327 0.077864
0 0.439193 0.933148 0.044476 0.071328
0 0.861706 0.938835 0.041636 0.069203
0 0.369501 0.784484 0.045502 0.078573
0 0.789397 0.691436 0.045873 0.075405
0 0.973080 0.872325 0.045909 0.073932
0 0.906928 0.027044 0.042811 0.054062
0 0.492533 0.962888 0.046944 0.070585
0 0.756779 0.928304 0.048210 0.079824
0 0.384515 0.024730 0.049859 0.049365
0 0.693540 0.183172 0.046974 0.076699
0 0.588211 0.801600 0.044771 0.069882
0 0.108655 0.761546 0.046852 0.081494
0 0.530966 0.672993 0.045042 0.065575
0 0.418926 0.640503 0.050275 0.066925
0 0.124160 0.613252 0.050184 0.083122
0 0.715029 0.865776 0.048989 0.079203
0 0.042798 0.044213 0.048378 0.071627
0 0.622246 0.953901 0.049018 0.074888
0 0.357015 0.582786 0.053828 0.068234
0 0.822765 0.880714 0.048184 0.072239
0 0.086305 0.106132 0.046233 0.070605
0 0.550982 0.607671 0.042601 0.067488
0 0.687795 0.723035 0.042688 0.065901
0 0.946377 0.942816 0.048915 0.070515
0 0.580979 0.894098 0.049011 0.075780
0 0.838742 0.395490 0.049573 0.068554
0 0.057299 0.161544 0.045492 0.072138
0 0.618467 0.739877 0.050525 0.079908
0 0.453598 0.704640 0.046817 0.069064
0 0.464221 0.376197 0.044362 0.071322
0 0.736626 0.215789 0.049259 0.077566
0 0.447356 0.579152 0.042867 0.066704
0 0.849026 0.468854 0.044046 0.067593
0 0.422659 0.340486 0.043756 0.067261
0 0.663606 0.123404 0.050603 0.072372
0 0.278756 0.386928 0.047001 0.068651
0 0.516407 0.409249 0.045464 0.067249
0 0.259550 0.047347 0.051576 0.088136
0 0.866650 0.114751 0.043552 0.068542
0 0.096103 0.543138 0.055163 0.077169
0 0.390597 0.403908 0.047030 0.076753
0 0.782072 0.417021 0.046158 0.074658
0 0.831357 0.043485 0.050872 0.084440
0 0.455733 0.790311 0.048856 0.078047
0 0.082781 0.452748 0.047791 0.073531
0 0.871644 0.863608 0.045227 0.071363
0 0.963561 0.728364 0.053794 0.074551
0 0.798880 0.494697 0.044940 0.066741
0 0.145194 0.163342 0.045267 0.073738
0 0.334512 0.039433 0.049107 0.077874
0 0.533911 0.749464 0.051087 0.073583
0 0.575379 0.461798 0.045449 0.070476
0 0.531961 0.833003 0.045885 0.074340
0 0.651454 0.616127 0.048484 0.076700
0 0.143049 0.483763 0.054545 0.089875
0 0.587055 0.061161 0.050135 0.068979
0 0.654328 0.051680 0.043710 0.070030
0 0.956972 0.655263 0.056442 0.063390
0 0.213071 0.284555 0.041367 0.069182
0 0.494418 0.219818 0.047418 0.078768
0 0.453007 0.503820 0.049052 0.073810
0 0.745146 0.663313 0.045381 0.070305
0 0.787356 0.326309 0.047675 0.075174
0 0.633679 0.530822 0.049247 0.068288
0 0.509307 0.146574 0.041968 0.074790
0 0.747120 0.287757 0.048622 0.067297
0 0.699531 0.312759 0.043088 0.072239
0 0.243184 0.227589 0.042651 0.071712
0 0.146547 0.080708 0.048205 0.077616
0 0.328281 0.212974 0.048012 0.071541
0 0.578103 0.544034 0.048060 0.077567
0 0.724585 0.384325 0.047665 0.074432
0 0.465078 0.137006 0.042359 0.073683
0 0.955542 0.070892 0.049611 0.068847
0 0.316973 0.293709 0.047956 0.075806
0 0.700855 0.616573 0.046095 0.076415
0 0.861445 0.774146 0.057430 0.096724
0 0.203492 0.184605 0.043602 0.072784
0 0.395625 0.184330 0.045559 0.072079
0 0.931405 0.415006 0.046692 0.073634
0 0.363171 0.333316 0.051194 0.081150
0 0.420210 0.096214 0.050929 0.069449
0 0.797932 0.238706 0.046653 0.072043
0 0.827724 0.581890 0.049705 0.083819
0 0.352335 0.124499 0.049464 0.076584
0 0.856642 0.194726 0.051094 0.077121
0 0.678820 0.443594 0.052005 0.077621
0 0.409779 0.269273 0.047790 0.073543
0 0.090468 0.363013 0.049322 0.080139
0 0.874090 0.539798 0.046283 0.076318
0 0.481455 0.053820 0.049871 0.080808
0 0.165386 0.293171 0.043130 0.077359
0 0.932461 0.270893 0.047205 0.068229
0 0.579670 0.382183 0.047142 0.071161
0 0.113887 0.265232 0.049575 0.082416
0 0.872541 0.345041 0.044967 0.077587
0 0.926026 0.516574 0.052858 0.073206
0 0.940038 0.197629 0.048537 0.072471
0 0.479181 0.299070 0.052238 0.079322
0 0.617169 0.307919 0.056571 0.079093
0 0.533831 0.303819 0.046712 0.077907
0 0.955533 0.582264 0.046385 0.073158
0 0.945272 0.341890 0.050690 0.071529
1 0.264476 0.513707 0.052252 0.045292
3 0.250048 0.679976 0.087347 0.175209
2 0.429811 0.152563 0.028856 0.042908