0 0.001810 0.785114 0.003620 0.056754
0 0.002655 0.084986 0.005310 0.055038
0 0.697410 0.993509 0.042234 0.010506
0 0.004310 0.701593 0.008619 0.054882
0 0.987992 0.009000 0.022549 0.018000
0 0.005894 0.628483 0.011788 0.063329
0 0.894259 0.006874 0.037043 0.013747
0 0.355692 0.008203 0.038694 0.016407
0 0.112083 0.009264 0.050023 0.018529
0 0.119327 0.986555 0.039828 0.023752
0 0.019833 0.973306 0.039667 0.050413
0 0.932986 0.985069 0.050903 0.026784
0 0.986467 0.528122 0.025107 0.075442
0 0.515815 0.981969 0.047477 0.032923
0 0.986733 0.733179 0.024677 0.073360
0 0.050069 0.352807 0.043909 0.070934
0 0.549048 0.023010 0.047297 0.045945
0 0.636438 0.976009 0.048122 0.044761
0 0.410746 0.977630 0.049625 0.041510
0 0.311603 0.978627 0.048343 0.039474
0 0.699642 0.864849 0.051104 0.066101
0 0.495837 0.033069 0.051528 0.066055
0 0.019758 0.512885 0.039516 0.073386
0 0.096565 0.716121 0.045452 0.074451
0 0.035861 0.582330 0.043764 0.072637
0 0.023416 0.405134 0.046832 0.067809
0 0.563262 0.748777 0.043587 0.063612
0 0.802154 0.897380 0.044917 0.079094
0 0.185916 0.017818 0.049051 0.035635
0 0.777409 0.961823 0.044053 0.067676
0 0.236093 0.652922 0.040781 0.078358
0 0.078697 0.966707 0.045900 0.063430
0 0.085316 0.790098 0.046868 0.068877
0 0.589348 0.966275 0.039640 0.062798
0 0.706430 0.797904 0.045573 0.061386
0 0.779449 0.031430 0.047301 0.062860
0 0.243690 0.763509 0.042017 0.074851
0 0.285928 0.888013 0.041339 0.074146
0 0.918412 0.866613 0.047804 0.079214
0 0.514418 0.625444 0.046423 0.073607
0 0.196741 0.974375 0.043114 0.047985
0 0.226546 0.542003 0.040355 0.063286
0 0.033187 0.044528 0.043536 0.072012
0 0.142997 0.744693 0.047971 0.077896
0 0.686768 0.674908 0.052050 0.072172
0 0.208360 0.186230 0.047809 0.060149
0 0.261662 0.971451 0.041688 0.053818
0 0.183311 0.495702 0.045414 0.054256
0 0.945455 0.935106 0.046755 0.070807
0 0.717207 0.727592 0.046233 0.071023
0 0.698524 0.952417 0.045618 0.065182
0 0.202464 0.716613 0.048135 0.080197
0 0.208066 0.819011 0.046614 0.076359
0 0.734282 0.902463 0.046601 0.069303
0 0.659387 0.612600 0.051045 0.080763
0 0.849396 0.795926 0.041602 0.073814
0 0.133206 0.649372 0.041495 0.067146
0 0.069020 0.444809 0.047078 0.069465
0 0.469935 0.909980 0.049439 0.073930
0 0.137099 0.939996 0.046719 0.072213
0 0.408229 0.046944 0.048206 0.081386
0 0.030054 0.241209 0.044756 0.060876
0 0.369860 0.576190 0.046909 0.062939
0 0.824738 0.729546 0.043693 0.070880
0 0.583788 0.525835 0.043715 0.075285
0 0.608200 0.778471 0.047690 0.078046
0 0.963048 0.575886 0.044410 0.067900
0 0.281000 0.676225 0.046798 0.080907
0 0.235796 0.903177 0.048862 0.079926
0 0.839923 0.094012 0.044097 0.068836
0 0.967011 0.800923 0.046078 0.076340
0 0.678686 0.235534 0.039977 0.066867
0 0.840055 0.625787 0.042843 0.073990
0 0.728812 0.076752 0.044432 0.070611
0 0.359279 0.799871 0.047604 0.069113
0 0.369823 0.726822 0.049467 0.067924
0 0.545278 0.904463 0.050175 0.075798
0 0.080587 0.610027 0.045553 0.073762
0 0.975748 0.443079 0.045860 0.071338
0 0.649243 0.174873 0.048742 0.073992
0 0.529649 0.084004 0.052344 0.067625
0 0.128560 0.048556 0.047583 0.065995
0 0.472403 0.822864 0.050494 0.062986
0 0.304932 0.163831 0.047046 0.066458
0 0.319008 0.096477 0.050576 0.073389
0 0.573006 0.675757 0.048765 0.071973
0 0.404765 0.915986 0.044379 0.068732
0 0.772923 0.781330 0.047186 0.074404
0 0.895168 0.802595 0.041096 0.071282
0 0.901845 0.560150 0.044530 0.068582
0 0.503229 0.148429 0.044583 0.071633
0 0.196825 0.609698 0.052549 0.081040
0 0.591770 0.861276 0.047636 0.076472
0 0.792973 0.629741 0.047189 0.074627
0 0.108552 0.114321 0.044908 0.070855
0 0.558898 0.598560 0.042622 0.073972
0 0.138581 0.555597 0.045187 0.065985
0 0.825240 0.556969 0.044386 0.068216
0 0.157522 0.148329 0.044946 0.071217
0 0.931321 0.688145 0.045795 0.075189
0 0.348444 0.229500 0.047727 0.065516
0 0.427084 0.432577 0.042289 0.069881
0 0.454851 0.097182 0.045937 0.072474
0 0.339574 0.670132 0.046605 0.077240
0 0.423976 0.207331 0.049343 0.073380
0 0.637802 0.257195 0.047179 0.073794
0 0.495262 0.464444 0.046376 0.073221
0 0.187911 0.329348 0.049388 0.073377
0 0.440799 0.634061 0.047507 0.074409
0 0.098987 0.388504 0.045243 0.068121
0 0.121323 0.245022 0.046651 0.074177
0 0.854928 0.497503 0.040520 0.063807
0 0.889876 0.345895 0.050774 0.080819
0 0.227502 0.040568 0.039528 0.070841
0 0.260449 0.191679 0.046579 0.081047
0 0.520345 0.219026 0.049696 0.068592
0 0.215768 0.117588 0.049398 0.070502
0 0.517601 0.533317 0.045633 0.069721
0 0.815719 0.158552 0.044265 0.071355
0 0.162412 0.414684 0.048474 0.071011
0 0.421271 0.351798 0.052355 0.083800
0 0.926280 0.048607 0.046855 0.076164
0 0.200570 0.253366 0.050132 0.067913
0 0.877213 0.049715 0.046591 0.070346
0 0.761056 0.412441 0.042464 0.069468
0 0.389196 0.636575 0.045008 0.072754
0 0.691842 0.131856 0.046906 0.074906
0 0.932741 0.397134 0.048014 0.085164
0 0.275991 0.049202 0.048509 0.080197
0 0.624323 0.477651 0.043119 0.067771
0 0.289005 0.572360 0.047686 0.070883
0 0.304745 0.264243 0.044637 0.068851
0 0.501680 0.384207 0.046701 0.073042
0 0.799725 0.352381 0.042980 0.082974
0 0.224273 0.451762 0.043356 0.079786
0 0.760587 0.129277 0.047387 0.077669
0 0.780198 0.212568 0.044352 0.065353
0 0.077071 0.522312 0.047232 0.067761
0 0.729131 0.551756 0.045172 0.068652
0 0.297440 0.414542 0.047022 0.074003
0 0.896264 0.120061 0.049921 0.075825
0 0.612423 0.323462 0.047747 0.070087
0 0.443835 0.556855 0.052556 0.072630
0 0.852712 0.251108 0.044072 0.070074
0 0.606491 0.400238 0.042458 0.066670
0 0.774232 0.698826 0.051732 0.073125
0 0.080716 0.297550 0.051877 0.078142
0 0.393619 0.281655 0.055359 0.087603
0 0.674321 0.460996 0.049028 0.083427
0 0.576035 0.166456 0.051952 0.077779
0 0.905751 0.481949 0.048591 0.075999
0 0.901085 0.266493 0.043959 0.069742
0 0.315305 0.339568 0.049248 0.070325
0 0.235729 0.365272 0.044621 0.080934
0 0.354290 0.510446 0.049045 0.074750
0 0.801729 0.481896 0.054202 0.066795
0 0.362516 0.432684 0.049060 0.071394
0 0.300808 0.494753 0.046002 0.071342
0 0.583004 0.250441 0.048242 0.077743
0 0.731002 0.340288 0.046105 0.072298
0 0.456695 0.280637 0.049747 0.079246
0 0.729050 0.472317 0.045609 0.073011
0 0.728318 0.260631 0.047033 0.069950
0 0.559169 0.377857 0.045956 0.071839
1 0.671964 0.351609 0.032755 0.073897
1 0.318677 0.842670 0.037434 0.030989
2 0.015303 0.318236 0.028076 0.042908
2 0.696920 0.593564 0.031195 0.054827
1 0.787387 0.284267 0.056152 0.053635
2 0.730455 0.209774 0.024956 0.033373