0 0.010721 0.992935 0.021376 0.011673
0 0.333138 0.001813 0.034889 0.003563
0 0.006085 0.932137 0.012171 0.066756
0 0.994174 0.915779 0.010353 0.063159
0 0.932295 0.991001 0.041406 0.015111
0 0.316549 0.989360 0.038881 0.018373
0 0.008951 0.673411 0.017879 0.076150
0 0.173301 0.007749 0.035330 0.015499
0 0.008525 0.856246 0.017049 0.066804
0 0.010359 0.191076 0.020707 0.072023
0 0.989284 0.614792 0.019549 0.054172
0 0.012526 0.416506 0.024984 0.079988
0 0.990321 0.321728 0.017533 0.072936
0 0.197364 0.986608 0.046881 0.023766
0 0.484504 0.980716 0.048464 0.035516
0 0.017916 0.595778 0.035832 0.082302
0 0.986713 0.843691 0.024694 0.068168
0 0.160496 0.926529 0.052160 0.066602
0 0.720786 0.974885 0.053474 0.047109
0 0.094266 0.016898 0.044221 0.033796
0 0.985997 0.746735 0.026129 0.072275
0 0.085918 0.177239 0.045855 0.069888
0 0.023056 0.042258 0.045927 0.066545
0 0.163508 0.862897 0.049979 0.067437
0 0.020932 0.271442 0.041864 0.077310
0 0.306718 0.646043 0.049744 0.071229
0 0.394187 0.434894 0.055402 0.067754
0 0.330266 0.704997 0.049373 0.080137
0 0.653900 0.906214 0.046053 0.070084
0 0.523998 0.017370 0.050295 0.034740
0 0.134603 0.972717 0.051493 0.051409
0 0.146486 0.451219 0.051013 0.079646
0 0.244369 0.975103 0.039683 0.046615
0 0.024061 0.761741 0.048121 0.079853
0 0.033722 0.963425 0.049115 0.069169
0 0.240241 0.017647 0.044859 0.035294
0 0.023917 0.121625 0.047833 0.080102
0 0.110191 0.397271 0.044737 0.074157
0 0.838087 0.885798 0.044414 0.066484
0 0.650719 0.835942 0.051525 0.060736
0 0.442701 0.353750 0.049063 0.078238
0 0.504706 0.766488 0.053780 0.071003
0 0.307127 0.454371 0.046621 0.069627
0 0.671693 0.964166 0.047288 0.068335
0 0.050594 0.396600 0.046660 0.074929
0 0.059537 0.895127 0.054117 0.083673
0 0.041080 0.691946 0.040363 0.074688
0 0.077270 0.081949 0.049478 0.078593
0 0.162345 0.212505 0.053791 0.082207
0 0.520878 0.831805 0.048473 0.069787
0 0.517224 0.621438 0.041473 0.061482
0 0.501929 0.691100 0.047781 0.067373
0 0.471743 0.638528 0.045891 0.077096
0 0.390765 0.967334 0.047117 0.061857
0 0.115295 0.631324 0.048869 0.077604
0 0.078480 0.470668 0.041846 0.068998
0 0.485457 0.902636 0.041965 0.070658
0 0.088560 0.690771 0.045774 0.071183
0 0.273818 0.854925 0.050385 0.068266
0 0.099947 0.246969 0.046695 0.068391
0 0.144718 0.796572 0.043871 0.069193
0 0.550827 0.887952 0.047944 0.074356
0 0.449429 0.954161 0.043015 0.063660
0 0.429194 0.481484 0.044445 0.067780
0 0.342690 0.858689 0.045837 0.068890
0 0.391256 0.887420 0.045126 0.075963
0 0.323563 0.516171 0.042727 0.064698
0 0.047112 0.527303 0.046957 0.071906
0 0.288446 0.927279 0.047945 0.073677
0 0.700078 0.627163 0.045720 0.070376
0 0.438075 0.020572 0.043824 0.041144
0 0.346622 0.781305 0.051522 0.070127
0 0.931237 0.942961 0.044774 0.067554
0 0.229337 0.695560 0.037763 0.058527
0 0.229847 0.762227 0.038523 0.062743
0 0.672784 0.777431 0.050074 0.074478
0 0.556152 0.575987 0.043593 0.070891
0 0.407774 0.292444 0.051720 0.070973
0 0.336790 0.949856 0.043150 0.067415
0 0.141253 0.066350 0.047295 0.078305
0 0.090925 0.773083 0.053210 0.083532
0 0.534582 0.960341 0.042587 0.071360
0 0.162728 0.610137 0.043195 0.069583
0 0.652549 0.641207 0.045327 0.072415
0 0.682872 0.697509 0.049115 0.067768
0 0.789919 0.734035 0.050771 0.073854
0 0.081645 0.328090 0.054997 0.085482
0 0.193290 0.797527 0.044367 0.077298
0 0.191942 0.144966 0.052371 0.078384
0 0.624614 0.126544 0.045300 0.076972
0 0.975351 0.563340 0.046346 0.070094
0 0.202423 0.267060 0.051006 0.082505
0 0.221291 0.348751 0.042026 0.074880
0 0.334352 0.585688 0.047448 0.072083
0 0.173152 0.513117 0.045436 0.076775
0 0.823655 0.680030 0.049495 0.074224
0 0.128939 0.552102 0.050632 0.072042
0 0.236889 0.911801 0.045712 0.066068
0 0.586945 0.626134 0.045459 0.075093
0 0.964052 0.896726 0.045257 0.072465
0 0.622268 0.752671 0.045292 0.075392
0 0.841858 0.815491 0.049523 0.069154
0 0.887230 0.912295 0.047366 0.068838
0 0.975084 0.054107 0.044161 0.076766
0 0.444519 0.847942 0.042784 0.065783
0 0.427774 0.673859 0.047680 0.077536
0 0.666624 0.153334 0.051757 0.068353
0 0.723753 0.768462 0.044185 0.066960
0 0.325565 0.386643 0.044674 0.068124
0 0.730352 0.917573 0.045325 0.063511
0 0.292376 0.783015 0.046767 0.067957
0 0.522867 0.461779 0.051521 0.074660
0 0.178118 0.680795 0.042571 0.068435
0 0.868989 0.665778 0.042559 0.063341
0 0.794528 0.244843 0.049554 0.082916
0 0.372191 0.508853 0.048770 0.080899
0 0.773839 0.033549 0.047148 0.067098
0 0.387080 0.362813 0.051385 0.070697
0 0.556190 0.395685 0.047211 0.077240
0 0.513559 0.541259 0.048922 0.069819
0 0.849632 0.528765 0.047898 0.068782
0 0.552032 0.214504 0.047076 0.072649
0 0.676871 0.520430 0.048982 0.074712
0 0.325140 0.196994 0.045233 0.071920
0 0.725063 0.040309 0.046659 0.080297
0 0.717236 0.842093 0.048168 0.066189
0 0.681673 0.079253 0.052079 0.078550
0 0.718243 0.561293 0.048581 0.074743
0 0.378859 0.703210 0.044663 0.076847
0 0.768872 0.412059 0.044991 0.067023
0 0.682274 0.366690 0.050421 0.066363
0 0.194659 0.062044 0.048555 0.075106
0 0.671759 0.227113 0.053940 0.065290
0 0.901163 0.843910 0.046846 0.070584
0 0.963332 0.128354 0.046021 0.068368
0 0.171766 0.365610 0.047410 0.076909
0 0.828646 0.190456 0.048188 0.078865
0 0.925377 0.089216 0.046519 0.083433
0 0.805053 0.499862 0.044855 0.073918
0 0.944181 0.195968 0.054954 0.069337
0 0.793920 0.346427 0.050331 0.073879
0 0.754899 0.486642 0.046292 0.071381
0 0.846109 0.741794 0.050737 0.064325
0 0.573850 0.499548 0.048178 0.067546
0 0.204858 0.454297 0.045094 0.072438
0 0.691905 0.442375 0.052872 0.073576
0 0.792488 0.092871 0.048431 0.074595
0 0.664327 0.299262 0.042264 0.066355
0 0.271466 0.350273 0.047118 0.072029
0 0.926400 0.369469 0.045882 0.074383
0 0.632055 0.044966 0.048923 0.071340
0 0.710685 0.310902 0.044708 0.073520
0 0.608938 0.404061 0.051601 0.070669
0 0.729406 0.122818 0.046696 0.069713
0 0.769743 0.563446 0.046692 0.071354
0 0.934091 0.708246 0.044476 0.072481
0 0.952897 0.426554 0.048598 0.068324
0 0.943606 0.809830 0.049328 0.081830
0 0.494899 0.340633 0.045737 0.077120
0 0.863744 0.594045 0.048587 0.065960
0 0.957181 0.501813 0.049825 0.067794
0 0.546918 0.295844 0.047093 0.070433
0 0.573570 0.051174 0.049557 0.079373
0 0.341646 0.036804 0.042363 0.063004
0 0.328088 0.279842 0.047958 0.078478
0 0.393230 0.124311 0.052699 0.066753
0 0.445137 0.243207 0.048999 0.079509
0 0.888859 0.183512 0.043598 0.067389
0 0.332046 0.117368 0.047598 0.069647
0 0.899260 0.324236 0.049369 0.068224
0 0.835054 0.293280 0.047379 0.083525
0 0.846625 0.445208 0.038767 0.077217
0 0.388212 0.045535 0.045322 0.071736
0 0.388441 0.202593 0.046465 0.069913
0 0.575307 0.143091 0.049961 0.075596
0 0.617629 0.312741 0.045304 0.073088
0 0.903204 0.517128 0.043969 0.074406
0 0.452176 0.160946 0.054726 0.080178
0 0.854962 0.076465 0.051625 0.077679
0 0.903201 0.252505 0.048063 0.064146
0 0.955053 0.260200 0.045115 0.067679
1 0.115128 0.144219 0.035875 0.069130