0 0.489530 0.001846 0.035207 0.003623
0 0.004848 0.940331 0.009697 0.075965
0 0.995022 0.011117 0.008929 0.022234
0 0.995124 0.226104 0.008268 0.053170
0 0.148489 0.004217 0.042966 0.008420
0 0.834548 0.004764 0.037632 0.009528
0 0.921750 0.990672 0.042995 0.015598
0 0.993474 0.067119 0.011279 0.055273
0 0.144892 0.989667 0.048531 0.017826
0 0.993218 0.620505 0.011973 0.071056
0 0.009403 0.525151 0.018806 0.061389
0 0.010377 0.595705 0.020745 0.069697
0 0.896709 0.009702 0.053045 0.019376
0 0.452855 0.982476 0.049792 0.031688
0 0.822158 0.981651 0.052665 0.033399
0 0.986116 0.911765 0.025853 0.086504
0 0.591094 0.978615 0.053798 0.039365
0 0.315772 0.012209 0.043741 0.024339
0 0.986626 0.308873 0.024741 0.083454
0 0.027423 0.952798 0.053798 0.091012
0 0.014949 0.448815 0.029849 0.085290
0 0.685770 0.974318 0.058030 0.048006
0 0.570164 0.636701 0.045687 0.072282
0 0.319365 0.905519 0.051135 0.079509
0 0.787711 0.898356 0.051010 0.075281
0 0.763833 0.965679 0.050226 0.065167
0 0.223181 0.022757 0.053591 0.045515
0 0.658398 0.020277 0.049101 0.040555
0 0.136158 0.822269 0.048073 0.075207
0 0.183409 0.716867 0.058136 0.067774
0 0.853858 0.941521 0.043588 0.075360
0 0.304536 0.815867 0.053396 0.077720
0 0.390777 0.963682 0.050695 0.069061
0 0.665348 0.765203 0.054670 0.093360
0 0.072941 0.838820 0.052246 0.086323
0 0.596662 0.917244 0.052014 0.074356
0 0.364141 0.832462 0.048012 0.088357
0 0.775577 0.022924 0.051381 0.045848
0 0.232573 0.949010 0.050490 0.082468
0 0.679542 0.680093 0.046990 0.072478
0 0.413013 0.863694 0.047788 0.076760
0 0.801997 0.823150 0.051882 0.073875
0 0.826958 0.666415 0.052184 0.069531
0 0.288647 0.732728 0.052959 0.083182
0 0.043941 0.639016 0.052974 0.082528
0 0.685172 0.272167 0.051208 0.079996
0 0.144019 0.648652 0.055309 0.085366
0 0.102902 0.754460 0.052183 0.085460
0 0.969172 0.734298 0.053307 0.077176
0 0.499044 0.936346 0.053881 0.083342
0 0.184571 0.902008 0.055003 0.084390
0 0.585039 0.444378 0.047004 0.074315
0 0.542365 0.024414 0.055030 0.048827
0 0.905722 0.942189 0.052731 0.079179
0 0.444498 0.027128 0.049457 0.054117
0 0.662254 0.866230 0.055441 0.086311
0 0.979153 0.167386 0.039739 0.081369
0 0.201142 0.428826 0.052372 0.083472
0 0.233417 0.797135 0.054159 0.087506
0 0.516380 0.853602 0.052758 0.079887
0 0.236420 0.485054 0.057487 0.082784
0 0.089400 0.588883 0.056081 0.083491
0 0.049434 0.534619 0.054627 0.073755
0 0.034932 0.754002 0.052108 0.088868
0 0.596220 0.833238 0.052811 0.081069
0 0.377233 0.360793 0.050937 0.085311
0 0.190708 0.605642 0.052109 0.082357
0 0.558810 0.720379 0.057492 0.091693
0 0.483324 0.625879 0.051708 0.083289
0 0.786090 0.430308 0.052044 0.085780
0 0.888464 0.421981 0.053299 0.079073
0 0.915369 0.856918 0.055775 0.082551
0 0.723856 0.768223 0.053715 0.088206
0 0.885307 0.340318 0.057746 0.072883
0 0.735430 0.668176 0.052359 0.079178
0 0.456627 0.436201 0.050647 0.081762
0 0.603431 0.572062 0.051299 0.080018
0 0.401403 0.717225 0.054636 0.085142
0 0.159966 0.532461 0.054173 0.080178
0 0.806992 0.506529 0.050208 0.076714
0 0.683267 0.357946 0.049956 0.077512
0 0.834534 0.744025 0.056420 0.095594
0 0.469494 0.767104 0.053923 0.081244
0 0.716461 0.025115 0.055511 0.050229
0 0.823423 0.589142 0.050564 0.076113
0 0.882276 0.689947 0.052737 0.076165
0 0.882220 0.179344 0.052846 0.088347
0 0.052435 0.384078 0.051064 0.079939
0 0.357814 0.038258 0.050730 0.076348
0 0.284510 0.192933 0.049533 0.075983
0 0.097560 0.306553 0.051261 0.078449
0 0.626316 0.494430 0.053311 0.080387
0 0.364324 0.222852 0.053878 0.083929
0 0.789204 0.285178 0.049767 0.084344
0 0.211513 0.335004 0.045008 0.078125
0 0.761818 0.088328 0.048560 0.078126
0 0.445701 0.275930 0.053045 0.072347
0 0.643637 0.117503 0.049784 0.075790
0 0.753875 0.359638 0.058095 0.084952
0 0.529176 0.317669 0.051957 0.081213
0 0.635354 0.199324 0.056637 0.080168
0 0.610087 0.041843 0.052558 0.083687
0 0.323879 0.344952 0.050680 0.077572
0 0.793146 0.154396 0.055082 0.084411
0 0.137340 0.243400 0.051764 0.077518
0 0.071163 0.046964 0.053037 0.079025
0 0.612929 0.275120 0.053164 0.080334
0 0.413699 0.521272 0.056417 0.083681
0 0.941392 0.676650 0.056251 0.096957
0 0.597798 0.360257 0.051254 0.083213
0 0.160494 0.348628 0.056036 0.088160
0 0.206973 0.096247 0.051160 0.085307
0 0.194252 0.252484 0.051283 0.079230
0 0.511667 0.400660 0.058385 0.085602
0 0.095044 0.480666 0.059594 0.085515
0 0.769095 0.585670 0.050880 0.081534
0 0.887686 0.607140 0.056893 0.077055
0 0.887210 0.510487 0.057860 0.082673
0 0.948643 0.054293 0.050461 0.072891
0 0.428645 0.098795 0.061907 0.083709
0 0.713216 0.127444 0.051282 0.082027
0 0.929880 0.128542 0.062625 0.085066
0 0.126000 0.151269 0.052643 0.081550
0 0.354814 0.125065 0.053858 0.081202
0 0.054912 0.220721 0.052022 0.081431
0 0.284562 0.071501 0.054228 0.084746
0 0.882712 0.061312 0.053739 0.084571
0 0.545022 0.100304 0.053830 0.087893
0 0.273695 0.269897 0.057483 0.082557
0 0.936369 0.381112 0.054578 0.090039
0 0.435648 0.190492 0.059724 0.090740
0 0.846875 0.282164 0.053912 0.081879
0 0.950473 0.542527 0.054965 0.081222
0 0.736480 0.232711 0.056251 0.087148
0 0.528335 0.208883 0.056856 0.088735
0 0.911789 0.269480 0.058306 0.080084
1 0.477773 0.519070 0.054592 0.060787
2 0.361961 0.500596 0.022617 0.033373
2 0.492201 0.505959 0.019497 0.029797
2 0.835349 0.038737 0.024176 0.039333
1 0.247603 0.563803 0.048024 0.071726
1 0.281711 0.589658 0.044204 0.098415
1 0.324823 0.588824 0.048569 0.110092
1 0.358112 0.544621 0.058392 0.093411