0 0.005459 0.987618 0.010917 0.022195
0 0.088356 0.994615 0.031789 0.008804
0 0.003766 0.804693 0.007531 0.047690
0 0.996172 0.867643 0.006407 0.053743
0 0.447192 0.992960 0.031258 0.011548
0 0.292103 0.004405 0.034395 0.008811
0 0.824435 0.989628 0.042878 0.017756
0 0.175144 0.986622 0.035314 0.023936
0 0.512854 0.988052 0.039823 0.021026
0 0.856563 0.008505 0.039302 0.017009
0 0.365132 0.986997 0.043220 0.023101
0 0.989950 0.732096 0.018413 0.067116
0 0.992052 0.170046 0.014283 0.068605
0 0.112315 0.009612 0.050180 0.019224
0 0.985907 0.953684 0.026545 0.077509
0 0.216580 0.971221 0.050441 0.054561
0 0.978281 0.016731 0.041450 0.033461
0 0.723287 0.972242 0.047748 0.052316
0 0.017488 0.524875 0.034977 0.074243
0 0.290443 0.963825 0.053559 0.069185
0 0.082851 0.920646 0.044391 0.066440
0 0.208909 0.908994 0.042101 0.065247
0 0.052105 0.968789 0.050486 0.059297
0 0.016503 0.433206 0.033005 0.075697
0 0.336349 0.871633 0.051747 0.068998
0 0.255026 0.923441 0.044434 0.078526
0 0.135445 0.826835 0.043087 0.080716
0 0.384583 0.860646 0.044920 0.077790
0 0.947223 0.973434 0.046234 0.049969
0 0.022840 0.763263 0.045443 0.075159
0 0.492548 0.951528 0.059591 0.072322
0 0.983726 0.385084 0.030580 0.071462
0 0.502542 0.857779 0.038224 0.076163
0 0.841464 0.896645 0.042871 0.066083
0 0.978576 0.801495 0.040911 0.076795
0 0.166167 0.877778 0.046840 0.075519
0 0.027382 0.880314 0.049103 0.083068
0 0.730877 0.019118 0.045689 0.038237
0 0.950512 0.624436 0.053964 0.082732
0 0.776250 0.968543 0.046437 0.059765
0 0.554284 0.648704 0.038847 0.065131
0 0.343279 0.947683 0.045779 0.072239
0 0.414785 0.906679 0.047653 0.080671
0 0.584663 0.929544 0.054233 0.080748
0 0.419850 0.812367 0.046459 0.079473
0 0.126754 0.950674 0.054604 0.085931
0 0.683391 0.798892 0.047124 0.067908
0 0.662269 0.862585 0.045799 0.069058
0 0.756711 0.805713 0.044427 0.075837
0 0.464514 0.893703 0.042912 0.065878
0 0.869820 0.959095 0.056183 0.071673
0 0.195779 0.387777 0.045677 0.074561
0 0.587170 0.021842 0.049618 0.043678
0 0.018498 0.111054 0.036990 0.077586
0 0.670539 0.943021 0.050074 0.079035
0 0.975105 0.672145 0.045814 0.079319
0 0.169943 0.777320 0.045441 0.077631
0 0.710535 0.738309 0.049296 0.068254
0 0.826154 0.515961 0.041998 0.065767
0 0.254501 0.585826 0.042328 0.078351
0 0.461700 0.785728 0.043150 0.074755
0 0.221073 0.772876 0.049963 0.073434
0 0.925909 0.897048 0.046885 0.076858
0 0.247379 0.844137 0.044936 0.071519
0 0.975142 0.463377 0.047126 0.070675
0 0.088724 0.846310 0.048701 0.072610
0 0.401986 0.647450 0.044106 0.071398
0 0.024802 0.034224 0.046767 0.068448
0 0.547109 0.859954 0.048878 0.083602
0 0.774148 0.683929 0.051153 0.070835
0 0.149362 0.645235 0.048634 0.073239
0 0.231980 0.436620 0.050275 0.083502
0 0.283079 0.756194 0.046893 0.071561
0 0.045594 0.700231 0.049864 0.070448
0 0.712705 0.885193 0.044909 0.069965
0 0.330159 0.791369 0.044648 0.072262
0 0.517447 0.574389 0.050099 0.072527
0 0.440084 0.712846 0.054704 0.080930
0 0.515584 0.681329 0.045753 0.073142
0 0.028055 0.631274 0.050074 0.067926
0 0.618964 0.731157 0.047261 0.072376
0 0.647000 0.660232 0.047757 0.072996
0 0.649443 0.589531 0.043978 0.059829
0 0.517642 0.766173 0.052411 0.081499
0 0.544789 0.516296 0.044822 0.071227
0 0.656014 0.437665 0.045458 0.069169
0 0.268356 0.481164 0.052689 0.078122
0 0.339675 0.020065 0.050105 0.040130
0 0.717386 0.667470 0.042015 0.065948
0 0.059025 0.404789 0.050299 0.081128
0 0.623053 0.811716 0.048965 0.075795
0 0.086019 0.745957 0.047648 0.072690
0 0.058857 0.555251 0.047638 0.078621
0 0.210067 0.701585 0.056169 0.066770
0 0.187238 0.020715 0.051484 0.041430
0 0.099991 0.520223 0.048824 0.080569
0 0.843267 0.822994 0.045721 0.066426
0 0.033613 0.328286 0.050019 0.079480
0 0.349881 0.485385 0.050072 0.072897
0 0.291198 0.542980 0.043496 0.066983
0 0.874204 0.759372 0.048168 0.077235
0 0.032902 0.187337 0.047853 0.075758
0 0.891167 0.479434 0.040395 0.066829
0 0.386701 0.538673 0.048914 0.077546
0 0.898089 0.686105 0.050067 0.080773
0 0.470392 0.026710 0.042838 0.053342
0 0.698948 0.600112 0.046345 0.078885
0 0.590412 0.609236 0.047502 0.071656
0 0.352717 0.610151 0.050502 0.072289
0 0.580684 0.467288 0.045819 0.074454
0 0.619132 0.316245 0.050923 0.053232
0 0.825966 0.713846 0.047640 0.076773
0 0.177616 0.462388 0.041491 0.069012
0 0.733341 0.527196 0.049493 0.069224
0 0.818333 0.595050 0.050941 0.079541
0 0.424633 0.035673 0.044694 0.071346
0 0.213046 0.626809 0.051458 0.072958
0 0.108577 0.350184 0.041992 0.065377
0 0.347194 0.714071 0.054620 0.081616
0 0.706000 0.459024 0.044761 0.068834
0 0.761207 0.609031 0.050044 0.076354
0 0.128998 0.462057 0.046254 0.081257
0 0.352773 0.346078 0.049783 0.065850
0 0.097482 0.204842 0.049043 0.072238
0 0.405377 0.124064 0.051105 0.060317
0 0.662697 0.510657 0.049149 0.071531
0 0.779264 0.032859 0.048816 0.065717
0 0.932182 0.417360 0.052110 0.073909
0 0.559483 0.389259 0.047411 0.083554
0 0.378870 0.061208 0.045125 0.073083
0 0.324234 0.413011 0.053629 0.086773
0 0.416614 0.465992 0.050774 0.079380
0 0.146364 0.560172 0.049352 0.077232
0 0.916256 0.576107 0.049410 0.074987
0 0.377182 0.206082 0.042796 0.068899
0 0.411740 0.379022 0.044854 0.076166
0 0.834694 0.345504 0.045452 0.066634
0 0.783367 0.470527 0.046653 0.071573
0 0.075825 0.286876 0.049337 0.078861
0 0.616709 0.390484 0.048409 0.078472
0 0.841588 0.429298 0.051805 0.084638
0 0.876477 0.043480 0.048235 0.080066
0 0.740452 0.399751 0.051143 0.078100
0 0.668763 0.038904 0.047397 0.076447
0 0.475812 0.454372 0.045727 0.077115
0 0.662097 0.154997 0.046277 0.077360
0 0.065944 0.121884 0.047923 0.074308
0 0.515575 0.201255 0.046070 0.074641
0 0.977804 0.103279 0.042662 0.078198
0 0.559617 0.248024 0.044327 0.068006
0 0.557366 0.107308 0.049013 0.068928
0 0.625906 0.250245 0.048968 0.069337
0 0.707991 0.341765 0.049495 0.067131
0 0.169768 0.304250 0.042424 0.070074
0 0.205537 0.072045 0.045970 0.073206
0 0.914312 0.346293 0.053333 0.065917
0 0.528978 0.320717 0.047290 0.070326
0 0.721300 0.272067 0.045301 0.070471
0 0.330094 0.081591 0.048128 0.080482
0 0.817749 0.086006 0.049262 0.076207
0 0.229900 0.334489 0.037619 0.076492
0 0.101370 0.060888 0.050755 0.075083
0 0.918210 0.066797 0.050607 0.075707
0 0.593039 0.160075 0.046862 0.077845
0 0.474554 0.344127 0.050718 0.073170
0 0.144170 0.174914 0.047391 0.073442
0 0.540860 0.037302 0.045913 0.068378
0 0.137153 0.250478 0.045760 0.071179
0 0.465559 0.163958 0.052084 0.081900
0 0.396249 0.275846 0.050949 0.078637
0 0.766893 0.243203 0.048532 0.077960
0 0.808245 0.191787 0.049908 0.076199
0 0.720156 0.187991 0.051073 0.086913
0 0.906419 0.280741 0.054941 0.069834
0 0.205901 0.213836 0.044885 0.068835
0 0.836702 0.263888 0.052352 0.076222
0 0.303092 0.230454 0.049490 0.075652
0 0.256276 0.194986 0.048079 0.077231
1 0.486352 0.636472 0.029636 0.102503