0 0.283824 0.995099 0.033034 0.007892
0 0.560326 0.002440 0.031670 0.004881
0 0.594340 0.992871 0.030111 0.011588
0 0.310527 0.004910 0.035014 0.009736
0 0.046208 0.004690 0.031109 0.009380
0 0.724054 0.992212 0.033837 0.012887
0 0.005262 0.571747 0.010523 0.074041
0 0.492368 0.006409 0.035860 0.012818
0 0.993310 0.777525 0.011816 0.061021
0 0.007622 0.258024 0.015244 0.075455
0 0.441233 0.007906 0.037462 0.015813
0 0.989631 0.697943 0.019103 0.076552
0 0.136786 0.011481 0.048692 0.022962
0 0.958050 0.986668 0.045893 0.023723
0 0.989519 0.116435 0.019299 0.071124
0 0.012721 0.869535 0.025441 0.073381
0 0.381741 0.982882 0.044572 0.031055
0 0.013774 0.662675 0.027543 0.081268
0 0.848915 0.981303 0.045788 0.034206
0 0.017478 0.949635 0.034957 0.077642
0 0.088275 0.984636 0.053645 0.027637
0 0.014955 0.749885 0.029910 0.077455
0 0.982634 0.847588 0.032900 0.072149
0 0.554284 0.974427 0.045567 0.047939
0 0.215520 0.973175 0.045187 0.050619
0 0.761374 0.974308 0.041369 0.048408
0 0.711437 0.743866 0.054189 0.069959
0 0.102988 0.678459 0.044619 0.075923
0 0.910955 0.020548 0.051893 0.041097
0 0.446564 0.946811 0.048669 0.074466
0 0.469458 0.615356 0.047492 0.082531
0 0.064178 0.639006 0.047865 0.077556
0 0.428231 0.695978 0.047305 0.073362
0 0.792089 0.927207 0.047521 0.074184
0 0.230287 0.900877 0.051667 0.078712
0 0.640142 0.799872 0.045247 0.071900
0 0.891670 0.855420 0.044207 0.064062
0 0.577231 0.915879 0.047217 0.075024
0 0.029185 0.505359 0.050799 0.068251
0 0.018745 0.416193 0.037470 0.076362
0 0.720305 0.672523 0.050435 0.069342
0 0.269088 0.934197 0.043233 0.068874
0 0.865591 0.797599 0.051203 0.077564
0 0.689346 0.022186 0.046577 0.044371
0 0.506108 0.670490 0.046817 0.072713
0 0.466825 0.733666 0.047550 0.080612
0 0.690022 0.891149 0.049143 0.075334
0 0.060971 0.919948 0.049741 0.079333
0 0.370239 0.591755 0.041355 0.066937
0 0.409817 0.899224 0.049359 0.085875
0 0.597353 0.764080 0.045424 0.080331
0 0.640117 0.706302 0.045520 0.067476
0 0.551444 0.840007 0.048784 0.069486
0 0.505068 0.790056 0.041189 0.069986
0 0.621932 0.943723 0.047061 0.080277
0 0.682581 0.621575 0.048698 0.081113
0 0.513264 0.401465 0.047391 0.077028
0 0.121236 0.905954 0.048740 0.070914
0 0.121075 0.777016 0.048352 0.074989
0 0.019631 0.119729 0.039257 0.078410
0 0.974542 0.634095 0.047092 0.077913
0 0.931562 0.889914 0.047596 0.076819
0 0.538157 0.465271 0.043710 0.069205
0 0.940731 0.682925 0.043296 0.074629
0 0.910306 0.959418 0.044513 0.067026
0 0.496212 0.500116 0.048419 0.072907
0 0.150665 0.838357 0.043446 0.070031
0 0.390254 0.025980 0.050457 0.051960
0 0.462052 0.822068 0.051818 0.078483
0 0.083399 0.833033 0.050855 0.077366
0 0.373772 0.841235 0.048176 0.075910
0 0.260048 0.835366 0.044516 0.070333
0 0.756651 0.767814 0.050619 0.082382
0 0.713095 0.556388 0.042710 0.065444
0 0.335139 0.544649 0.053251 0.080699
0 0.710648 0.467631 0.049775 0.080741
0 0.319737 0.801381 0.043054 0.074463
0 0.202687 0.416130 0.048258 0.068687
0 0.670159 0.409708 0.043391 0.069037
0 0.565157 0.667436 0.049159 0.075384
0 0.747387 0.617140 0.040241 0.070217
0 0.196988 0.552625 0.061433 0.072206
0 0.893064 0.730820 0.049771 0.073226
0 0.327134 0.721428 0.046216 0.072459
0 0.416163 0.616017 0.050545 0.082564
0 0.136961 0.640483 0.044795 0.078447
0 0.065735 0.739876 0.049448 0.078537
0 0.421061 0.508044 0.049216 0.077746
0 0.370840 0.485495 0.046751 0.074068
0 0.582546 0.402612 0.046729 0.076289
0 0.762851 0.853187 0.056082 0.080310
0 0.819140 0.852596 0.045220 0.073421
0 0.035293 0.582045 0.048957 0.074753
0 0.338900 0.137082 0.044923 0.077497
0 0.310547 0.644243 0.046886 0.076514
0 0.537886 0.030059 0.047221 0.059987
0 0.644802 0.216356 0.045996 0.068336
0 0.507731 0.574281 0.049053 0.075464
0 0.342277 0.036611 0.043239 0.070947
0 0.663941 0.327651 0.046055 0.073979
0 0.158852 0.717210 0.050402 0.076944
0 0.211165 0.822458 0.050305 0.076887
0 0.723052 0.057361 0.044592 0.075923
0 0.620709 0.364158 0.043510 0.069873
0 0.474961 0.149332 0.045705 0.072512
0 0.859090 0.032988 0.049624 0.065875
0 0.897768 0.637335 0.046043 0.080530
0 0.791645 0.608510 0.041776 0.071390
0 0.030864 0.043983 0.051805 0.073409
0 0.230177 0.627875 0.047693 0.078463
0 0.166637 0.043815 0.047793 0.069757
0 0.540299 0.346451 0.045480 0.073172
0 0.850284 0.538200 0.053462 0.072407
0 0.469404 0.228520 0.045342 0.071375
0 0.625013 0.284138 0.050295 0.071741
0 0.621177 0.119409 0.045417 0.074095
0 0.307023 0.481770 0.049098 0.073327
0 0.756502 0.432985 0.051089 0.080012
0 0.872391 0.471440 0.053846 0.076932
0 0.852929 0.398732 0.052174 0.084432
0 0.849873 0.610123 0.051564 0.070830
0 0.179428 0.628243 0.049132 0.084962
0 0.572981 0.083234 0.053287 0.084128
0 0.384954 0.390002 0.044817 0.079048
0 0.353567 0.330840 0.045804 0.069862
0 0.387327 0.138866 0.044824 0.077677
0 0.453198 0.065260 0.047220 0.074034
0 0.722875 0.195775 0.047021 0.069889
0 0.269072 0.326062 0.049320 0.071237
0 0.246004 0.037975 0.046720 0.072757
0 0.775738 0.348933 0.045539 0.082292
0 0.199882 0.138772 0.044593 0.073206
0 0.067302 0.472699 0.048743 0.073467
0 0.271643 0.579251 0.048792 0.077423
0 0.773715 0.041547 0.041565 0.069021
0 0.289569 0.407507 0.047465 0.071988
0 0.033905 0.225197 0.041499 0.066251
0 0.302143 0.082538 0.050045 0.081048
0 0.177548 0.487335 0.050608 0.078349
0 0.517391 0.111665 0.044863 0.070968
0 0.834043 0.322038 0.051077 0.070155
0 0.948734 0.049194 0.048199 0.074100
0 0.363974 0.259158 0.045543 0.070047
0 0.254155 0.224070 0.046207 0.073737
0 0.954503 0.404199 0.050677 0.076610
0 0.900140 0.377471 0.047588 0.085381
0 0.429289 0.279882 0.048894 0.078165
0 0.266524 0.142607 0.047554 0.076571
0 0.534201 0.194430 0.048224 0.077955
0 0.065906 0.141072 0.046769 0.081536
0 0.782717 0.137860 0.045509 0.069765
0 0.783041 0.214216 0.046044 0.070124
0 0.524982 0.272372 0.048112 0.069525
0 0.137276 0.109917 0.051517 0.077672
0 0.185741 0.329587 0.052039 0.078262
0 0.691941 0.124667 0.051899 0.079940
0 0.234871 0.473062 0.047674 0.072582
0 0.036150 0.327439 0.050551 0.069502
0 0.080548 0.393536 0.045901 0.071031
0 0.847842 0.109304 0.048816 0.076233
0 0.853017 0.256848 0.045880 0.075303
0 0.731540 0.303012 0.048444 0.075897
0 0.207563 0.255209 0.049889 0.078641
0 0.940134 0.330731 0.055756 0.084138
0 0.082694 0.219886 0.046008 0.070745
0 0.142748 0.204545 0.053684 0.076369
0 0.082384 0.297944 0.047156 0.067209
0 0.897820 0.273160 0.045944 0.076853
1 0.228211 0.353993 0.035875 0.064362
2 0.459446 0.520262 0.019497 0.025030