0 0.997312 0.699442 0.004434 0.046308
0 0.990775 0.004633 0.017463 0.009144
0 0.926300 0.993709 0.034825 0.010348
0 0.688668 0.994447 0.035626 0.009054
0 0.995333 0.534589 0.008248 0.057350
0 0.744954 0.993636 0.033611 0.010508
0 0.599438 0.993051 0.033428 0.011431
0 0.005496 0.695045 0.010991 0.058240
0 0.006483 0.548396 0.012967 0.068716
0 0.167056 0.990180 0.039987 0.016831
0 0.945306 0.008862 0.042028 0.017724
0 0.990678 0.261816 0.016861 0.068840
0 0.989436 0.775740 0.019331 0.069949
0 0.988905 0.395003 0.020290 0.071266
0 0.010219 0.451169 0.020437 0.068843
0 0.011000 0.285279 0.021986 0.077199
0 0.011751 0.816897 0.023485 0.075415
0 0.476315 0.981494 0.046786 0.033689
0 0.303272 0.981170 0.044103 0.034344
0 0.015817 0.626216 0.031612 0.072556
0 0.549858 0.979264 0.052601 0.038238
0 0.646562 0.971815 0.047707 0.053392
0 0.380366 0.976825 0.055847 0.042981
0 0.938718 0.958429 0.053489 0.067512
0 0.518290 0.706623 0.041758 0.062997
0 0.554072 0.665493 0.041971 0.064135
0 0.115853 0.974580 0.052187 0.047649
0 0.075600 0.017898 0.046977 0.035797
0 0.804288 0.971489 0.051559 0.053852
0 0.019271 0.373897 0.038543 0.079037
0 0.978680 0.469202 0.040591 0.073487
0 0.361753 0.931971 0.049722 0.067853
0 0.918931 0.745876 0.040928 0.069726
0 0.822746 0.535700 0.048032 0.064158
0 0.131715 0.917182 0.041754 0.065932
0 0.442607 0.428575 0.045488 0.068836
0 0.684016 0.555572 0.043334 0.067280
0 0.977956 0.327390 0.041913 0.071109
0 0.809823 0.886647 0.050990 0.077001
0 0.222215 0.913410 0.048721 0.076801
0 0.249812 0.972788 0.051318 0.051182
0 0.174297 0.893751 0.042942 0.072956
0 0.216280 0.020392 0.047156 0.040784
0 0.752874 0.930605 0.042823 0.068494
0 0.772514 0.503042 0.047284 0.077430
0 0.827735 0.406160 0.050222 0.070834
0 0.870552 0.373272 0.039393 0.066767
0 0.831269 0.806790 0.051958 0.078052
0 0.534481 0.848832 0.053232 0.068501
0 0.796191 0.329889 0.047921 0.072849
0 0.252798 0.857805 0.042954 0.064617
0 0.589196 0.612211 0.044137 0.072839
0 0.692640 0.438866 0.051599 0.078760
0 0.689289 0.775378 0.048997 0.073990
0 0.337397 0.433136 0.039070 0.068911
0 0.504177 0.235478 0.054999 0.077286
0 0.777563 0.612917 0.047175 0.073165
0 0.558088 0.915641 0.045376 0.067317
0 0.654382 0.378899 0.053469 0.082361
0 0.745125 0.678006 0.048903 0.073804
0 0.655124 0.174775 0.047473 0.073094
0 0.539843 0.595890 0.051970 0.077954
0 0.530169 0.032816 0.049285 0.065473
0 0.520436 0.779979 0.045376 0.069795
0 0.803930 0.252134 0.047952 0.072667
0 0.935723 0.678521 0.046423 0.069899
0 0.645775 0.509770 0.050452 0.078711
0 0.381340 0.025202 0.053550 0.050282
0 0.736820 0.847786 0.053477 0.075118
0 0.462416 0.364406 0.050774 0.077253
0 0.949743 0.411205 0.047489 0.073646
0 0.941720 0.601879 0.042595 0.067974
0 0.564894 0.749840 0.044990 0.068089
0 0.678704 0.700532 0.051084 0.071801
0 0.883747 0.667124 0.047947 0.069346
0 0.266409 0.787849 0.048210 0.073704
0 0.485140 0.300762 0.047320 0.069098
0 0.564747 0.185383 0.046629 0.078414
0 0.966521 0.543773 0.047007 0.071035
0 0.084350 0.881161 0.047794 0.072818
0 0.703855 0.947482 0.045788 0.070202
0 0.155361 0.824776 0.047489 0.064024
0 0.176914 0.110943 0.043499 0.084538
0 0.756099 0.378540 0.045520 0.064789
0 0.612975 0.028688 0.047784 0.057322
0 0.692208 0.318330 0.047843 0.078565
0 0.632061 0.899684 0.050644 0.076998
0 0.073218 0.444725 0.048583 0.069728
0 0.727940 0.533765 0.046183 0.084907
0 0.162535 0.198701 0.047247 0.073366
0 0.078662 0.704812 0.044617 0.069805
0 0.397902 0.650726 0.055006 0.077747
0 0.862038 0.874192 0.052478 0.083560
0 0.389796 0.427748 0.050941 0.077387
0 0.749203 0.296549 0.051441 0.077251
0 0.164618 0.033254 0.046888 0.066462
0 0.605935 0.152364 0.047945 0.081838
0 0.275613 0.039298 0.046087 0.073334
0 0.415270 0.584523 0.057257 0.071242
0 0.717033 0.033116 0.046274 0.065895
0 0.843482 0.207448 0.051733 0.078841
0 0.824617 0.651626 0.050792 0.080649
0 0.147468 0.737235 0.044709 0.074765
0 0.035154 0.204295 0.042568 0.067319
0 0.453930 0.929437 0.046280 0.071957
0 0.962277 0.903183 0.053069 0.078980
0 0.407803 0.354185 0.047572 0.068543
0 0.341798 0.872299 0.051987 0.071945
0 0.417128 0.500753 0.058721 0.082872
0 0.367957 0.718223 0.051264 0.080744
0 0.235628 0.418193 0.051172 0.063513
0 0.100660 0.782208 0.049978 0.080363
0 0.683974 0.236981 0.051197 0.073340
0 0.948210 0.807829 0.048337 0.072695
0 0.341157 0.793491 0.050579 0.071499
0 0.475289 0.803703 0.043355 0.078220
0 0.273395 0.159544 0.045378 0.076441
0 0.538283 0.502857 0.044375 0.070096
0 0.118329 0.402857 0.044315 0.068597
0 0.889980 0.590541 0.051487 0.074178
0 0.189493 0.682568 0.048999 0.072516
0 0.883569 0.486844 0.050763 0.072029
0 0.817213 0.135941 0.056632 0.084956
0 0.429211 0.813443 0.046833 0.086131
0 0.670407 0.048829 0.045744 0.069525
0 0.976877 0.040102 0.043472 0.069145
0 0.873095 0.037408 0.051306 0.074783
0 0.106552 0.058493 0.048069 0.074709
0 0.914535 0.349087 0.047778 0.074881
0 0.529764 0.337811 0.051331 0.079323
0 0.072067 0.601389 0.048234 0.075823
0 0.339159 0.598814 0.052175 0.082984
0 0.245297 0.491976 0.047072 0.070948
0 0.273504 0.263515 0.042545 0.064927
0 0.685749 0.118549 0.049585 0.071293
0 0.253472 0.350495 0.046716 0.069474
0 0.122995 0.622641 0.048987 0.077385
0 0.446276 0.258692 0.045768 0.074093
0 0.225339 0.116484 0.048440 0.086319
0 0.101035 0.532669 0.049609 0.074270
0 0.948480 0.195874 0.050357 0.073411
0 0.129039 0.332450 0.049905 0.069371
0 0.290525 0.558257 0.051868 0.083645
0 0.322230 0.180864 0.045369 0.072657
0 0.399069 0.275258 0.046406 0.076395
0 0.169674 0.407756 0.046938 0.070073
0 0.937189 0.280650 0.046585 0.068550
0 0.324903 0.088768 0.047707 0.077716
0 0.924690 0.127825 0.051417 0.072964
0 0.239622 0.619425 0.054535 0.081156
0 0.326681 0.359796 0.048004 0.072347
0 0.930033 0.052969 0.048895 0.067012
0 0.350562 0.248066 0.047642 0.075336
0 0.884189 0.267984 0.050639 0.077748
0 0.092848 0.277601 0.046253 0.078703
0 0.043982 0.282183 0.043300 0.081882
0 0.083189 0.188788 0.046871 0.077789
0 0.380343 0.167349 0.048732 0.072252
0 0.157883 0.274787 0.046203 0.068793
0 0.153953 0.487004 0.050459 0.080115
0 0.376459 0.090475 0.045093 0.067969
0 0.212756 0.296816 0.051076 0.080079
1 0.204035 0.220501 0.028076 0.059595
1 0.813513 0.466627 0.050692 0.070322
1 0.774129 0.740167 0.053032 0.073897
2 0.976898 0.622169 0.026516 0.035757
2 0.806104 0.771752 0.032755 0.044100