0 0.002285 0.407707 0.004569 0.053778
0 0.002809 0.329013 0.005618 0.047381
0 0.957656 0.994459 0.034036 0.008955
0 0.308470 0.994386 0.032899 0.009225
0 0.995857 0.912858 0.007128 0.049529
0 0.003417 0.787460 0.006835 0.056005
0 0.995266 0.307572 0.008202 0.059585
0 0.148184 0.004588 0.036577 0.009176
0 0.313280 0.005894 0.038380 0.011788
0 0.993525 0.819370 0.011400 0.062943
0 0.430045 0.009033 0.034550 0.018067
0 0.728747 0.990670 0.036924 0.015801
0 0.508244 0.007497 0.038045 0.014983
0 0.007906 0.865224 0.015812 0.070337
0 0.558205 0.989354 0.036049 0.018345
0 0.016757 0.980079 0.033514 0.036613
0 0.009344 0.656926 0.018666 0.068049
0 0.989204 0.482456 0.019748 0.073116
0 0.988799 0.202965 0.020611 0.081013
0 0.016297 0.587837 0.032555 0.067082
0 0.129668 0.982798 0.051234 0.031296
0 0.623563 0.981355 0.048125 0.034139
0 0.913190 0.982295 0.044566 0.032153
0 0.015944 0.241462 0.031883 0.073751
0 0.385692 0.027374 0.050014 0.054747
0 0.234373 0.970257 0.050066 0.056202
0 0.028915 0.368461 0.050883 0.088942
0 0.463208 0.980725 0.044054 0.035378
0 0.156049 0.290156 0.046133 0.069843
0 0.974198 0.437470 0.048313 0.068082
0 0.023974 0.496427 0.045453 0.085729
0 0.040172 0.908310 0.050812 0.070658
0 0.976052 0.957119 0.045512 0.070061
0 0.629294 0.689154 0.043898 0.070041
0 0.300365 0.808742 0.038207 0.058433
0 0.152066 0.441122 0.055327 0.085467
0 0.722269 0.020853 0.051271 0.041706
0 0.418655 0.894476 0.051724 0.070479
0 0.059753 0.044120 0.048251 0.076730
0 0.977025 0.365379 0.043889 0.062854
0 0.063847 0.966748 0.045682 0.063189
0 0.378285 0.758877 0.049743 0.071499
0 0.593819 0.944456 0.049214 0.070199
0 0.116999 0.640545 0.047023 0.072132
0 0.243735 0.626004 0.045347 0.077521
0 0.180632 0.510220 0.045246 0.073130
0 0.590178 0.734250 0.042310 0.062183
0 0.066076 0.304064 0.048441 0.072928
0 0.148634 0.583793 0.042150 0.069841
0 0.087639 0.384372 0.048573 0.077088
0 0.248926 0.793567 0.042632 0.068203
0 0.792489 0.674683 0.048435 0.074570
0 0.215286 0.909735 0.044147 0.069386
0 0.724843 0.949407 0.051045 0.060166
0 0.147492 0.195316 0.049143 0.078692
0 0.395244 0.629294 0.042884 0.065095
0 0.977813 0.630406 0.041807 0.074202
0 0.698183 0.239522 0.045088 0.076597
0 0.344967 0.966584 0.050845 0.063616
0 0.300976 0.875268 0.038759 0.062702
0 0.199210 0.664716 0.050679 0.071730
0 0.840945 0.019905 0.052821 0.039757
0 0.774237 0.740085 0.045407 0.069770
0 0.180927 0.037483 0.051901 0.074966
0 0.479797 0.405332 0.051584 0.070904
0 0.161132 0.886040 0.053446 0.083281
0 0.378726 0.567178 0.046871 0.070226
0 0.108235 0.066004 0.049125 0.074743
0 0.577319 0.879433 0.054224 0.070769
0 0.917100 0.928813 0.049786 0.068680
0 0.414302 0.967864 0.046152 0.060811
0 0.092798 0.155046 0.046751 0.067287
0 0.898773 0.792943 0.049529 0.073998
0 0.466397 0.547818 0.055812 0.067308
0 0.501514 0.594494 0.044691 0.068171
0 0.090324 0.234920 0.054474 0.079877
0 0.158736 0.803718 0.045844 0.071364
0 0.746933 0.890549 0.049754 0.073767
0 0.756569 0.810436 0.049367 0.067610
0 0.292369 0.461756 0.042692 0.074560
0 0.081881 0.708976 0.047553 0.082088
0 0.070863 0.529754 0.047527 0.079316
0 0.110885 0.804667 0.040837 0.074446
0 0.869605 0.357860 0.049261 0.082889
0 0.170518 0.360024 0.047577 0.068982
0 0.695974 0.865722 0.045374 0.075205
0 0.062547 0.787145 0.049468 0.078001
0 0.091794 0.875191 0.052534 0.079659
0 0.264237 0.910463 0.044448 0.077319
0 0.791524 0.955104 0.048661 0.066129
0 0.233076 0.325110 0.053735 0.082160
0 0.660320 0.739205 0.045195 0.075127
0 0.233444 0.722847 0.042891 0.069198
0 0.217107 0.564267 0.051258 0.080345
0 0.028091 0.110174 0.051355 0.072042
0 0.726237 0.754123 0.045646 0.072457
0 0.262810 0.258371 0.052464 0.078050
0 0.939198 0.707292 0.049080 0.065721
0 0.864874 0.847177 0.050533 0.073423
0 0.738431 0.412366 0.042747 0.065881
0 0.164372 0.112593 0.044773 0.068936
0 0.248611 0.026179 0.043125 0.052359
0 0.921389 0.854627 0.051076 0.064567
0 0.843661 0.525102 0.044837 0.066010
0 0.273304 0.379801 0.051412 0.082783
0 0.586316 0.654374 0.050207 0.070247
0 0.574803 0.803965 0.048387 0.067761
0 0.363925 0.896152 0.046718 0.068142
0 0.459240 0.475748 0.051497 0.070345
0 0.265596 0.174922 0.048432 0.075420
0 0.406291 0.698617 0.048144 0.072267
0 0.211699 0.179335 0.047063 0.078464
0 0.120694 0.509995 0.046413 0.074153
0 0.869035 0.459493 0.049877 0.073558
0 0.311609 0.113408 0.045531 0.069760
0 0.241837 0.092696 0.043230 0.070426
0 0.844795 0.676419 0.046645 0.071357
0 0.925009 0.641684 0.048012 0.069225
0 0.750870 0.633691 0.049470 0.074822
0 0.185610 0.743976 0.048878 0.077466
0 0.880192 0.612954 0.044523 0.074560
0 0.944527 0.778842 0.042817 0.064026
0 0.756295 0.479348 0.050450 0.065476
0 0.581209 0.034884 0.054246 0.069713
0 0.829337 0.599554 0.046768 0.072044
0 0.647044 0.612886 0.048413 0.068020
0 0.499956 0.786747 0.047514 0.077697
0 0.444451 0.621359 0.049563 0.081621
0 0.516935 0.960889 0.043111 0.065952
0 0.784966 0.423833 0.044193 0.073249
0 0.692282 0.065461 0.049810 0.076854
0 0.755989 0.192191 0.051516 0.077468
0 0.798010 0.881531 0.044397 0.067093
0 0.544239 0.751541 0.046417 0.076859
0 0.459590 0.035621 0.044540 0.071241
0 0.275910 0.567181 0.045574 0.072574
0 0.629309 0.508749 0.047500 0.076002
0 0.460519 0.315501 0.046762 0.070164
0 0.910311 0.405910 0.047236 0.084091
0 0.242433 0.478576 0.047391 0.076250
0 0.595730 0.574867 0.052414 0.074990
0 0.619953 0.409058 0.047464 0.070559
0 0.740736 0.266631 0.051553 0.067689
0 0.451013 0.816122 0.044794 0.077269
0 0.691180 0.425786 0.045490 0.073094
0 0.648477 0.256279 0.049989 0.075923
0 0.465423 0.237236 0.052879 0.066627
0 0.921900 0.558507 0.039417 0.077277
0 0.625340 0.327318 0.047413 0.072688
0 0.682382 0.517021 0.051156 0.069694
0 0.646854 0.163827 0.049341 0.079417
0 0.408977 0.080891 0.048948 0.065356
0 0.803717 0.235696 0.046322 0.069466
0 0.515228 0.466557 0.049324 0.078198
0 0.413621 0.149824 0.042916 0.063166
0 0.867664 0.206461 0.047644 0.072136
0 0.964169 0.296419 0.044053 0.067315
0 0.342897 0.463273 0.047523 0.072084
0 0.397282 0.499618 0.045525 0.067761
0 0.765842 0.555425 0.052811 0.073336
0 0.510699 0.119571 0.045243 0.069710
0 0.745650 0.339647 0.053970 0.065083
0 0.399740 0.392961 0.048514 0.078580
0 0.829401 0.076532 0.050302 0.069844
0 0.705742 0.157838 0.049135 0.071200
0 0.596954 0.109736 0.051512 0.076471
0 0.769684 0.070718 0.050456 0.079774
0 0.396917 0.309624 0.046155 0.072270
0 0.517604 0.356099 0.049494 0.080344
0 0.567459 0.453676 0.045921 0.076427
0 0.799743 0.152503 0.046426 0.081325
0 0.903517 0.303143 0.047955 0.078271
0 0.460371 0.158421 0.045118 0.072327
0 0.849040 0.143655 0.046858 0.072154
0 0.403789 0.230450 0.048084 0.069801
0 0.930241 0.189466 0.051270 0.076925
0 0.524598 0.274118 0.054842 0.079473
1 0.329596 0.044100 0.054592 0.064362
1 0.186877 0.259237 0.038994 0.063170
1 0.401735 0.820024 0.050692 0.073897