0 0.997678 0.859104 0.004383 0.059295
0 0.288842 0.996390 0.032753 0.006518
0 0.006376 0.424636 0.012751 0.068617
0 0.881208 0.990182 0.031693 0.017679
0 0.998421 0.485371 0.003155 0.059663
0 0.002641 0.632133 0.005272 0.068891
0 0.078829 0.995725 0.037043 0.007697
0 0.418756 0.994469 0.031398 0.009754
0 0.756959 0.253607 0.044847 0.066686
0 0.778114 0.227156 0.043879 0.065935
0 0.002748 0.879569 0.005496 0.052756
0 0.004440 0.311374 0.008879 0.069192
0 0.643316 0.006797 0.037356 0.013594
0 0.465959 0.477534 0.049536 0.066845
0 0.845912 0.006688 0.037515 0.013376
0 0.463366 0.531645 0.047157 0.059364
0 0.994090 0.571222 0.010831 0.066386
0 0.306406 0.008805 0.036141 0.017611
0 0.007008 0.799956 0.014005 0.068589
0 0.231204 0.460175 0.048116 0.078621
0 0.266765 0.270660 0.047779 0.071586
0 0.507520 0.394447 0.044878 0.078362
0 0.245773 0.397891 0.048724 0.075651
0 0.277823 0.208467 0.054428 0.079497
0 0.468606 0.401430 0.045253 0.071182
0 0.093702 0.010477 0.046344 0.020954
0 0.310570 0.407614 0.047849 0.077770
0 0.312696 0.332645 0.049155 0.075080
0 0.853743 0.749689 0.048368 0.072994
0 0.496771 0.268267 0.048314 0.079748
0 0.988236 0.167660 0.021913 0.080296
0 0.018867 0.962687 0.037733 0.072121
0 0.813801 0.770164 0.051225 0.082456
0 0.988974 0.324669 0.020805 0.078256
0 0.184480 0.894045 0.045921 0.070259
0 0.341622 0.250462 0.054406 0.080633
0 0.386957 0.284217 0.053346 0.084722
0 0.454004 0.248468 0.051799 0.083358
0 0.555258 0.014606 0.050508 0.029165
0 0.018560 0.494429 0.037119 0.072397
0 0.951433 0.982742 0.047799 0.031865
0 0.085477 0.560104 0.049740 0.070657
0 0.383796 0.964796 0.052891 0.067680
0 0.505807 0.977832 0.049877 0.041333
0 0.691284 0.976757 0.049403 0.043477
0 0.464566 0.914162 0.048152 0.070414
0 0.141742 0.981641 0.054766 0.034499
0 0.983715 0.406662 0.030736 0.077888
0 0.277119 0.579709 0.052135 0.081245
0 0.978931 0.700269 0.040680 0.069059
0 0.523523 0.534484 0.043859 0.072671
0 0.368487 0.377284 0.048310 0.077183
0 0.709034 0.400165 0.043195 0.078558
0 0.475259 0.605579 0.045552 0.071708
0 0.612087 0.432071 0.046599 0.077195
0 0.801305 0.963283 0.050251 0.070503
0 0.651840 0.810567 0.052000 0.072161
0 0.341350 0.522515 0.050018 0.071712
0 0.089718 0.485405 0.056060 0.082869
0 0.018891 0.178711 0.037781 0.079631
0 0.563827 0.085255 0.048660 0.066464
0 0.739441 0.557888 0.052680 0.075591
0 0.408210 0.911607 0.053257 0.077335
0 0.292511 0.776380 0.048455 0.087150
0 0.571927 0.628086 0.039443 0.091335
0 0.440263 0.333340 0.050363 0.080456
0 0.721014 0.322622 0.045956 0.072427
0 0.630182 0.947282 0.052377 0.082304
0 0.416952 0.807138 0.046236 0.076227
0 0.754721 0.021024 0.049921 0.042047
0 0.558691 0.431527 0.048677 0.081320
0 0.804825 0.316955 0.049814 0.085048
0 0.388067 0.187409 0.051141 0.076988
0 0.491953 0.777541 0.046970 0.072268
0 0.804433 0.030005 0.044671 0.060010
0 0.142324 0.514227 0.049760 0.078712
0 0.095787 0.881948 0.046670 0.072368
0 0.461396 0.839510 0.047472 0.074444
0 0.108173 0.055899 0.049756 0.072631
0 0.508115 0.664812 0.046707 0.073090
0 0.601741 0.037043 0.050344 0.074086
0 0.584797 0.333568 0.048141 0.071675
0 0.410481 0.675964 0.057360 0.082114
0 0.760525 0.159755 0.050106 0.068442
0 0.602528 0.696910 0.051584 0.078305
0 0.596673 0.511435 0.049439 0.080939
0 0.589354 0.882762 0.048347 0.076398
0 0.667497 0.697713 0.046808 0.076891
0 0.539569 0.177774 0.045900 0.086727
0 0.491332 0.020933 0.051498 0.041865
0 0.326079 0.720880 0.052576 0.084635
0 0.638522 0.311292 0.056640 0.082346
0 0.256734 0.123242 0.051328 0.089932
0 0.300206 0.652882 0.050799 0.072508
0 0.381920 0.026733 0.051740 0.053418
0 0.465256 0.709422 0.050583 0.081025
0 0.315546 0.955937 0.044423 0.071366
0 0.656392 0.620748 0.052135 0.075381
0 0.794616 0.409752 0.049392 0.073856
0 0.790434 0.693729 0.046316 0.076726
0 0.462831 0.160553 0.054593 0.081217
0 0.282806 0.900774 0.047165 0.074992
0 0.023930 0.095614 0.047860 0.079578
0 0.823157 0.485715 0.046117 0.088205
0 0.068578 0.946064 0.049086 0.075232
0 0.863112 0.538069 0.045363 0.070392
0 0.707642 0.246316 0.045976 0.076340
0 0.937000 0.827141 0.056820 0.076056
0 0.747621 0.950261 0.051145 0.073769
0 0.975944 0.777420 0.046649 0.081695
0 0.522016 0.843166 0.049815 0.079302
0 0.341624 0.082030 0.045823 0.081958
0 0.758207 0.479486 0.050011 0.076807
0 0.257564 0.828480 0.046369 0.070193
0 0.105120 0.405310 0.049331 0.077771
0 0.205195 0.834179 0.048537 0.078504
0 0.390775 0.099594 0.046742 0.083073
0 0.137742 0.917270 0.049517 0.077745
0 0.654911 0.520763 0.049743 0.089209
0 0.241338 0.641232 0.054643 0.095329
0 0.839252 0.918958 0.052449 0.082542
0 0.972801 0.626423 0.052073 0.081143
0 0.541256 0.762291 0.047523 0.078398
0 0.619203 0.151564 0.045525 0.078360
0 0.065537 0.639887 0.052366 0.090550
0 0.168959 0.581373 0.053132 0.082011
0 0.042369 0.358934 0.049420 0.077298
0 0.830956 0.626987 0.051571 0.084642
0 0.769483 0.841025 0.050374 0.082939
0 0.204188 0.963494 0.051199 0.070188
0 0.379931 0.613646 0.053798 0.081700
0 0.376429 0.744654 0.046552 0.083029
0 0.129139 0.126958 0.049557 0.077815
0 0.671040 0.193924 0.051195 0.084452
0 0.292052 0.057229 0.048067 0.077442
0 0.235689 0.043314 0.050972 0.079605
0 0.043014 0.029508 0.050267 0.059016
0 0.670856 0.888984 0.052408 0.090454
0 0.902234 0.434611 0.049210 0.077125
0 0.438997 0.058064 0.052820 0.082077
0 0.739461 0.690884 0.048584 0.077927
0 0.081217 0.808144 0.046933 0.072697
0 0.901756 0.588786 0.049738 0.076864
0 0.724198 0.872706 0.053472 0.079666
0 0.508402 0.095127 0.053245 0.084939
0 0.664315 0.102753 0.052583 0.086692
0 0.852900 0.833945 0.054437 0.080216
0 0.114489 0.668675 0.048066 0.074849
0 0.173407 0.311036 0.050417 0.079931
0 0.167945 0.032633 0.049723 0.065266
0 0.102146 0.744456 0.049056 0.072973
0 0.040473 0.770302 0.046545 0.084829
0 0.922563 0.663576 0.051428 0.080847
0 0.913313 0.317619 0.045349 0.070500
0 0.703794 0.041698 0.054284 0.076551
0 0.205832 0.243657 0.048179 0.080233
0 0.165952 0.665589 0.048398 0.076598
0 0.139320 0.819612 0.049181 0.076496
0 0.190060 0.730778 0.049556 0.077818
0 0.860862 0.383451 0.046370 0.076449
0 0.128871 0.213658 0.051288 0.081744
0 0.799884 0.112706 0.048730 0.082518
0 0.031806 0.269041 0.051207 0.076005
0 0.963935 0.891142 0.056124 0.085806
0 0.243118 0.739539 0.050387 0.081316
0 0.847260 0.071309 0.045476 0.078462
0 0.159129 0.394189 0.053931 0.086937
0 0.936819 0.493848 0.047773 0.074242
0 0.181074 0.146143 0.049771 0.083082
0 0.899929 0.081433 0.051139 0.082209
0 0.119332 0.305789 0.050843 0.090352
0 0.937327 0.034034 0.051679 0.068069
0 0.944727 0.370248 0.052264 0.074685
0 0.856825 0.265867 0.054748 0.087080
0 0.962798 0.233978 0.045869 0.097668
0 0.936297 0.150622 0.049214 0.075730
0 0.900109 0.211235 0.050909 0.085669
0 0.072701 0.213690 0.052944 0.083249
1 0.370150 0.462455 0.045233 0.066746
1 0.385357 0.855185 0.044453 0.048868
2 0.505459 0.175209 0.022617 0.033373
2 0.282803 0.453516 0.018717 0.034565