0 0.324072 0.995119 0.033052 0.008072
0 0.239349 0.993062 0.022471 0.011651
0 0.838698 0.995870 0.034808 0.006707
0 0.002586 0.196459 0.005172 0.041733
0 0.743690 0.994669 0.039921 0.009013
0 0.678524 0.001987 0.032819 0.003974
0 0.084461 0.993518 0.021107 0.010645
0 0.004356 0.519476 0.008713 0.046973
0 0.003556 0.371177 0.007111 0.055007
0 0.005253 0.253110 0.010480 0.057946
0 0.464253 0.004964 0.037020 0.009928
0 0.261649 0.004456 0.039596 0.008911
0 0.043415 0.990443 0.035069 0.016096
0 0.130140 0.990682 0.040715 0.015737
0 0.989990 0.960191 0.018389 0.066241
0 0.274670 0.988356 0.041928 0.020147
0 0.011105 0.654857 0.022170 0.074309
0 0.012440 0.755304 0.024858 0.077595
0 0.278603 0.640460 0.046571 0.074287
0 0.589991 0.011207 0.042911 0.022414
0 0.542683 0.979403 0.051114 0.037737
0 0.242462 0.682942 0.051257 0.085191
0 0.934025 0.981775 0.054447 0.033247
0 0.780559 0.968509 0.049320 0.059954
0 0.984230 0.745011 0.029474 0.077208
0 0.979129 0.898708 0.039809 0.066054
0 0.388023 0.981785 0.046310 0.033086
0 0.615937 0.971047 0.052490 0.054678
0 0.286614 0.723457 0.045706 0.077641
0 0.984120 0.592148 0.029762 0.077376
0 0.938332 0.925959 0.044073 0.067154
0 0.195943 0.976668 0.048130 0.043483
0 0.498182 0.925382 0.050546 0.076206
0 0.607740 0.254546 0.049642 0.070223
0 0.136732 0.561118 0.046568 0.076334
0 0.439281 0.967733 0.053198 0.060923
0 0.647729 0.912492 0.046256 0.078262
0 0.020166 0.573260 0.040303 0.071999
0 0.983420 0.205515 0.031244 0.073840
0 0.147314 0.027185 0.039316 0.054370
0 0.983727 0.508788 0.030505 0.078683
0 0.248173 0.465539 0.049579 0.077757
0 0.022466 0.071323 0.044840 0.070989
0 0.682528 0.148795 0.041700 0.070051
0 0.444451 0.893512 0.049437 0.074606
0 0.592511 0.318464 0.052198 0.077685
0 0.814672 0.930115 0.051402 0.082268
0 0.978911 0.824422 0.040170 0.068370
0 0.069845 0.955106 0.046928 0.071264
0 0.562080 0.927676 0.053779 0.085445
0 0.506053 0.774958 0.050718 0.077262
0 0.258470 0.939060 0.049071 0.075256
0 0.174752 0.870488 0.053047 0.080707
0 0.104679 0.824329 0.051341 0.076881
0 0.345158 0.224997 0.044862 0.072954
0 0.422828 0.820311 0.051378 0.071724
0 0.524607 0.852552 0.049886 0.073947
0 0.855375 0.402306 0.046037 0.070458
0 0.982241 0.069014 0.033573 0.075823
0 0.161550 0.667006 0.048578 0.072836
0 0.391015 0.248261 0.049910 0.072107
0 0.180674 0.595762 0.045450 0.072451
0 0.040329 0.713418 0.045185 0.071144
0 0.685174 0.759146 0.054506 0.069227
0 0.391794 0.761008 0.045289 0.071481
0 0.711527 0.939604 0.050344 0.082968
0 0.857079 0.774788 0.048324 0.072825
0 0.329403 0.767578 0.054968 0.082839
0 0.153858 0.788192 0.052296 0.078822
0 0.315653 0.017835 0.049517 0.035670
0 0.317962 0.956453 0.048535 0.070776
0 0.459513 0.473192 0.043760 0.064873
0 0.737526 0.515878 0.053309 0.074593
0 0.958001 0.702401 0.044612 0.084949
0 0.831802 0.848529 0.051195 0.080672
0 0.762479 0.020712 0.047146 0.041423
0 0.433374 0.204398 0.045031 0.071500
0 0.271624 0.822159 0.049681 0.077903
0 0.490263 0.252625 0.045371 0.070422
0 0.146950 0.941246 0.052025 0.083248
0 0.574541 0.614423 0.047961 0.075798
0 0.431131 0.693816 0.046581 0.081446
0 0.299695 0.574058 0.050377 0.077659
0 0.651410 0.207564 0.051101 0.068509
0 0.557491 0.736256 0.051835 0.077479
0 0.520693 0.649497 0.049189 0.072779
0 0.946807 0.618540 0.047989 0.070058
0 0.043241 0.852885 0.049896 0.075791
0 0.969923 0.371579 0.051909 0.075388
0 0.876118 0.028910 0.053691 0.057820
0 0.221600 0.552316 0.047501 0.078303
0 0.768392 0.834600 0.048497 0.077737
0 0.633693 0.436308 0.048430 0.076325
0 0.332618 0.318816 0.051104 0.074536
0 0.127571 0.437727 0.048191 0.074816
0 0.051288 0.631226 0.051588 0.082945
0 0.577352 0.195109 0.048918 0.074445
0 0.355756 0.904684 0.050095 0.079787
0 0.193490 0.733007 0.049945 0.076999
0 0.887593 0.198936 0.043836 0.068392
0 0.785747 0.750013 0.049199 0.082131
0 0.901601 0.453708 0.048331 0.074653
0 0.755353 0.589116 0.048808 0.075712
0 0.924645 0.772178 0.048110 0.073895
0 0.098420 0.606423 0.050051 0.083766
0 0.508002 0.191205 0.048624 0.071032
0 0.482518 0.698544 0.048487 0.077398
0 0.792383 0.484811 0.052135 0.080923
0 0.706899 0.840071 0.052176 0.080338
0 0.021306 0.150094 0.042539 0.074172
0 0.568402 0.467249 0.051514 0.074888
0 0.944723 0.538603 0.048682 0.074484
0 0.852426 0.326664 0.043151 0.067579
0 0.958560 0.303935 0.047982 0.071851
0 0.388818 0.650959 0.050689 0.080544
0 0.873633 0.698331 0.051008 0.073676
0 0.161829 0.494796 0.047905 0.075572
0 0.168143 0.177416 0.045439 0.066084
0 0.553428 0.543420 0.051210 0.071499
0 0.071440 0.154490 0.046201 0.073849
0 0.152151 0.245344 0.039807 0.065182
0 0.570579 0.386222 0.057088 0.073103
0 0.766260 0.401403 0.048103 0.074689
0 0.702511 0.685584 0.050191 0.082202
0 0.794554 0.065562 0.049043 0.073034
0 0.533619 0.312139 0.048035 0.074638
0 0.710754 0.090720 0.045340 0.074930
0 0.932812 0.187663 0.046037 0.069251
0 0.706975 0.215810 0.046200 0.076505
0 0.613157 0.688356 0.058483 0.087153
0 0.084150 0.231946 0.043804 0.068848
0 0.353420 0.589109 0.051193 0.084402
0 0.622533 0.528288 0.047374 0.073870
0 0.476834 0.536701 0.050105 0.079284
0 0.853661 0.619005 0.050276 0.078241
0 0.485025 0.045119 0.050347 0.075058
0 0.030204 0.491608 0.049107 0.072880
0 0.217921 0.158960 0.051554 0.078538
0 0.297263 0.491229 0.050142 0.077745
0 0.087719 0.077260 0.049978 0.075775
0 0.241963 0.225627 0.050734 0.072102
0 0.477480 0.128396 0.048586 0.074802
0 0.033238 0.276278 0.046240 0.072413
0 0.228076 0.391261 0.048299 0.073587
0 0.794061 0.288189 0.053234 0.085238
0 0.848356 0.517100 0.050359 0.078263
0 0.194352 0.082316 0.052041 0.078407
0 0.619598 0.052293 0.046351 0.069486
0 0.544711 0.140326 0.044854 0.069279
0 0.297620 0.260065 0.049842 0.073040
0 0.750612 0.137318 0.049487 0.071541
0 0.659704 0.331511 0.051302 0.079027
0 0.615700 0.128418 0.047273 0.071044
0 0.698622 0.418547 0.049509 0.077121
0 0.380380 0.160416 0.049341 0.073349
0 0.419942 0.374390 0.050362 0.077689
0 0.379699 0.068844 0.051523 0.080928
0 0.832832 0.227453 0.049614 0.077133
0 0.073947 0.430907 0.048743 0.077398
0 0.428231 0.110764 0.047472 0.074930
0 0.118219 0.308364 0.048815 0.075912
0 0.921605 0.261452 0.050624 0.074329
0 0.493350 0.369037 0.053141 0.079917
0 0.238019 0.304652 0.053170 0.075657
0 0.831545 0.139064 0.051242 0.079877
0 0.670931 0.045674 0.047040 0.071640
0 0.947591 0.115905 0.054162 0.076874
0 0.883103 0.106761 0.048825 0.074623
1 0.158802 0.386770 0.053032 0.051251
1 0.075354 0.765197 0.043673 0.064362
1 0.896180 0.912396 0.044453 0.075089
2 0.264866 0.050656 0.028076 0.036949
2 0.187267 0.030989 0.017937 0.026222
2 0.124487 0.041716 0.020277 0.028605
2 0.157632 0.351609 0.024176 0.028605
2 0.370930 0.323004 0.020277 0.038141
2 0.509749 0.595352 0.023396 0.036949
2 0.755801 0.774136 0.024176 0.029797
2 0.764380 0.688319 0.016378 0.027414
2 0.755021 0.454708 0.017937 0.029797
2 0.887601 0.325387 0.019497 0.038141
2 0.902029 0.639452 0.015598 0.032181
2 0.895400 0.799166 0.017937 0.029797
2 0.456717 0.800358 0.020277 0.032181
1 0.890280 0.843116 0.052475 0.061970