0 0.005067 0.795092 0.010135 0.064764
0 0.453287 0.995515 0.043044 0.007724
0 0.434170 0.001186 0.036621 0.002361
0 0.652590 0.995790 0.034860 0.007454
0 0.337072 0.001925 0.038603 0.003828
0 0.002705 0.104738 0.005410 0.047984
0 0.002344 0.708094 0.004687 0.063275
0 0.995996 0.596338 0.007213 0.065072
0 0.425654 0.202674 0.048525 0.063822
0 0.006851 0.878513 0.013703 0.074478
0 0.993832 0.479459 0.011288 0.071746
0 0.185731 0.550942 0.046769 0.071342
0 0.277444 0.006269 0.039434 0.012537
0 0.992585 0.738265 0.013327 0.071904
0 0.992369 0.827827 0.013747 0.073717
0 0.422463 0.157008 0.047030 0.062473
0 0.962019 0.989120 0.049988 0.018883
0 0.745914 0.007939 0.045055 0.015879
0 0.989286 0.019171 0.019985 0.038341
0 0.951650 0.008343 0.041831 0.016685
0 0.270051 0.771141 0.046206 0.075672
0 0.298333 0.857893 0.051447 0.082753
0 0.451634 0.721378 0.057845 0.075393
0 0.170871 0.495994 0.049618 0.070658
0 0.281523 0.901123 0.051391 0.065976
0 0.013535 0.617040 0.027006 0.081498
0 0.485237 0.129763 0.041320 0.065063
0 0.480810 0.680442 0.049114 0.079306
0 0.310625 0.753254 0.045204 0.085494
0 0.012497 0.439871 0.024962 0.077681
0 0.094031 0.012781 0.052966 0.025562
0 0.978875 0.430275 0.040578 0.089651
0 0.052524 0.963544 0.045436 0.069687
0 0.128699 0.713785 0.043953 0.072247
0 0.764673 0.974398 0.050584 0.048140
0 0.342897 0.834609 0.055898 0.078059
0 0.452662 0.064531 0.049884 0.084201
0 0.547288 0.264515 0.039855 0.057267
0 0.910118 0.969245 0.042966 0.058399
0 0.286706 0.968824 0.047038 0.059302
0 0.340563 0.919289 0.047476 0.080004
0 0.588106 0.021168 0.045558 0.042308
0 0.950950 0.892790 0.050066 0.068072
0 0.969464 0.942049 0.057938 0.071086
0 0.489218 0.029010 0.048271 0.058020
0 0.580090 0.759201 0.046135 0.072465
0 0.210372 0.893611 0.052034 0.075354
0 0.379477 0.969720 0.056008 0.057432
0 0.332582 0.516512 0.043412 0.063628
0 0.090378 0.896498 0.046912 0.077377
0 0.386056 0.021248 0.048475 0.042497
0 0.414221 0.913615 0.047834 0.076560
0 0.536329 0.052822 0.048273 0.085406
0 0.970199 0.639484 0.052532 0.070006
0 0.132641 0.964666 0.057271 0.068373
0 0.469200 0.224451 0.047324 0.070943
0 0.042094 0.859834 0.048822 0.077694
0 0.683762 0.968162 0.044667 0.060853
0 0.613193 0.415170 0.044673 0.073567
0 0.644582 0.025460 0.049179 0.050919
0 0.981302 0.190771 0.035520 0.081295
0 0.020700 0.167446 0.041376 0.081053
0 0.731004 0.922214 0.044760 0.071104
0 0.099809 0.636099 0.043431 0.071855
0 0.144487 0.883138 0.045659 0.075522
0 0.211874 0.451762 0.044040 0.070267
0 0.959971 0.705680 0.053064 0.079639
0 0.611978 0.727496 0.047496 0.074965
0 0.615725 0.948592 0.047077 0.089332
0 0.226786 0.962735 0.047017 0.068201
0 0.609639 0.075142 0.047951 0.063967
0 0.586950 0.881254 0.049103 0.079435
0 0.793687 0.909150 0.044906 0.078540
0 0.438327 0.842183 0.059650 0.081869
0 0.791237 0.306882 0.058808 0.073586
0 0.836946 0.196481 0.053629 0.071580
0 0.779670 0.837434 0.055032 0.074333
0 0.457696 0.946963 0.054412 0.088894
0 0.982856 0.335233 0.032189 0.078597
0 0.669033 0.174070 0.043291 0.062833
0 0.154866 0.787238 0.054351 0.081167
0 0.353312 0.365124 0.043310 0.067717
0 0.217522 0.783217 0.050243 0.075396
0 0.453455 0.446831 0.046158 0.077253
0 0.478467 0.791486 0.051958 0.085077
0 0.663192 0.084423 0.051542 0.069817
0 0.896387 0.901013 0.050424 0.081796
0 0.548789 0.825803 0.051815 0.086386
0 0.417192 0.338119 0.047565 0.076520
0 0.797845 0.368157 0.049640 0.074641
0 0.389925 0.792591 0.046637 0.081215
0 0.074655 0.797810 0.051359 0.080143
0 0.297474 0.615922 0.046099 0.074536
0 0.801590 0.767266 0.047125 0.070398
0 0.404189 0.093437 0.048235 0.074534
0 0.686372 0.892207 0.045579 0.083243
0 0.955879 0.814685 0.048993 0.077539
0 0.182831 0.079059 0.042418 0.065860
0 0.328049 0.181496 0.048937 0.071048
0 0.811597 0.445795 0.047287 0.081166
0 0.808515 0.529597 0.048529 0.074095
0 0.048207 0.670273 0.049729 0.079879
0 0.545309 0.396620 0.048618 0.079312
0 0.736702 0.761571 0.050612 0.078334
0 0.732274 0.417768 0.048012 0.074447
0 0.375403 0.433631 0.050025 0.082584
0 0.752940 0.538177 0.043406 0.083089
0 0.843054 0.932994 0.052690 0.082331
0 0.651320 0.799721 0.048902 0.076128
0 0.763181 0.694747 0.049323 0.077077
0 0.951589 0.389601 0.048392 0.086112
0 0.250353 0.432656 0.042764 0.076710
0 0.676460 0.619003 0.043775 0.067291
0 0.505615 0.347713 0.047920 0.085874
0 0.661878 0.555906 0.044715 0.076801
0 0.466802 0.301615 0.048365 0.073678
0 0.626921 0.354373 0.051795 0.074725
0 0.809110 0.243745 0.055326 0.076007
0 0.392549 0.709593 0.052060 0.076710
0 0.592439 0.259572 0.046552 0.070297
0 0.336821 0.042142 0.050389 0.072651
0 0.665568 0.412156 0.045647 0.079100
0 0.646719 0.239221 0.048485 0.077321
0 0.624127 0.601876 0.044604 0.079915
0 0.577851 0.331060 0.045242 0.072123
0 0.662061 0.697827 0.048573 0.082414
0 0.786152 0.608099 0.054657 0.077882
0 0.291132 0.475911 0.042330 0.069413
0 0.870335 0.648190 0.046711 0.069070
0 0.516755 0.555918 0.048405 0.072366
0 0.398376 0.262966 0.047248 0.075809
0 0.881877 0.575312 0.045581 0.066961
0 0.587550 0.658390 0.044384 0.077886
0 0.628947 0.490598 0.050275 0.074220
0 0.910107 0.764857 0.049437 0.075198
0 0.902835 0.507551 0.044198 0.071347
0 0.305831 0.118837 0.045403 0.070718
0 0.813558 0.681316 0.045512 0.079503
0 0.036583 0.552586 0.047708 0.075261
0 0.864619 0.724974 0.045207 0.073712
0 0.881258 0.230426 0.048840 0.068235
0 0.911178 0.425309 0.045293 0.080987
0 0.058909 0.129016 0.046827 0.076766
0 0.685830 0.311641 0.046445 0.073876
0 0.518401 0.478358 0.048463 0.072508
0 0.463576 0.601721 0.047193 0.074275
0 0.737002 0.338568 0.049733 0.076023
0 0.727248 0.610683 0.046978 0.075494
0 0.950111 0.571562 0.045495 0.072505
0 0.145263 0.130665 0.043893 0.072219
0 0.920091 0.178454 0.051139 0.081078
0 0.733551 0.138987 0.056487 0.072336
0 0.539382 0.692970 0.051664 0.089041
0 0.087106 0.067506 0.049375 0.073375
0 0.855505 0.476674 0.044181 0.071929
0 0.131039 0.436808 0.052030 0.081110
0 0.882757 0.130448 0.046439 0.080522
0 0.803594 0.055612 0.052718 0.078275
0 0.185514 0.178600 0.047572 0.075160
0 0.412499 0.580275 0.046201 0.080923
0 0.711260 0.495065 0.049666 0.075771
0 0.297364 0.293369 0.051228 0.075250
0 0.359007 0.572457 0.051458 0.081974
0 0.257554 0.349986 0.046793 0.073236
0 0.268182 0.239684 0.045707 0.078127
0 0.109951 0.186244 0.049433 0.079717
0 0.832529 0.122899 0.054742 0.079308
0 0.938195 0.255436 0.044825 0.080840
0 0.744765 0.058875 0.057802 0.078219
0 0.057304 0.418089 0.045936 0.071516
0 0.912671 0.331815 0.050265 0.081658
0 0.152216 0.265093 0.047414 0.070686
0 0.118729 0.323235 0.049029 0.075629
0 0.057598 0.222506 0.051496 0.078184
0 0.068085 0.304562 0.045072 0.072735
0 0.343451 0.254838 0.052969 0.079127
0 0.216139 0.240446 0.051395 0.085885
0 0.859819 0.330997 0.047422 0.080959
0 0.247184 0.149114 0.052029 0.075503
0 0.230399 0.063296 0.047922 0.078851
1 0.227821 0.526818 0.049133 0.059595
1 0.138135 0.653159 0.039774 0.073897
1 0.270715 0.703218 0.053812 0.088200
3 0.212613 0.657926 0.115423 0.174017
3 0.534315 0.169249 0.094366 0.143027
2 0.205984 0.020262 0.022617 0.033373
2 0.344024 0.473778 0.024176 0.034565
2 0.220802 0.844458 0.021057 0.029797
2 0.529246 0.887962 0.018717 0.026222
2 0.698480 0.779499 0.023396 0.035757
2 0.850557 0.585816 0.018717 0.029797
2 0.787387 0.152563 0.017157 0.033373
2 0.701989 0.179976 0.016378 0.028605
2 0.657926 0.133492 0.020277 0.028605
2 0.597095 0.204410 0.021837 0.034565
2 0.836129 0.009535 0.027296 0.019070
2 0.994298 0.084029 0.011404 0.046484
2 0.503509 0.984505 0.031195 0.030989