0 0.997041 0.502108 0.005249 0.047770
0 0.547957 0.426703 0.049560 0.064092
0 0.672281 0.763866 0.051120 0.067342
0 0.550110 0.477688 0.043846 0.063450
0 0.634823 0.780981 0.046454 0.065581
0 0.005217 0.556108 0.010431 0.063268
0 0.547411 0.986911 0.046048 0.023416
0 0.586151 0.976294 0.050310 0.044509
0 0.187256 0.375027 0.046057 0.073097
0 0.232760 0.990725 0.036548 0.016364
0 0.643335 0.977282 0.045589 0.042400
0 0.875987 0.019417 0.070492 0.038834
0 0.904153 0.880588 0.044249 0.073747
0 0.856649 0.152342 0.049303 0.062919
0 0.008884 0.443058 0.017732 0.069652
0 0.079071 0.990006 0.040698 0.017513
0 0.866275 0.879540 0.048650 0.065940
0 0.725563 0.776176 0.046087 0.069724
0 0.008095 0.780700 0.016189 0.075593
0 0.905258 0.986894 0.042846 0.023366
0 0.991852 0.814408 0.014678 0.068306
0 0.008488 0.291556 0.016934 0.069818
0 0.989211 0.934736 0.019850 0.070548
0 0.269961 0.010215 0.041104 0.020430
0 0.254319 0.650989 0.049836 0.076388
0 0.209455 0.638314 0.051164 0.067159
0 0.741248 0.726014 0.052088 0.071479
0 0.781678 0.011224 0.039743 0.022448
0 0.409266 0.987684 0.046129 0.021833
0 0.161927 0.339173 0.050408 0.074650
0 0.821818 0.984323 0.045901 0.028397
0 0.658830 0.934215 0.050958 0.073804
0 0.282427 0.429227 0.048117 0.079659
0 0.503429 0.342838 0.045972 0.064205
0 0.863187 0.207848 0.046747 0.069909
0 0.010471 0.692088 0.020910 0.075417
0 0.017556 0.214942 0.035045 0.073970
0 0.534409 0.362719 0.046307 0.071167
0 0.271712 0.492117 0.043920 0.069321
0 0.423649 0.421000 0.049001 0.071179
0 0.738529 0.033247 0.046801 0.066459
0 0.313105 0.980704 0.052804 0.036308
0 0.696887 0.976507 0.047040 0.043985
0 0.953648 0.012969 0.049022 0.025937
0 0.780099 0.865331 0.050590 0.071109
0 0.414824 0.362832 0.052344 0.074794
0 0.019941 0.952426 0.039881 0.076717
0 0.732060 0.850731 0.051759 0.068107
0 0.324544 0.416052 0.048673 0.060007
0 0.771970 0.372634 0.044358 0.075123
0 0.607564 0.274736 0.049137 0.071000
0 0.812844 0.373432 0.046128 0.074225
0 0.704677 0.229818 0.046600 0.066780
0 0.639049 0.312986 0.046939 0.074691
0 0.228961 0.409038 0.047042 0.079039
0 0.854423 0.087851 0.052821 0.072371
0 0.236204 0.567288 0.058007 0.081828
0 0.873651 0.953430 0.045807 0.073641
0 0.409477 0.016112 0.046151 0.032223
0 0.709778 0.056971 0.044067 0.066938
0 0.644092 0.616032 0.044214 0.066566
0 0.895306 0.741945 0.044352 0.062125
0 0.875476 0.477531 0.046043 0.074068
0 0.736250 0.931735 0.045151 0.075466
0 0.126964 0.977867 0.048312 0.041892
0 0.677485 0.675451 0.051832 0.070463
0 0.696288 0.122632 0.037549 0.059739
0 0.658470 0.850648 0.047873 0.076004
0 0.980672 0.090974 0.036694 0.073325
0 0.574318 0.914366 0.046137 0.069772
0 0.040331 0.186388 0.049795 0.077244
0 0.789154 0.942966 0.048361 0.072954
0 0.764878 0.661621 0.042852 0.072305
0 0.530488 0.019396 0.048395 0.038791
0 0.607066 0.857472 0.044644 0.068395
0 0.883774 0.809084 0.049157 0.066338
0 0.389142 0.939129 0.054853 0.076198
0 0.829023 0.260070 0.045044 0.070789
0 0.526299 0.542137 0.046653 0.071564
0 0.056855 0.473268 0.044778 0.065136
0 0.025197 0.385184 0.046008 0.071057
0 0.833549 0.445284 0.051207 0.067475
0 0.931914 0.942803 0.040804 0.074693
0 0.667126 0.175545 0.051611 0.074120
0 0.563444 0.198043 0.045827 0.069158
0 0.821647 0.541115 0.048955 0.069870
0 0.267720 0.829494 0.045153 0.066223
0 0.969974 0.602910 0.044215 0.065593
0 0.839904 0.772909 0.048464 0.075658
0 0.040235 0.882391 0.046054 0.071509
0 0.918857 0.446615 0.044454 0.075249
0 0.976755 0.676766 0.044502 0.076948
0 0.308590 0.903150 0.045864 0.074239
0 0.297925 0.690658 0.047693 0.070277
0 0.474399 0.400205 0.048802 0.069794
0 0.850486 0.325753 0.046448 0.072563
0 0.418762 0.878471 0.047803 0.074836
0 0.098656 0.420639 0.044158 0.066835
0 0.098343 0.213435 0.046458 0.066573
0 0.806253 0.057695 0.041779 0.062555
0 0.539865 0.135669 0.048557 0.072559
0 0.971078 0.528619 0.044540 0.069235
0 0.268616 0.959052 0.051027 0.075412
0 0.521876 0.901432 0.049755 0.082225
0 0.469058 0.895412 0.046692 0.079040
0 0.688240 0.297833 0.045681 0.070905
0 0.116271 0.655185 0.043046 0.068958
0 0.755087 0.458543 0.049891 0.062356
0 0.290394 0.770625 0.045402 0.071333
0 0.092001 0.525615 0.047536 0.070633
0 0.799809 0.611496 0.050380 0.073837
0 0.385673 0.297951 0.054786 0.072325
0 0.477132 0.480247 0.046307 0.074444
0 0.613780 0.546178 0.047189 0.077187
0 0.520364 0.717905 0.047025 0.070010
0 0.559835 0.794657 0.050485 0.075819
0 0.087240 0.921191 0.046497 0.069432
0 0.291570 0.286527 0.046526 0.065950
0 0.540820 0.266697 0.048187 0.072357
0 0.192710 0.506450 0.045851 0.072801
0 0.390743 0.475016 0.045128 0.073297
0 0.318327 0.610134 0.048386 0.073662
0 0.482739 0.776361 0.048122 0.071845
0 0.662319 0.534574 0.043454 0.067375
0 0.929124 0.065821 0.046707 0.073730
0 0.181573 0.029268 0.045880 0.058438
0 0.595375 0.377468 0.053194 0.078573
0 0.427145 0.717340 0.050171 0.065790
0 0.965782 0.873491 0.049961 0.083846
0 0.143151 0.496990 0.044766 0.071402
0 0.160776 0.802433 0.049789 0.074217
0 0.620997 0.463493 0.044625 0.073843
0 0.230142 0.780854 0.049698 0.082173
0 0.464615 0.294200 0.050475 0.073182
0 0.960972 0.157865 0.048762 0.071036
0 0.661921 0.034313 0.049543 0.068625
0 0.730469 0.332124 0.048803 0.070504
0 0.189067 0.932145 0.047445 0.073466
0 0.110403 0.850996 0.050336 0.073949
0 0.514418 0.073591 0.051030 0.067010
0 0.592498 0.721420 0.046360 0.069984
0 0.518887 0.636333 0.047290 0.068870
0 0.914223 0.674359 0.048835 0.070518
0 0.365237 0.567869 0.048092 0.075143
0 0.872119 0.563339 0.047991 0.079530
0 0.131801 0.266736 0.043123 0.068662
0 0.430262 0.236180 0.052655 0.072392
0 0.957376 0.314855 0.045792 0.068373
0 0.364930 0.034341 0.045939 0.068682
0 0.034020 0.601452 0.044923 0.072190
0 0.144512 0.166760 0.045297 0.075070
0 0.434988 0.522511 0.048054 0.075271
0 0.465926 0.174644 0.049261 0.073629
0 0.048548 0.726741 0.046967 0.069820
0 0.970269 0.451487 0.051376 0.073088
0 0.332454 0.156927 0.047763 0.070883
0 0.676546 0.431125 0.047271 0.077031
0 0.255942 0.135924 0.047769 0.071820
0 0.119618 0.729243 0.045253 0.069039
0 0.389847 0.668568 0.052879 0.079646
0 0.379742 0.205131 0.045562 0.069769
0 0.424563 0.107100 0.049934 0.080057
0 0.458041 0.028026 0.049208 0.056052
0 0.923274 0.578877 0.044297 0.073702
0 0.240201 0.282414 0.048609 0.075018
0 0.722804 0.523741 0.049721 0.079255
0 0.327003 0.232956 0.050962 0.072909
0 0.337262 0.831277 0.047648 0.075516
0 0.938964 0.789346 0.049516 0.075834
0 0.615004 0.195580 0.047782 0.074701
0 0.315993 0.346894 0.055141 0.073262
0 0.073301 0.031474 0.046948 0.062948
0 0.879432 0.390388 0.052066 0.078908
0 0.125092 0.096206 0.043727 0.071605
0 0.340429 0.483102 0.051984 0.079076
0 0.609298 0.074127 0.051673 0.072495
0 0.972632 0.229796 0.052302 0.070720
0 0.754768 0.220081 0.049182 0.072715
0 0.055497 0.097863 0.057926 0.064552
0 0.398762 0.791974 0.051028 0.075332
0 0.325399 0.080310 0.049218 0.069306
0 0.916663 0.225691 0.048608 0.074218
0 0.742252 0.144087 0.049478 0.070998
0 0.465928 0.633265 0.050371 0.077012
0 0.241482 0.053794 0.048000 0.074489
0 0.064345 0.333452 0.051740 0.079547
1 0.206764 0.217521 0.049133 0.075089
1 0.281243 0.196663 0.046793 0.057211
2 0.102650 0.155542 0.031195 0.048868
2 0.218073 0.330751 0.034315 0.044100
2 0.507409 0.291418 0.021837 0.032181
2 0.889551 0.283671 0.028076 0.035757
2 0.991179 0.353397 0.017643 0.036949
2 0.790116 0.527414 0.022617 0.034565
2 0.499610 0.679976 0.021837 0.032181
2 0.487132 0.974970 0.029636 0.042908
2 0.160751 0.961263 0.024176 0.036949
2 0.206764 0.079857 0.014818 0.028605
2 0.260966 0.539333 0.017157 0.029797
2 0.005702 0.609058 0.011404 0.033373