0 0.004913 0.408337 0.009826 0.042596
0 0.001735 0.559951 0.003470 0.058741
0 0.002592 0.293288 0.005185 0.053369
0 0.022435 0.993804 0.032835 0.009932
0 0.995629 0.588224 0.007555 0.055265
0 0.005842 0.959429 0.011685 0.072462
0 0.983258 0.005839 0.032011 0.011678
0 0.005498 0.476915 0.010996 0.067357
0 0.228204 0.007094 0.041599 0.014188
0 0.991425 0.671563 0.015478 0.067796
0 0.252858 0.987269 0.043972 0.022307
0 0.391665 0.986844 0.049343 0.023169
0 0.010690 0.212861 0.021379 0.071589
0 0.903793 0.983111 0.052734 0.030566
0 0.806031 0.983768 0.050465 0.029380
0 0.465504 0.980509 0.044892 0.035818
0 0.966124 0.972005 0.048745 0.053108
0 0.758461 0.030253 0.052633 0.060450
0 0.117914 0.980812 0.045839 0.035286
0 0.628163 0.975527 0.053957 0.045789
0 0.047981 0.867236 0.047476 0.082358
0 0.926397 0.941727 0.043050 0.069738
0 0.045140 0.950031 0.049055 0.074508
0 0.957888 0.903040 0.050996 0.073157
0 0.389700 0.014429 0.049282 0.028857
0 0.018944 0.355663 0.037889 0.070299
0 0.028699 0.728376 0.057377 0.074294
0 0.034175 0.789578 0.050023 0.075215
0 0.331181 0.015504 0.051395 0.031007
0 0.327899 0.975848 0.042669 0.045070
0 0.795284 0.045906 0.052554 0.079612
0 0.186175 0.977251 0.045532 0.042237
0 0.580677 0.020515 0.044235 0.041031
0 0.519004 0.886444 0.049987 0.074717
0 0.881521 0.896386 0.049028 0.079852
0 0.431183 0.369623 0.044414 0.068606
0 0.147372 0.846228 0.045359 0.080530
0 0.974232 0.839114 0.049244 0.092755
0 0.219654 0.851258 0.050363 0.089951
0 0.703396 0.970194 0.051975 0.056345
0 0.091713 0.897800 0.044046 0.072603
0 0.984057 0.159292 0.029897 0.071956
0 0.138834 0.928481 0.044368 0.071603
0 0.982467 0.462302 0.033009 0.076367
0 0.904474 0.832144 0.047150 0.074072
0 0.431842 0.949014 0.050839 0.090113
0 0.654680 0.667696 0.047884 0.070336
0 0.682684 0.806541 0.053977 0.071614
0 0.187566 0.810468 0.048806 0.085995
0 0.627894 0.412745 0.044752 0.070927
0 0.522691 0.961078 0.049790 0.068098
0 0.512506 0.028001 0.051915 0.055958
0 0.483012 0.837534 0.049565 0.077874
0 0.925936 0.760128 0.048748 0.083584
0 0.810971 0.595657 0.046612 0.084017
0 0.045441 0.665550 0.055321 0.076084
0 0.148796 0.753363 0.050266 0.082105
0 0.586944 0.388645 0.047439 0.070373
0 0.703071 0.877005 0.050304 0.080454
0 0.117498 0.652404 0.049227 0.068427
0 0.411198 0.870764 0.047291 0.072886
0 0.073136 0.618524 0.053771 0.071113
0 0.977450 0.057548 0.043215 0.080014
0 0.660592 0.925032 0.050189 0.086417
0 0.909038 0.628677 0.049291 0.067955
0 0.785503 0.536415 0.045747 0.070720
0 0.675766 0.612060 0.059325 0.068359
0 0.600835 0.651583 0.054400 0.071540
0 0.351253 0.873735 0.045943 0.071497
0 0.286442 0.951236 0.050423 0.088436
0 0.651072 0.472893 0.056593 0.078773
0 0.563280 0.618588 0.054049 0.078639
0 0.907737 0.188269 0.047930 0.075679
0 0.394623 0.797795 0.045296 0.079478
0 0.096077 0.752632 0.047385 0.080976
0 0.250287 0.898926 0.052294 0.084033
0 0.666308 0.739298 0.055059 0.075648
0 0.756519 0.933150 0.047462 0.091132
0 0.882305 0.418808 0.045700 0.074224
0 0.174165 0.677110 0.044670 0.080989
0 0.970165 0.621003 0.045999 0.069932
0 0.086330 0.293513 0.043220 0.069125
0 0.908129 0.036071 0.053525 0.072143
0 0.483103 0.161051 0.047260 0.081289
0 0.834615 0.085097 0.046872 0.079489
0 0.490700 0.591663 0.048561 0.070016
0 0.844609 0.750383 0.048995 0.074855
0 0.034730 0.266220 0.043549 0.067124
0 0.768565 0.737711 0.049665 0.074338
0 0.090087 0.029182 0.052849 0.058364
0 0.314033 0.198303 0.051401 0.083399
0 0.624878 0.037209 0.048099 0.071106
0 0.889771 0.703227 0.049089 0.083456
0 0.769032 0.661732 0.046053 0.068940
0 0.621162 0.114438 0.056735 0.075336
0 0.816454 0.413425 0.051888 0.076903
0 0.523093 0.713866 0.047252 0.069716
0 0.529977 0.185393 0.053243 0.074305
0 0.418959 0.057247 0.048727 0.071809
0 0.443910 0.793608 0.052584 0.084194
0 0.542753 0.812569 0.048678 0.076907
0 0.289568 0.297404 0.049189 0.068230
0 0.661558 0.213738 0.046932 0.073104
0 0.470109 0.716002 0.046708 0.080662
0 0.035582 0.081012 0.045640 0.067482
0 0.325230 0.346517 0.045128 0.070505
0 0.432310 0.137918 0.046284 0.071583
0 0.686963 0.057859 0.053007 0.068751
0 0.159124 0.025472 0.055193 0.050943
0 0.554150 0.453684 0.051796 0.076041
0 0.279915 0.375015 0.048645 0.077049
0 0.779451 0.460118 0.046835 0.071518
0 0.219800 0.320110 0.044869 0.069430
0 0.133746 0.163086 0.045335 0.071602
0 0.940162 0.563766 0.051418 0.075641
0 0.570591 0.296694 0.050882 0.078667
0 0.661767 0.543889 0.055274 0.076952
0 0.227183 0.183974 0.049504 0.067582
0 0.363313 0.067831 0.053830 0.073899
0 0.473427 0.078246 0.051139 0.080943
0 0.087249 0.203517 0.048411 0.079299
0 0.620804 0.327570 0.054450 0.081995
0 0.048197 0.152359 0.051633 0.075849
0 0.556438 0.098106 0.048843 0.072322
0 0.242162 0.250355 0.055920 0.078663
0 0.364630 0.235570 0.050402 0.072428
0 0.130189 0.251788 0.049839 0.072645
0 0.378017 0.350533 0.050546 0.066544
0 0.227630 0.756750 0.050463 0.078628
0 0.794051 0.345520 0.049769 0.069385
0 0.799002 0.181471 0.049357 0.074916
0 0.852625 0.487447 0.045837 0.082764
0 0.286641 0.057881 0.052379 0.077627
0 0.694492 0.398121 0.052025 0.073913
0 0.188017 0.401056 0.049705 0.075582
0 0.462091 0.419615 0.052712 0.083078
0 0.519714 0.266233 0.050447 0.078259
0 0.712098 0.238473 0.048369 0.076559
0 0.356574 0.671923 0.044878 0.075104
0 0.514970 0.401264 0.048752 0.070806
0 0.877432 0.124456 0.047549 0.072974
0 0.513811 0.524105 0.052889 0.075116
0 0.849966 0.349267 0.048257 0.072287
0 0.743956 0.823717 0.047596 0.082915
0 0.752646 0.129110 0.046048 0.072895
0 0.583608 0.218800 0.053235 0.068732
0 0.065932 0.361229 0.048475 0.072129
0 0.393783 0.718719 0.054604 0.070793
0 0.859823 0.598436 0.044734 0.071928
0 0.740700 0.344079 0.044569 0.071667
0 0.039929 0.478202 0.052367 0.077336
0 0.238844 0.426285 0.047901 0.071417
0 0.571379 0.540237 0.051743 0.073573
0 0.953278 0.399011 0.045385 0.072678
0 0.155999 0.600417 0.051288 0.080780
0 0.406941 0.541790 0.045712 0.069234
0 0.361216 0.153218 0.053610 0.080469
0 0.169174 0.319229 0.049096 0.088105
0 0.772261 0.273087 0.048919 0.071744
0 0.363782 0.419270 0.049820 0.068686
0 0.890164 0.264660 0.051059 0.076883
0 0.932037 0.483193 0.049810 0.074081
0 0.118883 0.552678 0.047014 0.079913
0 0.408156 0.618194 0.049585 0.074955
0 0.909868 0.351749 0.050762 0.075822
0 0.184500 0.145211 0.049567 0.074830
0 0.068625 0.545349 0.054985 0.079017
0 0.310503 0.671820 0.044467 0.083240
0 0.420373 0.234566 0.051111 0.074292
0 0.320435 0.497026 0.051366 0.083317
0 0.454739 0.509909 0.055618 0.082859
0 0.328680 0.580333 0.047205 0.079721
0 0.264438 0.695007 0.049039 0.080816
0 0.948692 0.264337 0.046497 0.072387
0 0.277876 0.578519 0.049254 0.075093
0 0.225761 0.612560 0.053020 0.080227
1 0.287872 0.143623 0.035095 0.087008
1 0.463346 0.301549 0.056931 0.066746
2 0.166211 0.068534 0.025736 0.032181
2 0.073405 0.420739 0.021057 0.033373
2 0.025052 0.575089 0.019497 0.034565
2 0.236790 0.504768 0.024956 0.036949
2 0.595925 0.706198 0.038214 0.039333
2 0.733185 0.696067 0.036654 0.054827
2 0.951942 0.663886 0.023396 0.038141
2 0.981967 0.242551 0.025736 0.039333
2 0.645838 0.156734 0.024176 0.036949
2 0.568630 0.157926 0.024176 0.039333
2 0.514818 0.077473 0.027296 0.033373
2 0.548743 0.008939 0.021837 0.017878
2 0.463346 0.347437 0.024176 0.034565
2 0.563170 0.357569 0.017937 0.028605