0 0.669194 0.002520 0.037409 0.005040
0 0.753258 0.002860 0.041331 0.005720
0 0.026582 0.994177 0.035982 0.009519
0 0.002723 0.250003 0.005446 0.060312
0 0.850131 0.003230 0.031654 0.006460
0 0.368104 0.994416 0.034859 0.009327
0 0.995892 0.251449 0.006917 0.047023
0 0.003834 0.362497 0.007667 0.054058
0 0.224865 0.992852 0.038441 0.012034
0 0.005899 0.703570 0.011797 0.062435
0 0.495411 0.571990 0.050948 0.075486
0 0.463435 0.545697 0.052362 0.074267
0 0.491215 0.803748 0.050238 0.072736
0 0.008520 0.152489 0.017040 0.064584
0 0.902668 0.008459 0.044608 0.016919
0 0.459830 0.780427 0.051791 0.078099
0 0.422676 0.229792 0.041512 0.069324
0 0.021335 0.938926 0.042669 0.078354
0 0.105836 0.648948 0.044490 0.082781
0 0.259287 0.847127 0.049405 0.076663
0 0.491021 0.723404 0.046119 0.062690
0 0.229940 0.425475 0.049209 0.068477
0 0.075343 0.973529 0.055135 0.049774
0 0.222697 0.344981 0.044709 0.080244
0 0.383853 0.240266 0.053147 0.076689
0 0.276010 0.639429 0.048690 0.074910
0 0.201491 0.953690 0.055001 0.074296
0 0.211236 0.869396 0.046246 0.078785
0 0.326928 0.970112 0.047014 0.056945
0 0.269814 0.560203 0.052404 0.067535
0 0.348781 0.430109 0.046204 0.071481
0 0.157083 0.892988 0.052491 0.086397
0 0.987016 0.116417 0.024033 0.078758
0 0.145434 0.663146 0.056900 0.102794
0 0.222539 0.610848 0.052660 0.083590
0 0.570384 0.874961 0.051182 0.074220
0 0.975918 0.864804 0.046178 0.082935
0 0.120976 0.777831 0.056299 0.072008
0 0.448771 0.624598 0.050688 0.074355
0 0.982915 0.663238 0.032136 0.072065
0 0.645246 0.955181 0.048393 0.075145
0 0.769833 0.966298 0.049119 0.064174
0 0.079082 0.723218 0.050630 0.078313
0 0.017164 0.539909 0.034327 0.068098
0 0.498298 0.653042 0.052633 0.075121
0 0.420997 0.694695 0.048325 0.077006
0 0.967867 0.950421 0.049602 0.070303
0 0.342198 0.355455 0.044511 0.068808
0 0.266663 0.350395 0.041326 0.079788
0 0.191404 0.795546 0.057153 0.075198
0 0.250312 0.768716 0.054878 0.072850
0 0.964073 0.406047 0.052009 0.083621
0 0.313096 0.838100 0.047773 0.077915
0 0.367596 0.513264 0.057192 0.085678
0 0.779102 0.881098 0.051047 0.074809
0 0.176260 0.389417 0.053217 0.083967
0 0.393045 0.798668 0.054824 0.073872
0 0.363381 0.728708 0.052120 0.081640
0 0.590245 0.945797 0.056579 0.090866
0 0.041193 0.835962 0.065717 0.099408
0 0.071525 0.118505 0.057105 0.065824
0 0.263509 0.483663 0.050439 0.074248
0 0.798883 0.675937 0.052521 0.072687
0 0.681269 0.335948 0.047471 0.068686
0 0.667289 0.515562 0.046900 0.076322
0 0.555030 0.410674 0.043173 0.077548
0 0.175391 0.555482 0.055391 0.079768
0 0.549302 0.804657 0.054815 0.079991
0 0.292847 0.720668 0.051537 0.078775
0 0.410590 0.454366 0.056623 0.082383
0 0.451457 0.386785 0.054272 0.079449
0 0.041138 0.071926 0.055943 0.080965
0 0.450119 0.167197 0.070942 0.094803
0 0.624281 0.403482 0.049038 0.079608
0 0.940108 0.340917 0.057006 0.069568
0 0.968283 0.764290 0.061210 0.090067
0 0.870483 0.805424 0.052876 0.073954
0 0.675815 0.870227 0.053291 0.079056
0 0.399115 0.941908 0.051469 0.087921
0 0.121612 0.470996 0.049388 0.087710
0 0.912761 0.940059 0.053040 0.073619
0 0.500155 0.957644 0.055569 0.079427
0 0.845956 0.733422 0.050959 0.077221
0 0.194765 0.276379 0.058597 0.079166
0 0.111349 0.382261 0.057829 0.079121
0 0.079846 0.562835 0.050527 0.080410
0 0.507764 0.349041 0.049900 0.079543
0 0.799057 0.798833 0.055314 0.084194
0 0.397441 0.324164 0.061748 0.076821
0 0.816705 0.489065 0.052601 0.075977
0 0.507957 0.133679 0.043316 0.075763
0 0.897831 0.510075 0.045307 0.072125
0 0.683390 0.262127 0.048096 0.070526
0 0.691097 0.427463 0.065887 0.092758
0 0.730789 0.748370 0.060721 0.091102
0 0.608304 0.698094 0.065254 0.092807
0 0.625864 0.314343 0.051613 0.075756
0 0.723997 0.307425 0.043161 0.072707
0 0.202099 0.196019 0.046546 0.069155
0 0.814968 0.397389 0.053959 0.075664
0 0.911485 0.427775 0.052975 0.078323
0 0.457011 0.303748 0.053175 0.080487
0 0.094661 0.302426 0.053260 0.070820
0 0.276784 0.249715 0.051084 0.084651
0 0.717361 0.650225 0.057528 0.087131
0 0.074611 0.196529 0.049096 0.072399
0 0.908735 0.588570 0.055297 0.077719
0 0.586049 0.542227 0.052010 0.076225
0 0.722481 0.531597 0.055272 0.080345
0 0.400382 0.115074 0.055348 0.080926
0 0.905353 0.718978 0.053032 0.082220
0 0.592365 0.030075 0.053700 0.060149
0 0.769633 0.281855 0.044834 0.071527
0 0.820292 0.592660 0.055695 0.086356
0 0.654899 0.193781 0.058650 0.076195
0 0.597289 0.228435 0.052686 0.095344
0 0.310493 0.142668 0.053028 0.077742
0 0.675746 0.115734 0.048564 0.075764
0 0.104702 0.042291 0.049668 0.084583
0 0.826905 0.315991 0.054192 0.075556
0 0.292501 0.066956 0.049080 0.073684
0 0.524751 0.056619 0.061902 0.071587
0 0.920862 0.248037 0.050584 0.067100
0 0.970221 0.212468 0.052564 0.067120
0 0.253931 0.160111 0.052751 0.080066
0 0.562625 0.131008 0.058540 0.088265
0 0.416704 0.035119 0.048674 0.064306
0 0.815037 0.138749 0.053412 0.074818
0 0.824525 0.225604 0.060674 0.078639
0 0.180421 0.052890 0.050699 0.080703
0 0.240759 0.045644 0.050061 0.076339
0 0.135767 0.217490 0.051426 0.082290
0 0.742633 0.066901 0.045949 0.075356
0 0.946330 0.142100 0.053123 0.078235
0 0.891434 0.172737 0.051692 0.075469
0 0.939435 0.054525 0.053568 0.083882
0 0.845295 0.070341 0.056193 0.083436
1 0.489472 0.477950 0.048353 0.066746
1 0.438779 0.859356 0.046793 0.071514
1 0.270325 0.911204 0.049912 0.065554
2 0.360011 0.185340 0.020277 0.034565
2 0.524956 0.738379 0.022617 0.039333
2 0.708228 0.016091 0.025736 0.032181
2 0.991568 0.402265 0.016863 0.046484
2 0.923866 0.820620 0.032755 0.053635
3 0.343634 0.630513 0.096705 0.138260