0 0.003621 0.187034 0.007222 0.035668
0 0.311259 0.995983 0.037421 0.006872
0 0.090034 0.509435 0.048683 0.081241
0 0.579117 0.993102 0.038889 0.011524
0 0.092211 0.575050 0.047940 0.082651
0 0.519538 0.991381 0.039499 0.014465
0 0.282012 0.005231 0.033936 0.010461
0 0.957862 0.007016 0.048692 0.014032
0 0.877741 0.974414 0.044467 0.047993
0 0.982534 0.982912 0.033127 0.031215
0 0.918616 0.979907 0.043490 0.037132
0 0.007101 0.028154 0.014203 0.056269
0 0.009164 0.967163 0.018327 0.062613
0 0.734902 0.756322 0.080203 0.104149
0 0.423226 0.987254 0.046140 0.022569
0 0.015007 0.613801 0.029980 0.087203
0 0.099741 0.987257 0.043848 0.023016
0 0.754356 0.833258 0.051479 0.087114
0 0.786559 0.905415 0.044416 0.092708
0 0.987445 0.452826 0.023291 0.087465
0 0.011595 0.240564 0.023175 0.074938
0 0.111186 0.010247 0.046642 0.020495
0 0.744831 0.957789 0.049258 0.080944
0 0.847851 0.763010 0.049482 0.077831
0 0.897598 0.908598 0.065916 0.085433
0 0.683722 0.977946 0.060367 0.040866
0 0.984840 0.115900 0.028441 0.093547
0 0.715207 0.013892 0.044660 0.027755
0 0.814567 0.680291 0.048880 0.086220
0 0.973771 0.918756 0.050536 0.088122
0 0.962694 0.238796 0.051437 0.089290
0 0.865422 0.424623 0.050224 0.087473
0 0.550569 0.015767 0.049940 0.031533
0 0.214679 0.976395 0.055331 0.044036
0 0.601552 0.646449 0.046196 0.069498
0 0.528320 0.738676 0.057307 0.079925
0 0.441644 0.043535 0.041838 0.074650
0 0.888485 0.487293 0.059468 0.081471
0 0.939082 0.200578 0.052539 0.079894
0 0.534120 0.944663 0.047618 0.079882
0 0.975067 0.768081 0.047984 0.090328
0 0.826161 0.389704 0.046633 0.075128
0 0.912999 0.398316 0.045895 0.083663
0 0.558447 0.797700 0.058625 0.079262
0 0.871188 0.678842 0.048473 0.077313
0 0.605424 0.942850 0.049902 0.076795
0 0.547644 0.623142 0.046247 0.100309
0 0.592079 0.861166 0.053144 0.078816
0 0.400539 0.041557 0.049239 0.079621
0 0.653250 0.683442 0.048401 0.077863
0 0.115618 0.650240 0.052033 0.080389
0 0.817508 0.528809 0.045791 0.069064
0 0.914429 0.306372 0.054457 0.087903
0 0.409892 0.659148 0.042167 0.089801
0 0.169634 0.311747 0.043472 0.064289
0 0.448295 0.691870 0.049282 0.082073
0 0.855100 0.601260 0.056825 0.087270
0 0.040501 0.579206 0.049621 0.084419
0 0.915569 0.133821 0.053800 0.072259
0 0.041484 0.680922 0.051380 0.078387
0 0.906196 0.563616 0.052688 0.087266
0 0.182611 0.847707 0.044891 0.078699
0 0.054207 0.204902 0.040489 0.074947
0 0.501320 0.678275 0.057541 0.080299
0 0.825727 0.311212 0.053010 0.073552
0 0.239165 0.825289 0.049089 0.078639
0 0.882673 0.084333 0.047477 0.084066
0 0.482996 0.551813 0.052251 0.084588
0 0.162482 0.960908 0.050294 0.074908
0 0.158909 0.740926 0.053950 0.084245
0 0.523687 0.080558 0.043519 0.073910
0 0.763820 0.489918 0.047643 0.075194
0 0.444250 0.599581 0.049029 0.082906
0 0.879108 0.208771 0.044071 0.088157
0 0.955849 0.332811 0.053311 0.087955
0 0.609021 0.426566 0.047128 0.090652
0 0.468330 0.767450 0.057574 0.084171
0 0.425558 0.486081 0.046769 0.069446
0 0.606302 0.732932 0.052304 0.076987
0 0.366906 0.967924 0.056902 0.060976
0 0.637795 0.026238 0.047526 0.052337
0 0.552683 0.144949 0.048170 0.086408
0 0.351689 0.782385 0.050402 0.077467
0 0.576536 0.546328 0.053470 0.083579
0 0.719250 0.445621 0.062282 0.075128
0 0.346780 0.864641 0.058033 0.082825
0 0.836261 0.241562 0.060054 0.076806
0 0.256235 0.515815 0.047355 0.081274
0 0.314466 0.732717 0.051216 0.075553
0 0.832945 0.026147 0.051603 0.052295
0 0.062647 0.763754 0.054004 0.100129
0 0.705018 0.270283 0.053597 0.080995
0 0.149591 0.499042 0.048847 0.080123
0 0.277286 0.593552 0.049979 0.081460
0 0.526939 0.490318 0.053302 0.089905
0 0.309350 0.652678 0.050234 0.078048
0 0.096179 0.409097 0.051104 0.083325
0 0.642585 0.503570 0.056832 0.093002
0 0.319085 0.540064 0.043630 0.085287
0 0.396146 0.157449 0.050739 0.080648
0 0.363103 0.675907 0.049492 0.084589
0 0.131198 0.353611 0.055146 0.083216
0 0.309912 0.438827 0.050692 0.083441
0 0.067939 0.125133 0.059883 0.088674
0 0.380197 0.237609 0.054327 0.082899
0 0.641870 0.105379 0.047360 0.076584
0 0.380945 0.560675 0.052715 0.083095
0 0.820949 0.095486 0.055991 0.079313
0 0.581274 0.065772 0.060424 0.078339
0 0.779080 0.153322 0.050673 0.084438
0 0.186104 0.584919 0.055953 0.087135
0 0.570796 0.374441 0.052822 0.089137
0 0.502930 0.171602 0.052389 0.085763
0 0.937734 0.052680 0.054568 0.085034
0 0.709758 0.108998 0.048265 0.091668
0 0.721778 0.357060 0.049724 0.090972
0 0.103282 0.059379 0.056310 0.072067
0 0.198128 0.676370 0.061670 0.097444
0 0.043863 0.282048 0.052444 0.078916
0 0.649470 0.326089 0.052707 0.086495
0 0.603344 0.164268 0.051019 0.080094
0 0.515040 0.272482 0.060301 0.087850
0 0.040587 0.408439 0.053731 0.087845
0 0.296415 0.055920 0.048018 0.078931
0 0.413553 0.396738 0.058636 0.081953
0 0.639114 0.232398 0.056188 0.090261
0 0.209416 0.358580 0.052580 0.090226
0 0.101741 0.281321 0.054325 0.088959
0 0.153858 0.134168 0.050224 0.090752
0 0.427167 0.283620 0.051071 0.086068
0 0.344828 0.364255 0.056400 0.092387
0 0.165687 0.226623 0.062277 0.099443
0 0.247764 0.118552 0.052756 0.097749
0 0.293740 0.250902 0.058899 0.093733
1 0.679763 0.780095 0.042114 0.087008
2 0.557321 0.312872 0.018717 0.032181
2 0.281633 0.765793 0.017937 0.034565
2 0.029731 0.516687 0.033535 0.046484
3 0.738644 0.623957 0.106844 0.187128
1 0.405044 0.781902 0.046386 0.072560
1 0.838075 0.927857 0.055664 0.084237
1 0.721290 0.191410 0.084041 0.104254
1 0.771497 0.347790 0.045841 0.081735
1 0.707647 0.521268 0.065487 0.075063