0 0.994053 0.335492 0.011198 0.078399
0 0.995875 0.883317 0.007418 0.071581
0 0.702709 0.994290 0.040413 0.009533
0 0.166360 0.993183 0.036104 0.011431
0 0.004066 0.429660 0.008133 0.058667
0 0.243835 0.992921 0.036064 0.011885
0 0.004324 0.030286 0.008632 0.059138
0 0.458204 0.951187 0.043259 0.079125
0 0.419537 0.956611 0.052087 0.070515
0 0.013205 0.723844 0.026371 0.073186
0 0.014881 0.977773 0.029762 0.041656
0 0.792864 0.730120 0.049598 0.089126
0 0.829127 0.723254 0.051408 0.076400
0 0.658861 0.374621 0.045313 0.067008
0 0.689855 0.355173 0.045406 0.071510
0 0.989544 0.625835 0.019408 0.081172
0 0.848685 0.009155 0.045022 0.018309
0 0.610226 0.011139 0.049123 0.022266
0 0.021668 0.862317 0.043336 0.091624
0 0.681297 0.738824 0.053457 0.072192
0 0.619833 0.723450 0.054306 0.084113
0 0.830421 0.974252 0.062904 0.048567
0 0.013156 0.217578 0.026286 0.068675
0 0.641230 0.804375 0.059949 0.085745
0 0.016864 0.574220 0.033693 0.081620
0 0.318557 0.971699 0.051140 0.053471
0 0.703250 0.821047 0.056879 0.087046
0 0.446398 0.014449 0.049863 0.028899
0 0.498458 0.019643 0.043526 0.039278
0 0.580388 0.824111 0.056150 0.082788
0 0.029567 0.775007 0.054341 0.081387
0 0.682703 0.907521 0.054689 0.084507
0 0.609502 0.405820 0.049054 0.087349
0 0.037872 0.930664 0.054750 0.080521
0 0.621564 0.914019 0.058686 0.074551
0 0.977297 0.732511 0.043871 0.083932
0 0.867367 0.661228 0.054864 0.072664
0 0.058599 0.597649 0.049100 0.074398
0 0.199905 0.024666 0.047503 0.049331
0 0.305510 0.882687 0.054848 0.083679
0 0.033680 0.022439 0.044860 0.044878
0 0.359856 0.916524 0.050289 0.085429
0 0.019192 0.139450 0.038362 0.075169
0 0.050441 0.687055 0.067252 0.098743
0 0.120776 0.628003 0.047849 0.086203
0 0.040488 0.496231 0.059106 0.087943
0 0.645227 0.638151 0.050264 0.078293
0 0.551944 0.366950 0.056787 0.088383
0 0.675107 0.474279 0.059679 0.083296
0 0.512977 0.941794 0.054517 0.079106
0 0.777949 0.453959 0.057826 0.075308
0 0.626288 0.298234 0.064134 0.102890
0 0.879632 0.932397 0.051374 0.086398
0 0.719139 0.679878 0.050641 0.081630
0 0.763683 0.922739 0.051450 0.088604
0 0.320654 0.774072 0.062496 0.100200
0 0.207282 0.771150 0.050317 0.086893
0 0.151577 0.726596 0.052239 0.081535
0 0.971626 0.559112 0.043653 0.075505
0 0.551946 0.032573 0.051410 0.065147
0 0.920786 0.548051 0.047286 0.076506
0 0.256936 0.027248 0.055167 0.054497
0 0.254311 0.605322 0.053259 0.072216
0 0.527598 0.282076 0.052549 0.081305
0 0.591976 0.082841 0.054081 0.077112
0 0.851355 0.556084 0.052702 0.080104
0 0.083624 0.822293 0.053049 0.076999
0 0.238899 0.864149 0.055782 0.088467
0 0.891141 0.839378 0.056952 0.090705
0 0.108743 0.030058 0.048245 0.060116
0 0.186418 0.564057 0.048078 0.082226
0 0.744373 0.024669 0.060791 0.049339
0 0.135163 0.944709 0.057102 0.090428
0 0.143537 0.174573 0.058484 0.084011
0 0.726495 0.518179 0.048579 0.078342
0 0.215282 0.400207 0.051976 0.080760
0 0.121485 0.098184 0.060354 0.078535
0 0.206704 0.484664 0.048258 0.075072
0 0.230516 0.682742 0.056117 0.082191
0 0.240438 0.233578 0.045578 0.065589
0 0.539122 0.475289 0.052369 0.081475
0 0.479286 0.214336 0.047421 0.074778
0 0.286404 0.447014 0.058977 0.084675
0 0.522477 0.608590 0.050018 0.078214
0 0.424962 0.503537 0.057069 0.078051
0 0.577567 0.167554 0.048233 0.076890
0 0.951354 0.408830 0.052107 0.078870
0 0.314399 0.607202 0.055848 0.084552
0 0.465790 0.642788 0.055782 0.081926
0 0.753847 0.369755 0.055230 0.081693
0 0.525242 0.155777 0.049906 0.088235
0 0.179772 0.242544 0.052339 0.083110
0 0.893268 0.394256 0.048501 0.079209
0 0.411593 0.214826 0.049566 0.072980
0 0.054731 0.280377 0.046925 0.068940
0 0.965019 0.332351 0.053434 0.073486
0 0.159623 0.318999 0.051940 0.072109
0 0.436717 0.415425 0.056499 0.082697
0 0.828569 0.305447 0.049703 0.074634
0 0.977123 0.090522 0.044003 0.078881
0 0.280598 0.134559 0.059590 0.087459
0 0.424690 0.077616 0.056302 0.086766
0 0.099052 0.490597 0.050565 0.074651
0 0.326825 0.321426 0.051889 0.080512
0 0.819831 0.210663 0.046876 0.082281
0 0.721689 0.162258 0.053132 0.080480
0 0.640928 0.144515 0.056371 0.083754
0 0.775054 0.123619 0.063002 0.097783
0 0.335298 0.110728 0.048428 0.078479
0 0.421731 0.311583 0.054700 0.077322
0 0.244071 0.317432 0.056186 0.086141
0 0.857185 0.060469 0.054227 0.073929
0 0.894401 0.206880 0.058713 0.088834
1 0.343244 0.508939 0.061611 0.085816
1 0.333885 0.687128 0.039774 0.067938
1 0.406414 0.732420 0.055372 0.103695
1 0.594756 0.660906 0.038994 0.096544
2 0.572139 0.442789 0.031195 0.044100
2 0.689511 0.410012 0.025736 0.035757
2 0.804544 0.506555 0.035875 0.050060
2 0.769059 0.675805 0.027296 0.045292
2 0.447748 0.898689 0.025736 0.035757