0 0.003130 0.020014 0.006254 0.040027
0 0.003040 0.222730 0.006080 0.079482
0 0.846636 0.003729 0.040282 0.007458
0 0.431328 0.003083 0.042910 0.006167
0 0.592023 0.004038 0.033829 0.007987
0 0.995096 0.129610 0.008646 0.064535
0 0.349986 0.992455 0.039828 0.012567
0 0.324131 0.005688 0.040286 0.011375
0 0.961241 0.989715 0.047345 0.017934
0 0.992519 0.031987 0.013547 0.063752
0 0.015621 0.859090 0.031242 0.081025
0 0.524712 0.983401 0.054727 0.030038
0 0.020452 0.783107 0.040904 0.075339
0 0.291850 0.565662 0.053931 0.081119
0 0.984985 0.530189 0.028378 0.077562
0 0.688245 0.016441 0.047042 0.032882
0 0.272499 0.500631 0.052670 0.092432
0 0.439470 0.977882 0.047942 0.041413
0 0.635597 0.972414 0.063508 0.051881
0 0.891046 0.963806 0.052672 0.069177
0 0.975667 0.614133 0.046929 0.080837
0 0.218028 0.699006 0.053387 0.088109
0 0.157125 0.885136 0.045782 0.072120
0 0.505924 0.018184 0.054162 0.036368
0 0.422275 0.461402 0.056654 0.075778
0 0.539561 0.821052 0.050183 0.070808
0 0.311295 0.647372 0.049870 0.074890
0 0.023423 0.582201 0.046643 0.081682
0 0.982205 0.274554 0.033922 0.082733
0 0.773700 0.730258 0.048505 0.071216
0 0.640126 0.133297 0.051132 0.075662
0 0.766319 0.958209 0.048215 0.079150
0 0.684264 0.706876 0.050868 0.079246
0 0.254859 0.634714 0.046228 0.077832
0 0.292272 0.961047 0.055164 0.074576
0 0.124818 0.938383 0.061363 0.093868
0 0.536357 0.739655 0.048892 0.083095
0 0.154707 0.035843 0.057040 0.071681
0 0.481487 0.243686 0.055702 0.081923
0 0.462387 0.050092 0.050650 0.084213
0 0.642460 0.045523 0.048058 0.091036
0 0.306547 0.730561 0.054750 0.080583
0 0.846019 0.627558 0.060113 0.087211
0 0.563087 0.396991 0.050591 0.081653
0 0.540859 0.920640 0.058930 0.087030
0 0.161723 0.803316 0.055084 0.076717
0 0.551258 0.286715 0.050177 0.069209
0 0.218587 0.906561 0.055241 0.076543
0 0.857398 0.713176 0.054936 0.080376
0 0.230079 0.788391 0.054060 0.081720
0 0.350785 0.037109 0.049718 0.071923
0 0.704622 0.914553 0.055026 0.083261
0 0.030526 0.485792 0.053781 0.087649
0 0.052503 0.723082 0.058178 0.083305
0 0.933783 0.025241 0.052332 0.050390
0 0.757691 0.265289 0.052546 0.070809
0 0.027035 0.397767 0.047716 0.077047
0 0.797839 0.137835 0.050869 0.090113
0 0.873863 0.889877 0.066989 0.103410
0 0.559231 0.078763 0.057030 0.088611
0 0.484645 0.665059 0.054927 0.090314
0 0.687386 0.184095 0.063622 0.121178
0 0.148685 0.715613 0.057575 0.082814
0 0.744934 0.083647 0.055979 0.086717
0 0.973531 0.450599 0.051522 0.083802
0 0.492630 0.328159 0.051919 0.074602
0 0.730951 0.332196 0.048935 0.079585
0 0.761465 0.816251 0.060980 0.104760
0 0.796294 0.041102 0.067864 0.082203
0 0.143380 0.119888 0.051102 0.086956
0 0.528210 0.194610 0.049899 0.082253
0 0.139949 0.622463 0.062800 0.083468
0 0.403707 0.835443 0.056945 0.092713
0 0.818364 0.546897 0.062614 0.094027
0 0.028508 0.110347 0.050920 0.089947
0 0.082995 0.506155 0.048866 0.075654
0 0.706169 0.563110 0.056103 0.090465
0 0.819270 0.452908 0.057747 0.086424
0 0.377183 0.730500 0.057344 0.100515
0 0.472024 0.410640 0.062523 0.097697
0 0.748524 0.179763 0.052911 0.080770
0 0.558303 0.527234 0.057211 0.087673
0 0.455576 0.150410 0.054134 0.079697
0 0.069812 0.618816 0.056530 0.100632
0 0.817926 0.243992 0.068466 0.103640
0 0.646952 0.475059 0.055287 0.085639
0 0.724308 0.446016 0.054945 0.083339
0 0.806881 0.361254 0.049803 0.077935
0 0.607113 0.340615 0.060576 0.084011
0 0.094341 0.182731 0.062662 0.090858
0 0.206999 0.446827 0.058031 0.076210
0 0.074287 0.373476 0.050608 0.086444
0 0.136176 0.407625 0.052968 0.074932
0 0.294868 0.072434 0.063272 0.100553
0 0.333376 0.445807 0.052191 0.091814
0 0.897852 0.382325 0.057206 0.083376
0 0.078039 0.279164 0.054249 0.091933
0 0.263304 0.335586 0.054555 0.078835
0 0.959585 0.154531 0.063804 0.090838
0 0.298024 0.212198 0.053083 0.085279
1 0.209884 0.289035 0.046013 0.084625
1 0.426691 0.551847 0.049133 0.076281
1 0.666505 0.641836 0.053032 0.079857
1 0.913337 0.782479 0.055372 0.106079
1 0.904369 0.105483 0.045233 0.101311
2 0.195456 0.601311 0.046793 0.075089
2 0.443848 0.628129 0.039774 0.057211
2 0.500780 0.097735 0.031975 0.050060
2 0.671964 0.315852 0.034315 0.052443
2 0.602165 0.069726 0.028856 0.041716