0 0.004485 0.347236 0.008969 0.054658
0 0.016022 0.842642 0.032030 0.079161
0 0.019229 0.785532 0.038458 0.073062
0 0.617335 0.246461 0.049452 0.064464
0 0.397953 0.677983 0.049341 0.081804
0 0.523496 0.989822 0.041222 0.017562
0 0.353876 0.007456 0.038980 0.014912
0 0.673860 0.989317 0.044230 0.018474
0 0.469736 0.988482 0.041071 0.019988
0 0.933695 0.987903 0.045806 0.021337
0 0.606789 0.202435 0.059957 0.074716
0 0.252226 0.122669 0.082530 0.077776
0 0.328413 0.981537 0.045190 0.033952
0 0.180023 0.984363 0.055079 0.027892
0 0.510828 0.014854 0.060135 0.029708
0 0.988332 0.508750 0.021388 0.074030
0 0.103629 0.978107 0.046481 0.040456
0 0.644447 0.012804 0.050815 0.025607
0 0.016774 0.425805 0.033538 0.082154
0 0.854060 0.972340 0.043496 0.052287
0 0.242657 0.971656 0.050497 0.053380
0 0.574056 0.965190 0.067300 0.066482
0 0.222418 0.912633 0.052302 0.076992
0 0.979533 0.937726 0.038980 0.081443
0 0.026495 0.211505 0.052991 0.074982
0 0.071279 0.673630 0.047680 0.064565
0 0.137140 0.831919 0.053203 0.078713
0 0.332169 0.834229 0.051128 0.079054
0 0.753384 0.967421 0.056027 0.062075
0 0.294661 0.903564 0.049051 0.067987
0 0.852447 0.024844 0.048442 0.049654
0 0.034770 0.040643 0.051393 0.069067
0 0.644244 0.922660 0.047990 0.087048
0 0.157907 0.927630 0.054981 0.083199
0 0.111582 0.437142 0.055310 0.079666
0 0.533938 0.868726 0.047732 0.082545
0 0.582393 0.892537 0.049495 0.074656
0 0.404228 0.961858 0.051881 0.073008
0 0.215327 0.183646 0.045774 0.073575
0 0.282916 0.806570 0.043308 0.072398
0 0.175358 0.227821 0.050393 0.075140
0 0.214731 0.027484 0.048371 0.054967
0 0.802208 0.031963 0.045595 0.063927
0 0.488448 0.402047 0.051651 0.070567
0 0.776987 0.900069 0.053239 0.072335
0 0.045929 0.607311 0.049448 0.075848
0 0.039010 0.522863 0.062491 0.084298
0 0.098789 0.523854 0.049819 0.085550
0 0.116529 0.036862 0.060413 0.073725
0 0.836758 0.902182 0.055598 0.085292
0 0.422991 0.024020 0.048888 0.048039
0 0.809192 0.741263 0.058730 0.085195
0 0.032470 0.287416 0.049787 0.070814
0 0.453106 0.726063 0.047025 0.074533
0 0.682724 0.612839 0.051308 0.072336
0 0.307829 0.377227 0.048512 0.080573
0 0.564238 0.790618 0.059165 0.088686
0 0.729722 0.778965 0.048295 0.075499
0 0.447441 0.910841 0.055170 0.077629
0 0.071321 0.758888 0.060058 0.079631
0 0.260593 0.526068 0.049405 0.068691
0 0.709541 0.858733 0.047982 0.082400
0 0.738187 0.694752 0.051859 0.080470
0 0.386804 0.316514 0.046893 0.082944
0 0.933613 0.508757 0.049318 0.073431
0 0.763321 0.527276 0.045182 0.065931
0 0.958783 0.709912 0.055947 0.082808
0 0.803270 0.428262 0.059288 0.088210
0 0.946865 0.798169 0.056844 0.078319
0 0.644798 0.391876 0.060166 0.079206
0 0.507226 0.728601 0.049126 0.077133
0 0.622861 0.784821 0.050478 0.075036
0 0.525927 0.511315 0.049513 0.069889
0 0.849005 0.615581 0.051581 0.081218
0 0.536875 0.433236 0.051829 0.076407
0 0.430716 0.419202 0.052976 0.078109
0 0.632350 0.316309 0.048261 0.074713
0 0.171739 0.367351 0.051060 0.074209
0 0.212728 0.750144 0.054840 0.080567
0 0.557384 0.042066 0.055052 0.084133
0 0.437212 0.338479 0.052472 0.070050
0 0.379918 0.060193 0.053404 0.085539
0 0.578497 0.574010 0.047428 0.069285
0 0.125126 0.308271 0.057585 0.073895
0 0.350523 0.430219 0.051233 0.084997
0 0.177284 0.460027 0.051379 0.074593
0 0.452042 0.152570 0.062102 0.071167
0 0.473417 0.545297 0.058373 0.081254
0 0.174674 0.544177 0.051965 0.077029
0 0.099647 0.226680 0.058709 0.078873
0 0.327780 0.637893 0.053411 0.084899
0 0.857746 0.404402 0.047967 0.078691
0 0.703046 0.536494 0.051759 0.082224
0 0.495562 0.245727 0.049439 0.070472
0 0.943736 0.605708 0.054495 0.078058
0 0.389732 0.591681 0.061679 0.079111
0 0.723689 0.297561 0.049020 0.090201
0 0.323951 0.148262 0.046691 0.072087
0 0.504424 0.324540 0.056153 0.077255
0 0.779709 0.308493 0.054998 0.078704
0 0.933665 0.133168 0.042762 0.077730
0 0.557293 0.301096 0.045729 0.075165
0 0.968472 0.280185 0.052057 0.084454
0 0.766925 0.611314 0.055863 0.087340
0 0.673294 0.224581 0.051574 0.074968
0 0.768211 0.103712 0.050276 0.075185
0 0.585628 0.113206 0.051719 0.086802
0 0.666845 0.468054 0.058319 0.084863
0 0.805508 0.232496 0.052780 0.077970
0 0.130062 0.668409 0.050290 0.090102
0 0.816661 0.148681 0.059667 0.082950
0 0.946547 0.371271 0.056033 0.088115
0 0.263044 0.434024 0.066665 0.102062
0 0.283443 0.277546 0.056896 0.088957
0 0.877524 0.208659 0.055019 0.079724
0 0.511777 0.120866 0.057723 0.077369
0 0.216491 0.296016 0.065991 0.104939
0 0.660073 0.140610 0.051420 0.080414
0 0.380018 0.196954 0.056308 0.086400
0 0.712393 0.128257 0.052065 0.081364
1 0.272274 0.590584 0.052252 0.053635
1 0.047668 0.941001 0.067850 0.113230
1 0.865765 0.804529 0.058491 0.090584
3 0.070675 0.119190 0.081108 0.169249
2 0.478163 0.458880 0.030415 0.045292
1 0.252515 0.701418 0.056755 0.088407
1 0.162744 0.783987 0.049661 0.070058
1 0.369572 0.713511 0.039838 0.062552
1 0.466165 0.840284 0.048569 0.060884