0 0.502276 0.989568 0.046839 0.019221
0 0.002426 0.530844 0.004769 0.061988
0 0.002171 0.428223 0.004343 0.078690
0 0.044492 0.994149 0.039769 0.010084
0 0.426307 0.993435 0.041128 0.011152
0 0.005573 0.965831 0.011147 0.065880
0 0.006304 0.751438 0.012608 0.069907
0 0.026690 0.005568 0.043854 0.011135
0 0.993069 0.745356 0.012705 0.075786
0 0.430027 0.008569 0.042231 0.017138
0 0.991293 0.210272 0.016049 0.081507
0 0.991232 0.638325 0.016392 0.079509
0 0.013751 0.628230 0.027456 0.080335
0 0.287451 0.670619 0.055508 0.086463
0 0.650090 0.977335 0.055342 0.042324
0 0.690728 0.093095 0.053456 0.088973
0 0.261203 0.013834 0.058756 0.027667
0 0.639626 0.084815 0.056535 0.091048
0 0.868077 0.967927 0.062600 0.061129
0 0.695396 0.022727 0.054213 0.045455
0 0.049250 0.949246 0.049547 0.067550
0 0.139522 0.569915 0.048638 0.077433
0 0.317632 0.813680 0.051269 0.091727
0 0.189203 0.546943 0.049888 0.069638
0 0.102174 0.527695 0.052806 0.081346
0 0.898785 0.819334 0.053151 0.074589
0 0.657762 0.876280 0.048182 0.070333
0 0.979793 0.379957 0.038928 0.085514
0 0.870405 0.890092 0.059776 0.087261
0 0.382141 0.486315 0.050379 0.075867
0 0.750313 0.491267 0.056963 0.079340
0 0.430780 0.521287 0.046249 0.074020
0 0.508788 0.748124 0.058267 0.075256
0 0.386297 0.947243 0.058011 0.084397
0 0.594584 0.945242 0.061103 0.089471
0 0.943233 0.434709 0.045920 0.082049
0 0.916054 0.513532 0.058855 0.081312
0 0.853815 0.540431 0.060962 0.094453
0 0.282316 0.575330 0.054797 0.084050
0 0.354758 0.695483 0.061616 0.086945
0 0.630609 0.628108 0.056254 0.088215
0 0.525939 0.601056 0.050310 0.088648
0 0.462498 0.694427 0.057440 0.087689
0 0.415598 0.420169 0.050708 0.079317
0 0.719551 0.648353 0.054091 0.087578
0 0.677218 0.557814 0.059131 0.080492
0 0.442040 0.598331 0.056816 0.076221
0 0.799152 0.872584 0.058252 0.079509
0 0.778870 0.421509 0.055783 0.088115
0 0.130563 0.847212 0.051498 0.081277
0 0.185094 0.250239 0.048075 0.078432
0 0.573794 0.543337 0.058643 0.084327
0 0.762625 0.572782 0.056382 0.081899
0 0.948252 0.735365 0.052053 0.080404
0 0.567663 0.436526 0.050896 0.083861
0 0.223787 0.899177 0.063084 0.085904
0 0.086125 0.721795 0.059765 0.084710
0 0.637094 0.730694 0.059859 0.093936
0 0.954153 0.576586 0.054122 0.091760
0 0.721622 0.834927 0.052783 0.082553
0 0.615953 0.474071 0.052520 0.081541
0 0.040684 0.404846 0.053458 0.088640
0 0.485760 0.451602 0.053797 0.078393
0 0.364523 0.351633 0.054305 0.090458
0 0.721574 0.365984 0.053512 0.080959
0 0.167621 0.333709 0.054228 0.081689
0 0.311059 0.307995 0.061982 0.092511
0 0.484825 0.347542 0.051896 0.080144
0 0.585316 0.187409 0.058590 0.095399
0 0.187706 0.442873 0.058694 0.097905
0 0.617679 0.334503 0.055869 0.078763
0 0.087151 0.101432 0.062344 0.094558
0 0.203409 0.070091 0.051469 0.079453
0 0.876260 0.275423 0.062434 0.096497
0 0.864200 0.162464 0.052489 0.085294
0 0.408216 0.289496 0.052115 0.077523
0 0.087178 0.359797 0.052334 0.086686
0 0.400609 0.049747 0.053504 0.079706
0 0.217974 0.171521 0.060937 0.082332
0 0.301735 0.209978 0.053612 0.082532
0 0.932040 0.128686 0.059149 0.090269
0 0.417460 0.139396 0.058869 0.090081
1 0.244589 0.639452 0.046793 0.048868
1 0.050398 0.594160 0.053032 0.089392
1 0.260186 0.733015 0.038994 0.081049
1 0.365860 0.777116 0.042894 0.071514
1 0.858746 0.766985 0.074089 0.056019
2 0.073015 0.170441 0.029636 0.047676
2 0.044939 0.035161 0.028076 0.044100
2 0.740984 0.265197 0.027296 0.046484
2 0.877463 0.470799 0.038214 0.042908
2 0.983137 0.324195 0.023396 0.042908