0 0.002978 0.051581 0.005949 0.065405
0 0.002693 0.171100 0.005385 0.068976
0 0.942143 0.003545 0.043815 0.007091
0 0.862693 0.003882 0.035910 0.007764
0 0.005257 0.934240 0.010515 0.058249
0 0.994700 0.356867 0.009201 0.063358
0 0.040024 0.754386 0.046393 0.089076
0 0.991844 0.845634 0.014805 0.075692
0 0.989685 0.738840 0.019003 0.077501
0 0.562422 0.671576 0.045997 0.075616
0 0.987580 0.949634 0.023084 0.078783
0 0.493112 0.642734 0.045514 0.071564
0 0.271257 0.613109 0.057991 0.086380
0 0.333814 0.983623 0.059260 0.029582
0 0.528473 0.699606 0.051416 0.085080
0 0.023543 0.677204 0.047086 0.081278
0 0.201617 0.984641 0.051402 0.027733
0 0.031717 0.975433 0.057568 0.046185
0 0.976944 0.650773 0.044289 0.094125
0 0.808495 0.014457 0.054811 0.028913
0 0.093692 0.802334 0.049036 0.076578
0 0.944828 0.973503 0.060256 0.049940
0 0.397651 0.016408 0.053042 0.032816
0 0.293207 0.557226 0.052289 0.085685
0 0.649444 0.850018 0.054524 0.078676
0 0.814318 0.938115 0.060412 0.081230
0 0.669197 0.937640 0.050419 0.066521
0 0.592648 0.733299 0.053167 0.075547
0 0.918308 0.915243 0.049513 0.084306
0 0.527427 0.604843 0.055491 0.079532
0 0.775462 0.727180 0.061505 0.083628
0 0.018496 0.434023 0.036993 0.087463
0 0.417795 0.898327 0.052215 0.085159
0 0.779112 0.881010 0.052665 0.083139
0 0.475801 0.059894 0.055981 0.080709
0 0.612044 0.959240 0.055026 0.078073
0 0.741109 0.665597 0.052471 0.079515
0 0.277626 0.969221 0.050781 0.058282
0 0.515941 0.876921 0.052879 0.082923
0 0.931628 0.681152 0.049295 0.080273
0 0.186521 0.100950 0.056849 0.078796
0 0.681160 0.456876 0.049609 0.076516
0 0.824666 0.776634 0.053713 0.084772
0 0.436629 0.053877 0.049845 0.089312
0 0.680160 0.787820 0.054919 0.079389
0 0.289545 0.021088 0.056841 0.042176
0 0.015877 0.268848 0.031717 0.083392
0 0.180707 0.930064 0.051163 0.074817
0 0.387032 0.695341 0.052404 0.073326
0 0.590618 0.811263 0.056125 0.085143
0 0.347001 0.931361 0.055567 0.080958
0 0.723337 0.868022 0.056298 0.085479
0 0.221310 0.808721 0.060754 0.088846
0 0.951278 0.810394 0.054387 0.087654
0 0.255678 0.898169 0.053776 0.077761
0 0.878435 0.747069 0.053272 0.082901
0 0.628059 0.590694 0.056871 0.075827
0 0.972798 0.566817 0.051305 0.075913
0 0.455977 0.567186 0.052840 0.086730
0 0.124845 0.909275 0.053091 0.082275
0 0.873142 0.584746 0.052180 0.087432
0 0.504888 0.795690 0.052662 0.075525
0 0.897206 0.502061 0.057016 0.085543
0 0.329349 0.817062 0.052869 0.083823
0 0.442084 0.718521 0.051015 0.075287
0 0.340783 0.046302 0.050203 0.087455
0 0.408412 0.224063 0.050169 0.076884
0 0.856736 0.445665 0.052488 0.080844
0 0.224194 0.065258 0.052848 0.087176
0 0.403938 0.615018 0.047498 0.079950
0 0.649675 0.515778 0.052804 0.080201
0 0.262400 0.185602 0.048403 0.073201
0 0.390446 0.780137 0.054634 0.081343
0 0.711232 0.233921 0.052800 0.081287
0 0.372515 0.281948 0.050450 0.082357
0 0.555621 0.532996 0.050068 0.075696
0 0.739143 0.305935 0.047173 0.074609
0 0.192316 0.732965 0.052302 0.084885
0 0.379656 0.153463 0.050932 0.074333
0 0.448031 0.825832 0.055557 0.087291
0 0.587127 0.431220 0.056929 0.078974
0 0.917291 0.188500 0.055524 0.084506
0 0.889414 0.128112 0.051717 0.078603
0 0.056455 0.371065 0.057127 0.086198
0 0.281586 0.086453 0.054499 0.082676
0 0.530716 0.212668 0.049570 0.077600
0 0.889566 0.041968 0.059746 0.076793
0 0.738985 0.156724 0.054250 0.086960
0 0.090077 0.629823 0.058038 0.088161
0 0.730535 0.578875 0.057409 0.092103
0 0.543473 0.375659 0.048406 0.074811
0 0.245506 0.510661 0.050468 0.078688
0 0.460643 0.256499 0.053155 0.082809
0 0.961279 0.239162 0.060577 0.096146
0 0.549072 0.141382 0.053065 0.070794
0 0.199982 0.396250 0.057068 0.089728
0 0.293890 0.251099 0.050686 0.077368
0 0.490567 0.495070 0.053349 0.089978
0 0.478268 0.357506 0.052900 0.079501
0 0.083184 0.540400 0.054953 0.077958
0 0.291783 0.412616 0.051491 0.082852
0 0.349564 0.593804 0.058530 0.092535
0 0.713294 0.077987 0.066028 0.077566
0 0.681663 0.374773 0.055837 0.081277
0 0.598157 0.076337 0.054931 0.081794
0 0.274602 0.329490 0.062181 0.081728
0 0.546073 0.292042 0.059963 0.080990
0 0.045343 0.171970 0.050491 0.078036
0 0.793830 0.107150 0.059097 0.079162
0 0.192071 0.310373 0.049815 0.078201
0 0.092757 0.301213 0.054825 0.084579
0 0.137034 0.372460 0.052149 0.079169
0 0.115378 0.216093 0.050453 0.093433
0 0.631193 0.205045 0.057255 0.083563
1 0.080423 0.092968 0.055372 0.059595
2 0.654417 0.983909 0.025736 0.032181
2 0.712908 0.935638 0.027296 0.040524