0 0.581207 0.994061 0.044584 0.010010
0 0.115061 0.937525 0.047790 0.078912
0 0.790214 0.988778 0.039490 0.019989
0 0.004941 0.973472 0.009882 0.050480
0 0.880921 0.990868 0.042401 0.015790
0 0.009677 0.900674 0.019354 0.070589
0 0.993541 0.549029 0.011891 0.079220
0 0.472845 0.393347 0.043785 0.060543
0 0.509598 0.382005 0.046486 0.074798
0 0.731681 0.986452 0.047645 0.024236
0 0.524173 0.011508 0.051140 0.023015
0 0.640504 0.013610 0.055083 0.027218
0 0.020370 0.212641 0.040739 0.088924
0 0.043970 0.969644 0.045247 0.057709
0 0.977536 0.419762 0.043346 0.086684
0 0.251271 0.389755 0.048235 0.078671
0 0.455166 0.974296 0.054553 0.048167
0 0.934335 0.018206 0.063322 0.036412
0 0.790016 0.959536 0.057923 0.076279
0 0.231556 0.430330 0.046900 0.088411
0 0.511611 0.823795 0.059667 0.080996
0 0.381522 0.370657 0.049169 0.083698
0 0.399926 0.973380 0.051055 0.050003
0 0.564014 0.788786 0.048671 0.075845
0 0.231322 0.959238 0.055397 0.078048
0 0.219897 0.021653 0.057594 0.043292
0 0.556441 0.904146 0.046423 0.080991
0 0.285284 0.646333 0.051607 0.075836
0 0.395062 0.595045 0.047552 0.065998
0 0.203019 0.495152 0.044339 0.069703
0 0.368660 0.660661 0.052201 0.082655
0 0.516755 0.744346 0.055612 0.084980
0 0.169048 0.931877 0.054173 0.082032
0 0.950399 0.389804 0.047455 0.077048
0 0.979670 0.783544 0.039015 0.086054
0 0.062275 0.878553 0.049436 0.083413
0 0.028704 0.624273 0.054263 0.084091
0 0.735372 0.190511 0.056311 0.075991
0 0.855244 0.951508 0.054582 0.072189
0 0.394694 0.316761 0.060066 0.085343
0 0.287703 0.944965 0.052308 0.082721
0 0.037002 0.516984 0.047425 0.092202
0 0.672490 0.758813 0.052412 0.077462
0 0.074409 0.661701 0.049349 0.078559
0 0.704088 0.239491 0.058296 0.087119
0 0.433815 0.736215 0.058609 0.085294
0 0.066585 0.225828 0.064565 0.071691
0 0.965134 0.901209 0.052255 0.085741
0 0.600061 0.846854 0.056197 0.084789
0 0.331422 0.850311 0.049097 0.077263
0 0.975356 0.674104 0.047264 0.080741
0 0.123880 0.435301 0.048728 0.071132
0 0.152944 0.602189 0.049393 0.072351
0 0.147065 0.505933 0.047811 0.074519
0 0.205322 0.754615 0.052388 0.081446
0 0.272127 0.040393 0.054922 0.080785
0 0.292683 0.730458 0.054190 0.080841
0 0.761483 0.033366 0.052160 0.066731
0 0.468076 0.317407 0.051374 0.076452
0 0.261154 0.566835 0.049732 0.077934
0 0.445634 0.639289 0.054781 0.086040
0 0.036418 0.082794 0.050261 0.084107
0 0.178802 0.431928 0.048627 0.086858
0 0.657748 0.877316 0.057400 0.090855
0 0.145069 0.359759 0.052272 0.078128
0 0.201754 0.575482 0.051001 0.080134
0 0.236063 0.684262 0.054550 0.085952
0 0.824275 0.807873 0.050533 0.075515
0 0.860313 0.870533 0.055455 0.078600
0 0.114272 0.284891 0.058188 0.084488
0 0.335752 0.324834 0.049354 0.073610
0 0.103331 0.559356 0.047815 0.086008
0 0.304241 0.477549 0.051787 0.086285
0 0.307203 0.388196 0.054941 0.079576
0 0.202340 0.331385 0.056844 0.088805
0 0.812308 0.718198 0.052273 0.075810
0 0.700247 0.072935 0.047030 0.075920
0 0.688561 0.397591 0.051726 0.071340
0 0.639112 0.423048 0.059005 0.079135
0 0.170804 0.257946 0.053157 0.085591
0 0.454638 0.049120 0.050603 0.080247
0 0.109368 0.116408 0.054373 0.083765
0 0.526129 0.650156 0.049155 0.081464
0 0.923265 0.101698 0.048773 0.074346
0 0.561556 0.508450 0.051427 0.071020
0 0.426167 0.526428 0.061147 0.083204
0 0.072046 0.467523 0.049957 0.075900
0 0.944810 0.482722 0.056206 0.072869
0 0.355715 0.450103 0.050889 0.086022
0 0.561810 0.069783 0.052245 0.078680
0 0.625008 0.688712 0.056488 0.081188
0 0.921532 0.176074 0.047606 0.064269
0 0.427016 0.436889 0.051964 0.080751
0 0.510911 0.271596 0.053455 0.085064
0 0.712029 0.699609 0.054685 0.084864
0 0.256449 0.280301 0.060580 0.072546
0 0.814933 0.631557 0.052477 0.079301
0 0.653544 0.554440 0.047662 0.082613
0 0.294346 0.138400 0.047161 0.075293
0 0.786139 0.220229 0.050971 0.080042
0 0.679821 0.318727 0.052484 0.080919
0 0.825842 0.149816 0.055590 0.080990
0 0.756323 0.422125 0.054349 0.089383
0 0.919536 0.591161 0.050489 0.080695
0 0.622058 0.336500 0.053571 0.081419
0 0.831306 0.308163 0.050306 0.081790
0 0.644596 0.133587 0.059073 0.089115
0 0.867743 0.080906 0.064053 0.101972
0 0.705975 0.515004 0.060276 0.087605
0 0.438384 0.215538 0.059678 0.087718
0 0.774764 0.322187 0.056074 0.088351
0 0.816970 0.532160 0.061324 0.077744
0 0.819928 0.443862 0.060909 0.085986
0 0.884482 0.233603 0.058254 0.084296
0 0.963520 0.295147 0.068345 0.107968
1 0.087052 0.341478 0.056152 0.058403
1 0.399005 0.699046 0.043673 0.070322
1 0.135405 0.815256 0.048353 0.083433
2 0.170110 0.803337 0.031975 0.052443
2 0.168940 0.849821 0.020277 0.033373
2 0.035580 0.924315 0.026516 0.039333
3 0.323357 0.576281 0.090466 0.122765
2 0.653247 0.814660 0.026516 0.044100
2 0.692241 0.818832 0.035875 0.045292
2 0.960130 0.835518 0.041334 0.052443
2 0.707839 0.144815 0.038994 0.046484