0 0.996299 0.407477 0.006768 0.056112
0 0.845679 0.232405 0.044474 0.073152
0 0.003538 0.452870 0.007076 0.052765
0 0.876854 0.214338 0.041937 0.078153
0 0.205903 0.613560 0.053341 0.082426
0 0.183164 0.650462 0.047887 0.076883
0 0.974175 0.990828 0.038373 0.015764
0 0.994405 0.948709 0.009632 0.058170
0 0.336529 0.992067 0.041381 0.013473
0 0.424966 0.008415 0.042674 0.016829
0 0.992723 0.499234 0.013192 0.067965
0 0.329715 0.385859 0.054846 0.091594
0 0.010634 0.686240 0.021251 0.081353
0 0.297286 0.361021 0.056814 0.090120
0 0.603465 0.985676 0.051108 0.025868
0 0.201606 0.010899 0.046795 0.021798
0 0.849722 0.306836 0.057781 0.072007
0 0.357373 0.012532 0.042884 0.025064
0 0.639767 0.016153 0.050904 0.032307
0 0.140910 0.720750 0.058416 0.081553
0 0.522346 0.015523 0.050977 0.031045
0 0.970511 0.019340 0.049146 0.038681
0 0.909816 0.974017 0.057577 0.048910
0 0.854984 0.370410 0.060451 0.087798
0 0.066809 0.883826 0.050592 0.077606
0 0.121887 0.654654 0.049718 0.084578
0 0.980750 0.581206 0.036568 0.085426
0 0.588093 0.024437 0.044525 0.048874
0 0.092511 0.956374 0.056418 0.084305
0 0.350409 0.786010 0.043774 0.063509
0 0.936618 0.313931 0.050677 0.081119
0 0.272027 0.018199 0.047669 0.036399
0 0.034960 0.765688 0.061420 0.095554
0 0.298997 0.726898 0.054770 0.093885
0 0.774413 0.873887 0.050670 0.082449
0 0.184093 0.778934 0.053589 0.085169
0 0.979580 0.147726 0.038826 0.075713
0 0.027310 0.084460 0.054487 0.084820
0 0.395642 0.300366 0.052984 0.085565
0 0.652173 0.650250 0.055942 0.077965
0 0.099615 0.808351 0.065497 0.098727
0 0.443877 0.316908 0.053931 0.088083
0 0.421331 0.938665 0.055740 0.075943
0 0.834924 0.881220 0.065022 0.104142
0 0.497926 0.518465 0.053068 0.084755
0 0.793234 0.256547 0.054174 0.090563
0 0.922074 0.393994 0.066225 0.076758
0 0.272870 0.640460 0.052326 0.083074
0 0.303605 0.821158 0.058863 0.082719
0 0.902307 0.041600 0.060219 0.083060
0 0.305478 0.956812 0.052514 0.072825
0 0.772559 0.679525 0.053782 0.083258
0 0.494069 0.628143 0.057876 0.094366
0 0.201674 0.073854 0.063041 0.072176
0 0.967407 0.707540 0.049040 0.082744
0 0.160181 0.159252 0.044121 0.069589
0 0.370109 0.853621 0.059567 0.084923
0 0.437181 0.480763 0.057074 0.087827
0 0.102829 0.478952 0.052046 0.079425
0 0.164295 0.480519 0.058605 0.088938
0 0.876213 0.812808 0.055057 0.089007
0 0.038495 0.362006 0.059753 0.093095
0 0.104807 0.257944 0.051536 0.084564
0 0.148216 0.391418 0.058186 0.092434
0 0.390197 0.395069 0.054099 0.094982
0 0.587607 0.861484 0.053780 0.080815
0 0.698270 0.458092 0.045668 0.078552
0 0.566975 0.693363 0.052001 0.096867
0 0.972666 0.256006 0.049401 0.088452
0 0.551303 0.565948 0.049363 0.081146
0 0.866586 0.128392 0.055644 0.085419
0 0.349719 0.692746 0.051261 0.076743
0 0.787332 0.163770 0.060162 0.090351
0 0.336008 0.216581 0.054120 0.085854
0 0.489002 0.424607 0.059177 0.092305
0 0.431857 0.571882 0.052631 0.084274
0 0.637292 0.367337 0.057878 0.089279
0 0.709676 0.169216 0.057375 0.093161
0 0.236687 0.284778 0.052404 0.076501
0 0.928222 0.153137 0.050777 0.082190
0 0.339264 0.601186 0.051585 0.088931
0 0.758072 0.770007 0.060225 0.103025
0 0.691011 0.317096 0.055943 0.096003
0 0.851766 0.461641 0.058282 0.091447
0 0.452111 0.855605 0.048258 0.089261
0 0.604468 0.253503 0.050182 0.074395
0 0.526118 0.228729 0.049759 0.084996
0 0.589726 0.175030 0.052775 0.085881
0 0.392222 0.089591 0.055325 0.080879
0 0.680503 0.568415 0.055622 0.092669
0 0.037907 0.227253 0.067396 0.107587
0 0.515807 0.333185 0.057737 0.088869
0 0.906872 0.710920 0.052100 0.098444
0 0.310554 0.133246 0.055798 0.086755
0 0.237605 0.145188 0.058047 0.086350
0 0.455196 0.210669 0.058551 0.088530
0 0.779277 0.467212 0.056773 0.090623
0 0.761363 0.585162 0.057046 0.085058
1 0.164261 0.280691 0.032755 0.067938
1 0.118248 0.336114 0.060831 0.066746
1 0.051178 0.485697 0.046793 0.063170
1 0.648178 0.067938 0.030415 0.061979
2 0.678203 0.048272 0.024956 0.036949
2 0.628681 0.557211 0.039774 0.067938
2 0.918017 0.904648 0.044453 0.059595
2 0.050788 0.428486 0.033535 0.048868
1 0.222227 0.479566 0.045295 0.060050
1 0.231232 0.521685 0.048024 0.062552