0 0.003010 0.082951 0.006019 0.062831
0 0.856486 0.002166 0.038451 0.004310
0 0.724822 0.002722 0.055891 0.005443
0 0.093788 0.003949 0.038219 0.007897
0 0.211711 0.994160 0.038855 0.009859
0 0.996510 0.810681 0.006354 0.063094
0 0.047770 0.989989 0.041101 0.017119
0 0.992886 0.387675 0.012845 0.064816
0 0.011732 0.790883 0.023426 0.075762
0 0.896030 0.987498 0.050876 0.022261
0 0.991493 0.087977 0.015689 0.081094
0 0.008921 0.636093 0.017813 0.071587
0 0.900289 0.931017 0.053435 0.081404
0 0.986513 0.266149 0.025107 0.078695
0 0.326988 0.980539 0.055257 0.035699
0 0.960806 0.940683 0.054538 0.081562
0 0.802347 0.018184 0.050696 0.036368
0 0.753315 0.961123 0.054082 0.074650
0 0.575223 0.970993 0.049062 0.054793
0 0.067719 0.033515 0.046369 0.066343
0 0.537989 0.020297 0.049673 0.040594
0 0.770832 0.882877 0.051892 0.075096
0 0.031643 0.865216 0.047622 0.089983
0 0.264822 0.026003 0.054898 0.052006
0 0.072600 0.609122 0.049049 0.073822
0 0.301934 0.076247 0.054955 0.078930
0 0.023275 0.262061 0.046510 0.076179
0 0.071212 0.937009 0.047366 0.085999
0 0.795700 0.574146 0.049735 0.074325
0 0.697584 0.356977 0.061826 0.093767
0 0.742868 0.805128 0.057200 0.074596
0 0.164218 0.881175 0.054903 0.082821
0 0.697420 0.748147 0.048472 0.075172
0 0.499589 0.929792 0.052105 0.077925
0 0.256736 0.935721 0.067142 0.102187
0 0.354214 0.026350 0.053809 0.052699
0 0.639101 0.801215 0.054987 0.076571
0 0.642630 0.886825 0.062145 0.084798
0 0.619069 0.724723 0.045527 0.074745
0 0.973480 0.577314 0.051669 0.084248
0 0.640857 0.610974 0.053223 0.071395
0 0.939618 0.045583 0.049402 0.070772
0 0.967924 0.463390 0.057154 0.087510
0 0.963896 0.688694 0.055541 0.084237
0 0.214183 0.402049 0.052502 0.080983
0 0.075945 0.693901 0.056633 0.080713
0 0.290862 0.825431 0.050650 0.078235
0 0.631973 0.539086 0.059721 0.070545
0 0.190191 0.751746 0.053440 0.077560
0 0.347698 0.907465 0.064571 0.083724
0 0.663872 0.684854 0.055816 0.076481
0 0.837952 0.529827 0.054961 0.079735
0 0.033028 0.537235 0.054965 0.082120
0 0.118550 0.076890 0.052701 0.090153
0 0.560557 0.827766 0.053283 0.083966
0 0.649253 0.306226 0.048728 0.072746
0 0.158111 0.686869 0.052717 0.075246
0 0.265345 0.752483 0.061811 0.081016
0 0.705003 0.525695 0.060656 0.069061
0 0.403632 0.533932 0.052734 0.073238
0 0.041653 0.340856 0.049836 0.083098
0 0.428650 0.839433 0.058074 0.076246
0 0.128980 0.800557 0.051606 0.082049
0 0.346314 0.507313 0.059045 0.091296
0 0.730127 0.597872 0.053845 0.078297
0 0.841361 0.656907 0.056899 0.077574
0 0.559030 0.422978 0.047209 0.070777
0 0.539688 0.746798 0.053273 0.077609
0 0.118831 0.541950 0.050043 0.079133
0 0.909491 0.751707 0.059427 0.091410
0 0.178059 0.354353 0.048636 0.073562
0 0.590932 0.136168 0.050105 0.074467
0 0.537211 0.352184 0.047447 0.069686
0 0.494044 0.840894 0.055422 0.072564
0 0.391953 0.684776 0.048595 0.070426
0 0.462660 0.766313 0.054644 0.083252
0 0.753947 0.387665 0.052300 0.083096
0 0.861743 0.351877 0.046356 0.092860
0 0.937653 0.388607 0.052141 0.083663
0 0.809863 0.081013 0.055200 0.081074
0 0.320809 0.708797 0.051480 0.082153
0 0.173250 0.087057 0.051009 0.081645
0 0.930060 0.287413 0.053029 0.072141
0 0.575275 0.213654 0.055323 0.074313
0 0.558388 0.085037 0.052886 0.073678
0 0.640444 0.455932 0.053879 0.081014
0 0.164125 0.591311 0.052139 0.078793
0 0.478180 0.676606 0.052752 0.074994
0 0.360844 0.623654 0.054954 0.078040
0 0.857968 0.440074 0.054303 0.077921
0 0.261248 0.181011 0.050533 0.084661
0 0.355804 0.820593 0.055785 0.082315
0 0.451226 0.591651 0.052673 0.075131
0 0.414730 0.060054 0.048279 0.071945
0 0.081509 0.178558 0.059134 0.088431
0 0.569310 0.672441 0.056455 0.082724
0 0.251629 0.562150 0.055043 0.089556
0 0.351084 0.147392 0.046453 0.075379
0 0.362665 0.406126 0.057103 0.082344
0 0.502384 0.478208 0.052842 0.075909
0 0.688062 0.191445 0.054060 0.082409
0 0.142206 0.456937 0.051949 0.081158
0 0.453718 0.383882 0.053209 0.080576
0 0.447782 0.299667 0.055000 0.078145
0 0.346416 0.251706 0.054175 0.075054
0 0.392597 0.320316 0.056751 0.091690
0 0.507163 0.281538 0.049875 0.082412
0 0.792197 0.275201 0.057260 0.080419
0 0.807971 0.359261 0.056268 0.082865
1 0.209104 0.248510 0.036654 0.077473
1 0.599045 0.312872 0.050692 0.077473
1 0.918407 0.115018 0.049912 0.094160
1 0.850167 0.762217 0.056931 0.063170
3 0.852507 0.853397 0.086567 0.131108
2 0.296841 0.137068 0.028076 0.045292
2 0.531975 0.531585 0.022617 0.030989
2 0.775688 0.164482 0.031195 0.042908