0 0.800939 0.030332 0.047015 0.060600
0 0.836502 0.029395 0.048428 0.058760
0 0.740364 0.010431 0.045776 0.020861
0 0.993979 0.498648 0.010393 0.064944
0 0.329073 0.334595 0.082989 0.116676
0 0.904453 0.217373 0.054696 0.083873
0 0.922674 0.169849 0.048113 0.079493
0 0.607346 0.986862 0.046091 0.023302
0 0.011539 0.937745 0.023079 0.077199
0 0.977512 0.020742 0.043361 0.041484
0 0.979410 0.756715 0.039357 0.082061
0 0.983428 0.082904 0.031540 0.073832
0 0.104653 0.014285 0.052806 0.028570
0 0.392376 0.968868 0.062234 0.058792
0 0.229014 0.905952 0.054931 0.069352
0 0.139270 0.976453 0.049481 0.043840
0 0.519937 0.018151 0.049102 0.036303
0 0.702493 0.735471 0.045938 0.069113
0 0.513289 0.353307 0.048550 0.073965
0 0.020986 0.287467 0.041972 0.082363
0 0.941249 0.093659 0.058127 0.091090
0 0.253780 0.968291 0.052185 0.060129
0 0.468991 0.964244 0.051669 0.068058
0 0.652951 0.915368 0.050854 0.082559
0 0.977623 0.667167 0.042817 0.084174
0 0.496775 0.429300 0.058892 0.068689
0 0.883759 0.589348 0.041857 0.098195
0 0.718750 0.864593 0.053754 0.080513
0 0.563925 0.428199 0.051450 0.079089
0 0.824227 0.956544 0.047110 0.075083
0 0.024169 0.745276 0.047837 0.077079
0 0.590496 0.073063 0.045670 0.078557
0 0.358714 0.429715 0.049209 0.082861
0 0.522982 0.880932 0.054028 0.080823
0 0.903538 0.298910 0.053298 0.073682
0 0.324029 0.490966 0.046193 0.082859
0 0.840239 0.558084 0.048789 0.072717
0 0.111630 0.664421 0.059646 0.082994
0 0.487324 0.644661 0.048271 0.082147
0 0.299654 0.807597 0.049358 0.076134
0 0.605656 0.875597 0.052951 0.078694
0 0.943837 0.950886 0.050377 0.081575
0 0.028488 0.046687 0.054281 0.080426
0 0.652604 0.625846 0.053871 0.083708
0 0.826706 0.330195 0.054254 0.079170
0 0.771866 0.887834 0.050735 0.076852
0 0.421943 0.907755 0.065297 0.084021
0 0.668407 0.814376 0.069591 0.108705
0 0.183969 0.422747 0.053428 0.073795
0 0.839067 0.477937 0.054826 0.080552
0 0.874958 0.945452 0.048481 0.081608
0 0.911009 0.669062 0.046655 0.070671
0 0.088370 0.583181 0.057527 0.078922
0 0.540073 0.077406 0.049763 0.081171
0 0.091066 0.874594 0.060317 0.067104
0 0.287409 0.643371 0.052607 0.067735
0 0.084153 0.954010 0.054060 0.078474
0 0.044544 0.508192 0.047876 0.075363
0 0.791064 0.386574 0.048201 0.079630
0 0.746667 0.779249 0.050885 0.075940
0 0.255631 0.389279 0.050699 0.074646
0 0.539594 0.796233 0.057337 0.082935
0 0.702435 0.663642 0.056931 0.073010
0 0.528194 0.705868 0.059485 0.083518
0 0.247212 0.512231 0.051509 0.085769
0 0.109392 0.267304 0.049099 0.096873
0 0.347576 0.884722 0.052679 0.075999
0 0.130228 0.069459 0.057942 0.087409
0 0.637715 0.064810 0.053166 0.078663
0 0.388699 0.023642 0.058979 0.047285
0 0.291708 0.561597 0.059041 0.078485
0 0.152245 0.346127 0.050460 0.078787
0 0.286130 0.889930 0.055129 0.081655
0 0.572063 0.267174 0.049724 0.071947
0 0.270876 0.030250 0.054870 0.060482
0 0.457875 0.505212 0.055937 0.074486
0 0.922864 0.842918 0.054507 0.082613
0 0.194031 0.212812 0.045713 0.068416
0 0.102734 0.790666 0.055197 0.085406
0 0.137610 0.191905 0.054660 0.083824
0 0.657855 0.199736 0.052406 0.096726
0 0.361450 0.745656 0.053014 0.079697
0 0.287886 0.726183 0.055898 0.080997
0 0.548462 0.514573 0.051100 0.080599
0 0.165882 0.821094 0.057860 0.083622
0 0.151494 0.729001 0.058200 0.098675
0 0.154984 0.606534 0.053599 0.081455
0 0.648444 0.360076 0.052873 0.078102
0 0.592700 0.349701 0.053024 0.091828
0 0.198393 0.295315 0.051984 0.073557
0 0.227309 0.823058 0.055874 0.083990
0 0.778264 0.102509 0.049104 0.083754
0 0.370147 0.649127 0.057063 0.090286
0 0.746537 0.427555 0.052222 0.085618
0 0.433813 0.645816 0.052667 0.089629
0 0.665380 0.487886 0.055251 0.085976
0 0.955369 0.285606 0.045922 0.074543
0 0.552659 0.193382 0.049566 0.075971
0 0.412268 0.419115 0.052410 0.080907
0 0.726624 0.097206 0.049820 0.080129
0 0.690408 0.274019 0.054215 0.082179
0 0.700116 0.380619 0.047299 0.091814
0 0.469103 0.303866 0.052644 0.083456
0 0.104765 0.505477 0.057827 0.084015
0 0.175762 0.119616 0.055229 0.092373
0 0.268621 0.267914 0.056605 0.081508
0 0.195108 0.547660 0.056253 0.087147
0 0.480693 0.197984 0.058541 0.089856
0 0.440649 0.114770 0.054411 0.086236
0 0.387215 0.170010 0.056843 0.078312
0 0.294799 0.190110 0.050675 0.090502
0 0.390987 0.260120 0.062740 0.090580
1 0.399005 0.509535 0.049912 0.065554
1 0.031291 0.661502 0.058491 0.061979
1 0.425131 0.822408 0.047573 0.076281
1 0.873563 0.716925 0.050692 0.060787
2 0.221192 0.150775 0.037434 0.058403
2 0.050008 0.439213 0.036654 0.046484
2 0.031681 0.863528 0.038994 0.048868
2 0.343244 0.825387 0.028856 0.044100
2 0.327646 0.646007 0.021057 0.035757
2 0.708618 0.938021 0.032755 0.050060
2 0.728115 0.983313 0.028076 0.033373
2 0.559271 0.129917 0.017937 0.028605
3 0.871224 0.392729 0.083447 0.139452