0 0.248345 0.413905 0.041672 0.066510
0 0.211985 0.420002 0.048147 0.070122
0 0.003997 0.407963 0.007991 0.062898
0 0.104326 0.024012 0.044512 0.048023
0 0.007925 0.561895 0.015829 0.076590
0 0.009860 0.754938 0.019671 0.081894
0 0.982571 0.007379 0.033210 0.014757
0 0.993216 0.060462 0.011917 0.062385
0 0.063735 0.020843 0.052250 0.041655
0 0.567038 0.007248 0.044204 0.014495
0 0.321288 0.990352 0.045437 0.016624
0 0.629119 0.009414 0.054183 0.018828
0 0.229968 0.988857 0.045762 0.019465
0 0.753491 0.988737 0.047121 0.019572
0 0.577010 0.988113 0.045953 0.020834
0 0.010830 0.864299 0.021660 0.071109
0 0.015072 0.698225 0.030123 0.062612
0 0.177261 0.015421 0.049202 0.030814
0 0.056735 0.984455 0.043013 0.028184
0 0.807110 0.013728 0.047084 0.027456
0 0.697895 0.981389 0.047422 0.034091
0 0.334918 0.023529 0.059768 0.047058
0 0.019186 0.297475 0.038372 0.083679
0 0.721149 0.017400 0.053740 0.034800
0 0.984458 0.755113 0.029147 0.080196
0 0.822748 0.972160 0.056248 0.052490
0 0.632208 0.060538 0.050699 0.076545
0 0.123440 0.082572 0.074280 0.089918
0 0.392097 0.977498 0.057072 0.041518
0 0.040301 0.079992 0.058245 0.075047
0 0.882674 0.208535 0.049952 0.074102
0 0.452864 0.930678 0.049925 0.078620
0 0.290543 0.457779 0.041063 0.077448
0 0.137650 0.158690 0.063672 0.073708
0 0.221982 0.892581 0.054271 0.073577
0 0.147464 0.398109 0.049006 0.075879
0 0.191362 0.345274 0.058395 0.076638
0 0.931560 0.372963 0.056791 0.073262
0 0.924837 0.025975 0.045881 0.051948
0 0.040106 0.787642 0.042395 0.064129
0 0.366282 0.072392 0.055367 0.085416
0 0.663829 0.129817 0.052800 0.076041
0 0.375661 0.885916 0.058074 0.066745
0 0.215687 0.539249 0.056605 0.085299
0 0.689888 0.061695 0.052104 0.075988
0 0.095449 0.415277 0.045323 0.077837
0 0.590207 0.928540 0.056224 0.075254
0 0.851901 0.725342 0.052239 0.079010
0 0.218160 0.817149 0.050806 0.076568
0 0.648687 0.957107 0.053349 0.077718
0 0.782938 0.920354 0.052240 0.083089
0 0.974419 0.295892 0.047894 0.074450
0 0.100856 0.955197 0.051716 0.077555
0 0.797332 0.699745 0.047609 0.077568
0 0.263671 0.954177 0.050237 0.079236
0 0.940648 0.836152 0.051216 0.080802
0 0.848939 0.849451 0.048475 0.076671
0 0.281015 0.041389 0.049893 0.082684
0 0.269979 0.806930 0.056095 0.080451
0 0.952436 0.959342 0.051854 0.075483
0 0.810686 0.219709 0.053531 0.085643
0 0.576795 0.841015 0.051657 0.072348
0 0.869452 0.285356 0.055137 0.079157
0 0.185421 0.612411 0.056677 0.082717
0 0.066655 0.876515 0.057051 0.086152
0 0.770269 0.409735 0.048112 0.069813
0 0.886306 0.962862 0.058588 0.070918
0 0.482064 0.534019 0.060155 0.085912
0 0.326745 0.562112 0.050375 0.076331
0 0.825681 0.336138 0.056479 0.078625
0 0.440657 0.583926 0.058643 0.078042
0 0.776926 0.556760 0.054293 0.073716
0 0.219662 0.040556 0.048797 0.080109
0 0.517509 0.458573 0.053960 0.082962
0 0.053715 0.630854 0.060408 0.090685
0 0.046079 0.552565 0.050788 0.072352
0 0.813925 0.102890 0.050081 0.080474
0 0.572238 0.753801 0.057006 0.078282
0 0.757287 0.631728 0.053415 0.077437
0 0.928458 0.570385 0.046655 0.069673
0 0.519340 0.955058 0.055383 0.082199
0 0.340198 0.459469 0.049647 0.075898
0 0.867113 0.079927 0.048152 0.085148
0 0.928066 0.496673 0.052262 0.071229
0 0.949729 0.139185 0.053208 0.070312
0 0.352538 0.756983 0.055622 0.081726
0 0.700012 0.410013 0.051703 0.072079
0 0.804366 0.486474 0.054933 0.082023
0 0.061239 0.472184 0.053400 0.081355
0 0.446342 0.665051 0.055775 0.080750
0 0.840528 0.631746 0.051005 0.079710
0 0.541020 0.560633 0.053455 0.082238
0 0.639479 0.467816 0.061522 0.090281
0 0.387888 0.482695 0.048315 0.078162
0 0.701937 0.916868 0.050628 0.077980
0 0.648638 0.798930 0.056469 0.086661
0 0.746425 0.769149 0.052365 0.086843
0 0.875504 0.408510 0.055976 0.090082
0 0.123901 0.861864 0.055645 0.089985
0 0.469613 0.839632 0.052930 0.089633
0 0.034884 0.392510 0.044749 0.067830
0 0.889357 0.795076 0.057374 0.079823
0 0.905418 0.647122 0.050231 0.078323
0 0.593830 0.221265 0.052589 0.085363
0 0.281249 0.667763 0.059025 0.087545
0 0.112132 0.775300 0.053166 0.078560
0 0.125221 0.234307 0.054431 0.063390
0 0.276496 0.271897 0.054076 0.078557
0 0.418766 0.331261 0.053612 0.069735
0 0.472464 0.264497 0.054685 0.084242
0 0.657771 0.303034 0.055879 0.096857
0 0.298609 0.149361 0.048601 0.072377
0 0.381497 0.665695 0.057413 0.084824
0 0.579296 0.128466 0.055244 0.077080
0 0.581820 0.350625 0.054812 0.086191
0 0.629364 0.704313 0.053293 0.081197
0 0.468007 0.078828 0.053033 0.078733
0 0.409880 0.167470 0.063126 0.080469
0 0.482851 0.366942 0.074164 0.104392
0 0.737660 0.270110 0.061948 0.088466
1 0.235620 0.205006 0.031975 0.071514
1 0.952332 0.227056 0.038214 0.087008
2 0.368200 0.141240 0.031975 0.046484
2 0.794405 0.164482 0.031195 0.035757
3 0.028708 0.187128 0.057417 0.145411