0 0.101080 0.625000 0.044753 0.080189
0 0.997685 0.471698 0.004630 0.066038
0 0.104938 0.679245 0.040123 0.070755
0 0.798611 0.004717 0.032407 0.004717
0 0.128858 0.994104 0.041667 0.011792
0 0.331790 0.005896 0.033951 0.007075
0 0.006944 0.228774 0.010802 0.061321
0 0.549383 0.990566 0.043210 0.014151
0 0.007716 0.461085 0.012346 0.073113
0 0.934414 0.554245 0.050926 0.075472
0 0.412037 0.050708 0.049383 0.082547
0 0.372685 0.057783 0.050926 0.073113
0 0.974537 0.557783 0.047840 0.082547
0 0.143519 0.870283 0.058642 0.080189
0 0.992284 0.292453 0.015432 0.080189
0 0.981481 0.976415 0.033951 0.042453
0 0.033179 0.628538 0.063272 0.096698
0 0.175154 0.912736 0.050926 0.080189
0 0.165123 0.307783 0.046296 0.073113
0 0.065586 0.422170 0.047840 0.075472
0 0.012346 0.543632 0.021605 0.077830
0 0.013117 0.732311 0.023148 0.068396
0 0.383488 0.984670 0.050926 0.025943
0 0.985340 0.915094 0.026235 0.080189
0 0.055556 0.080189 0.052469 0.066038
0 0.053241 0.139151 0.072531 0.075472
0 0.139660 0.347877 0.057099 0.082547
0 0.066358 0.978774 0.052469 0.037736
0 0.986111 0.825472 0.024691 0.084906
0 0.832562 0.405660 0.050926 0.084906
0 0.449074 0.017689 0.046296 0.030660
0 0.016204 0.304245 0.029321 0.084906
0 0.085648 0.371462 0.057099 0.101415
0 0.703704 0.025943 0.052469 0.047170
0 0.022377 0.386792 0.041667 0.075472
0 0.408951 0.724057 0.043210 0.089623
0 0.197531 0.971698 0.052469 0.051887
0 0.916667 0.016509 0.049383 0.028302
0 0.170525 0.806604 0.050926 0.089623
0 0.277778 0.885613 0.052469 0.077830
0 0.793210 0.445755 0.058642 0.080189
0 0.777006 0.972877 0.057099 0.049528
0 0.209877 0.771226 0.046296 0.084906
0 0.589506 0.548349 0.052469 0.073113
0 0.538580 0.103774 0.052469 0.103774
0 0.150463 0.636792 0.047840 0.070755
0 0.768519 0.603774 0.049383 0.080189
0 0.064043 0.744104 0.069444 0.101415
0 0.036265 0.205189 0.054012 0.084906
0 0.758488 0.735849 0.057099 0.070755
0 0.645062 0.018868 0.046296 0.033019
0 0.668981 0.952830 0.044753 0.084906
0 0.883488 0.817217 0.044753 0.073113
0 0.506173 0.543632 0.043210 0.073113
0 0.727623 0.584906 0.050926 0.084906
0 0.885031 0.615566 0.047840 0.084906
0 0.760802 0.860849 0.052469 0.075472
0 0.218364 0.688679 0.047840 0.075472
0 0.832562 0.857311 0.050926 0.087264
0 0.721451 0.803066 0.054012 0.087264
0 0.719136 0.962264 0.046296 0.070755
0 0.027006 0.830189 0.050926 0.084906
0 0.267747 0.963443 0.050926 0.068396
0 0.670525 0.788915 0.057099 0.087264
0 0.621914 0.918632 0.052469 0.087264
0 0.560185 0.024764 0.055556 0.044811
0 0.824074 0.774764 0.052469 0.077830
0 0.240741 0.833726 0.055556 0.091981
0 0.862654 0.946934 0.049383 0.087264
0 0.218364 0.326651 0.050926 0.125000
0 0.499228 0.935142 0.054012 0.073113
0 0.690586 0.073113 0.050926 0.080189
0 0.557870 0.595519 0.063272 0.091981
0 0.043210 0.498821 0.052469 0.077830
0 0.475309 0.495283 0.043210 0.070755
0 0.905093 0.891509 0.057099 0.084906
0 0.121914 0.464623 0.055556 0.075472
0 0.090278 0.208726 0.044753 0.087264
0 0.064815 0.022406 0.049383 0.040094
0 0.171296 0.430425 0.064815 0.087264
0 0.357253 0.845519 0.047840 0.087264
0 0.071759 0.911557 0.057099 0.087264
0 0.962963 0.675708 0.055556 0.091981
0 0.619599 0.705189 0.050926 0.075472
0 0.803241 0.680425 0.050926 0.087264
0 0.381944 0.311321 0.050926 0.089623
0 0.945216 0.805425 0.050926 0.077830
0 0.167438 0.713443 0.050926 0.091981
0 0.328704 0.919811 0.049383 0.084906
0 0.256173 0.636792 0.055556 0.089623
0 0.300154 0.700472 0.060185 0.089623
0 0.274691 0.413915 0.049383 0.077830
0 0.446759 0.741745 0.057099 0.091981
0 0.466049 0.872642 0.052469 0.080189
0 0.604167 0.797170 0.054012 0.089623
0 0.499228 0.716981 0.050926 0.075472
0 0.667438 0.478774 0.054012 0.075472
0 0.478395 0.168632 0.052469 0.077830
0 0.344136 0.755896 0.058642 0.087264
0 0.198302 0.225236 0.057099 0.082547
0 0.902778 0.724057 0.058642 0.084906
0 0.751543 0.507075 0.052469 0.089623
0 0.391975 0.636792 0.061728 0.080189
0 0.848765 0.516509 0.058642 0.089623
0 0.812500 0.075472 0.047840 0.075472
0 0.381944 0.139151 0.054012 0.080189
0 0.255401 0.089623 0.050926 0.080189
0 0.496142 0.240566 0.050926 0.080189
0 0.753086 0.379717 0.052469 0.089623
0 0.207562 0.047170 0.054012 0.080189
0 0.358025 0.385613 0.052469 0.077830
0 0.442130 0.250000 0.057099 0.075472
0 0.771605 0.040094 0.046296 0.075472
0 0.293981 0.579009 0.054012 0.087264
0 0.965278 0.040094 0.057099 0.075472
0 0.227623 0.154481 0.057099 0.082547
0 0.472994 0.081368 0.054012 0.082547
0 0.505401 0.630896 0.060185 0.087264
0 0.385031 0.224057 0.050926 0.080189
0 0.962963 0.120283 0.052469 0.075472
0 0.141204 0.215802 0.050926 0.082547
0 0.661265 0.257075 0.054012 0.080189
0 0.216821 0.574292 0.054012 0.077830
0 0.704475 0.191038 0.050926 0.089623
0 0.425926 0.567217 0.052469 0.082547
0 0.937500 0.410377 0.060185 0.089623
0 0.402006 0.490566 0.060185 0.080189
0 0.841049 0.257075 0.058642 0.080189
0 0.601080 0.252358 0.050926 0.089623
0 0.620370 0.069575 0.055556 0.087264
0 0.312500 0.242925 0.057099 0.089623
0 0.586420 0.156840 0.055556 0.091981
0 0.161265 0.543632 0.057099 0.087264
0 0.547840 0.265330 0.052469 0.082547
0 0.415895 0.834906 0.057099 0.089623
0 0.318673 0.149764 0.054012 0.087264
0 0.709877 0.329009 0.055556 0.091981
0 0.344136 0.549528 0.058642 0.084906
0 0.614198 0.435142 0.061728 0.087264
0 0.146605 0.123821 0.052469 0.091981
0 0.845679 0.132075 0.052469 0.080189
0 0.593364 0.340802 0.057099 0.082547
0 0.952160 0.325472 0.055556 0.080189
0 0.434414 0.366745 0.054012 0.091981
0 0.881944 0.329009 0.063272 0.091981
0 0.935185 0.187500 0.061728 0.077830
0 0.500000 0.341981 0.058642 0.094340
0 0.776235 0.224057 0.055556 0.084906
1 0.340278 0.307783 0.047840 0.049528
2 0.487654 0.793632 0.021605 0.035377
1 0.671964 0.550656 0.059271 0.081049
1 0.721486 0.678188 0.050692 0.088200
2 0.522227 0.068534 0.018717 0.022646
1 0.788960 0.314846 0.045841 0.079233