0 0.912222 0.995850 0.040866 0.007508
0 0.169149 0.001916 0.057233 0.003783
0 0.714750 0.003545 0.049382 0.007090
0 0.991386 0.986508 0.015443 0.024485
0 0.016397 0.991672 0.032489 0.014321
0 0.008054 0.940998 0.016107 0.057642
0 0.938507 0.008451 0.044432 0.016901
0 0.893326 0.008596 0.040091 0.017192
0 0.525912 0.988904 0.043646 0.019711
0 0.991640 0.261022 0.015052 0.073291
0 0.010019 0.799061 0.020038 0.075196
0 0.988569 0.930395 0.021157 0.071445
0 0.213293 0.977266 0.060040 0.044194
0 0.184550 0.928554 0.053796 0.066473
0 0.102993 0.861240 0.041324 0.061895
0 0.298063 0.013738 0.051987 0.027476
0 0.012553 0.381507 0.025069 0.086278
0 0.015323 0.116983 0.030572 0.082855
0 0.811722 0.017678 0.050940 0.035356
0 0.571857 0.017357 0.057655 0.034715
0 0.353827 0.978434 0.053116 0.040462
0 0.266833 0.871739 0.047007 0.070765
0 0.282700 0.746766 0.054737 0.082412
0 0.898605 0.793213 0.050839 0.078448
0 0.633483 0.441534 0.054711 0.072688
0 0.219369 0.034568 0.048037 0.069135
0 0.055892 0.940629 0.048181 0.085133
0 0.642655 0.969155 0.053863 0.058616
0 0.108365 0.950309 0.051017 0.085464
0 0.315390 0.683070 0.050946 0.073212
0 0.158898 0.856494 0.056998 0.078286
0 0.221680 0.817047 0.066158 0.102075
0 0.280248 0.615126 0.055863 0.077914
0 0.333785 0.606908 0.047402 0.077302
0 0.456057 0.559955 0.044277 0.070943
0 0.454992 0.027009 0.056815 0.054004
0 0.704445 0.755780 0.054970 0.081076
0 0.846667 0.813675 0.057946 0.093962
0 0.501083 0.768097 0.051015 0.077777
0 0.482109 0.962051 0.054707 0.073489
0 0.836740 0.902577 0.054214 0.079685
0 0.522106 0.865536 0.052302 0.079819
0 0.573849 0.954882 0.061400 0.086756
0 0.728530 0.254943 0.053085 0.081726
0 0.503186 0.225352 0.049206 0.073348
0 0.431612 0.621203 0.051760 0.077196
0 0.063353 0.816131 0.047072 0.084805
0 0.692250 0.319977 0.053672 0.077063
0 0.255096 0.301260 0.051421 0.078360
0 0.064726 0.434552 0.066327 0.067292
0 0.394135 0.032037 0.056369 0.064074
0 0.399007 0.506052 0.052004 0.084664
0 0.976196 0.585930 0.044779 0.078657
0 0.395625 0.742772 0.051677 0.087248
0 0.035917 0.505367 0.054555 0.084220
0 0.560010 0.074742 0.048231 0.070169
0 0.764581 0.046696 0.050764 0.086837
0 0.935793 0.870290 0.053394 0.073942
0 0.678027 0.206644 0.055009 0.086258
0 0.450320 0.726228 0.055529 0.086166
0 0.910758 0.655223 0.053134 0.086854
0 0.770549 0.761066 0.053633 0.079829
0 0.270065 0.063963 0.057320 0.086149
0 0.525720 0.127880 0.050544 0.073651
0 0.850922 0.435102 0.048610 0.073247
0 0.508347 0.669456 0.052958 0.089234
0 0.613031 0.866934 0.058439 0.085475
0 0.356743 0.085793 0.057448 0.085065
0 0.386624 0.917033 0.056827 0.083375
0 0.976954 0.088587 0.044250 0.083625
0 0.612517 0.099345 0.052723 0.088596
0 0.928235 0.186368 0.048690 0.071143
0 0.588730 0.216435 0.052755 0.087619
0 0.925815 0.064350 0.058021 0.083733
0 0.659717 0.698427 0.056363 0.088557
0 0.679263 0.498119 0.060990 0.089535
0 0.754078 0.338347 0.057338 0.088679
0 0.201769 0.265032 0.060186 0.093864
0 0.571517 0.637527 0.051698 0.076110
0 0.707025 0.852504 0.054243 0.078505
0 0.168911 0.180360 0.057392 0.082459
0 0.851512 0.559426 0.048873 0.075539
0 0.923677 0.464885 0.058511 0.088971
0 0.188086 0.483387 0.054356 0.083585
0 0.793576 0.475218 0.056741 0.092654
0 0.630032 0.300612 0.066161 0.102648
0 0.717422 0.082740 0.051532 0.083047
0 0.146613 0.321123 0.066220 0.102796
0 0.471216 0.141319 0.056626 0.083045
0 0.435764 0.414999 0.068068 0.086814
0 0.370455 0.348743 0.052664 0.084321
0 0.522049 0.408841 0.052338 0.084902
0 0.307835 0.339400 0.056068 0.086611
0 0.839837 0.092237 0.056086 0.086098
0 0.786009 0.206041 0.074639 0.110857
0 0.292411 0.170046 0.057908 0.085423
0 0.918035 0.275890 0.054976 0.079411
0 0.224559 0.389560 0.056974 0.082210
0 0.958037 0.389935 0.063365 0.089647
0 0.088158 0.568723 0.055735 0.087333
0 0.511918 0.309938 0.052318 0.079388
0 0.568592 0.509159 0.059846 0.085358
1 0.370930 0.562574 0.059271 0.054827
1 0.864595 0.650775 0.045233 0.092968
1 0.730065 0.641240 0.050692 0.081049
1 0.734744 0.422527 0.046013 0.067938
1 0.887211 0.148391 0.038994 0.089392
2 0.297621 0.809893 0.026516 0.039333