0 0.974910 0.993491 0.044387 0.011197
0 0.513028 0.992828 0.046994 0.012053
0 0.996497 0.260311 0.006234 0.064609
0 0.996521 0.387368 0.006130 0.061536
0 0.423289 0.991830 0.037702 0.013654
0 0.994872 0.561054 0.009202 0.071897
0 0.007592 0.317748 0.015184 0.078167
0 0.009710 0.494754 0.019413 0.067331
0 0.014867 0.804893 0.029727 0.098798
0 0.151482 0.984531 0.054312 0.027917
0 0.023121 0.722426 0.046181 0.076103
0 0.285389 0.013926 0.041669 0.027747
0 0.029107 0.441138 0.051881 0.060886
0 0.282229 0.974965 0.053476 0.046852
0 0.977262 0.668376 0.043781 0.086497
0 0.501669 0.015155 0.044726 0.030157
0 0.040909 0.973157 0.050705 0.050554
0 0.782626 0.652074 0.044515 0.067495
0 0.217638 0.960090 0.052483 0.075283
0 0.191037 0.845577 0.053672 0.071286
0 0.063610 0.662874 0.062066 0.077936
0 0.040061 0.877962 0.056398 0.092505
0 0.601222 0.921648 0.055012 0.084677
0 0.242389 0.887145 0.052930 0.083415
0 0.073400 0.749865 0.055762 0.084472
0 0.425315 0.531429 0.052781 0.066099
0 0.562447 0.609392 0.051811 0.080710
0 0.157437 0.413833 0.051385 0.073917
0 0.762038 0.570459 0.050928 0.088718
0 0.729715 0.699105 0.054745 0.076173
0 0.830151 0.822248 0.053862 0.082114
0 0.759050 0.772781 0.060767 0.080595
0 0.667834 0.476248 0.050145 0.080460
0 0.478288 0.927324 0.055047 0.083331
0 0.971895 0.034836 0.052921 0.069619
0 0.588104 0.544646 0.060189 0.081574
0 0.064655 0.496008 0.055845 0.083316
0 0.931936 0.639182 0.053890 0.090359
0 0.796025 0.512591 0.052124 0.078881
0 0.165490 0.777610 0.056914 0.080367
0 0.653007 0.890077 0.054434 0.080178
0 0.687427 0.554843 0.051593 0.076559
0 0.566743 0.391893 0.055215 0.075344
0 0.417383 0.846420 0.048848 0.078270
0 0.887348 0.856322 0.053404 0.083655
0 0.661493 0.665063 0.052119 0.074483
0 0.112841 0.938876 0.064201 0.086864
0 0.571977 0.831627 0.066964 0.091947
0 0.473559 0.486107 0.054670 0.077968
0 0.729168 0.843269 0.061334 0.092603
0 0.362945 0.875203 0.061514 0.075181
0 0.889507 0.547628 0.051493 0.085134
0 0.243700 0.538214 0.047412 0.073647
0 0.546614 0.472337 0.058429 0.085288
0 0.588561 0.732937 0.058729 0.085454
0 0.598430 0.321988 0.053187 0.071792
0 0.693793 0.026705 0.054323 0.053304
0 0.022671 0.194527 0.045342 0.081344
0 0.465273 0.599930 0.049983 0.077384
0 0.387342 0.046295 0.049538 0.069013
0 0.037122 0.274289 0.052912 0.075616
0 0.813269 0.427145 0.062198 0.078456
0 0.317523 0.618253 0.057937 0.082566
0 0.297867 0.864557 0.055769 0.083373
0 0.316947 0.704867 0.057269 0.084140
0 0.459665 0.788825 0.052213 0.079849
0 0.839215 0.648774 0.053735 0.084855
0 0.852673 0.492879 0.049871 0.083221
0 0.425401 0.349246 0.054592 0.084013
0 0.512296 0.750327 0.054669 0.085458
0 0.176136 0.348665 0.055155 0.082946
0 0.971567 0.447144 0.049386 0.081554
0 0.906779 0.182291 0.043155 0.068114
0 0.239491 0.786854 0.054497 0.085292
0 0.041528 0.359524 0.055462 0.080856
0 0.961998 0.540603 0.052051 0.085999
0 0.753551 0.036717 0.057603 0.073434
0 0.307802 0.430100 0.054219 0.085524
0 0.722070 0.438458 0.053802 0.090787
0 0.498210 0.316680 0.049551 0.081561
0 0.433940 0.264793 0.049017 0.077867
0 0.924501 0.121128 0.053401 0.069339
0 0.369854 0.513126 0.045777 0.075405
0 0.563551 0.263954 0.055064 0.087162
0 0.176825 0.502070 0.055109 0.080878
0 0.178965 0.630489 0.051788 0.090406
0 0.504413 0.189769 0.047497 0.074291
0 0.255464 0.400413 0.059342 0.082017
0 0.829481 0.219697 0.048662 0.071730
0 0.603513 0.118527 0.054709 0.081744
0 0.235610 0.039998 0.053069 0.076205
0 0.439790 0.039379 0.051784 0.078737
0 0.557374 0.181150 0.049803 0.070979
0 0.634369 0.191359 0.058138 0.084321
0 0.810291 0.147719 0.053725 0.072819
0 0.304402 0.531511 0.057045 0.076336
0 0.376525 0.314686 0.055382 0.083587
0 0.117836 0.558520 0.072694 0.104711
0 0.115808 0.059571 0.052436 0.075271
0 0.033859 0.088776 0.052999 0.079336
0 0.895659 0.401858 0.058461 0.097008
0 0.279690 0.099497 0.056440 0.078125
0 0.415915 0.129336 0.058118 0.091453
0 0.232131 0.329889 0.054950 0.081445
0 0.747710 0.254069 0.056840 0.085606
0 0.158755 0.112263 0.051415 0.083517
0 0.110320 0.324790 0.056466 0.080224
0 0.728668 0.152665 0.055150 0.073704
0 0.573751 0.047722 0.056321 0.076382
0 0.880675 0.303149 0.046566 0.085057
0 0.969789 0.308853 0.052850 0.077276
0 0.188912 0.255617 0.057991 0.084181
0 0.086902 0.243007 0.056537 0.090229
0 0.236537 0.205131 0.055914 0.084622
0 0.320902 0.194362 0.061010 0.085806
0 0.877073 0.065894 0.072109 0.097264
1 0.501950 0.419547 0.035875 0.083433
1 0.632580 0.389154 0.046013 0.075089