0 0.002607 0.054341 0.005174 0.059980
0 0.006463 0.940693 0.012925 0.073481
0 0.995799 0.320219 0.007343 0.063872
0 0.099484 0.004923 0.040329 0.009846
0 0.007261 0.659479 0.014522 0.071132
0 0.007434 0.145824 0.014856 0.070122
0 0.361666 0.007238 0.038375 0.014476
0 0.012053 0.345116 0.024061 0.082853
0 0.823374 0.455230 0.045271 0.074966
0 0.590703 0.986342 0.048923 0.024225
0 0.049933 0.893592 0.048456 0.078971
0 0.692354 0.980182 0.061413 0.036520
0 0.987854 0.506465 0.022395 0.071154
0 0.784337 0.457130 0.047320 0.076705
0 0.817843 0.977475 0.052723 0.041878
0 0.875393 0.198803 0.047388 0.071918
0 0.983274 0.778267 0.031678 0.088682
0 0.166679 0.966177 0.051867 0.064464
0 0.915773 0.213880 0.047548 0.075960
0 0.028362 0.807878 0.056635 0.072694
0 0.564543 0.740664 0.052163 0.083757
0 0.682052 0.019449 0.050460 0.038884
0 0.779332 0.929148 0.050546 0.083341
0 0.060194 0.738372 0.054845 0.083721
0 0.364067 0.959288 0.049909 0.077907
0 0.820149 0.551359 0.045829 0.076873
0 0.024124 0.521250 0.048248 0.081981
0 0.105556 0.957188 0.047500 0.080281
0 0.732255 0.881621 0.050478 0.082001
0 0.692113 0.604562 0.052947 0.079167
0 0.325868 0.830018 0.050484 0.072549
0 0.940208 0.949460 0.055236 0.077643
0 0.097702 0.823342 0.050657 0.084347
0 0.729817 0.770390 0.058793 0.079383
0 0.973668 0.892694 0.042381 0.075962
0 0.723838 0.682766 0.054077 0.078761
0 0.726449 0.524464 0.051535 0.081016
0 0.341324 0.615215 0.046287 0.070035
0 0.868654 0.854265 0.057969 0.068406
0 0.665016 0.905705 0.070404 0.087999
0 0.458757 0.963250 0.050296 0.069988
0 0.572975 0.894299 0.051458 0.080266
0 0.402968 0.026308 0.048063 0.052553
0 0.496892 0.778073 0.054341 0.079052
0 0.255108 0.519164 0.046878 0.075138
0 0.306533 0.495275 0.047667 0.073904
0 0.277391 0.877535 0.055801 0.078009
0 0.982248 0.247714 0.033864 0.083804
0 0.833725 0.634162 0.062733 0.088617
0 0.583475 0.590955 0.049497 0.077636
0 0.413470 0.832436 0.048527 0.074189
0 0.488625 0.673122 0.048589 0.077844
0 0.529512 0.575178 0.047080 0.070475
0 0.970479 0.610648 0.047353 0.071795
0 0.172206 0.700492 0.051275 0.077876
0 0.111364 0.703843 0.053799 0.086920
0 0.769002 0.591338 0.050802 0.081842
0 0.601899 0.823522 0.053827 0.074268
0 0.478625 0.535139 0.046685 0.079167
0 0.314094 0.749737 0.048378 0.075462
0 0.219507 0.941401 0.054038 0.080291
0 0.211705 0.750251 0.053352 0.081274
0 0.359823 0.543536 0.057001 0.076206
0 0.296460 0.574065 0.057637 0.083163
0 0.648596 0.495551 0.050590 0.082633
0 0.195214 0.327116 0.057320 0.077405
0 0.293000 0.671063 0.052516 0.077383
0 0.211139 0.837082 0.055842 0.078960
0 0.505524 0.030633 0.049369 0.061257
0 0.085257 0.618308 0.058666 0.083480
0 0.377672 0.681656 0.047617 0.073133
0 0.373651 0.774850 0.055292 0.086878
0 0.202477 0.508960 0.048751 0.080541
0 0.046570 0.054923 0.046799 0.078133
0 0.912775 0.799576 0.052313 0.076380
0 0.095937 0.533061 0.049856 0.074610
0 0.811316 0.369806 0.059937 0.085236
0 0.530751 0.485011 0.051066 0.080743
0 0.423599 0.633318 0.048049 0.094500
0 0.938879 0.539767 0.056966 0.076941
0 0.875698 0.565441 0.060390 0.088279
0 0.371233 0.460233 0.050802 0.071715
0 0.244397 0.436272 0.058611 0.079757
0 0.697054 0.452832 0.051420 0.075974
0 0.924695 0.700835 0.051412 0.082851
0 0.122557 0.459984 0.053477 0.082878
0 0.094787 0.294519 0.046000 0.076817
0 0.101591 0.209896 0.055448 0.082794
0 0.043640 0.305698 0.049855 0.087710
0 0.362415 0.376981 0.055438 0.083116
0 0.445043 0.465019 0.055084 0.080954
0 0.493328 0.410153 0.056494 0.083755
0 0.139438 0.144868 0.051400 0.074633
0 0.434484 0.309571 0.054165 0.081993
0 0.184682 0.422880 0.048234 0.082257
0 0.552617 0.179187 0.057928 0.089491
0 0.290604 0.381491 0.056119 0.088363
0 0.532735 0.265238 0.058375 0.079789
0 0.149894 0.055745 0.053054 0.083728
0 0.285298 0.205652 0.051035 0.073279
0 0.650564 0.385551 0.053825 0.083774
0 0.263592 0.301877 0.054335 0.078278
0 0.581069 0.100342 0.053871 0.088379
0 0.220319 0.156693 0.050974 0.088393
0 0.767125 0.197362 0.057762 0.088671
0 0.939469 0.359460 0.058506 0.087196
0 0.388394 0.182746 0.057003 0.086293
0 0.588500 0.383667 0.058877 0.089241
0 0.844661 0.070872 0.052140 0.079257
0 0.166757 0.242543 0.057353 0.091271
0 0.376793 0.088134 0.052324 0.080918
0 0.625083 0.281424 0.055390 0.088189
0 0.775334 0.074504 0.055520 0.085191
0 0.957344 0.148226 0.052860 0.079008
0 0.703468 0.281802 0.051307 0.081580
0 0.448936 0.205112 0.057989 0.087180
0 0.280762 0.085927 0.056401 0.090534
1 0.543283 0.400477 0.035875 0.059595
1 0.503509 0.324195 0.040554 0.071514
3 0.617762 0.691895 0.088127 0.139452
3 0.044049 0.965805 0.085133 0.068390
1 0.602323 0.523353 0.058938 0.094245