0 0.006880 0.991343 0.013693 0.014867
0 0.002111 0.175158 0.004221 0.072884
0 0.167989 0.994202 0.037567 0.010253
0 0.787677 0.004409 0.033580 0.008818
0 0.996410 0.718557 0.006258 0.059136
0 0.992948 0.153886 0.012787 0.066972
0 0.222874 0.007057 0.038768 0.014114
0 0.009456 0.447396 0.018912 0.079712
0 0.982636 0.025320 0.033184 0.050570
0 0.012953 0.870302 0.025905 0.071762
0 0.852151 0.979024 0.042161 0.039268
0 0.985277 0.361736 0.027776 0.078951
0 0.076080 0.751125 0.051196 0.069527
0 0.988073 0.565624 0.022065 0.078849
0 0.704782 0.973449 0.065648 0.050869
0 0.117340 0.035290 0.059857 0.070548
0 0.042991 0.968391 0.048423 0.060184
0 0.279764 0.017088 0.057652 0.034175
0 0.023658 0.039617 0.047010 0.079017
0 0.063738 0.902446 0.052874 0.067365
0 0.028564 0.300423 0.057128 0.106258
0 0.025213 0.603862 0.050350 0.074776
0 0.339963 0.022726 0.053175 0.045451
0 0.443519 0.708996 0.049453 0.070309
0 0.613554 0.734385 0.047547 0.070269
0 0.054825 0.139970 0.054017 0.081103
0 0.149469 0.950971 0.053799 0.073735
0 0.524199 0.919417 0.042792 0.068957
0 0.069275 0.223098 0.053417 0.080212
0 0.757178 0.889140 0.055694 0.081883
0 0.144399 0.337789 0.049862 0.069716
0 0.725675 0.817512 0.051777 0.072173
0 0.025913 0.719247 0.048186 0.075050
0 0.642034 0.947333 0.052704 0.086486
0 0.053466 0.386098 0.048204 0.072344
0 0.970946 0.956841 0.053077 0.078857
0 0.940388 0.365524 0.049704 0.086684
0 0.506909 0.023117 0.053415 0.046197
0 0.061504 0.823603 0.059638 0.076108
0 0.889648 0.932373 0.056749 0.074348
0 0.804874 0.849685 0.051534 0.080264
0 0.469558 0.639523 0.056320 0.078193
0 0.900985 0.388279 0.052811 0.078553
0 0.401323 0.077080 0.053764 0.073223
0 0.521821 0.606469 0.050935 0.080339
0 0.178859 0.061695 0.060834 0.101720
0 0.595200 0.852889 0.057260 0.086044
0 0.870427 0.318701 0.049581 0.082398
0 0.089477 0.663190 0.048704 0.070585
0 0.457982 0.874672 0.055998 0.077999
0 0.128974 0.777176 0.048688 0.079815
0 0.623156 0.028940 0.048892 0.057837
0 0.856282 0.642980 0.053454 0.074362
0 0.200418 0.682739 0.048676 0.071091
0 0.906641 0.715312 0.044399 0.072943
0 0.226061 0.757536 0.053677 0.075490
0 0.431628 0.951967 0.053274 0.077751
0 0.645242 0.444889 0.049247 0.075719
0 0.972446 0.478743 0.053312 0.077131
0 0.736316 0.735390 0.056334 0.078426
0 0.745983 0.032540 0.045883 0.064963
0 0.618979 0.517810 0.052542 0.075199
0 0.303302 0.944481 0.052969 0.077503
0 0.349785 0.092716 0.061795 0.083416
0 0.785865 0.677936 0.051686 0.076554
0 0.333281 0.616871 0.057588 0.083558
0 0.371373 0.947668 0.050680 0.078580
0 0.561021 0.440575 0.055537 0.081655
0 0.437655 0.542567 0.050936 0.075509
0 0.577034 0.622092 0.049866 0.082152
0 0.929130 0.800159 0.051048 0.078073
0 0.252635 0.904575 0.056487 0.091883
0 0.320431 0.523645 0.047601 0.076538
0 0.508821 0.480673 0.052520 0.081868
0 0.352579 0.817399 0.051362 0.081858
0 0.800720 0.435163 0.051974 0.071492
0 0.901431 0.598309 0.053880 0.078408
0 0.717269 0.456387 0.061938 0.072190
0 0.461382 0.427228 0.054521 0.078129
0 0.917330 0.276608 0.056744 0.088920
0 0.457582 0.787794 0.052565 0.077954
0 0.346857 0.397578 0.067476 0.098443
0 0.816404 0.355471 0.050451 0.083400
0 0.357237 0.187051 0.055257 0.089979
0 0.614507 0.378865 0.054409 0.080382
0 0.059501 0.535239 0.052642 0.075806
0 0.678234 0.710763 0.055097 0.085376
0 0.521518 0.214618 0.055707 0.086006
0 0.726828 0.536671 0.053412 0.076354
0 0.771230 0.179563 0.049089 0.073359
0 0.176694 0.522019 0.051886 0.075261
0 0.473709 0.173049 0.048931 0.078563
0 0.294417 0.188175 0.056676 0.089991
0 0.249940 0.547576 0.058649 0.087088
0 0.704696 0.145289 0.049820 0.077163
0 0.204258 0.190058 0.055149 0.079942
0 0.185014 0.408806 0.050748 0.089213
0 0.752883 0.390952 0.053810 0.078654
0 0.668376 0.076050 0.056709 0.081512
0 0.847649 0.231811 0.055323 0.082006
0 0.784406 0.283461 0.051439 0.073808
0 0.587987 0.144639 0.049379 0.074621
0 0.605331 0.277576 0.057221 0.087194
0 0.464879 0.319041 0.055367 0.080034
0 0.552702 0.348579 0.061439 0.094301
0 0.635192 0.622247 0.055485 0.088418
0 0.752871 0.107866 0.049388 0.069895
0 0.308949 0.282179 0.058833 0.089812
0 0.798658 0.519135 0.055620 0.083975
0 0.643696 0.203898 0.055337 0.088866
0 0.874687 0.150433 0.053787 0.078597
0 0.826494 0.099160 0.051408 0.076851
1 0.379508 0.262217 0.048353 0.059595
3 0.131506 0.138856 0.101385 0.141836
3 0.972851 0.258641 0.054297 0.147795
1 0.741373 0.240167 0.048353 0.072706
1 0.873174 0.526818 0.037434 0.092968
2 0.489862 0.958284 0.041334 0.064362
2 0.733965 0.936830 0.027296 0.045292
2 0.825601 0.954112 0.026516 0.039333
2 0.836909 0.688915 0.030415 0.045292