0 0.003643 0.606485 0.007286 0.050037
0 0.002372 0.124099 0.004743 0.050837
0 0.572342 0.003892 0.040982 0.007783
0 0.003900 0.493762 0.007800 0.059884
0 0.994945 0.700058 0.008698 0.052250
0 0.125313 0.566633 0.050741 0.072916
0 0.005760 0.223631 0.011520 0.074566
0 0.359287 0.006023 0.039129 0.012047
0 0.135127 0.510259 0.048332 0.072342
0 0.050178 0.180465 0.044630 0.061981
0 0.462086 0.988845 0.051221 0.019506
0 0.987898 0.974427 0.022582 0.048376
0 0.566295 0.769793 0.039822 0.068274
0 0.350196 0.988637 0.053041 0.019858
0 0.036156 0.133968 0.052034 0.074631
0 0.022916 0.655188 0.045832 0.075173
0 0.533262 0.783187 0.044586 0.072166
0 0.036093 0.878753 0.044546 0.068781
0 0.026715 0.946034 0.046608 0.087428
0 0.184781 0.146386 0.049607 0.084357
0 0.987296 0.471790 0.023460 0.080988
0 0.084220 0.958405 0.055046 0.080376
0 0.535517 0.327328 0.044108 0.065374
0 0.454525 0.921622 0.056644 0.095450
0 0.830367 0.704893 0.044997 0.073232
0 0.778014 0.905917 0.048669 0.082052
0 0.086560 0.872882 0.058738 0.073750
0 0.285624 0.982522 0.050928 0.032006
0 0.710533 0.971249 0.055824 0.054364
0 0.982545 0.125589 0.032995 0.079170
0 0.012277 0.406161 0.024543 0.079793
0 0.715140 0.820984 0.047692 0.077405
0 0.036878 0.258307 0.047111 0.076190
0 0.136239 0.787353 0.049219 0.072900
0 0.926946 0.978841 0.053346 0.039304
0 0.214453 0.125713 0.058267 0.082682
0 0.589559 0.966677 0.069170 0.063616
0 0.511741 0.272214 0.051566 0.083051
0 0.727648 0.910933 0.047152 0.072533
0 0.863910 0.973104 0.047096 0.050770
0 0.079140 0.277242 0.058764 0.091035
0 0.496745 0.859474 0.060682 0.095920
0 0.279022 0.723206 0.052172 0.087055
0 0.181267 0.825056 0.048785 0.075924
0 0.534073 0.948757 0.051652 0.085900
0 0.404859 0.947723 0.054445 0.082758
0 0.853647 0.635934 0.045862 0.072296
0 0.854266 0.026846 0.048287 0.053624
0 0.975179 0.038869 0.047048 0.077659
0 0.877880 0.787026 0.048235 0.070637
0 0.050092 0.579046 0.047044 0.074249
0 0.636663 0.773475 0.053660 0.074976
0 0.131629 0.111359 0.051441 0.074365
0 0.481918 0.378718 0.055186 0.087940
0 0.230315 0.216178 0.045833 0.074662
0 0.085080 0.661644 0.058981 0.099391
0 0.969284 0.200684 0.043801 0.071754
0 0.119218 0.021731 0.049901 0.043459
0 0.249552 0.611747 0.055143 0.073447
0 0.456506 0.455641 0.044973 0.070007
0 0.802160 0.547009 0.045891 0.079681
0 0.131814 0.326806 0.053450 0.083396
0 0.300139 0.020723 0.049061 0.041446
0 0.835995 0.137239 0.040499 0.079566
0 0.257074 0.804282 0.048765 0.078650
0 0.224078 0.690965 0.068952 0.097519
0 0.056858 0.058058 0.045230 0.071936
0 0.870771 0.874714 0.053465 0.077259
0 0.303081 0.212717 0.046830 0.082512
0 0.884349 0.705353 0.049880 0.073107
0 0.279447 0.083993 0.051027 0.077348
0 0.337075 0.934073 0.059942 0.086543
0 0.185525 0.042754 0.060542 0.085474
0 0.134925 0.241953 0.044215 0.072130
0 0.742715 0.032572 0.046673 0.065118
0 0.950440 0.869853 0.050754 0.076346
0 0.183972 0.248503 0.043370 0.082244
0 0.665775 0.692487 0.056362 0.080454
0 0.630949 0.403326 0.051563 0.079753
0 0.699056 0.597700 0.055815 0.068129
0 0.823785 0.470889 0.047433 0.076864
0 0.072789 0.497853 0.055485 0.076017
0 0.669537 0.037967 0.055144 0.075935
0 0.588855 0.696269 0.054605 0.080869
0 0.448957 0.307186 0.050284 0.078738
0 0.464647 0.714988 0.050275 0.077056
0 0.181329 0.393041 0.050589 0.080647
0 0.949056 0.775337 0.054397 0.082895
0 0.582206 0.199486 0.053825 0.076009
0 0.321244 0.378658 0.045716 0.076547
0 0.255003 0.394671 0.049256 0.072608
0 0.554567 0.049876 0.054151 0.081221
0 0.897767 0.595131 0.048344 0.080924
0 0.432469 0.200986 0.054726 0.078900
0 0.807237 0.066888 0.053396 0.085377
0 0.574214 0.499356 0.058326 0.082962
0 0.438716 0.031598 0.049526 0.063133
0 0.384310 0.736115 0.055935 0.077919
0 0.684906 0.363272 0.058034 0.076857
0 0.914804 0.481623 0.049945 0.073331
0 0.286156 0.300423 0.050793 0.082547
0 0.511599 0.474488 0.055075 0.075594
0 0.914294 0.195647 0.055720 0.091817
0 0.824289 0.360236 0.049674 0.074639
0 0.883344 0.106147 0.050308 0.080407
0 0.232284 0.315175 0.051506 0.073155
0 0.070577 0.381087 0.062282 0.094905
0 0.341262 0.269952 0.053811 0.076828
0 0.329074 0.133160 0.049998 0.082349
0 0.894967 0.401757 0.050672 0.080401
0 0.607843 0.591483 0.056202 0.080651
0 0.345075 0.456031 0.056911 0.078465
0 0.761865 0.159582 0.053426 0.081786
0 0.641972 0.180996 0.056569 0.089563
0 0.442968 0.112596 0.052491 0.083414
0 0.233370 0.530338 0.069011 0.089799
0 0.774282 0.422649 0.054457 0.073673
0 0.467986 0.607743 0.052890 0.073893
0 0.752059 0.571667 0.052164 0.077371
0 0.874026 0.326459 0.046095 0.067019
0 0.493871 0.063283 0.053387 0.075197
0 0.303819 0.582062 0.051870 0.095364
0 0.667307 0.272598 0.050147 0.075342
0 0.372552 0.342887 0.048835 0.073395
0 0.361470 0.586195 0.053827 0.084459
0 0.399248 0.652891 0.052227 0.078546
0 0.750338 0.284726 0.050059 0.079448
1 0.276954 0.153159 0.041334 0.053635
1 0.652467 0.870679 0.059271 0.077473
1 0.816632 0.948153 0.049133 0.079857
1 0.854066 0.545292 0.055372 0.063170
3 0.040407 0.758641 0.080813 0.165673
2 0.227431 0.835518 0.023396 0.035757
2 0.500000 0.129321 0.025736 0.039333
3 0.782317 0.783075 0.088127 0.123957