0 0.054268 0.771886 0.036496 0.074485
0 0.025416 0.783756 0.050823 0.076011
0 0.996697 0.697763 0.005724 0.049939
0 0.838855 0.994546 0.035218 0.009010
0 0.002255 0.048239 0.004510 0.056271
0 0.895473 0.991532 0.040459 0.014464
0 0.992793 0.861091 0.012860 0.064573
0 0.317533 0.006988 0.039760 0.013971
0 0.006431 0.203221 0.012861 0.070156
0 0.400236 0.929267 0.044478 0.074710
0 0.411224 0.978105 0.052532 0.040936
0 0.962459 0.984014 0.051270 0.028853
0 0.011303 0.548119 0.022586 0.061904
0 0.977695 0.916457 0.042789 0.080738
0 0.189582 0.015217 0.051641 0.030435
0 0.608688 0.863581 0.057534 0.083179
0 0.937111 0.018522 0.053179 0.037031
0 0.528431 0.974654 0.059608 0.047322
0 0.599100 0.789015 0.054311 0.079138
0 0.225641 0.722103 0.049027 0.071331
0 0.292692 0.972376 0.051301 0.052280
0 0.020091 0.129523 0.040091 0.078822
0 0.037214 0.695066 0.054221 0.071966
0 0.024762 0.616769 0.049524 0.073017
0 0.182358 0.255386 0.055354 0.080163
0 0.175148 0.962620 0.047713 0.071661
0 0.534359 0.903521 0.051790 0.070969
0 0.677740 0.965505 0.047974 0.065806
0 0.979789 0.546615 0.038408 0.065260
0 0.661554 0.818381 0.052805 0.069966
0 0.400778 0.024039 0.052585 0.048079
0 0.738583 0.908021 0.047612 0.073694
0 0.675747 0.402230 0.048640 0.071683
0 0.202323 0.767941 0.052262 0.087400
0 0.221477 0.315084 0.048057 0.072244
0 0.691024 0.885586 0.051742 0.084536
0 0.457225 0.863116 0.052498 0.088884
0 0.764114 0.964384 0.052060 0.068026
0 0.973506 0.739911 0.051044 0.076509
0 0.230735 0.943108 0.048461 0.081859
0 0.122141 0.024689 0.054284 0.049379
0 0.536275 0.455853 0.050711 0.084553
0 0.063966 0.167324 0.050548 0.076894
0 0.925517 0.949583 0.053131 0.081712
0 0.138641 0.782076 0.052768 0.076305
0 0.657097 0.705147 0.054439 0.084321
0 0.213671 0.213755 0.055142 0.073626
0 0.683479 0.630245 0.051420 0.081073
0 0.978439 0.183751 0.041132 0.087005
0 0.814153 0.915045 0.051187 0.074674
0 0.332121 0.438940 0.053425 0.079637
0 0.037367 0.329142 0.059240 0.082371
0 0.486683 0.453283 0.050240 0.083765
0 0.388863 0.843166 0.055301 0.085163
0 0.263388 0.028019 0.051078 0.056037
0 0.713774 0.798592 0.046559 0.079050
0 0.359226 0.627302 0.043797 0.091664
0 0.354772 0.363489 0.049806 0.075979
0 0.108562 0.128551 0.048452 0.070533
0 0.973047 0.086594 0.051711 0.079254
0 0.475048 0.033305 0.053952 0.066609
0 0.355774 0.510267 0.053069 0.078021
0 0.258498 0.473966 0.053039 0.067965
0 0.489871 0.789091 0.056710 0.083778
0 0.410374 0.517510 0.047976 0.071869
0 0.567796 0.177530 0.066106 0.062252
0 0.584684 0.657857 0.055544 0.066913
0 0.966041 0.815983 0.048494 0.073263
0 0.334853 0.916669 0.054428 0.089988
0 0.170379 0.160314 0.050313 0.079919
0 0.093596 0.516731 0.055093 0.084363
0 0.238835 0.855111 0.055187 0.075480
0 0.797674 0.505160 0.052067 0.071330
0 0.095479 0.637245 0.053481 0.080946
0 0.277023 0.799038 0.049500 0.077728
0 0.431291 0.788693 0.052446 0.083592
0 0.560447 0.342304 0.051482 0.085765
0 0.971655 0.345859 0.054713 0.070448
0 0.273282 0.342286 0.051985 0.077088
0 0.191701 0.660310 0.053561 0.084734
0 0.149600 0.610997 0.050502 0.076487
0 0.456274 0.604512 0.053095 0.073938
0 0.168738 0.380832 0.063687 0.101515
0 0.729913 0.598468 0.050475 0.077747
0 0.861723 0.866080 0.051526 0.078737
0 0.765789 0.811721 0.050927 0.082516
0 0.095971 0.357583 0.054665 0.086684
0 0.343985 0.730354 0.049773 0.079820
0 0.920059 0.376621 0.051074 0.071910
0 0.656246 0.057122 0.050874 0.076341
0 0.081228 0.261780 0.058067 0.076724
0 0.325925 0.182688 0.050454 0.082247
0 0.813452 0.220813 0.049948 0.068268
0 0.693788 0.323479 0.051559 0.077964
0 0.593647 0.478929 0.057804 0.083720
0 0.845588 0.286060 0.058709 0.077610
0 0.629040 0.323710 0.054733 0.079612
0 0.730239 0.461160 0.072192 0.109788
0 0.761567 0.718534 0.053568 0.081760
0 0.817777 0.617761 0.052659 0.065928
0 0.820128 0.717769 0.054650 0.085456
0 0.528802 0.627005 0.053231 0.082200
0 0.869175 0.052273 0.049643 0.077631
0 0.662703 0.220560 0.051496 0.075543
0 0.214690 0.072206 0.063335 0.094388
0 0.478343 0.160343 0.054073 0.079607
0 0.710638 0.069406 0.047241 0.074309
0 0.517660 0.096832 0.053994 0.088226
0 0.619825 0.125001 0.053617 0.075542
0 0.406250 0.336048 0.056512 0.087537
0 0.919691 0.143021 0.052652 0.078347
0 0.891609 0.624128 0.049501 0.083684
0 0.757891 0.201394 0.049749 0.067221
0 0.579960 0.254240 0.065819 0.088684
0 0.442766 0.228774 0.054742 0.081007
0 0.751372 0.125376 0.053008 0.069008
0 0.868264 0.186953 0.052513 0.079841
0 0.689785 0.152263 0.060965 0.079315
0 0.277305 0.612393 0.053274 0.086214
0 0.893851 0.529610 0.055914 0.086207
1 0.390427 0.421335 0.042114 0.051251
1 0.067945 0.842670 0.055372 0.061979
2 0.045719 0.050656 0.038994 0.060787
2 0.144764 0.218713 0.029636 0.044100
2 0.446188 0.674017 0.047573 0.065554
2 0.388477 0.752086 0.031975 0.050060
2 0.651687 0.875447 0.023396 0.034565
3 0.055077 0.938617 0.095146 0.122765