0 0.002040 0.493215 0.004080 0.051093
0 0.493027 0.003669 0.039129 0.007264
0 0.938872 0.990580 0.040618 0.017379
0 0.426980 0.002862 0.039261 0.005718
0 0.099604 0.891928 0.045829 0.084366
0 0.140142 0.889372 0.053078 0.082725
0 0.009266 0.895690 0.018533 0.074005
0 0.804873 0.985311 0.042535 0.026566
0 0.426478 0.986239 0.046323 0.024770
0 0.854509 0.976855 0.047469 0.043197
0 0.105833 0.971087 0.048564 0.055174
0 0.978545 0.964585 0.040932 0.067574
0 0.013923 0.706040 0.027847 0.096607
0 0.905419 0.963207 0.049531 0.070786
0 0.721162 0.972586 0.054669 0.051917
0 0.657911 0.967225 0.050079 0.062748
0 0.217509 0.972971 0.048360 0.051068
0 0.160491 0.972235 0.049767 0.052807
0 0.902918 0.878089 0.053582 0.072290
0 0.834543 0.898926 0.050640 0.084811
0 0.020049 0.154659 0.040098 0.083056
0 0.980250 0.702656 0.037606 0.084895
0 0.553641 0.969894 0.051708 0.057386
0 0.249454 0.020191 0.051731 0.040336
0 0.457054 0.623342 0.048988 0.078289
0 0.974834 0.035890 0.049166 0.071780
0 0.632713 0.879808 0.054092 0.087644
0 0.867367 0.625306 0.041906 0.068434
0 0.686800 0.665160 0.048537 0.082233
0 0.589729 0.826131 0.047331 0.083221
0 0.253540 0.766498 0.050052 0.078355
0 0.355913 0.672428 0.047281 0.073690
0 0.268127 0.943626 0.053586 0.085759
0 0.850512 0.212523 0.043851 0.067799
0 0.246506 0.855353 0.053830 0.085519
0 0.963373 0.620892 0.045772 0.069133
0 0.325673 0.600247 0.051594 0.080492
0 0.798690 0.711632 0.053193 0.083909
0 0.126962 0.735577 0.054571 0.094881
0 0.975005 0.428477 0.048101 0.085847
0 0.479074 0.421602 0.045111 0.065231
0 0.680213 0.495261 0.047370 0.075608
0 0.228991 0.693135 0.047633 0.080680
0 0.382866 0.794284 0.042804 0.078266
0 0.221475 0.489365 0.039966 0.072531
0 0.825838 0.575201 0.055791 0.072230
0 0.977371 0.542832 0.043645 0.080735
0 0.027106 0.264562 0.054211 0.070925
0 0.075804 0.399784 0.047135 0.067918
0 0.301350 0.855196 0.047471 0.081933
0 0.975580 0.219022 0.047125 0.084834
0 0.941125 0.812374 0.052237 0.088023
0 0.329952 0.511398 0.054178 0.077367
0 0.631290 0.227600 0.046112 0.076824
0 0.197603 0.769479 0.050429 0.084663
0 0.243811 0.401928 0.053821 0.069051
0 0.424197 0.189867 0.049203 0.078537
0 0.430484 0.516604 0.052442 0.095177
0 0.281223 0.669010 0.052045 0.086750
0 0.494595 0.531132 0.054488 0.092092
0 0.432865 0.710329 0.053660 0.086720
0 0.534295 0.810467 0.057918 0.094890
0 0.904856 0.243818 0.053622 0.076611
0 0.727459 0.611828 0.048703 0.075397
0 0.050462 0.495239 0.044950 0.072423
0 0.552199 0.633723 0.050738 0.079027
0 0.917405 0.711206 0.051819 0.078143
0 0.623722 0.598944 0.049931 0.083109
0 0.059689 0.709652 0.053750 0.086869
0 0.722897 0.889629 0.058383 0.090228
0 0.430334 0.903996 0.060248 0.077238
0 0.289237 0.454477 0.052375 0.080131
0 0.769383 0.532814 0.050326 0.089376
0 0.396166 0.436692 0.056397 0.080177
0 0.235851 0.587644 0.048878 0.077262
0 0.167240 0.042294 0.058603 0.083424
0 0.857306 0.039482 0.055762 0.078965
0 0.838977 0.335397 0.041423 0.081108
0 0.129304 0.447571 0.053247 0.079194
0 0.070723 0.103026 0.051267 0.078921
0 0.735107 0.127393 0.044869 0.071701
0 0.884739 0.524140 0.041823 0.092776
0 0.193226 0.184020 0.058677 0.083140
0 0.912092 0.339989 0.048877 0.081880
0 0.241911 0.272531 0.048477 0.072777
0 0.912938 0.425926 0.052926 0.075692
0 0.394661 0.336402 0.065924 0.094518
0 0.192586 0.362234 0.049774 0.077815
0 0.863984 0.128586 0.049380 0.081480
0 0.598430 0.085192 0.056886 0.086590
0 0.593429 0.341359 0.054689 0.085944
0 0.381071 0.125331 0.052067 0.074965
0 0.094877 0.324229 0.052255 0.078852
0 0.655696 0.317521 0.060026 0.095144
0 0.235938 0.112874 0.053633 0.090393
0 0.766878 0.207288 0.069052 0.102263
0 0.722952 0.406490 0.055553 0.082163
0 0.550439 0.487568 0.057179 0.086131
0 0.675666 0.135211 0.067721 0.109658
1 0.972608 0.348033 0.052252 0.069130
1 0.462176 0.239571 0.034315 0.092968
1 0.358061 0.260429 0.047573 0.084625
1 0.821311 0.814064 0.052252 0.076281
2 0.094851 0.792610 0.028076 0.042908
2 0.803374 0.936234 0.025736 0.036949
2 0.652467 0.460072 0.024956 0.042908