0 0.034988 0.995446 0.030107 0.007797
0 0.885574 0.995324 0.036138 0.007837
0 0.266911 0.995285 0.037671 0.008222
0 0.004512 0.845210 0.009022 0.068107
0 0.993474 0.011843 0.011922 0.023686
0 0.677769 0.991683 0.041462 0.014241
0 0.450594 0.006035 0.034263 0.012070
0 0.455271 0.990414 0.045112 0.017641
0 0.992571 0.941944 0.013440 0.060968
0 0.991583 0.202171 0.015604 0.056043
0 0.992955 0.747670 0.013077 0.072897
0 0.990703 0.275435 0.017316 0.067627
0 0.011581 0.962561 0.023162 0.072350
0 0.620004 0.377330 0.047496 0.075892
0 0.586321 0.401024 0.050726 0.079668
0 0.011272 0.280669 0.022529 0.075992
0 0.165025 0.068794 0.046554 0.083214
0 0.204667 0.066137 0.054963 0.081553
0 0.526887 0.985382 0.049584 0.026643
0 0.969900 0.979014 0.046506 0.039583
0 0.175453 0.237766 0.052872 0.069162
0 0.731510 0.442154 0.050196 0.078332
0 0.180022 0.297568 0.051288 0.079249
0 0.889815 0.014973 0.050026 0.029946
0 0.013492 0.162058 0.026944 0.079794
0 0.767947 0.394435 0.047719 0.074770
0 0.019453 0.384135 0.038906 0.095884
0 0.019701 0.692602 0.039402 0.074631
0 0.602072 0.017681 0.056511 0.035362
0 0.657800 0.022406 0.046844 0.044812
0 0.044869 0.487196 0.051300 0.079122
0 0.042056 0.555173 0.047085 0.075262
0 0.435776 0.843780 0.048563 0.069677
0 0.386045 0.970910 0.052312 0.055519
0 0.481277 0.399918 0.046558 0.084200
0 0.080339 0.904208 0.047214 0.077806
0 0.163886 0.887895 0.045884 0.076216
0 0.322788 0.919753 0.049989 0.078129
0 0.517954 0.716149 0.060176 0.075534
0 0.365498 0.375570 0.050392 0.074866
0 0.159053 0.966224 0.060746 0.065507
0 0.410758 0.767188 0.051759 0.078540
0 0.841173 0.970255 0.054077 0.056670
0 0.532936 0.413244 0.045069 0.089705
0 0.673294 0.784177 0.049526 0.078058
0 0.427892 0.924333 0.050922 0.074292
0 0.574181 0.778554 0.042953 0.072191
0 0.847532 0.446694 0.050014 0.073410
0 0.981657 0.571419 0.035527 0.078374
0 0.330984 0.639106 0.049704 0.069548
0 0.660953 0.285212 0.049868 0.077485
0 0.298405 0.537985 0.045832 0.090442
0 0.798337 0.780394 0.042258 0.075381
0 0.080387 0.428132 0.043216 0.073883
0 0.130070 0.460074 0.051195 0.077771
0 0.972199 0.657962 0.046696 0.073760
0 0.442317 0.560320 0.048083 0.070596
0 0.497630 0.305358 0.051561 0.082905
0 0.171242 0.156886 0.048598 0.073674
0 0.407172 0.508361 0.047078 0.085006
0 0.137589 0.746063 0.051087 0.074381
0 0.161726 0.391344 0.045274 0.071062
0 0.972665 0.055632 0.052424 0.070648
0 0.169475 0.535888 0.055301 0.074316
0 0.772383 0.566038 0.049228 0.079031
0 0.592220 0.698335 0.051570 0.079833
0 0.383481 0.598426 0.044689 0.068983
0 0.057070 0.072521 0.052283 0.074672
0 0.462203 0.630701 0.049658 0.079864
0 0.367908 0.036327 0.047963 0.072655
0 0.044617 0.782368 0.053171 0.083411
0 0.063930 0.656716 0.044241 0.067664
0 0.838799 0.562859 0.050269 0.079325
0 0.974901 0.143533 0.048132 0.077144
0 0.289351 0.842800 0.050338 0.080733
0 0.499607 0.800200 0.047877 0.078815
0 0.312778 0.037211 0.054003 0.074379
0 0.672824 0.875366 0.049087 0.076922
0 0.556745 0.630047 0.049940 0.077608
0 0.711831 0.338982 0.050148 0.078254
0 0.257652 0.662432 0.048425 0.078943
0 0.823395 0.252356 0.049594 0.090951
0 0.576900 0.920445 0.053857 0.077841
0 0.121508 0.834081 0.059536 0.086075
0 0.274267 0.751339 0.055171 0.079729
0 0.813673 0.910552 0.052052 0.071351
0 0.265331 0.939210 0.049683 0.080922
0 0.346406 0.470596 0.051847 0.078648
0 0.720005 0.530349 0.056803 0.085062
0 0.663479 0.612103 0.062723 0.077896
0 0.504859 0.515062 0.050338 0.078352
0 0.191423 0.464812 0.051868 0.074170
0 0.773633 0.653217 0.051803 0.077667
0 0.206466 0.731389 0.049427 0.087087
0 0.801014 0.331953 0.057317 0.076918
0 0.355439 0.719449 0.059464 0.092723
0 0.619050 0.830604 0.050029 0.079307
0 0.315495 0.317403 0.053411 0.086531
0 0.701336 0.057121 0.054297 0.086327
0 0.875167 0.189952 0.045943 0.082385
0 0.904405 0.076067 0.050999 0.083643
0 0.713161 0.959717 0.055883 0.069958
0 0.726692 0.151773 0.050452 0.079011
0 0.225966 0.160753 0.049364 0.077687
0 0.377194 0.294038 0.048934 0.078892
0 0.492420 0.189824 0.049966 0.078538
0 0.110467 0.356862 0.054060 0.082910
0 0.970107 0.352600 0.048952 0.083048
0 0.334363 0.119762 0.053253 0.084962
0 0.269974 0.252186 0.050495 0.081362
0 0.790525 0.162887 0.054868 0.079377
0 0.101561 0.239374 0.048410 0.090580
0 0.117669 0.573926 0.052747 0.087489
0 0.856056 0.799897 0.051740 0.077703
0 0.873905 0.885415 0.054793 0.084439
0 0.621841 0.159100 0.051805 0.082371
0 0.723037 0.818746 0.052281 0.089367
0 0.881330 0.325396 0.057066 0.089929
0 0.924995 0.172670 0.048346 0.081693
0 0.276398 0.442413 0.058250 0.092292
0 0.924623 0.602060 0.055862 0.082888
0 0.951716 0.804363 0.053676 0.088403
0 0.792090 0.066728 0.058489 0.088796
0 0.283677 0.165484 0.048685 0.083955
0 0.930833 0.929287 0.060730 0.094667
0 0.497661 0.080963 0.060045 0.075999
1 0.537044 0.225268 0.034315 0.052443
1 0.028171 0.872467 0.035095 0.061979
2 0.583057 0.502384 0.024956 0.039333
2 0.594366 0.560787 0.042894 0.070322
2 0.507799 0.647795 0.039774 0.065554
2 0.251218 0.809297 0.027296 0.038141
2 0.905149 0.234207 0.021837 0.039333
2 0.872784 0.109058 0.022617 0.041716
2 0.912558 0.373659 0.016378 0.027414