0 0.996336 0.122972 0.006134 0.050590
0 0.002906 0.531847 0.005813 0.065299
0 0.996131 0.554673 0.006719 0.054382
0 0.996044 0.205694 0.006722 0.058337
0 0.581979 0.003885 0.034538 0.007770
0 0.720623 0.004161 0.042327 0.008321
0 0.831074 0.993606 0.043949 0.010767
0 0.124101 0.992661 0.041983 0.012323
0 0.351437 0.991527 0.037715 0.014311
0 0.991781 0.479341 0.014686 0.067977
0 0.664553 0.985936 0.049415 0.025107
0 0.990544 0.324768 0.016940 0.061420
0 0.989687 0.921937 0.018906 0.078906
0 0.014543 0.839187 0.029087 0.077886
0 0.013556 0.670111 0.027111 0.083849
0 0.017757 0.927058 0.035513 0.086140
0 0.986431 0.652112 0.025117 0.083341
0 0.509297 0.980555 0.066260 0.035568
0 0.198939 0.013600 0.054165 0.027200
0 0.768770 0.978593 0.053506 0.039609
0 0.361469 0.706896 0.053306 0.066212
0 0.323617 0.218147 0.049394 0.069293
0 0.697261 0.949632 0.061610 0.080208
0 0.336059 0.024492 0.053052 0.048983
0 0.174297 0.960017 0.055304 0.077024
0 0.395924 0.962187 0.052915 0.072363
0 0.667720 0.875852 0.055167 0.076845
0 0.720995 0.828297 0.044996 0.068036
0 0.500611 0.437633 0.055752 0.087970
0 0.700371 0.745801 0.051833 0.089415
0 0.028507 0.041893 0.056878 0.083373
0 0.791341 0.668007 0.049976 0.083612
0 0.052183 0.734096 0.073009 0.105463
0 0.799070 0.023078 0.057929 0.046155
0 0.099975 0.954784 0.057562 0.081298
0 0.499320 0.785416 0.052048 0.080660
0 0.901335 0.716040 0.052850 0.086125
0 0.024549 0.416153 0.049098 0.091272
0 0.535423 0.495935 0.053496 0.071921
0 0.409983 0.661172 0.055150 0.078697
0 0.305611 0.688648 0.046079 0.075522
0 0.845766 0.354674 0.043810 0.069910
0 0.923223 0.844621 0.057547 0.087734
0 0.239783 0.706862 0.057711 0.076938
0 0.625118 0.730430 0.052367 0.077220
0 0.312230 0.488632 0.055448 0.083970
0 0.912121 0.203428 0.054131 0.076239
0 0.401684 0.776187 0.050194 0.077929
0 0.871108 0.815413 0.054601 0.091221
0 0.961643 0.555304 0.052436 0.090324
0 0.252698 0.881401 0.058396 0.085295
0 0.828480 0.722958 0.051837 0.085293
0 0.178522 0.713676 0.048099 0.073969
0 0.666660 0.325224 0.055732 0.074369
0 0.483496 0.647686 0.058480 0.085500
0 0.361460 0.523711 0.054768 0.083540
0 0.734385 0.687612 0.052704 0.080000
0 0.091926 0.588336 0.051566 0.075285
0 0.525090 0.720105 0.059839 0.082116
0 0.448992 0.927596 0.054917 0.085935
0 0.370075 0.438015 0.048765 0.077296
0 0.253197 0.794433 0.058880 0.082707
0 0.525686 0.910178 0.058723 0.086162
0 0.863301 0.293034 0.054016 0.069959
0 0.282016 0.036228 0.054181 0.072457
0 0.113564 0.806619 0.052585 0.091033
0 0.959309 0.740035 0.059968 0.087992
0 0.503652 0.566173 0.055539 0.075944
0 0.437420 0.162453 0.047254 0.078352
0 0.599132 0.841542 0.052550 0.074950
0 0.085229 0.032605 0.053466 0.065209
0 0.631295 0.032645 0.061209 0.065269
0 0.631564 0.188134 0.055712 0.075192
0 0.605324 0.651137 0.050170 0.081491
0 0.751619 0.601766 0.062457 0.078873
0 0.777917 0.825113 0.054014 0.085655
0 0.866866 0.034986 0.047123 0.062308
0 0.535097 0.046418 0.047994 0.085733
0 0.243233 0.604744 0.054523 0.086286
0 0.219321 0.151200 0.046975 0.095208
0 0.834513 0.575948 0.058863 0.098243
0 0.540622 0.290908 0.055079 0.081758
0 0.767841 0.392450 0.049150 0.072313
0 0.441405 0.362756 0.047966 0.075164
0 0.049945 0.231788 0.052768 0.076245
0 0.494338 0.354423 0.049730 0.071706
0 0.685851 0.427586 0.057041 0.086180
0 0.819495 0.476698 0.047227 0.085255
0 0.634581 0.107364 0.057860 0.078871
0 0.474079 0.095982 0.051812 0.075115
0 0.434985 0.490189 0.049948 0.082229
0 0.167110 0.504100 0.055416 0.081859
0 0.959459 0.436924 0.048341 0.075346
0 0.044560 0.498647 0.056518 0.080573
0 0.269800 0.119390 0.052443 0.075675
0 0.352210 0.301745 0.058372 0.091442
0 0.748634 0.320095 0.054422 0.073338
0 0.111298 0.677020 0.055433 0.081346
0 0.190422 0.574908 0.060139 0.082582
0 0.093077 0.284750 0.051270 0.083711
0 0.911216 0.621955 0.050094 0.082825
0 0.329772 0.105392 0.053826 0.080218
0 0.909391 0.482842 0.054088 0.078088
0 0.110499 0.522901 0.055714 0.084165
0 0.170607 0.059402 0.054990 0.082387
0 0.170471 0.211541 0.053160 0.077468
0 0.696985 0.049735 0.051735 0.082137
0 0.660104 0.613273 0.054028 0.091784
0 0.510843 0.219073 0.056615 0.077637
0 0.571802 0.364306 0.058439 0.085711
0 0.376048 0.207959 0.051880 0.085872
0 0.214974 0.271973 0.056452 0.078165
0 0.123668 0.428886 0.058072 0.084662
0 0.915595 0.120666 0.054419 0.080500
0 0.256326 0.367498 0.061586 0.086616
0 0.964840 0.214884 0.047481 0.080432
0 0.815955 0.237698 0.072716 0.098146
0 0.691578 0.201328 0.058445 0.088212
0 0.960606 0.067452 0.056434 0.087619
0 0.171338 0.378348 0.056355 0.085681
1 0.440339 0.592372 0.037434 0.085816
1 0.570579 0.564958 0.043673 0.071514