0 0.908443 0.001872 0.042599 0.003696
0 0.002575 0.130987 0.005150 0.056627
0 0.995967 0.960576 0.007542 0.071521
0 0.014563 0.522040 0.029126 0.071038
0 0.007981 0.618288 0.015962 0.081734
0 0.095892 0.103651 0.086386 0.084414
0 0.361754 0.008333 0.046851 0.016665
0 0.242547 0.008648 0.046197 0.017291
0 0.987366 0.303095 0.023589 0.079181
0 0.010201 0.722644 0.020400 0.073896
0 0.032325 0.253453 0.064650 0.125439
0 0.688315 0.529369 0.054564 0.081231
0 0.039068 0.545489 0.055416 0.080963
0 0.747636 0.018462 0.050356 0.036924
0 0.668720 0.463871 0.053100 0.092295
0 0.613947 0.662617 0.054203 0.089143
0 0.165454 0.605571 0.054072 0.077917
0 0.370374 0.977279 0.054461 0.042284
0 0.411552 0.746604 0.048388 0.075625
0 0.860112 0.028241 0.050854 0.056483
0 0.022082 0.068101 0.044125 0.086814
0 0.550144 0.017859 0.056881 0.035718
0 0.060056 0.453705 0.082344 0.094461
0 0.096649 0.375074 0.053011 0.079032
0 0.650901 0.598269 0.046699 0.078104
0 0.053694 0.628912 0.054843 0.081027
0 0.707992 0.610905 0.050285 0.075299
0 0.819555 0.425302 0.056718 0.076939
0 0.746683 0.974913 0.056074 0.047121
0 0.552475 0.848838 0.045833 0.072475
0 0.879219 0.207688 0.056005 0.081916
0 0.120988 0.675225 0.045315 0.080101
0 0.923421 0.965691 0.057338 0.065912
0 0.073470 0.709039 0.052302 0.080495
0 0.957760 0.043976 0.058162 0.087722
0 0.395880 0.822524 0.059998 0.083089
0 0.124471 0.519276 0.047733 0.070115
0 0.519940 0.901825 0.061078 0.093654
0 0.853343 0.114203 0.054808 0.079853
0 0.926579 0.158342 0.050507 0.083036
0 0.103827 0.962020 0.048255 0.073318
0 0.295925 0.616947 0.047535 0.072636
0 0.417885 0.545977 0.048070 0.081252
0 0.961549 0.361352 0.050745 0.082091
0 0.836645 0.959227 0.049255 0.077008
0 0.340522 0.922594 0.058830 0.091555
0 0.688873 0.928441 0.055464 0.082735
0 0.557293 0.767071 0.055333 0.077576
0 0.544049 0.679064 0.058075 0.083524
0 0.626010 0.752141 0.054383 0.081804
0 0.100731 0.190469 0.055639 0.084680
0 0.614528 0.870106 0.055584 0.076813
0 0.252777 0.454983 0.044477 0.073199
0 0.937936 0.784930 0.050854 0.071028
0 0.702949 0.694470 0.055219 0.080706
0 0.890572 0.292300 0.052637 0.075029
0 0.318013 0.701338 0.050161 0.075580
0 0.535300 0.586028 0.063162 0.084201
0 0.949624 0.250919 0.050781 0.069279
0 0.464827 0.582408 0.056714 0.101203
0 0.477985 0.469535 0.049165 0.076141
0 0.447217 0.686580 0.058312 0.083082
0 0.934737 0.703670 0.049372 0.083267
0 0.421668 0.361579 0.048362 0.077253
0 0.287642 0.828224 0.048022 0.073038
0 0.730189 0.409667 0.053751 0.093620
0 0.882550 0.628691 0.055719 0.090181
0 0.659552 0.299360 0.054855 0.079114
0 0.469276 0.337421 0.050696 0.087052
0 0.280936 0.065394 0.058785 0.075349
0 0.939251 0.884487 0.059516 0.087492
0 0.257884 0.376048 0.057376 0.076230
0 0.869594 0.374621 0.063346 0.097748
0 0.425263 0.449536 0.054318 0.088036
0 0.247003 0.747917 0.058523 0.084754
0 0.691564 0.043475 0.064087 0.086949
0 0.602931 0.410487 0.058444 0.077094
0 0.161788 0.446815 0.057575 0.091128
0 0.473133 0.242748 0.054755 0.092868
0 0.240765 0.631284 0.054740 0.084563
0 0.190516 0.535042 0.059011 0.081302
0 0.136541 0.794518 0.053322 0.081481
0 0.774274 0.694590 0.057511 0.100985
0 0.299831 0.487939 0.051738 0.097641
0 0.531369 0.371240 0.053748 0.075128
0 0.489410 0.146289 0.062963 0.091299
0 0.366908 0.597333 0.053212 0.087084
0 0.956933 0.491130 0.057412 0.087984
0 0.694659 0.175892 0.053434 0.085653
0 0.538738 0.083287 0.051698 0.087259
0 0.801120 0.799418 0.057034 0.092619
0 0.172204 0.093156 0.054693 0.079430
0 0.342008 0.366242 0.050123 0.083727
0 0.360349 0.453488 0.056570 0.082374
0 0.342133 0.058666 0.054911 0.085275
0 0.202910 0.325569 0.052909 0.088957
0 0.290856 0.302931 0.063679 0.102116
0 0.270915 0.203552 0.056750 0.085279
0 0.423059 0.073933 0.052197 0.089953
1 0.366250 0.189511 0.057711 0.097735
1 0.608014 0.249702 0.043673 0.084625
1 0.823261 0.513111 0.048353 0.077473
2 0.593196 0.561979 0.048353 0.091776
2 0.844318 0.589988 0.042114 0.064362
2 0.108889 0.042908 0.032755 0.045292
2 0.052348 0.343862 0.028856 0.051251
2 0.897350 0.066150 0.031195 0.053635