0 0.767069 0.993513 0.032557 0.010690
0 0.002727 0.163015 0.005454 0.052100
0 0.995845 0.315095 0.006992 0.055258
0 0.573053 0.991350 0.036004 0.014404
0 0.993859 0.723931 0.010591 0.064170
0 0.991482 0.895818 0.015349 0.066739
0 0.740452 0.007886 0.043486 0.015773
0 0.989669 0.411048 0.018694 0.076472
0 0.989837 0.229323 0.018453 0.077215
0 0.945351 0.986005 0.042611 0.024832
0 0.221300 0.009385 0.047036 0.018771
0 0.982381 0.965463 0.033320 0.065695
0 0.985906 0.095224 0.026399 0.088406
0 0.984883 0.816827 0.028181 0.077250
0 0.031037 0.978239 0.049752 0.040062
0 0.967198 0.278715 0.038853 0.069320
0 0.983363 0.612828 0.031146 0.070657
0 0.801654 0.013819 0.044192 0.027638
0 0.254467 0.977462 0.055058 0.041592
0 0.016313 0.355386 0.032622 0.075486
0 0.392885 0.733729 0.051818 0.063394
0 0.454799 0.838335 0.046339 0.053721
0 0.110371 0.413248 0.039965 0.077804
0 0.637194 0.976302 0.049261 0.044008
0 0.019470 0.475682 0.038940 0.068214
0 0.430168 0.977491 0.049811 0.041502
0 0.929934 0.291207 0.046020 0.082019
0 0.017497 0.670063 0.034994 0.073014
0 0.892231 0.967868 0.052958 0.061000
0 0.263023 0.873536 0.052349 0.061515
0 0.640321 0.428869 0.048415 0.080550
0 0.526776 0.974110 0.048216 0.048305
0 0.456813 0.409859 0.041950 0.072651
0 0.494530 0.025739 0.049864 0.051433
0 0.843526 0.962054 0.049932 0.072078
0 0.115447 0.514941 0.045340 0.076212
0 0.024326 0.884415 0.048579 0.076827
0 0.543222 0.720966 0.037694 0.066245
0 0.436396 0.028984 0.045622 0.057845
0 0.836438 0.886789 0.044512 0.067762
0 0.335557 0.970021 0.049812 0.056520
0 0.023995 0.217454 0.047991 0.079868
0 0.927674 0.827375 0.043651 0.071635
0 0.069545 0.607400 0.040951 0.075259
0 0.864110 0.424833 0.052485 0.065721
0 0.972344 0.541200 0.046185 0.067270
0 0.297423 0.920787 0.048602 0.091097
0 0.482072 0.954664 0.046883 0.075820
0 0.570105 0.899557 0.041901 0.072375
0 0.517486 0.898278 0.055632 0.066196
0 0.785274 0.746213 0.048813 0.073601
0 0.620442 0.920437 0.045306 0.075656
0 0.861323 0.745635 0.044962 0.070626
0 0.658953 0.774984 0.045966 0.068848
0 0.027777 0.549684 0.046311 0.077969
0 0.790843 0.633044 0.053293 0.068893
0 0.844223 0.221336 0.049170 0.065669
0 0.768082 0.086221 0.047908 0.073531
0 0.483288 0.287521 0.046075 0.073244
0 0.791493 0.314262 0.046932 0.071435
0 0.026197 0.043642 0.052217 0.067978
0 0.542113 0.834644 0.055060 0.067971
0 0.726183 0.476567 0.044430 0.084629
0 0.549061 0.320504 0.047897 0.081144
0 0.143252 0.934483 0.054737 0.083413
0 0.682309 0.453964 0.050189 0.077268
0 0.441710 0.904996 0.049247 0.075340
0 0.352796 0.326324 0.046898 0.073990
0 0.942421 0.035476 0.053033 0.070952
0 0.710234 0.187463 0.043832 0.077020
0 0.231326 0.702692 0.047053 0.081372
0 0.500619 0.434951 0.046154 0.072926
0 0.647150 0.852291 0.047922 0.066735
0 0.800941 0.506911 0.046929 0.070229
0 0.176171 0.188964 0.050605 0.081067
0 0.656801 0.158488 0.049518 0.076431
0 0.775956 0.177195 0.046468 0.073682
0 0.899746 0.207160 0.046620 0.070691
0 0.169133 0.861715 0.048596 0.074755
0 0.613076 0.084313 0.046683 0.077394
0 0.573607 0.032397 0.050121 0.064790
0 0.806952 0.389723 0.048665 0.077401
0 0.828412 0.806154 0.050823 0.078663
0 0.051608 0.309194 0.049462 0.073109
0 0.510377 0.769194 0.051353 0.081629
0 0.822955 0.690704 0.045771 0.072244
0 0.134872 0.803189 0.047767 0.072553
0 0.209372 0.133861 0.048165 0.073642
0 0.088170 0.860278 0.054334 0.077227
0 0.654031 0.520691 0.046435 0.071697
0 0.350666 0.522348 0.049299 0.078923
0 0.282770 0.806283 0.049473 0.074896
0 0.759023 0.856265 0.048850 0.077941
0 0.163580 0.659880 0.049773 0.076258
0 0.075549 0.246797 0.050625 0.067418
0 0.921570 0.906123 0.055488 0.076800
0 0.075087 0.531189 0.049982 0.076439
0 0.370740 0.653454 0.048660 0.070229
0 0.072173 0.078380 0.045440 0.075054
0 0.668265 0.290312 0.045633 0.080072
0 0.187790 0.424859 0.048427 0.076993
0 0.718044 0.047944 0.047348 0.069155
0 0.092807 0.343318 0.050710 0.076513
0 0.617200 0.278888 0.048986 0.082321
0 0.302700 0.280469 0.048701 0.078676
0 0.706223 0.556313 0.050793 0.072678
0 0.144220 0.730620 0.049990 0.070244
0 0.121371 0.034294 0.050879 0.068588
0 0.399127 0.099350 0.052565 0.077734
0 0.867607 0.067030 0.047528 0.078379
0 0.877687 0.841827 0.043413 0.075620
0 0.746896 0.951304 0.048536 0.084170
0 0.030608 0.768026 0.051988 0.080879
0 0.700195 0.374133 0.046533 0.077363
0 0.428761 0.695825 0.046417 0.074492
0 0.520058 0.123024 0.044700 0.072762
0 0.670247 0.930655 0.049631 0.077018
0 0.336316 0.046188 0.053113 0.083961
0 0.847398 0.615693 0.048090 0.075323
0 0.484742 0.700880 0.045360 0.071460
0 0.956058 0.764042 0.050068 0.072184
0 0.609219 0.796662 0.049782 0.081248
0 0.305368 0.477281 0.051829 0.078574
0 0.955371 0.385392 0.049497 0.080352
0 0.942991 0.476573 0.050270 0.082413
0 0.195109 0.767685 0.056565 0.078206
0 0.166354 0.071159 0.046182 0.077706
0 0.536535 0.587006 0.050328 0.072699
0 0.280502 0.386807 0.050883 0.077906
0 0.899753 0.127193 0.050699 0.077536
0 0.674646 0.702450 0.047084 0.072802
0 0.209800 0.252865 0.049485 0.082008
0 0.111910 0.652562 0.051834 0.082247
0 0.131427 0.229376 0.052555 0.073830
0 0.465405 0.616043 0.049380 0.074310
0 0.328583 0.591580 0.048217 0.069987
0 0.368433 0.228579 0.052721 0.071421
0 0.556127 0.653253 0.050194 0.070466
0 0.091351 0.183016 0.050227 0.068042
0 0.136091 0.307061 0.056561 0.074253
0 0.814526 0.125865 0.053382 0.080467
0 0.463364 0.156227 0.052315 0.082333
0 0.875307 0.541465 0.048666 0.079201
0 0.402765 0.519228 0.047731 0.076043
0 0.357796 0.416453 0.048803 0.079321
0 0.350182 0.837469 0.052950 0.081765
0 0.911490 0.606950 0.052557 0.083351
0 0.601467 0.358576 0.052416 0.082244
0 0.613722 0.642082 0.046025 0.074739
0 0.897297 0.358651 0.058585 0.093076
0 0.339901 0.162847 0.054274 0.084935
0 0.551443 0.225515 0.053391 0.080228
0 0.606534 0.194754 0.051143 0.081797
0 0.418173 0.363210 0.049749 0.079024
0 0.056459 0.422043 0.052115 0.084301
0 0.144149 0.583141 0.058807 0.079384
0 0.242214 0.319134 0.059357 0.080872
0 0.688943 0.628172 0.050936 0.073959
0 0.754126 0.255205 0.052646 0.087576
0 0.326962 0.711924 0.049899 0.078438
0 0.591187 0.525004 0.049514 0.078756
0 0.219850 0.060565 0.054336 0.070483
1 0.265256 0.642431 0.060051 0.064362
1 0.873953 0.275924 0.048353 0.072706
2 0.095631 0.135876 0.017157 0.028605
2 0.141644 0.155542 0.024956 0.029797
2 0.252777 0.109654 0.019497 0.030989
2 0.381458 0.052443 0.025736 0.033373
2 0.801814 0.056615 0.022617 0.032181
2 0.748782 0.194279 0.021057 0.033373
2 0.909048 0.499404 0.023396 0.033373
2 0.756191 0.407032 0.024956 0.029797
2 0.524566 0.547676 0.018717 0.027414
2 0.434880 0.816448 0.023396 0.030989
2 0.332325 0.910608 0.021057 0.028605
2 0.649347 0.731228 0.020277 0.027414
2 0.768279 0.699642 0.019497 0.028605
2 0.874733 0.936234 0.018717 0.022646
1 0.149101 0.464554 0.045295 0.091743
1 0.773134 0.447873 0.048024 0.081735