0 0.946568 0.699125 0.042438 0.069763
0 0.167293 0.001578 0.044151 0.003109
0 0.973646 0.720186 0.048824 0.072672
0 0.634038 0.001537 0.033944 0.003032
0 0.085505 0.002013 0.040649 0.004012
0 0.985161 0.949603 0.027939 0.083617
0 0.001848 0.112443 0.003697 0.070901
0 0.992064 0.887524 0.014554 0.053664
0 0.993805 0.771202 0.010875 0.047201
0 0.009436 0.988461 0.018872 0.020988
0 0.996818 0.494257 0.005801 0.063340
0 0.004848 0.928068 0.009695 0.073016
0 0.003693 0.486210 0.007385 0.061108
0 0.004952 0.837337 0.009905 0.066352
0 0.756386 0.990657 0.042926 0.016697
0 0.313324 0.992428 0.043870 0.013669
0 0.438416 0.990900 0.041673 0.016765
0 0.848882 0.830374 0.048916 0.072614
0 0.007314 0.402456 0.014629 0.071859
0 0.682729 0.008208 0.041889 0.016415
0 0.007094 0.313453 0.014187 0.078158
0 0.816239 0.809665 0.052327 0.081986
0 0.577614 0.988806 0.043018 0.020190
0 0.330307 0.715685 0.053760 0.076570
0 0.203027 0.986294 0.052652 0.025828
0 0.105780 0.984577 0.048807 0.029007
0 0.299012 0.793849 0.041450 0.064263
0 0.522679 0.974632 0.049973 0.048570
0 0.893126 0.977104 0.053710 0.043178
0 0.678261 0.904400 0.057302 0.070387
0 0.333455 0.873115 0.051733 0.085278
0 0.388139 0.805677 0.055685 0.075146
0 0.197092 0.930452 0.049213 0.071566
0 0.233966 0.617706 0.052474 0.072170
0 0.987727 0.237891 0.022753 0.081202
0 0.259657 0.688664 0.050456 0.079829
0 0.040804 0.936460 0.052418 0.082095
0 0.496291 0.910393 0.052928 0.081214
0 0.358240 0.585432 0.050031 0.088797
0 0.474012 0.023324 0.049574 0.046647
0 0.405985 0.884838 0.056418 0.080971
0 0.424409 0.705039 0.053349 0.070297
0 0.647610 0.840048 0.050130 0.077732
0 0.828637 0.906648 0.058648 0.082385
0 0.723792 0.954422 0.051781 0.086040
0 0.623882 0.928930 0.049900 0.079848
0 0.231233 0.869223 0.052486 0.079957
0 0.880120 0.763785 0.054308 0.086280
0 0.340583 0.491401 0.045125 0.071411
0 0.758133 0.869294 0.050102 0.083786
0 0.335999 0.017382 0.052198 0.034764
0 0.143603 0.790687 0.055893 0.081800
0 0.665241 0.601017 0.048193 0.078972
0 0.560338 0.915875 0.055396 0.081946
0 0.164775 0.341884 0.053371 0.071135
0 0.844641 0.681985 0.053955 0.080614
0 0.700966 0.659902 0.047858 0.071783
0 0.896848 0.634052 0.052567 0.075288
0 0.119138 0.892799 0.054930 0.085830
0 0.920732 0.884379 0.052293 0.075322
0 0.448528 0.795435 0.051506 0.086781
0 0.512897 0.750915 0.054005 0.081549
0 0.698588 0.804201 0.061762 0.089587
0 0.203973 0.504783 0.055390 0.078472
0 0.626885 0.675281 0.059803 0.074215
0 0.127364 0.650926 0.051523 0.088078
0 0.695131 0.526834 0.051458 0.085671
0 0.752002 0.465505 0.056588 0.077267
0 0.206381 0.748213 0.070164 0.111548
0 0.453058 0.628613 0.052868 0.077632
0 0.829909 0.511308 0.051745 0.083779
0 0.951023 0.022098 0.054075 0.044195
0 0.524112 0.516818 0.048540 0.077339
0 0.118677 0.408044 0.053240 0.082496
0 0.130730 0.037610 0.053403 0.075220
0 0.764048 0.682738 0.061472 0.091560
0 0.073734 0.685489 0.054382 0.095223
0 0.025029 0.226152 0.050058 0.102136
0 0.241660 0.027656 0.049599 0.055311
0 0.815229 0.359716 0.054644 0.089100
0 0.391353 0.422878 0.053870 0.086909
0 0.031816 0.059637 0.052015 0.076991
0 0.264330 0.541676 0.062814 0.098412
0 0.265755 0.089224 0.046118 0.074007
0 0.794829 0.275262 0.053480 0.091288
0 0.966538 0.518882 0.050763 0.077781
0 0.646707 0.296018 0.054324 0.082881
0 0.189034 0.416617 0.053981 0.087421
0 0.694156 0.057930 0.049757 0.074489
0 0.574343 0.477609 0.054270 0.087996
0 0.320911 0.075715 0.056605 0.083679
0 0.078428 0.318668 0.052528 0.082962
0 0.136096 0.539126 0.056894 0.114616
0 0.642293 0.496966 0.046319 0.089522
0 0.755365 0.364438 0.055421 0.090074
0 0.429372 0.156744 0.052109 0.073684
0 0.434862 0.070322 0.050460 0.081226
0 0.545367 0.047740 0.053230 0.084777
0 0.101600 0.193349 0.047605 0.073959
0 0.971042 0.098368 0.054050 0.077700
0 0.795965 0.032045 0.052144 0.064090
0 0.479860 0.343345 0.053733 0.079704
0 0.887880 0.419394 0.067381 0.077108
0 0.465604 0.219091 0.046260 0.072393
0 0.410214 0.339990 0.050997 0.076513
0 0.885819 0.316521 0.049162 0.078366
0 0.154285 0.260268 0.050447 0.081982
0 0.760804 0.102913 0.054780 0.082601
0 0.556006 0.206364 0.049249 0.080809
0 0.946171 0.296422 0.048646 0.084941
0 0.855161 0.233622 0.054882 0.085974
0 0.649764 0.188500 0.052843 0.084204
0 0.294891 0.303145 0.058687 0.092359
0 0.354514 0.249371 0.053675 0.087051
1 0.268765 0.203814 0.053032 0.069130
1 0.498830 0.417759 0.042114 0.079857
1 0.554592 0.656734 0.031975 0.073897
1 0.367420 0.692491 0.046013 0.061979
2 0.315168 0.134088 0.027296 0.032181
2 0.641939 0.033969 0.027296 0.039333
2 0.534705 0.384386 0.029636 0.046484
2 0.719927 0.580453 0.027296 0.038141
2 0.733965 0.529797 0.022617 0.041716
2 0.296451 0.914184 0.035095 0.050060
2 0.313608 0.592372 0.028856 0.050060