0 0.544595 0.002965 0.043278 0.005930
0 0.002660 0.753114 0.005266 0.055857
0 0.990608 0.003828 0.017842 0.007447
0 0.353875 0.994860 0.043106 0.008928
0 0.873908 0.004764 0.046989 0.009528
0 0.006849 0.924088 0.013699 0.066919
0 0.190003 0.991124 0.041396 0.015068
0 0.235989 0.006956 0.045528 0.013913
0 0.006106 0.236668 0.012212 0.062274
0 0.073543 0.008066 0.037327 0.016132
0 0.993221 0.355020 0.012378 0.083988
0 0.114671 0.984319 0.047264 0.028345
0 0.989340 0.443790 0.019747 0.073628
0 0.011869 0.043745 0.023685 0.075600
0 0.471387 0.981778 0.055595 0.033362
0 0.031218 0.964455 0.055878 0.067993
0 0.023879 0.430809 0.047758 0.079876
0 0.721726 0.972402 0.049529 0.052382
0 0.765612 0.728601 0.045242 0.074729
0 0.400842 0.938100 0.067276 0.101336
0 0.980133 0.661417 0.038006 0.076441
0 0.096694 0.939131 0.060421 0.067744
0 0.978951 0.534607 0.040388 0.078436
0 0.844527 0.751649 0.048608 0.075324
0 0.215535 0.613337 0.049424 0.073888
0 0.409174 0.029630 0.055014 0.059261
0 0.210921 0.040448 0.046602 0.065751
0 0.262172 0.546569 0.050519 0.078571
0 0.810804 0.689033 0.056086 0.076025
0 0.645267 0.932656 0.052144 0.077683
0 0.900967 0.962696 0.054748 0.071763
0 0.446532 0.083024 0.055212 0.078472
0 0.684416 0.023617 0.050502 0.047234
0 0.785701 0.804567 0.054981 0.075898
0 0.307857 0.884352 0.055241 0.082630
0 0.056013 0.600956 0.050912 0.074148
0 0.639799 0.844371 0.055931 0.072384
0 0.950388 0.021699 0.051414 0.043398
0 0.435292 0.828575 0.051117 0.077779
0 0.321780 0.359934 0.048820 0.073089
0 0.918723 0.885901 0.052541 0.075122
0 0.301661 0.690878 0.053297 0.075269
0 0.573954 0.842828 0.058219 0.076288
0 0.492448 0.910172 0.065237 0.083628
0 0.685782 0.750427 0.053497 0.077677
0 0.065259 0.738523 0.048855 0.071009
0 0.053583 0.052915 0.050166 0.078127
0 0.333958 0.755252 0.053553 0.077414
0 0.537063 0.688865 0.048806 0.070433
0 0.409602 0.755820 0.062074 0.080963
0 0.358238 0.407548 0.052767 0.080635
0 0.787681 0.615242 0.053597 0.070744
0 0.705198 0.428338 0.047863 0.070423
0 0.214135 0.939521 0.047583 0.085882
0 0.219080 0.697380 0.056603 0.081246
0 0.174373 0.868241 0.047832 0.089501
0 0.109344 0.093029 0.055854 0.073797
0 0.499019 0.029850 0.054922 0.059700
0 0.778734 0.543597 0.059916 0.070096
0 0.943663 0.578971 0.049952 0.073510
0 0.608265 0.769794 0.054894 0.083309
0 0.026258 0.337386 0.047044 0.072109
0 0.491128 0.511974 0.059413 0.090883
0 0.135161 0.640739 0.050152 0.073575
0 0.789344 0.889810 0.062708 0.084308
0 0.706739 0.831098 0.053557 0.083313
0 0.796113 0.312148 0.048950 0.072308
0 0.890565 0.808746 0.057598 0.074700
0 0.465562 0.712459 0.052351 0.082083
0 0.405686 0.187425 0.050957 0.084592
0 0.070951 0.159356 0.053846 0.074616
0 0.683283 0.357710 0.047802 0.069347
0 0.272396 0.803961 0.051957 0.081876
0 0.505760 0.627577 0.055718 0.077587
0 0.596664 0.595769 0.053050 0.074626
0 0.737305 0.142848 0.050344 0.073950
0 0.599321 0.389292 0.053524 0.079667
0 0.548885 0.538432 0.052790 0.072852
0 0.137647 0.795338 0.056647 0.078165
0 0.623931 0.680673 0.053173 0.074567
0 0.113784 0.552690 0.055676 0.083152
0 0.089291 0.237243 0.048982 0.079780
0 0.395794 0.566498 0.055518 0.089246
0 0.307718 0.595594 0.052536 0.078417
0 0.787227 0.461051 0.054250 0.080723
0 0.495857 0.153773 0.047160 0.074942
0 0.852347 0.530683 0.060828 0.068614
0 0.715474 0.676414 0.056953 0.082115
0 0.704614 0.091930 0.052809 0.072867
0 0.500575 0.823356 0.056665 0.083177
0 0.285826 0.461719 0.052613 0.081198
0 0.844524 0.362495 0.062402 0.093615
0 0.317096 0.093842 0.051217 0.081559
0 0.165304 0.268014 0.048534 0.076117
0 0.184456 0.346475 0.050824 0.082938
0 0.559891 0.066901 0.048209 0.071537
0 0.648094 0.483091 0.053191 0.075556
0 0.262044 0.083713 0.053151 0.089200
0 0.175850 0.541868 0.055424 0.082141
0 0.901510 0.393134 0.052419 0.082980
0 0.721509 0.219753 0.055371 0.074118
0 0.491150 0.257693 0.054473 0.074955
0 0.088297 0.462504 0.057434 0.082244
0 0.593391 0.305402 0.055598 0.078226
0 0.652855 0.287324 0.050268 0.082344
0 0.507453 0.411228 0.057295 0.081883
0 0.101102 0.368835 0.055160 0.076724
0 0.877479 0.602309 0.053723 0.077920
0 0.537817 0.325791 0.057436 0.091588
0 0.957996 0.087758 0.055631 0.080856
0 0.940141 0.280852 0.057736 0.081366
0 0.224640 0.184751 0.059145 0.088626
0 0.835274 0.197723 0.054895 0.082430
0 0.955664 0.364716 0.056163 0.082645
1 0.354552 0.255066 0.037434 0.073897
1 0.744883 0.318832 0.049133 0.084625
1 0.986499 0.766985 0.027002 0.070322
2 0.009601 0.807509 0.019203 0.041716
2 0.132676 0.883790 0.024176 0.041716
2 0.443848 0.146007 0.030415 0.041716
2 0.675863 0.536353 0.032755 0.038141
3 0.981040 0.852205 0.037920 0.133492