0 0.379541 0.001408 0.054306 0.002816
0 0.002130 0.543504 0.004243 0.066828
0 0.260205 0.002549 0.042703 0.005059
0 0.002455 0.224525 0.004910 0.053795
0 0.995550 0.610483 0.008392 0.070762
0 0.995183 0.043831 0.008675 0.065652
0 0.904850 0.989802 0.044921 0.017841
0 0.990769 0.944030 0.016999 0.072513
0 0.783285 0.986259 0.049966 0.024944
0 0.390923 0.979138 0.044524 0.038640
0 0.336246 0.977492 0.053917 0.041979
0 0.017991 0.717118 0.035980 0.076345
0 0.632785 0.918326 0.053045 0.073541
0 0.061264 0.679637 0.057711 0.080655
0 0.662783 0.968060 0.056147 0.061113
0 0.097115 0.643112 0.046451 0.077781
0 0.850678 0.679879 0.049293 0.078126
0 0.022500 0.607699 0.045001 0.086884
0 0.069293 0.982014 0.055657 0.033718
0 0.017657 0.924144 0.035315 0.075225
0 0.914655 0.855977 0.056941 0.077553
0 0.021369 0.804627 0.042739 0.087552
0 0.614651 0.846251 0.060833 0.088291
0 0.858630 0.025635 0.049472 0.051271
0 0.887938 0.527210 0.057552 0.086232
0 0.899854 0.782455 0.054511 0.075723
0 0.956169 0.902413 0.053009 0.081607
0 0.861296 0.939685 0.044272 0.078385
0 0.700168 0.867387 0.055355 0.071917
0 0.827929 0.114804 0.049660 0.076627
0 0.301652 0.874112 0.054987 0.083929
0 0.779682 0.929762 0.053799 0.077357
0 0.906848 0.697562 0.052718 0.084757
0 0.486765 0.867895 0.046663 0.068859
0 0.829527 0.607326 0.046029 0.070407
0 0.352543 0.906175 0.052899 0.087619
0 0.773920 0.633474 0.048640 0.073755
0 0.439415 0.953047 0.051937 0.069667
0 0.174477 0.665349 0.047692 0.080265
0 0.519022 0.651748 0.052677 0.072879
0 0.150486 0.760739 0.055328 0.087337
0 0.581898 0.641662 0.057501 0.086962
0 0.022521 0.461628 0.045042 0.090795
0 0.427250 0.420112 0.051144 0.084891
0 0.470298 0.455247 0.049225 0.076281
0 0.233825 0.693577 0.049702 0.074583
0 0.471612 0.604499 0.050512 0.076179
0 0.909807 0.599501 0.060887 0.083465
0 0.485973 0.523724 0.046769 0.066951
0 0.214467 0.933354 0.052767 0.089261
0 0.507274 0.757118 0.052942 0.079536
0 0.727061 0.752575 0.055161 0.086865
0 0.141455 0.578777 0.045348 0.093814
0 0.403051 0.067774 0.059295 0.089302
0 0.652131 0.592320 0.058085 0.088549
0 0.268813 0.759146 0.057263 0.089239
0 0.203397 0.034536 0.056897 0.069071
0 0.059503 0.087057 0.056707 0.079497
0 0.032187 0.281600 0.052255 0.073077
0 0.659538 0.240521 0.053241 0.081823
0 0.254216 0.076284 0.054034 0.083246
0 0.640483 0.472254 0.055116 0.090277
0 0.406366 0.149522 0.058753 0.093465
0 0.263953 0.156249 0.043931 0.072358
0 0.710001 0.188077 0.058286 0.089081
0 0.389461 0.372285 0.048363 0.083179
0 0.640835 0.156950 0.054254 0.084609
0 0.374564 0.574515 0.047473 0.087442
0 0.307227 0.490986 0.055310 0.088799
0 0.694530 0.363015 0.051734 0.087342
0 0.127003 0.138375 0.052564 0.075248
1 0.366640 0.658522 0.031975 0.060787
1 0.874733 0.134684 0.046793 0.102503
2 0.134625 0.684148 0.037434 0.059595
2 0.680153 0.532777 0.028856 0.042908