0 0.996797 0.666846 0.006047 0.063213
0 0.383665 0.002985 0.043320 0.005969
0 0.259526 0.993407 0.042681 0.011153
0 0.247527 0.004666 0.027396 0.009332
0 0.996748 0.889401 0.005787 0.059410
0 0.996464 0.398779 0.006351 0.061728
0 0.004879 0.350365 0.009757 0.060708
0 0.012300 0.981454 0.024587 0.034609
0 0.995414 0.792187 0.008241 0.071258
0 0.799998 0.989091 0.042388 0.019086
0 0.424042 0.984786 0.058738 0.027432
0 0.208074 0.982002 0.050685 0.033199
0 0.284659 0.011183 0.051400 0.022367
0 0.131122 0.857238 0.048264 0.094126
0 0.046776 0.959592 0.062400 0.077829
0 0.105101 0.012709 0.052901 0.025417
0 0.076811 0.879502 0.051906 0.085435
0 0.013394 0.427322 0.026775 0.078015
0 0.028165 0.827603 0.056330 0.100104
0 0.550308 0.975775 0.054054 0.045477
0 0.900627 0.955937 0.047515 0.069016
0 0.839058 0.939149 0.057505 0.085224
0 0.477149 0.762277 0.046929 0.071029
0 0.881033 0.880042 0.047818 0.073405
0 0.116748 0.762146 0.056195 0.081084
0 0.976526 0.022439 0.045353 0.044860
0 0.025259 0.678734 0.050508 0.089516
0 0.678396 0.715244 0.047812 0.070536
0 0.171195 0.920264 0.063362 0.109344
0 0.682412 0.955514 0.047883 0.085655
0 0.281020 0.105549 0.061500 0.078050
0 0.289688 0.680942 0.051906 0.080313
0 0.736213 0.550976 0.049341 0.069482
0 0.412473 0.658974 0.049992 0.075708
0 0.254075 0.052233 0.054084 0.072946
0 0.584501 0.872902 0.052915 0.083726
0 0.183399 0.795412 0.048571 0.078205
0 0.327256 0.740005 0.058935 0.074191
0 0.457882 0.694100 0.056542 0.085209
0 0.646309 0.655753 0.051930 0.076936
0 0.981545 0.325844 0.035643 0.081724
0 0.724257 0.025357 0.051065 0.050674
0 0.094787 0.661598 0.050309 0.082869
0 0.629427 0.821797 0.051137 0.079030
0 0.502710 0.850501 0.062872 0.090395
0 0.510594 0.526508 0.052512 0.084810
0 0.731843 0.922337 0.056404 0.087667
0 0.815886 0.835747 0.052744 0.085571
0 0.977498 0.541625 0.044128 0.091917
0 0.716829 0.768094 0.055215 0.085157
0 0.693859 0.511779 0.051329 0.081812
0 0.470970 0.117685 0.051258 0.082744
0 0.029948 0.065248 0.059795 0.083407
0 0.437107 0.028929 0.057541 0.057858
0 0.545038 0.092069 0.056065 0.083409
0 0.352313 0.822885 0.057809 0.088995
0 0.276817 0.929863 0.053571 0.086469
0 0.261452 0.421073 0.046240 0.078669
0 0.888322 0.025769 0.058786 0.051538
0 0.583809 0.032949 0.053651 0.065899
0 0.022456 0.229458 0.044911 0.080823
0 0.223056 0.679388 0.058570 0.084217
0 0.290648 0.182186 0.050448 0.064947
0 0.553734 0.614910 0.051070 0.075704
0 0.916320 0.128282 0.046123 0.065429
0 0.079912 0.580467 0.052243 0.073484
0 0.474726 0.438467 0.054906 0.087385
0 0.844516 0.716359 0.052286 0.087943
0 0.934801 0.764781 0.049356 0.077741
0 0.382374 0.571149 0.054182 0.084020
0 0.634696 0.242788 0.052974 0.081806
0 0.619993 0.536465 0.056475 0.082309
0 0.823269 0.425552 0.050156 0.086472
0 0.244679 0.539900 0.060445 0.088624
0 0.834490 0.105892 0.058646 0.090277
0 0.683160 0.384798 0.055811 0.086820
0 0.109903 0.343792 0.050404 0.083080
0 0.726940 0.109840 0.069339 0.106837
0 0.582864 0.157418 0.056572 0.084671
0 0.165707 0.613428 0.054746 0.087578
0 0.783751 0.161316 0.058186 0.083216
0 0.165147 0.386339 0.056539 0.086083
0 0.459959 0.578305 0.057474 0.085198
0 0.951443 0.197830 0.053179 0.082992
0 0.862324 0.362005 0.054101 0.081698
0 0.370004 0.218309 0.049689 0.075522
0 0.675339 0.170796 0.052847 0.089922
0 0.716820 0.322075 0.055708 0.074562
0 0.511180 0.194359 0.055606 0.086769
0 0.145027 0.112077 0.058055 0.084921
0 0.913637 0.643811 0.059134 0.096903
0 0.321540 0.382716 0.055965 0.086541
0 0.811091 0.238245 0.057736 0.083847
0 0.822681 0.570164 0.057187 0.084291
0 0.559624 0.373675 0.053014 0.083353
0 0.195069 0.247762 0.057405 0.084858
1 0.443459 0.196663 0.043673 0.057211
1 0.422792 0.792610 0.060051 0.042908
2 0.021932 0.309297 0.042894 0.056019
2 0.030511 0.755066 0.030415 0.056019
2 0.167770 0.690703 0.030415 0.046484
2 0.367810 0.899881 0.032755 0.045292
2 0.607234 0.284863 0.026516 0.040524