0 0.711652 0.005563 0.032524 0.011040
0 0.995577 0.952697 0.007333 0.042982
0 0.004345 0.863222 0.008690 0.055026
0 0.446077 0.006403 0.042796 0.012806
0 0.005093 0.109634 0.010187 0.059933
0 0.114440 0.989842 0.038096 0.017677
0 0.295866 0.456194 0.036682 0.046364
0 0.009135 0.941136 0.018270 0.066876
0 0.991070 0.049862 0.016381 0.069584
0 0.992029 0.363505 0.014329 0.065596
0 0.125198 0.887683 0.040224 0.075067
0 0.086375 0.889626 0.045983 0.081496
0 0.389675 0.742060 0.045195 0.083188
0 0.420321 0.866985 0.049019 0.076802
0 0.553238 0.207448 0.048896 0.074234
0 0.448506 0.509432 0.035891 0.079709
0 0.707053 0.979087 0.047294 0.038820
0 0.515908 0.014874 0.047062 0.029748
0 0.015449 0.549506 0.030897 0.074638
0 0.376786 0.982016 0.051222 0.032586
0 0.398911 0.936604 0.044163 0.056569
0 0.783075 0.807826 0.051611 0.087310
0 0.042192 0.973087 0.051433 0.050687
0 0.101853 0.455595 0.052147 0.074235
0 0.302892 0.412561 0.054142 0.060954
0 0.666891 0.948802 0.050297 0.078475
0 0.142619 0.817728 0.043940 0.073388
0 0.243641 0.976587 0.053758 0.043677
0 0.445184 0.971813 0.048258 0.053287
0 0.256143 0.495180 0.048695 0.080704
0 0.023178 0.625450 0.046355 0.072036
0 0.112595 0.525649 0.055275 0.075441
0 0.980539 0.790904 0.037044 0.078533
0 0.524546 0.260208 0.049690 0.078356
0 0.727761 0.907022 0.050147 0.074329
0 0.021151 0.408689 0.042301 0.072832
0 0.479482 0.835050 0.047702 0.072320
0 0.785038 0.686660 0.044152 0.070475
0 0.416602 0.530003 0.055233 0.078213
0 0.983489 0.225050 0.031095 0.097785
0 0.741716 0.826591 0.047374 0.074625
0 0.586195 0.152868 0.048992 0.074148
0 0.625084 0.914836 0.047339 0.066321
0 0.173104 0.688534 0.048443 0.058208
0 0.363384 0.026812 0.056578 0.053625
0 0.022572 0.720713 0.045143 0.078822
0 0.689459 0.874838 0.044929 0.076415
0 0.819321 0.741850 0.054924 0.080118
0 0.087555 0.806954 0.055999 0.070368
0 0.376188 0.859781 0.053749 0.090893
0 0.471479 0.434028 0.051839 0.078518
0 0.948117 0.644376 0.047095 0.083130
0 0.191644 0.876090 0.051217 0.076595
0 0.423643 0.790291 0.050873 0.068734
0 0.586268 0.074628 0.047988 0.071389
0 0.263326 0.695712 0.046893 0.082668
0 0.956772 0.266042 0.050518 0.065146
0 0.223653 0.440319 0.045465 0.077267
0 0.899117 0.749220 0.050333 0.074445
0 0.636518 0.101673 0.049338 0.072927
0 0.446437 0.047303 0.055893 0.065558
0 0.976765 0.699795 0.044266 0.080112
0 0.623678 0.029652 0.047506 0.059304
0 0.319796 0.950892 0.048356 0.072857
0 0.493501 0.761447 0.048560 0.071744
0 0.504958 0.126727 0.048500 0.083052
0 0.288598 0.020906 0.050869 0.041812
0 0.830373 0.266256 0.048978 0.074860
0 0.635174 0.407450 0.048866 0.074862
0 0.456328 0.202763 0.047479 0.073658
0 0.298199 0.538755 0.055344 0.076403
0 0.796132 0.958436 0.047517 0.070841
0 0.960164 0.334460 0.053681 0.073684
0 0.356672 0.145736 0.046832 0.072573
0 0.366559 0.693333 0.051496 0.079338
0 0.517966 0.881015 0.050505 0.074740
0 0.654629 0.174833 0.052992 0.076113
0 0.447307 0.121226 0.053165 0.074354
0 0.862821 0.802350 0.049236 0.082932
0 0.148348 0.424394 0.046843 0.076758
0 0.020886 0.213564 0.041771 0.083845
0 0.604045 0.342084 0.046960 0.072742
0 0.600416 0.474775 0.047771 0.079820
0 0.761317 0.408111 0.049713 0.064314
0 0.871496 0.684045 0.047767 0.071619
0 0.868913 0.215536 0.050858 0.080038
0 0.580083 0.703400 0.044989 0.081815
0 0.665548 0.330612 0.046341 0.071765
0 0.072078 0.702528 0.047654 0.076878
0 0.961584 0.031009 0.048175 0.062017
0 0.214649 0.358056 0.052902 0.081337
0 0.910787 0.611209 0.050386 0.076951
0 0.730368 0.722865 0.047801 0.080275
0 0.080024 0.119167 0.049414 0.072053
0 0.579626 0.265449 0.044318 0.070992
0 0.829857 0.635358 0.049229 0.071919
0 0.101543 0.037263 0.049900 0.074498
0 0.182077 0.495614 0.049769 0.075024
0 0.945698 0.948884 0.051538 0.075266
0 0.851217 0.911115 0.046119 0.073382
0 0.928542 0.873126 0.047634 0.076569
0 0.311663 0.679418 0.046992 0.077805
0 0.241153 0.903881 0.050952 0.081295
0 0.703334 0.049496 0.050545 0.077969
0 0.572149 0.886657 0.046776 0.078214
0 0.399517 0.453259 0.049577 0.074557
0 0.684912 0.767470 0.050920 0.080924
0 0.117115 0.170598 0.054848 0.086135
0 0.725495 0.468320 0.046990 0.071118
0 0.529296 0.705840 0.051140 0.075604
0 0.177629 0.760654 0.051955 0.078765
0 0.843014 0.085575 0.048777 0.077105
0 0.749433 0.639189 0.052225 0.073831
0 0.026769 0.303720 0.048976 0.083617
0 0.439226 0.350455 0.043634 0.070337
0 0.833219 0.161842 0.048008 0.070893
0 0.877712 0.295541 0.050334 0.072220
0 0.168109 0.594340 0.057069 0.092299
0 0.740948 0.233213 0.046737 0.071069
0 0.709936 0.377873 0.050591 0.082338
0 0.630295 0.262186 0.047552 0.078893
0 0.225691 0.116015 0.053037 0.079750
0 0.789738 0.551715 0.054357 0.089666
0 0.560624 0.530486 0.049175 0.075431
0 0.259739 0.599499 0.051020 0.078747
0 0.833084 0.485678 0.053731 0.075883
0 0.234660 0.281239 0.049269 0.079647
0 0.338653 0.594975 0.050282 0.076880
0 0.329403 0.234314 0.051839 0.079111
0 0.080196 0.324898 0.047501 0.075687
0 0.425290 0.684106 0.052047 0.076692
0 0.928051 0.197992 0.050788 0.079822
0 0.667482 0.613580 0.046260 0.085395
0 0.149519 0.282346 0.050226 0.074074
0 0.848211 0.383762 0.050423 0.076148
0 0.770781 0.328682 0.051018 0.079388
0 0.685775 0.249531 0.051339 0.086757
0 0.511408 0.624547 0.052519 0.081456
0 0.844824 0.564524 0.051166 0.070925
0 0.513478 0.375889 0.052744 0.085859
0 0.298816 0.338465 0.050881 0.078411
0 0.663665 0.481778 0.048921 0.081255
0 0.494954 0.536493 0.054013 0.078960
0 0.746462 0.143753 0.053338 0.075189
0 0.904147 0.451433 0.055464 0.086277
0 0.904370 0.099836 0.048456 0.085388
1 0.405244 0.167461 0.053032 0.067938
2 0.236790 0.030393 0.031195 0.053635
2 0.765550 0.752086 0.028076 0.040524
2 0.914117 0.677592 0.025736 0.039333