0 0.996776 0.456861 0.005858 0.063390
0 0.002550 0.273653 0.005100 0.066365
0 0.995835 0.713225 0.007769 0.063880
0 0.003454 0.789420 0.006877 0.073101
0 0.004464 0.598826 0.008914 0.072924
0 0.378465 0.005174 0.044782 0.010347
0 0.007864 0.458081 0.015716 0.071329
0 0.738874 0.987668 0.055888 0.021798
0 0.108648 0.890416 0.060130 0.072916
0 0.052844 0.986506 0.051716 0.025074
0 0.173600 0.010158 0.049019 0.020316
0 0.976390 0.981773 0.045604 0.033742
0 0.923803 0.014181 0.047165 0.028354
0 0.146792 0.887157 0.051826 0.091768
0 0.932906 0.254049 0.053777 0.078364
0 0.985566 0.279972 0.027429 0.070109
0 0.952102 0.200078 0.059605 0.078472
0 0.973689 0.023874 0.050536 0.047747
0 0.016226 0.172155 0.032447 0.076734
0 0.621668 0.303588 0.062811 0.075372
0 0.099370 0.964862 0.055432 0.068580
0 0.308503 0.023611 0.061609 0.047221
0 0.628536 0.449707 0.060053 0.081467
0 0.396559 0.439787 0.054339 0.083216
0 0.261526 0.758648 0.054705 0.079536
0 0.981025 0.642969 0.036622 0.077742
0 0.025145 0.940313 0.050237 0.080936
0 0.220301 0.274163 0.060488 0.081942
0 0.978051 0.775296 0.042688 0.080965
0 0.023838 0.734010 0.047676 0.074477
0 0.492906 0.643150 0.057898 0.071454
0 0.029805 0.045997 0.054076 0.089459
0 0.425891 0.944318 0.054686 0.077501
0 0.451047 0.437151 0.055175 0.089725
0 0.191804 0.147768 0.055322 0.085413
0 0.406351 0.598333 0.057921 0.081755
0 0.240517 0.176921 0.053102 0.087252
0 0.356359 0.397548 0.056300 0.083983
0 0.526293 0.861770 0.062906 0.089882
0 0.486139 0.562917 0.059345 0.081128
0 0.187285 0.059431 0.052310 0.079540
0 0.206224 0.930729 0.065161 0.077824
0 0.812591 0.427618 0.074734 0.082768
0 0.793841 0.636784 0.058052 0.085528
0 0.188485 0.328680 0.063081 0.090886
0 0.597395 0.865380 0.057208 0.086606
0 0.850322 0.648468 0.051976 0.078909
0 0.423305 0.522012 0.059142 0.081578
0 0.046930 0.218994 0.055853 0.079736
0 0.680693 0.579386 0.060820 0.087506
0 0.457656 0.754999 0.067549 0.093680
0 0.266487 0.409257 0.053639 0.075375
0 0.682670 0.484326 0.062528 0.095989
0 0.748328 0.910965 0.067660 0.085204
0 0.446441 0.032931 0.053368 0.065862
0 0.619019 0.046197 0.060647 0.091643
0 0.970603 0.366356 0.057755 0.085820
0 0.856313 0.566181 0.053631 0.074347
0 0.803506 0.843191 0.056399 0.085534
0 0.326750 0.943266 0.053889 0.084421
0 0.341693 0.081779 0.052484 0.090582
0 0.580367 0.388090 0.064352 0.094987
0 0.418995 0.681566 0.061962 0.090574
0 0.351919 0.820597 0.051660 0.078418
0 0.533158 0.513243 0.060369 0.090382
0 0.213838 0.739905 0.055388 0.083357
0 0.735717 0.543330 0.056482 0.082233
0 0.547513 0.783675 0.061330 0.084161
0 0.467492 0.318846 0.065183 0.099830
0 0.172752 0.806158 0.055685 0.081715
0 0.869775 0.897447 0.056516 0.083211
0 0.100448 0.260515 0.054746 0.071976
0 0.122505 0.105240 0.054920 0.083337
0 0.289569 0.594091 0.053621 0.077862
0 0.077365 0.417478 0.053669 0.067368
0 0.401956 0.339006 0.061611 0.093652
0 0.492286 0.127349 0.059323 0.088753
0 0.088663 0.633245 0.053979 0.082354
0 0.937729 0.891708 0.054597 0.077831
0 0.346256 0.596512 0.055267 0.089155
0 0.877492 0.493664 0.059437 0.077713
0 0.725133 0.228088 0.055572 0.080927
0 0.672264 0.373336 0.062739 0.090519
0 0.660175 0.870551 0.060787 0.100361
0 0.034743 0.506849 0.053150 0.086597
0 0.656857 0.147415 0.058035 0.081879
0 0.301724 0.508587 0.057722 0.087020
0 0.120054 0.561540 0.058689 0.084640
0 0.093859 0.343549 0.060208 0.078350
0 0.768715 0.278473 0.051569 0.077282
0 0.626324 0.736282 0.061748 0.094529
0 0.145418 0.684924 0.058950 0.091445
0 0.538207 0.047243 0.060545 0.087649
0 0.550622 0.184549 0.058622 0.087510
0 0.381736 0.150371 0.063576 0.088743
0 0.954836 0.463936 0.056023 0.086966
0 0.368606 0.243333 0.058645 0.087312
1 0.265256 0.338498 0.052252 0.054827
1 0.283583 0.839094 0.048353 0.081049
1 0.879803 0.329559 0.085007 0.089392