0 0.004015 0.983136 0.008031 0.031346
0 0.005524 0.790213 0.011048 0.063480
0 0.138959 0.921013 0.056584 0.055625
0 0.006120 0.923790 0.012240 0.073844
0 0.192109 0.609308 0.051390 0.084865
0 0.557953 0.688627 0.056121 0.069257
0 0.974829 0.632032 0.048394 0.078155
0 0.584287 0.658295 0.062279 0.084359
0 0.147918 0.627220 0.054212 0.078743
0 0.149647 0.959339 0.058909 0.078034
0 0.938200 0.612503 0.061959 0.075859
0 0.121482 0.528963 0.050740 0.074584
0 0.024715 0.087203 0.049183 0.070473
0 0.010068 0.242159 0.020135 0.080422
0 0.020734 0.530661 0.041468 0.067071
0 0.093521 0.955892 0.051073 0.084091
0 0.988088 0.708209 0.022101 0.081015
0 0.391435 0.115002 0.053220 0.066429
0 0.379445 0.985457 0.056936 0.025954
0 0.319000 0.988212 0.048721 0.020558
0 0.023787 0.593451 0.047573 0.094376
0 0.988118 0.045051 0.022127 0.088889
0 0.058063 0.052682 0.050408 0.071939
0 0.482642 0.934316 0.056109 0.088900
0 0.380102 0.075541 0.054457 0.065855
0 0.013414 0.419743 0.026829 0.085619
0 0.709372 0.981369 0.047810 0.033998
0 0.157441 0.492973 0.056703 0.077249
0 0.438512 0.974264 0.053001 0.048135
0 0.025417 0.157732 0.050833 0.090353
0 0.378271 0.934543 0.061173 0.074540
0 0.079366 0.552137 0.054066 0.080074
0 0.091080 0.871275 0.052262 0.081512
0 0.062216 0.661608 0.065091 0.076336
0 0.027719 0.729369 0.055266 0.081681
0 0.131996 0.709785 0.048775 0.082220
0 0.362437 0.865417 0.052931 0.083319
0 0.738589 0.618149 0.070951 0.081247
0 0.310020 0.757984 0.061369 0.074983
0 0.037837 0.832523 0.062906 0.075704
0 0.312738 0.833407 0.056203 0.081485
0 0.803227 0.286292 0.055925 0.075755
0 0.935716 0.962714 0.053833 0.071150
0 0.532797 0.467350 0.056912 0.088226
0 0.484920 0.444352 0.053854 0.076916
0 0.125022 0.036098 0.058873 0.072196
0 0.718734 0.205011 0.054169 0.077092
0 0.815670 0.229631 0.056769 0.076014
0 0.737344 0.844076 0.053497 0.078536
0 0.683088 0.654795 0.054898 0.086733
0 0.911450 0.675236 0.058081 0.073807
0 0.536759 0.970919 0.056744 0.054836
0 0.699363 0.904892 0.056370 0.085510
0 0.024806 0.336654 0.049612 0.081490
0 0.185227 0.735175 0.058004 0.081921
0 0.737099 0.151234 0.058723 0.081902
0 0.622949 0.020259 0.060284 0.040519
0 0.680447 0.781349 0.056037 0.094672
0 0.974522 0.185857 0.048846 0.096494
0 0.377620 0.018666 0.059030 0.037331
0 0.765115 0.954855 0.062403 0.085405
0 0.055109 0.421494 0.052716 0.088229
0 0.166239 0.842765 0.059178 0.084684
0 0.535820 0.764656 0.059585 0.091617
0 0.971868 0.494879 0.053782 0.087115
0 0.118697 0.113081 0.063606 0.080900
0 0.942449 0.755631 0.064460 0.088170
0 0.612987 0.588200 0.062912 0.091459
0 0.906741 0.876580 0.056925 0.092223
0 0.964516 0.868563 0.060681 0.089549
0 0.642495 0.892503 0.054417 0.094096
0 0.141867 0.378710 0.051362 0.078574
0 0.244919 0.563141 0.051708 0.085251
0 0.369165 0.738369 0.055269 0.094719
0 0.079954 0.260525 0.060806 0.086548
0 0.250758 0.681212 0.057615 0.083766
0 0.867330 0.788867 0.058601 0.082697
0 0.260707 0.024984 0.060474 0.049923
0 0.459117 0.723704 0.058299 0.082154
0 0.418054 0.652622 0.056854 0.085233
0 0.688940 0.038838 0.055067 0.077676
0 0.452931 0.040164 0.056805 0.079664
0 0.916840 0.168658 0.053724 0.075601
0 0.825146 0.926885 0.064855 0.091460
0 0.585422 0.293953 0.058549 0.071802
0 0.840200 0.344519 0.053505 0.089792
0 0.907582 0.367925 0.051003 0.083393
0 0.180906 0.140040 0.060208 0.084305
0 0.426950 0.808850 0.062428 0.098215
0 0.658439 0.520688 0.057151 0.088782
0 0.376369 0.207265 0.062405 0.093098
0 0.747855 0.032357 0.059818 0.064714
0 0.715973 0.487178 0.054103 0.082062
0 0.258470 0.177593 0.059867 0.090604
0 0.725272 0.400024 0.051221 0.087834
0 0.961376 0.409211 0.063321 0.088424
0 0.393930 0.291768 0.061446 0.082070
0 0.239855 0.400248 0.054624 0.084600
0 0.540905 0.359560 0.059067 0.084917
0 0.866361 0.607630 0.058743 0.086269
0 0.635718 0.207980 0.062397 0.091513
0 0.396773 0.556231 0.059902 0.090851
0 0.734105 0.745738 0.063142 0.098818
0 0.496968 0.106711 0.055633 0.093726
0 0.200215 0.222654 0.057775 0.088659
0 0.899545 0.492156 0.055950 0.080677
0 0.588686 0.429291 0.057467 0.084125
0 0.329712 0.528319 0.066490 0.097877
0 0.874771 0.240304 0.059335 0.086841
0 0.633358 0.107125 0.063882 0.099092
0 0.824214 0.539417 0.064581 0.091013
0 0.387735 0.432930 0.058125 0.092024
0 0.143685 0.286164 0.065636 0.095836
0 0.720850 0.314385 0.050837 0.078846
0 0.658825 0.420437 0.057716 0.090454
0 0.656218 0.314724 0.057342 0.087406
0 0.444469 0.192441 0.061358 0.089005
0 0.568880 0.085630 0.062021 0.088244
0 0.316443 0.380677 0.061513 0.098731
0 0.881213 0.100948 0.059764 0.091478
1 0.293721 0.086412 0.049912 0.046484
1 0.193116 0.413588 0.034315 0.066746
1 0.465685 0.874851 0.039774 0.052443