0 0.829571 0.993567 0.035580 0.010769
0 0.013930 0.986196 0.027823 0.024984
0 0.004673 0.536516 0.009347 0.071921
0 0.994573 0.082054 0.009478 0.070338
0 0.993930 0.435746 0.010815 0.078089
0 0.671097 0.008932 0.051372 0.017865
0 0.482729 0.976757 0.051419 0.043101
0 0.012667 0.679700 0.025335 0.080124
0 0.974294 0.984573 0.048982 0.027937
0 0.523622 0.971888 0.050050 0.052697
0 0.218290 0.985851 0.052985 0.025375
0 0.013687 0.302471 0.027373 0.090024
0 0.122971 0.984750 0.061004 0.027333
0 0.728773 0.012415 0.050441 0.024829
0 0.326449 0.968861 0.053362 0.058975
0 0.452566 0.011596 0.047484 0.023167
0 0.651503 0.971099 0.057214 0.054495
0 0.040915 0.945818 0.057360 0.089775
0 0.986743 0.676065 0.024717 0.086575
0 0.861677 0.965807 0.042726 0.065109
0 0.016502 0.423244 0.033005 0.079156
0 0.513565 0.014524 0.055018 0.029049
0 0.881109 0.653205 0.055386 0.071234
0 0.140494 0.490810 0.059640 0.075145
0 0.979847 0.830677 0.038537 0.075615
0 0.025934 0.818507 0.051809 0.085911
0 0.137029 0.834418 0.049122 0.077811
0 0.341166 0.023035 0.059528 0.046069
0 0.090407 0.913404 0.059269 0.090560
0 0.768159 0.093728 0.051381 0.075276
0 0.411606 0.304030 0.050054 0.103796
0 0.165624 0.243739 0.052076 0.079277
0 0.120671 0.311512 0.052533 0.104068
0 0.364444 0.923140 0.051640 0.081250
0 0.280971 0.953552 0.061097 0.080210
0 0.763474 0.180311 0.062068 0.095137
0 0.721918 0.099374 0.052493 0.080600
0 0.217753 0.190308 0.066349 0.078871
0 0.706953 0.947186 0.055339 0.078479
0 0.395045 0.860075 0.056997 0.070544
0 0.143209 0.038929 0.054034 0.077858
0 0.088162 0.471638 0.049944 0.079742
0 0.127808 0.408533 0.058243 0.084249
0 0.047409 0.726353 0.060876 0.092067
0 0.430230 0.924133 0.052337 0.081659
0 0.965483 0.898425 0.056963 0.087821
0 0.670219 0.064966 0.062682 0.092601
0 0.261362 0.249960 0.046271 0.088561
0 0.816035 0.180381 0.051468 0.084981
0 0.253170 0.574878 0.057887 0.082001
0 0.173917 0.943841 0.052733 0.082587
0 0.600397 0.151431 0.054165 0.084538
0 0.260947 0.495763 0.059753 0.090878
0 0.268190 0.036826 0.057038 0.073653
0 0.276394 0.863590 0.059320 0.086599
0 0.101924 0.200083 0.062538 0.082689
0 0.360376 0.243308 0.060157 0.085285
0 0.778238 0.940744 0.061335 0.095287
0 0.055552 0.257892 0.045936 0.082241
0 0.514643 0.487428 0.054191 0.081567
0 0.567819 0.093026 0.060109 0.097424
0 0.689571 0.645477 0.050813 0.087771
0 0.042278 0.134317 0.057534 0.080116
0 0.668862 0.752579 0.053906 0.089642
0 0.148199 0.157334 0.057621 0.099162
0 0.057451 0.634171 0.051472 0.081464
0 0.848974 0.889253 0.055880 0.083103
0 0.233192 0.803879 0.060450 0.094257
0 0.202841 0.081746 0.060386 0.089044
0 0.829246 0.317938 0.060039 0.086977
0 0.910897 0.924840 0.058694 0.083039
0 0.267406 0.129525 0.058785 0.088114
0 0.753404 0.582155 0.050072 0.093508
0 0.037318 0.510282 0.053568 0.088833
0 0.529739 0.837965 0.052664 0.078102
0 0.327713 0.686766 0.053841 0.079688
0 0.404130 0.187947 0.053763 0.084080
0 0.792563 0.637786 0.057129 0.084606
0 0.476987 0.801543 0.046016 0.077858
0 0.583172 0.614570 0.048677 0.093372
0 0.863100 0.237394 0.056960 0.087136
0 0.643587 0.594778 0.048964 0.097957
0 0.050352 0.354634 0.055802 0.085814
0 0.562820 0.923657 0.058727 0.094982
0 0.803497 0.399160 0.052323 0.088580
0 0.615163 0.687189 0.055906 0.077731
0 0.175866 0.783613 0.052636 0.084650
0 0.913381 0.067737 0.057460 0.092633
0 0.644766 0.893982 0.056221 0.089129
0 0.809220 0.827954 0.055034 0.085787
0 0.558522 0.216373 0.059696 0.090546
0 0.347358 0.149598 0.060515 0.084990
0 0.807002 0.727146 0.060115 0.086016
0 0.453106 0.269293 0.061434 0.087628
0 0.864143 0.585954 0.063267 0.078937
0 0.904143 0.522926 0.055770 0.079906
0 0.423991 0.708926 0.053994 0.081471
0 0.466848 0.108464 0.058229 0.093112
0 0.968037 0.285566 0.060028 0.099599
0 0.916710 0.208331 0.053401 0.087391
0 0.347474 0.356262 0.056573 0.081165
0 0.179510 0.564415 0.056531 0.097390
0 0.659266 0.421914 0.060499 0.092897
0 0.196383 0.690749 0.056210 0.086314
0 0.320322 0.523297 0.053428 0.098258
0 0.921217 0.710128 0.057688 0.090124
0 0.958423 0.126403 0.061062 0.092311
0 0.269423 0.667506 0.059198 0.092465
0 0.493553 0.571912 0.059415 0.084377
0 0.935508 0.373761 0.060211 0.094072
0 0.483219 0.350749 0.056404 0.088949
0 0.845708 0.090754 0.057497 0.083038
0 0.746910 0.394250 0.052578 0.095595
0 0.831928 0.505304 0.059941 0.096926
0 0.110643 0.594638 0.063145 0.086854
0 0.394411 0.466657 0.056606 0.091250
0 0.718325 0.855277 0.061011 0.090606
0 0.188947 0.334974 0.069156 0.103222
0 0.676414 0.317767 0.063828 0.090470
0 0.263126 0.372538 0.061610 0.086195
0 0.943022 0.603313 0.062654 0.093519
0 0.544289 0.341773 0.060886 0.098134
1 0.489472 0.432062 0.035875 0.067938
1 0.694581 0.511919 0.085787 0.087008