0 0.191965 0.996262 0.043027 0.006781
0 0.997173 0.453577 0.005578 0.053769
0 0.238198 0.996709 0.042800 0.006272
0 0.002400 0.693262 0.004722 0.067341
0 0.996992 0.134322 0.005331 0.058912
0 0.003117 0.494862 0.006234 0.064328
0 0.811206 0.994477 0.050085 0.010012
0 0.145413 0.005386 0.039825 0.010772
0 0.606829 0.988193 0.043809 0.021410
0 0.221732 0.094490 0.043523 0.096454
0 0.988804 0.019432 0.021101 0.038854
0 0.938162 0.984912 0.049680 0.028305
0 0.660568 0.981700 0.055462 0.033812
0 0.012742 0.580945 0.025467 0.092572
0 0.011186 0.268452 0.022356 0.085449
0 0.977315 0.500763 0.044408 0.083917
0 0.175178 0.082441 0.058279 0.096737
0 0.513023 0.034147 0.050590 0.068280
0 0.015136 0.852799 0.030272 0.078781
0 0.987578 0.369562 0.023722 0.081435
0 0.054263 0.908532 0.055620 0.085846
0 0.467803 0.037102 0.048170 0.074002
0 0.078672 0.969143 0.057231 0.059205
0 0.984538 0.712409 0.029478 0.091446
0 0.021980 0.742814 0.043961 0.075987
0 0.562036 0.868720 0.056509 0.092016
0 0.978978 0.583105 0.040738 0.077748
0 0.658160 0.019550 0.061121 0.039088
0 0.719217 0.969318 0.055262 0.058774
0 0.311712 0.967877 0.054511 0.061501
0 0.839944 0.887404 0.056208 0.075174
0 0.435161 0.866836 0.046211 0.108200
0 0.572492 0.957475 0.059471 0.082146
0 0.975988 0.800429 0.046510 0.080157
0 0.946467 0.466889 0.055152 0.075880
0 0.981659 0.214045 0.035613 0.089029
0 0.935370 0.923662 0.054734 0.085049
0 0.881549 0.938791 0.052259 0.074188
0 0.288043 0.786976 0.050543 0.081793
0 0.339294 0.037431 0.057654 0.074801
0 0.026303 0.136944 0.052001 0.087030
0 0.053828 0.216362 0.055112 0.085292
0 0.540824 0.324125 0.057863 0.081707
0 0.524327 0.815694 0.051466 0.083623
0 0.561784 0.252024 0.065442 0.086149
0 0.464502 0.953674 0.057169 0.081115
0 0.611883 0.465190 0.064299 0.085459
0 0.132709 0.948073 0.051442 0.083320
0 0.376401 0.654547 0.050802 0.067320
0 0.614605 0.878602 0.054789 0.096760
0 0.030303 0.466695 0.046562 0.081428
0 0.871531 0.815937 0.052043 0.075430
0 0.304181 0.869617 0.064199 0.087796
0 0.047044 0.051838 0.059725 0.093180
0 0.330875 0.196862 0.058467 0.094796
0 0.922511 0.098453 0.066754 0.082526
0 0.517629 0.407076 0.060142 0.089495
0 0.290439 0.516802 0.054045 0.071011
0 0.523758 0.168893 0.059133 0.102490
0 0.356722 0.735677 0.060141 0.089496
0 0.291977 0.627967 0.057662 0.083291
0 0.202370 0.235765 0.049491 0.075557
0 0.910486 0.525236 0.049187 0.090328
0 0.053790 0.303964 0.053781 0.080138
0 0.907532 0.038001 0.050543 0.069376
0 0.928122 0.731488 0.055599 0.083952
0 0.632121 0.663493 0.047124 0.094723
0 0.421198 0.235895 0.052020 0.072998
0 0.207499 0.903440 0.054315 0.094676
0 0.733213 0.028550 0.053550 0.057092
0 0.335415 0.556352 0.054944 0.085124
0 0.823479 0.639792 0.055913 0.080166
0 0.261054 0.449763 0.053340 0.084644
0 0.799806 0.829601 0.059312 0.079446
0 0.668179 0.392440 0.051406 0.081613
0 0.165508 0.844999 0.048692 0.079863
0 0.437102 0.762143 0.051659 0.082207
0 0.438000 0.123967 0.060121 0.091865
0 0.120698 0.193448 0.059008 0.091585
0 0.551230 0.632227 0.054800 0.090076
0 0.473989 0.213046 0.052173 0.081731
0 0.571133 0.772764 0.056554 0.083976
0 0.187886 0.672847 0.053915 0.084598
0 0.581069 0.063762 0.065251 0.088743
0 0.085345 0.832658 0.055638 0.092291
0 0.088797 0.629264 0.057331 0.083379
0 0.365009 0.935898 0.058264 0.091260
0 0.096625 0.494037 0.051286 0.082789
0 0.431462 0.625022 0.055685 0.082742
0 0.861285 0.557211 0.052514 0.082789
0 0.648648 0.170590 0.047219 0.079312
0 0.394285 0.550664 0.051338 0.078382
0 0.381932 0.154994 0.052565 0.090163
0 0.506348 0.564126 0.063069 0.088188
0 0.814756 0.449437 0.054081 0.089075
0 0.874491 0.692341 0.057226 0.091318
0 0.703871 0.455448 0.055401 0.082157
0 0.768872 0.499087 0.060817 0.086418
0 0.705086 0.621180 0.051956 0.080868
0 0.241369 0.738463 0.067529 0.089883
0 0.205879 0.508242 0.060858 0.088615
0 0.435043 0.392440 0.052815 0.076846
0 0.784847 0.367484 0.062785 0.085906
0 0.831231 0.302728 0.053851 0.087910
0 0.772739 0.711652 0.054015 0.087416
0 0.204574 0.372574 0.056205 0.093489
0 0.940753 0.171755 0.063651 0.087973
0 0.353897 0.461227 0.054931 0.083081
0 0.921837 0.282528 0.058653 0.094701
0 0.688847 0.265831 0.053978 0.089579
0 0.871962 0.236422 0.057579 0.094481
0 0.811368 0.046834 0.057062 0.084541
1 0.279683 0.265197 0.034315 0.082241
1 0.628681 0.525626 0.066290 0.071514