0 0.002655 0.595482 0.005295 0.063669
0 0.058082 0.003299 0.041451 0.006463
0 0.996410 0.041318 0.006227 0.065486
0 0.657980 0.004097 0.046544 0.008194
0 0.531678 0.003853 0.036861 0.007705
0 0.740254 0.841212 0.043928 0.080236
0 0.702578 0.848721 0.046614 0.083724
0 0.265492 0.100679 0.054344 0.088917
0 0.237478 0.080404 0.050829 0.079446
0 0.475136 0.551360 0.045351 0.081783
0 0.434414 0.557481 0.058622 0.091147
0 0.914290 0.552629 0.049839 0.085014
0 0.058321 0.398711 0.051593 0.072124
0 0.009558 0.911899 0.019116 0.088031
0 0.266641 0.982587 0.067665 0.031697
0 0.051257 0.332218 0.055350 0.078287
0 0.990309 0.806603 0.017810 0.079779
0 0.392505 0.714865 0.057058 0.093273
0 0.432154 0.646942 0.046300 0.076577
0 0.154783 0.528671 0.052436 0.077026
0 0.014179 0.661336 0.028358 0.072896
0 0.312613 0.971154 0.053501 0.054764
0 0.942767 0.589510 0.047654 0.088710
0 0.985938 0.131445 0.026270 0.086421
0 0.720464 0.613550 0.059780 0.079737
0 0.874570 0.526120 0.058715 0.088024
0 0.725559 0.681527 0.065421 0.078411
0 0.767295 0.980410 0.046036 0.036040
0 0.623444 0.506788 0.049915 0.084346
0 0.758128 0.243204 0.051569 0.085185
0 0.580481 0.473076 0.055463 0.080914
0 0.264807 0.185908 0.065553 0.083514
0 0.069842 0.977475 0.057206 0.041612
0 0.956582 0.420136 0.054606 0.083897
0 0.801707 0.230484 0.048115 0.084450
0 0.147273 0.602661 0.052127 0.068461
0 0.352433 0.664534 0.047596 0.075219
0 0.114918 0.504601 0.051014 0.081464
0 0.441691 0.731092 0.063564 0.088553
0 0.962570 0.190027 0.050499 0.078514
0 0.871065 0.978219 0.060002 0.040379
0 0.484717 0.965672 0.054932 0.065256
0 0.963745 0.493329 0.040646 0.060700
0 0.020151 0.486086 0.040301 0.095341
0 0.022326 0.814421 0.044653 0.076455
0 0.278865 0.567986 0.054772 0.072314
0 0.394335 0.974360 0.057621 0.047868
0 0.742961 0.017624 0.055068 0.035249
0 0.880662 0.440751 0.052813 0.081295
0 0.973420 0.900827 0.051756 0.087636
0 0.105608 0.323769 0.051204 0.075627
0 0.447081 0.812586 0.049878 0.064144
0 0.935860 0.843492 0.058108 0.087892
0 0.291166 0.027174 0.048715 0.054344
0 0.891407 0.662057 0.054519 0.086145
0 0.032657 0.733292 0.063697 0.083610
0 0.248424 0.920318 0.057020 0.081631
0 0.123668 0.697234 0.056497 0.086118
0 0.730843 0.939652 0.054077 0.079868
0 0.735779 0.319706 0.061522 0.087965
0 0.938068 0.022156 0.057031 0.044271
0 0.407377 0.894819 0.051794 0.091537
0 0.302635 0.883451 0.053681 0.086888
0 0.470086 0.887133 0.047329 0.080821
0 0.972825 0.338994 0.050922 0.075476
0 0.112343 0.407809 0.057402 0.085843
0 0.901786 0.784019 0.055354 0.085246
0 0.527070 0.918324 0.054485 0.090616
0 0.542071 0.409478 0.054417 0.083344
0 0.771857 0.777913 0.057561 0.081418
0 0.080756 0.779218 0.043690 0.085843
0 0.530926 0.524232 0.053341 0.085124
0 0.806969 0.680294 0.063119 0.085121
0 0.115836 0.946866 0.051870 0.084229
0 0.324823 0.084997 0.057756 0.087460
0 0.919034 0.936931 0.059943 0.087413
0 0.363485 0.148811 0.046792 0.088940
0 0.490324 0.638757 0.053620 0.091548
0 0.843394 0.786851 0.055553 0.091419
0 0.095164 0.866086 0.054310 0.079922
0 0.301860 0.494945 0.056635 0.079664
0 0.403513 0.307342 0.055901 0.083679
0 0.375071 0.511011 0.055989 0.080418
0 0.843536 0.270277 0.050808 0.084496
0 0.201390 0.575276 0.054496 0.092148
0 0.296338 0.322231 0.055232 0.077979
0 0.309725 0.241475 0.058543 0.081703
0 0.752836 0.539516 0.059147 0.092022
0 0.650699 0.154817 0.052988 0.088342
0 0.932178 0.142202 0.059852 0.084916
0 0.604219 0.935695 0.054613 0.076951
0 0.802654 0.910966 0.053799 0.083094
0 0.292994 0.739031 0.060593 0.092682
0 0.685797 0.432395 0.056067 0.079626
0 0.578016 0.861851 0.059249 0.085692
0 0.202647 0.865431 0.054192 0.092926
0 0.412891 0.220923 0.060499 0.078641
0 0.104792 0.073444 0.052583 0.075187
0 0.354495 0.847858 0.055619 0.103513
0 0.921482 0.274167 0.058551 0.090178
0 0.368242 0.032091 0.059100 0.064132
0 0.313797 0.405484 0.056735 0.089722
0 0.610548 0.611872 0.056333 0.085797
0 0.199663 0.718578 0.057674 0.084142
0 0.588649 0.317937 0.055226 0.074404
0 0.145639 0.034531 0.051652 0.069062
0 0.611494 0.219752 0.058138 0.090084
0 0.449517 0.041812 0.049490 0.083069
0 0.519877 0.766442 0.053380 0.087742
0 0.499909 0.154879 0.056922 0.088187
0 0.141971 0.785973 0.057064 0.094269
0 0.462794 0.323308 0.059517 0.092512
0 0.628518 0.761272 0.053059 0.088101
0 0.659479 0.051645 0.055273 0.081383
0 0.030693 0.146984 0.060072 0.096131
0 0.579426 0.030304 0.058295 0.060572
0 0.184222 0.258594 0.048766 0.085194
0 0.550756 0.110675 0.056485 0.087919
0 0.200009 0.386184 0.056813 0.085572
0 0.109876 0.190031 0.062154 0.081852
0 0.775602 0.113128 0.058864 0.095758
1 0.306589 0.630513 0.061611 0.083433
1 0.485572 0.404648 0.046793 0.051251