0 0.002851 0.832326 0.005678 0.065044
0 0.163413 0.014807 0.049189 0.029614
0 0.151198 0.040966 0.050191 0.069403
0 0.006329 0.975902 0.012659 0.045197
0 0.992374 0.818974 0.013651 0.056250
0 0.782362 0.991303 0.041235 0.014464
0 0.313734 0.764904 0.055192 0.082873
0 0.007696 0.608052 0.015385 0.068079
0 0.991730 0.560076 0.014822 0.081938
0 0.758540 0.008045 0.037214 0.016089
0 0.980137 0.873316 0.037941 0.080755
0 0.381061 0.987122 0.038301 0.022561
0 0.438671 0.011541 0.046539 0.022999
0 0.987321 0.453403 0.023377 0.074454
0 0.229150 0.982729 0.049294 0.031246
0 0.251866 0.014579 0.053988 0.029157
0 0.813673 0.699156 0.056010 0.079827
0 0.946409 0.015498 0.056235 0.030996
0 0.014629 0.258376 0.029185 0.082731
0 0.014148 0.360557 0.028237 0.094286
0 0.931160 0.969708 0.064772 0.057280
0 0.478573 0.974300 0.058911 0.047787
0 0.619891 0.976290 0.055033 0.043922
0 0.808335 0.018468 0.048080 0.036935
0 0.699935 0.020106 0.055192 0.040212
0 0.315449 0.970799 0.054680 0.054712
0 0.715712 0.975468 0.055004 0.045595
0 0.400430 0.940150 0.050214 0.064894
0 0.034210 0.862605 0.057534 0.090488
0 0.017360 0.527924 0.034699 0.087440
0 0.122431 0.730260 0.047754 0.076227
0 0.022945 0.685353 0.042287 0.074516
0 0.282585 0.687806 0.050464 0.065437
0 0.104327 0.051288 0.049934 0.084622
0 0.415228 0.332831 0.044833 0.066998
0 0.367393 0.883190 0.046606 0.086159
0 0.525751 0.744485 0.048389 0.078242
0 0.280765 0.911173 0.064212 0.083781
0 0.204526 0.932412 0.053869 0.085436
0 0.081327 0.841176 0.052986 0.098221
0 0.802594 0.157041 0.051124 0.075593
0 0.575779 0.744129 0.045329 0.074642
0 0.154722 0.165464 0.054150 0.076255
0 0.975481 0.128081 0.046877 0.082217
0 0.344710 0.337165 0.046953 0.074118
0 0.054674 0.078992 0.053977 0.098425
0 0.873720 0.695673 0.053723 0.082121
0 0.416257 0.588107 0.054112 0.080483
0 0.846278 0.057941 0.047802 0.072506
0 0.664676 0.928390 0.050833 0.084617
0 0.700796 0.807059 0.056151 0.090493
0 0.073374 0.546812 0.047148 0.076703
0 0.870039 0.781458 0.051389 0.080403
0 0.217794 0.058052 0.053848 0.085970
0 0.525319 0.947202 0.046022 0.087152
0 0.651097 0.357857 0.047517 0.073625
0 0.231877 0.317521 0.043956 0.083241
0 0.952562 0.067176 0.054634 0.071651
0 0.314851 0.855775 0.054765 0.087554
0 0.533076 0.196389 0.048756 0.083210
0 0.960521 0.526300 0.052313 0.083620
0 0.059171 0.742505 0.052007 0.081168
0 0.441129 0.458985 0.050008 0.081698
0 0.609803 0.681103 0.043379 0.077800
0 0.440037 0.878305 0.056050 0.088706
0 0.298253 0.614226 0.054426 0.080894
0 0.238118 0.599475 0.050662 0.081417
0 0.924097 0.798485 0.053610 0.088112
0 0.363316 0.096520 0.050608 0.080915
0 0.525245 0.040621 0.052539 0.081141
0 0.137606 0.249238 0.043111 0.092235
0 0.608373 0.417496 0.048744 0.083184
0 0.108985 0.629121 0.050181 0.080893
0 0.115807 0.394085 0.050011 0.081947
0 0.960266 0.626627 0.051936 0.084149
0 0.042428 0.170906 0.055421 0.084770
0 0.794146 0.083222 0.056773 0.084331
0 0.180778 0.386751 0.050830 0.079787
0 0.364678 0.412130 0.053964 0.077812
0 0.781378 0.804342 0.051287 0.083336
0 0.188845 0.838479 0.058229 0.098417
0 0.128831 0.479105 0.052947 0.085500
0 0.675192 0.121984 0.047912 0.090197
0 0.464730 0.552790 0.049021 0.082536
0 0.896489 0.912546 0.069741 0.123007
0 0.818613 0.233912 0.052871 0.084517
0 0.928675 0.457846 0.051966 0.077750
0 0.725537 0.895598 0.059335 0.079718
0 0.491290 0.672018 0.048253 0.085315
0 0.210444 0.518121 0.055990 0.088082
0 0.483290 0.154803 0.056330 0.103159
0 0.887747 0.245053 0.050035 0.091464
0 0.400455 0.792395 0.058921 0.095808
0 0.275310 0.420303 0.052868 0.077556
0 0.307284 0.504745 0.051758 0.082193
0 0.608493 0.309069 0.050825 0.082779
0 0.754878 0.349512 0.053213 0.081995
0 0.184485 0.692128 0.063515 0.084762
0 0.452247 0.276172 0.054892 0.079276
0 0.281527 0.271452 0.051343 0.079831
0 0.339474 0.222494 0.052224 0.081629
0 0.200242 0.241366 0.054002 0.093789
0 0.545681 0.650969 0.054145 0.086688
0 0.663037 0.700313 0.057238 0.086240
0 0.595638 0.503911 0.068347 0.079218
0 0.445440 0.722775 0.056982 0.090080
0 0.648928 0.238663 0.056015 0.087795
0 0.401422 0.212590 0.054284 0.084264
0 0.530644 0.399792 0.055269 0.081237
0 0.902866 0.622025 0.056599 0.087828
0 0.422049 0.131471 0.057574 0.081379
0 0.597690 0.903808 0.055018 0.089297
0 0.093191 0.302438 0.054114 0.087139
0 0.822946 0.317272 0.057988 0.076092
0 0.931664 0.374953 0.059505 0.080084
0 0.685884 0.490656 0.053347 0.086272
0 0.616058 0.062470 0.056644 0.088050
0 0.587134 0.590483 0.058670 0.087758
0 0.856935 0.444494 0.055470 0.081778
0 0.739532 0.530380 0.055597 0.089986
0 0.870944 0.152119 0.056551 0.089791
0 0.939295 0.275172 0.054460 0.097340
0 0.707858 0.637314 0.059035 0.088663
1 0.425432 0.652563 0.059092 0.067938
2 0.143204 0.802741 0.020277 0.032181
2 0.512478 0.551251 0.028856 0.046484
2 0.759701 0.851013 0.021057 0.030989
1 0.817883 0.619683 0.058938 0.076731
1 0.659351 0.791910 0.050752 0.074229
1 0.387308 0.485405 0.062212 0.073394