0 0.002746 0.576075 0.005492 0.058595
0 0.511646 0.370056 0.045421 0.083226
0 0.702467 0.397947 0.050444 0.068979
0 0.296920 0.992689 0.040921 0.012714
0 0.674541 0.369962 0.056450 0.088800
0 0.773433 0.992820 0.039649 0.012236
0 0.487346 0.405884 0.064213 0.090970
0 0.731876 0.005664 0.044286 0.011329
0 0.580719 0.010226 0.043673 0.020421
0 0.778837 0.519796 0.062908 0.073403
0 0.831196 0.508796 0.053597 0.069534
0 0.576503 0.920640 0.045446 0.083247
0 0.007440 0.180437 0.014880 0.073899
0 0.535103 0.936892 0.050851 0.085737
0 0.012489 0.486351 0.024945 0.094987
0 0.011226 0.943968 0.022452 0.080224
0 0.801533 0.433083 0.059259 0.073754
0 0.727172 0.984401 0.048812 0.029256
0 0.483570 0.987502 0.051653 0.022483
0 0.018236 0.674909 0.036437 0.091221
0 0.767207 0.393498 0.061762 0.078443
0 0.013813 0.402130 0.027588 0.066746
0 0.906746 0.981451 0.051726 0.034844
0 0.804355 0.658874 0.064151 0.067857
0 0.195328 0.174328 0.063035 0.072450
0 0.986786 0.752984 0.024569 0.079768
0 0.986874 0.267927 0.024374 0.077163
0 0.555755 0.041165 0.046676 0.072023
0 0.191808 0.234698 0.058690 0.080396
0 0.015290 0.093083 0.030542 0.087472
0 0.344700 0.959910 0.060295 0.077768
0 0.389814 0.014592 0.047645 0.029142
0 0.818889 0.592294 0.063644 0.088370
0 0.962826 0.019460 0.046241 0.038893
0 0.821424 0.975960 0.048987 0.045579
0 0.228416 0.979387 0.054157 0.038727
0 0.985939 0.151143 0.026372 0.088643
0 0.406408 0.966761 0.056292 0.063713
0 0.887145 0.685928 0.053478 0.079773
0 0.446814 0.018080 0.056685 0.036161
0 0.154811 0.963999 0.058598 0.068958
0 0.979432 0.448281 0.039239 0.070332
0 0.375314 0.890414 0.060423 0.085507
0 0.900827 0.779471 0.053749 0.078312
0 0.050316 0.744092 0.054165 0.085960
0 0.413682 0.852011 0.056688 0.091780
0 0.712442 0.198870 0.058710 0.085366
0 0.054999 0.901196 0.063119 0.086674
0 0.700998 0.482112 0.055577 0.086783
0 0.135700 0.025561 0.053276 0.051123
0 0.464028 0.826408 0.050374 0.088390
0 0.118798 0.825280 0.052335 0.068768
0 0.063241 0.129429 0.059703 0.087937
0 0.965112 0.920654 0.057919 0.081210
0 0.252628 0.233833 0.053847 0.076694
0 0.458870 0.488026 0.058296 0.077613
0 0.071373 0.045137 0.063334 0.068050
0 0.752063 0.149576 0.054158 0.091855
0 0.704662 0.742890 0.050994 0.077491
0 0.301263 0.284634 0.049269 0.073677
0 0.222407 0.792904 0.049577 0.068700
0 0.735824 0.673634 0.051385 0.069037
0 0.430271 0.565955 0.053941 0.069553
0 0.486048 0.583814 0.050974 0.076585
0 0.878171 0.591508 0.051066 0.090399
0 0.761047 0.264876 0.065698 0.080498
0 0.556723 0.735391 0.051165 0.096766
0 0.143486 0.129172 0.054932 0.086635
0 0.886101 0.482450 0.048776 0.077931
0 0.114822 0.559300 0.053621 0.074999
0 0.380453 0.295862 0.051834 0.070629
0 0.240765 0.487359 0.067589 0.082994
0 0.305537 0.026436 0.060382 0.052872
0 0.516073 0.791101 0.055514 0.082951
0 0.438045 0.722644 0.058969 0.077720
0 0.285406 0.638514 0.051138 0.086308
0 0.653089 0.779937 0.057651 0.085785
0 0.951499 0.836352 0.060678 0.086404
0 0.943803 0.743041 0.054426 0.090319
0 0.472432 0.659548 0.058617 0.078620
0 0.846192 0.039134 0.053470 0.077934
0 0.814651 0.099950 0.047275 0.092937
0 0.173200 0.740556 0.054759 0.072548
0 0.699209 0.921562 0.062982 0.074344
0 0.105864 0.743204 0.051302 0.088305
0 0.053927 0.620958 0.063478 0.083060
0 0.821877 0.738459 0.061050 0.087458
0 0.860462 0.875489 0.057613 0.083533
0 0.764807 0.798789 0.055545 0.079759
0 0.898222 0.119598 0.045313 0.074236
0 0.522981 0.098560 0.048503 0.077380
0 0.367119 0.789850 0.055076 0.079178
0 0.661322 0.586780 0.060119 0.098595
0 0.253467 0.086293 0.059237 0.087117
0 0.199924 0.415327 0.052963 0.089704
0 0.605037 0.692245 0.052781 0.079554
0 0.121109 0.651692 0.066125 0.090865
0 0.342399 0.103219 0.052862 0.078409
0 0.937463 0.564046 0.051280 0.082859
0 0.618147 0.313075 0.055850 0.084292
0 0.342992 0.231405 0.058358 0.082657
0 0.263100 0.718950 0.055494 0.082366
0 0.910230 0.260437 0.048243 0.077130
0 0.389407 0.512214 0.053143 0.078426
0 0.463176 0.301214 0.050671 0.086567
0 0.858936 0.318791 0.060778 0.097280
0 0.703779 0.094319 0.058957 0.077860
0 0.307494 0.379010 0.055130 0.085433
0 0.288569 0.534450 0.062173 0.075204
0 0.524769 0.521265 0.059290 0.089162
0 0.482175 0.137683 0.047616 0.073001
0 0.594160 0.579052 0.053467 0.094051
0 0.852989 0.170686 0.049443 0.094889
0 0.945782 0.137331 0.047392 0.088966
0 0.560934 0.343336 0.057358 0.105324
0 0.400116 0.201181 0.052784 0.084543
0 0.425156 0.129150 0.055458 0.077125
0 0.335701 0.690417 0.054955 0.093468
0 0.623619 0.089844 0.054015 0.080804
0 0.523158 0.217626 0.057728 0.088532
0 0.609986 0.220185 0.058507 0.088981
1 0.213003 0.306317 0.047573 0.059595