0 0.363058 0.993189 0.039094 0.011590
0 0.997330 0.539929 0.005146 0.057126
0 0.991772 0.984361 0.014744 0.029733
0 0.989795 0.721170 0.019680 0.066661
0 0.673084 0.004372 0.041782 0.008745
0 0.005792 0.769369 0.011572 0.071020
0 0.004872 0.602163 0.009741 0.067632
0 0.018391 0.838889 0.036696 0.087386
0 0.239842 0.007107 0.049626 0.014203
0 0.507494 0.007283 0.050444 0.014566
0 0.012724 0.308063 0.025422 0.077658
0 0.907904 0.361117 0.065097 0.079578
0 0.170298 0.034718 0.054533 0.069411
0 0.015261 0.395623 0.030459 0.082412
0 0.727412 0.153954 0.047445 0.083924
0 0.682656 0.155844 0.050480 0.085480
0 0.430387 0.818531 0.065380 0.087022
0 0.663565 0.974775 0.059582 0.048405
0 0.865602 0.660492 0.051372 0.084135
0 0.979618 0.467657 0.039678 0.078690
0 0.039612 0.792829 0.053816 0.088063
0 0.816602 0.634225 0.062906 0.088726
0 0.579514 0.424693 0.061194 0.077494
0 0.591007 0.963664 0.062769 0.069926
0 0.898204 0.177510 0.059966 0.087312
0 0.869916 0.397720 0.053065 0.070122
0 0.977884 0.604303 0.042886 0.071187
0 0.052770 0.899360 0.057433 0.087874
0 0.242525 0.976322 0.053654 0.044808
0 0.923297 0.025903 0.057224 0.051805
0 0.969293 0.775439 0.056498 0.081168
0 0.680130 0.342343 0.060736 0.074633
0 0.814290 0.936871 0.051245 0.088934
0 0.515043 0.955552 0.052773 0.064494
0 0.843345 0.210966 0.053658 0.079528
0 0.044080 0.145835 0.062798 0.087124
0 0.936614 0.296511 0.047037 0.068130
0 0.452647 0.565125 0.052031 0.063575
0 0.965121 0.676601 0.051350 0.071719
0 0.691038 0.271282 0.057329 0.084246
0 0.892027 0.265184 0.062543 0.081995
0 0.116604 0.961822 0.055826 0.073513
0 0.235300 0.456030 0.051325 0.085234
0 0.358851 0.254726 0.057712 0.078378
0 0.674946 0.059196 0.059277 0.073544
0 0.861602 0.122354 0.061611 0.075307
0 0.734629 0.054549 0.053517 0.083753
0 0.315654 0.439811 0.061502 0.077891
0 0.107950 0.436403 0.057350 0.084502
0 0.573808 0.500029 0.054146 0.077746
0 0.970201 0.390928 0.052520 0.074436
0 0.398059 0.766677 0.063971 0.090242
0 0.446443 0.896053 0.051527 0.075155
0 0.345840 0.366671 0.053287 0.074301
0 0.183806 0.304674 0.054922 0.087988
0 0.850168 0.573496 0.057537 0.083142
0 0.169046 0.809032 0.055745 0.075219
0 0.251090 0.278933 0.052432 0.069065
0 0.175803 0.463906 0.061415 0.086227
0 0.130931 0.347902 0.054785 0.082359
0 0.767886 0.297758 0.055611 0.072562
0 0.759464 0.925323 0.063030 0.083594
0 0.791545 0.496221 0.056089 0.082573
0 0.385534 0.959208 0.060418 0.077827
0 0.596706 0.776559 0.050964 0.090241
0 0.055715 0.556773 0.060377 0.085288
0 0.751862 0.443897 0.055096 0.076148
0 0.854351 0.039995 0.056958 0.079870
0 0.475623 0.087482 0.056972 0.083633
0 0.101577 0.108027 0.050914 0.076614
0 0.627967 0.507047 0.048163 0.090333
0 0.909806 0.568244 0.057176 0.089996
0 0.745642 0.583678 0.049112 0.074031
0 0.531121 0.600416 0.057182 0.078746
0 0.270798 0.371506 0.062328 0.082297
0 0.338274 0.563158 0.047550 0.084712
0 0.416791 0.430147 0.051831 0.075099
0 0.398136 0.320249 0.060534 0.086487
0 0.622500 0.883451 0.060063 0.087236
0 0.084787 0.651309 0.065400 0.094262
0 0.693760 0.546541 0.055460 0.080494
0 0.618933 0.370277 0.053229 0.081032
0 0.511935 0.338102 0.050592 0.080031
0 0.216621 0.624077 0.055314 0.083254
0 0.235049 0.861567 0.053871 0.081703
0 0.111757 0.776036 0.059083 0.085802
0 0.536361 0.116277 0.058812 0.084531
0 0.176433 0.213681 0.056903 0.085868
0 0.643379 0.706283 0.047153 0.093975
0 0.206457 0.731861 0.058829 0.081118
0 0.539299 0.775487 0.060430 0.099736
0 0.448271 0.677094 0.060534 0.083793
0 0.594811 0.249512 0.063057 0.090472
0 0.294041 0.718530 0.056952 0.088743
0 0.457128 0.491524 0.064475 0.084266
0 0.369649 0.174671 0.059916 0.082344
1 0.420452 0.248510 0.046013 0.041716
1 0.746053 0.230036 0.053032 0.073897
1 0.039870 0.260429 0.063170 0.075089
1 0.072235 0.222884 0.060831 0.095352