0 0.007227 0.937261 0.014454 0.055795
0 0.397507 0.993633 0.049726 0.011717
0 0.003100 0.409747 0.006200 0.063473
0 0.004335 0.037416 0.008670 0.072890
0 0.002876 0.541827 0.005694 0.075752
0 0.336260 0.993656 0.043773 0.010825
0 0.995671 0.939577 0.007208 0.066700
0 0.183134 0.005821 0.030400 0.011641
0 0.004319 0.293323 0.008624 0.067660
0 0.941300 0.990836 0.044998 0.015685
0 0.485108 0.008384 0.041914 0.016769
0 0.871577 0.008346 0.052400 0.016692
0 0.991411 0.640784 0.015936 0.068719
0 0.056455 0.008104 0.051066 0.016208
0 0.991068 0.731523 0.016505 0.083570
0 0.882497 0.985933 0.052534 0.025443
0 0.560429 0.984083 0.047184 0.028994
0 0.019639 0.858223 0.039182 0.081344
0 0.402580 0.785110 0.061282 0.076698
0 0.028718 0.967774 0.050877 0.061700
0 0.507010 0.980242 0.056815 0.036621
0 0.055498 0.845244 0.051166 0.089981
0 0.670669 0.022601 0.053124 0.045158
0 0.226667 0.450508 0.059550 0.083054
0 0.424242 0.838156 0.058131 0.097360
0 0.231425 0.935574 0.060408 0.097554
0 0.980792 0.083432 0.036638 0.100291
0 0.184001 0.298949 0.052095 0.085507
0 0.226008 0.254150 0.055415 0.094363
0 0.567220 0.156798 0.050661 0.084036
0 0.261038 0.481774 0.057460 0.091848
0 0.146941 0.185100 0.049112 0.078421
0 0.386290 0.034370 0.060951 0.068683
0 0.141149 0.267772 0.051359 0.080006
0 0.548149 0.035581 0.048534 0.071161
0 0.046490 0.240761 0.060074 0.096292
0 0.181634 0.900641 0.061648 0.091440
0 0.736812 0.921251 0.060161 0.077947
0 0.496127 0.920393 0.057843 0.082857
0 0.976350 0.570373 0.046451 0.089899
0 0.376400 0.646264 0.061737 0.074377
0 0.645961 0.892867 0.062138 0.092410
0 0.024434 0.478339 0.048868 0.087684
0 0.139971 0.025223 0.061599 0.050446
0 0.798983 0.706462 0.050503 0.079606
0 0.794496 0.081179 0.057342 0.073933
0 0.446733 0.041098 0.055749 0.082197
0 0.732871 0.041411 0.056879 0.082794
0 0.448223 0.694713 0.053680 0.091738
0 0.147951 0.827616 0.055747 0.095292
0 0.110204 0.901665 0.057747 0.102596
0 0.742131 0.822254 0.049153 0.081699
0 0.349904 0.581525 0.051570 0.072999
0 0.974901 0.841083 0.048746 0.089032
0 0.950102 0.909376 0.055964 0.086584
0 0.026646 0.161611 0.053292 0.094493
0 0.268013 0.873752 0.058696 0.088553
0 0.030908 0.737307 0.043534 0.086020
0 0.302997 0.951404 0.063260 0.092080
0 0.389067 0.716815 0.058829 0.081454
0 0.412814 0.117103 0.058434 0.088205
0 0.239489 0.031943 0.060275 0.063885
0 0.441709 0.437561 0.052238 0.085071
0 0.144495 0.472768 0.055173 0.082302
0 0.412220 0.207280 0.053174 0.075245
0 0.314344 0.366150 0.056988 0.079703
0 0.843022 0.646844 0.052041 0.080993
0 0.183345 0.527299 0.058289 0.090976
0 0.596766 0.503638 0.053277 0.083853
0 0.312687 0.188934 0.064014 0.083641
0 0.973038 0.439275 0.052631 0.085243
0 0.363881 0.325183 0.056671 0.079342
0 0.828853 0.321186 0.057661 0.103241
0 0.569577 0.675468 0.060458 0.082281
0 0.837130 0.147825 0.045715 0.076441
0 0.551206 0.552966 0.050083 0.075312
0 0.767386 0.151439 0.056717 0.088860
0 0.714625 0.365442 0.049316 0.084023
0 0.484714 0.825531 0.058101 0.100255
0 0.844589 0.756164 0.053031 0.087114
0 0.920812 0.685039 0.058159 0.083360
0 0.366711 0.141669 0.060539 0.092075
0 0.627923 0.653869 0.057920 0.083444
0 0.685822 0.775035 0.063014 0.097852
0 0.631665 0.564287 0.055354 0.084431
0 0.556427 0.437597 0.051058 0.072283
0 0.698455 0.581153 0.049367 0.075904
0 0.863702 0.918104 0.063240 0.087444
0 0.267833 0.115566 0.066912 0.088801
0 0.482605 0.122273 0.049188 0.079177
0 0.386814 0.412837 0.059103 0.094717
0 0.138228 0.100455 0.062779 0.088106
0 0.229178 0.365807 0.057448 0.080078
0 0.813175 0.849800 0.061234 0.090109
0 0.062742 0.540679 0.053414 0.100247
0 0.148765 0.383932 0.060148 0.085850
0 0.204782 0.186050 0.057844 0.087979
0 0.665707 0.443601 0.054258 0.087351
0 0.241487 0.724318 0.058610 0.097268
0 0.315260 0.513374 0.056694 0.091937
0 0.112106 0.684652 0.063034 0.071010
0 0.332366 0.841473 0.056413 0.087915
0 0.950137 0.758380 0.054956 0.083925
0 0.920396 0.204346 0.051197 0.103870
0 0.744207 0.641306 0.059809 0.087012
0 0.530886 0.758816 0.058380 0.090374
0 0.714782 0.494061 0.052427 0.083446
0 0.196896 0.790524 0.056403 0.096085
0 0.919395 0.519482 0.051802 0.081796
0 0.507271 0.631746 0.062821 0.097157
0 0.306078 0.664248 0.059318 0.099662
0 0.855362 0.236369 0.058964 0.092406
0 0.518691 0.337561 0.060028 0.086737
0 0.643377 0.230505 0.058772 0.091038
0 0.303717 0.279469 0.062629 0.088057
0 0.454901 0.520372 0.053889 0.081165
0 0.833489 0.551999 0.060682 0.096193
1 0.103040 0.258045 0.056931 0.113230
1 0.788556 0.591776 0.060051 0.098927
1 0.933614 0.598927 0.041334 0.067938
1 0.640769 0.752682 0.048353 0.058403
1 0.616982 0.150179 0.049133 0.088200