0 0.134336 0.002224 0.041758 0.004321
0 0.996495 0.818578 0.006683 0.051433
0 0.155962 0.993710 0.052868 0.011150
0 0.886887 0.493379 0.041545 0.084485
0 0.002964 0.253579 0.005928 0.081439
0 0.914597 0.528782 0.050192 0.083280
0 0.932089 0.986123 0.060450 0.025135
0 0.993937 0.670098 0.011241 0.068771
0 0.622008 0.990833 0.045214 0.015554
0 0.319518 0.713896 0.055594 0.076193
0 0.300542 0.650592 0.062324 0.080474
0 0.253480 0.686012 0.054018 0.080065
0 0.171854 0.580082 0.058785 0.090237
0 0.983030 0.875500 0.032257 0.073790
0 0.200112 0.653500 0.054076 0.088586
0 0.624130 0.011865 0.051219 0.023730
0 0.345611 0.771056 0.053669 0.073930
0 0.736897 0.974148 0.052645 0.048560
0 0.170858 0.853795 0.052363 0.071144
0 0.019677 0.828453 0.039355 0.087322
0 0.509157 0.980028 0.060684 0.036720
0 0.765527 0.874983 0.059324 0.091073
0 0.721301 0.844559 0.058729 0.080160
0 0.716652 0.771627 0.049731 0.070316
0 0.899019 0.892525 0.063220 0.079495
0 0.019777 0.508161 0.039554 0.093188
0 0.868310 0.808128 0.061827 0.100820
0 0.974507 0.748912 0.049470 0.084916
0 0.335906 0.851008 0.056506 0.081840
0 0.269929 0.875128 0.048020 0.079830
0 0.029108 0.923304 0.050926 0.083674
0 0.075440 0.788914 0.049795 0.076723
0 0.977763 0.024796 0.042985 0.049553
0 0.162205 0.481852 0.053201 0.074622
0 0.349380 0.927032 0.053210 0.070699
0 0.985701 0.248250 0.026958 0.086185
0 0.907450 0.715339 0.057051 0.079825
0 0.203562 0.917014 0.057737 0.091069
0 0.664648 0.955562 0.057930 0.085727
0 0.770575 0.769084 0.059355 0.092846
0 0.059058 0.707181 0.061708 0.083422
0 0.858456 0.582464 0.057023 0.088116
0 0.842900 0.712309 0.056566 0.090742
0 0.393458 0.744255 0.051921 0.080683
0 0.977799 0.557639 0.042993 0.094648
0 0.327706 0.564030 0.050605 0.074808
0 0.243726 0.784074 0.053878 0.088201
0 0.787451 0.675229 0.056753 0.078186
0 0.107973 0.930942 0.056817 0.086912
0 0.632421 0.253031 0.065026 0.076936
0 0.088439 0.486024 0.058611 0.087518
0 0.133237 0.791418 0.059853 0.092837
0 0.613244 0.895654 0.058970 0.072275
0 0.280192 0.513409 0.051077 0.085431
0 0.718791 0.030604 0.050103 0.061190
0 0.217026 0.536298 0.065104 0.109985
0 0.079158 0.572341 0.048175 0.071609
0 0.978069 0.332226 0.042126 0.086231
0 0.476283 0.588264 0.049108 0.081435
0 0.450051 0.945748 0.051005 0.080090
0 0.050840 0.424118 0.050817 0.089874
0 0.584793 0.214156 0.053693 0.082403
0 0.633008 0.657267 0.052808 0.081905
0 0.584016 0.422950 0.049516 0.085125
0 0.511301 0.843106 0.052884 0.080535
0 0.632896 0.812685 0.051625 0.077859
0 0.407160 0.836044 0.056684 0.088305
0 0.053432 0.041088 0.057762 0.078239
0 0.459064 0.186495 0.053290 0.078044
0 0.154972 0.381159 0.054626 0.085753
0 0.094341 0.363514 0.057241 0.086110
0 0.449062 0.513072 0.052349 0.078605
0 0.220719 0.102424 0.053287 0.086353
0 0.403542 0.064921 0.053863 0.080188
0 0.532792 0.578778 0.053297 0.083320
0 0.284782 0.394375 0.056155 0.085437
0 0.640071 0.457489 0.056651 0.091485
0 0.528344 0.701213 0.058372 0.088737
0 0.536732 0.474238 0.053608 0.082848
0 0.613525 0.546114 0.060668 0.094676
0 0.121742 0.280043 0.048112 0.095334
0 0.380336 0.509323 0.050887 0.075379
0 0.860806 0.336475 0.057742 0.087581
0 0.623223 0.346326 0.056931 0.099934
0 0.166603 0.042412 0.048862 0.084824
0 0.910534 0.035840 0.057966 0.071680
0 0.800546 0.044191 0.060003 0.087960
0 0.257587 0.030455 0.057186 0.060910
0 0.348887 0.129692 0.053307 0.078254
0 0.337651 0.276846 0.054810 0.088979
0 0.896937 0.261051 0.054538 0.079789
0 0.255830 0.305130 0.054792 0.088815
0 0.261433 0.168958 0.058048 0.085523
0 0.711287 0.229187 0.058275 0.086608
0 0.723375 0.570424 0.054847 0.087304
0 0.195050 0.244286 0.060783 0.085580
0 0.599037 0.118367 0.053497 0.084044
0 0.114908 0.080743 0.059834 0.084464
0 0.486403 0.114725 0.055259 0.080696
0 0.370896 0.415490 0.058476 0.090294
0 0.815741 0.164604 0.056554 0.082170
0 0.733271 0.341927 0.054634 0.098512
0 0.885209 0.154943 0.059246 0.094405
1 0.827550 0.516091 0.047573 0.066746
1 0.856406 0.430274 0.030415 0.073897
2 0.296061 0.925507 0.028076 0.036949
2 0.378338 0.577473 0.025736 0.039333
1 0.919187 0.948749 0.053032 0.071514