0 0.003134 0.816132 0.006229 0.072309
0 0.270502 0.995019 0.038206 0.008560
0 0.996587 0.065875 0.005882 0.050327
0 0.008221 0.612719 0.016422 0.078151
0 0.004124 0.250011 0.008235 0.065747
0 0.298641 0.005522 0.041765 0.011044
0 0.005808 0.496892 0.011572 0.067272
0 0.097298 0.006848 0.044658 0.013695
0 0.993406 0.579268 0.012493 0.070173
0 0.754396 0.985645 0.045948 0.026068
0 0.018648 0.966580 0.037297 0.064260
0 0.988571 0.926438 0.021298 0.086734
0 0.545310 0.680794 0.055373 0.082170
0 0.020460 0.898976 0.040905 0.083174
0 0.223704 0.311957 0.047853 0.077897
0 0.945732 0.984039 0.051706 0.029428
0 0.386601 0.984511 0.051886 0.028138
0 0.286034 0.631514 0.058618 0.079061
0 0.600998 0.547042 0.055317 0.080543
0 0.649347 0.252771 0.061823 0.075893
0 0.813565 0.980627 0.054739 0.035657
0 0.589400 0.012298 0.052509 0.024572
0 0.301279 0.704659 0.061389 0.074607
0 0.639519 0.492115 0.061124 0.084290
0 0.206607 0.368648 0.058538 0.091768
0 0.775962 0.751301 0.062630 0.116201
0 0.205346 0.983616 0.054073 0.029861
0 0.713498 0.963599 0.058665 0.070020
0 0.214878 0.014288 0.053199 0.028575
0 0.979837 0.664108 0.039116 0.091895
0 0.521968 0.618918 0.055008 0.079649
0 0.238239 0.610591 0.061488 0.092553
0 0.621320 0.190270 0.064050 0.094912
0 0.653415 0.759343 0.060185 0.078624
0 0.640340 0.412597 0.056814 0.070964
0 0.610068 0.628096 0.054046 0.076702
0 0.959698 0.389600 0.070647 0.082720
0 0.658406 0.317224 0.053650 0.081864
0 0.457743 0.967051 0.055988 0.062855
0 0.607999 0.352231 0.061677 0.090626
0 0.692230 0.504475 0.051309 0.086722
0 0.166528 0.899215 0.048815 0.076233
0 0.922220 0.816019 0.055449 0.086061
0 0.680601 0.834085 0.061879 0.098939
0 0.023445 0.063387 0.046891 0.093338
0 0.023182 0.403938 0.046364 0.082582
0 0.020711 0.158505 0.041422 0.087783
0 0.167527 0.747900 0.041064 0.074312
0 0.407364 0.928072 0.058710 0.086195
0 0.735167 0.882376 0.061000 0.096736
0 0.983452 0.326470 0.031862 0.092924
0 0.840875 0.865562 0.057691 0.094618
0 0.295223 0.783828 0.054316 0.079123
0 0.364520 0.882799 0.048056 0.075892
0 0.204100 0.848145 0.047348 0.074215
0 0.676405 0.676858 0.057239 0.088584
0 0.026934 0.316338 0.053867 0.078989
0 0.729055 0.020961 0.054619 0.041923
0 0.636380 0.934741 0.058580 0.086818
0 0.182554 0.662845 0.056214 0.081962
0 0.318082 0.507870 0.066158 0.095118
0 0.555827 0.494216 0.062031 0.090032
0 0.631849 0.055102 0.053507 0.081787
0 0.901282 0.945485 0.064667 0.092193
0 0.571768 0.759275 0.057730 0.096627
0 0.321469 0.927797 0.054286 0.090751
0 0.601068 0.130262 0.066507 0.088253
0 0.202762 0.236015 0.055462 0.083179
0 0.047385 0.691647 0.052015 0.085294
0 0.045418 0.816752 0.053503 0.089445
0 0.077006 0.912660 0.055596 0.092952
0 0.436431 0.745210 0.053511 0.082397
0 0.799798 0.601726 0.055507 0.087827
0 0.854745 0.327348 0.044271 0.091257
0 0.850400 0.670186 0.052311 0.095343
0 0.089616 0.342741 0.041900 0.077484
0 0.207105 0.519807 0.058938 0.094312
0 0.954167 0.462471 0.055789 0.080254
0 0.307614 0.379110 0.056442 0.088998
0 0.105040 0.709738 0.057377 0.088024
0 0.760101 0.089233 0.049699 0.086345
0 0.357051 0.589243 0.061078 0.093633
0 0.974525 0.159710 0.049301 0.083634
0 0.811754 0.351470 0.052818 0.076715
0 0.082603 0.467239 0.052561 0.080622
0 0.292923 0.042243 0.059527 0.055525
0 0.224116 0.114980 0.046072 0.079049
0 0.679521 0.034704 0.048338 0.069230
0 0.871162 0.038626 0.058508 0.077252
0 0.411536 0.220135 0.051593 0.089188
0 0.123233 0.600624 0.053416 0.087928
0 0.899574 0.360413 0.045568 0.082832
0 0.181665 0.052528 0.063765 0.083860
0 0.369240 0.275951 0.056455 0.083692
0 0.790142 0.460744 0.054099 0.082340
0 0.551967 0.080830 0.055572 0.079848
0 0.101428 0.095091 0.056021 0.092008
0 0.414375 0.055799 0.058112 0.090370
0 0.172034 0.163702 0.066170 0.094290
0 0.902770 0.549657 0.060456 0.094275
0 0.858192 0.440679 0.052036 0.088211
0 0.738445 0.320406 0.061930 0.083083
0 0.524417 0.378326 0.052125 0.084693
0 0.787019 0.168550 0.055109 0.074885
0 0.802407 0.257108 0.060185 0.096281
0 0.494792 0.233200 0.056911 0.091481
0 0.914417 0.200814 0.056093 0.087646
0 0.952070 0.079224 0.059917 0.089214
0 0.439815 0.431065 0.055814 0.091011
0 0.290122 0.191639 0.059437 0.094638
1 0.723046 0.551251 0.033535 0.077473
1 0.973631 0.792014 0.052738 0.089392
2 0.250438 0.712157 0.030415 0.048868