0 0.114151 0.992055 0.038171 0.013651
0 0.002040 0.649882 0.004047 0.073378
0 0.378348 0.009078 0.031309 0.018155
0 0.006184 0.810560 0.012368 0.071893
0 0.031558 0.005446 0.043683 0.010846
0 0.015623 0.508548 0.031245 0.092343
0 0.045122 0.500632 0.043356 0.083438
0 0.978621 0.008492 0.041190 0.016983
0 0.357877 0.187005 0.050077 0.072827
0 0.069938 0.651844 0.046571 0.065129
0 0.063222 0.976692 0.059508 0.043353
0 0.085975 0.697704 0.056199 0.077156
0 0.330045 0.158091 0.049519 0.074168
0 0.019349 0.952012 0.038699 0.092773
0 0.338803 0.985694 0.051486 0.025459
0 0.161313 0.084689 0.045226 0.083594
0 0.597654 0.985622 0.048254 0.025593
0 0.123126 0.095545 0.045058 0.078454
0 0.321230 0.012335 0.051852 0.024670
0 0.126252 0.674353 0.050733 0.083216
0 0.055985 0.913076 0.054077 0.091748
0 0.984205 0.591352 0.029845 0.085113
0 0.722428 0.982728 0.056683 0.031233
0 0.974672 0.968288 0.049051 0.060434
0 0.987113 0.493239 0.024419 0.083364
0 0.770329 0.014352 0.046282 0.028679
0 0.986204 0.893881 0.025996 0.082358
0 0.060492 0.577904 0.052178 0.072907
0 0.892380 0.979490 0.056937 0.037979
0 0.943955 0.352994 0.059886 0.089616
0 0.237795 0.566661 0.060643 0.088805
0 0.909563 0.320617 0.057874 0.086291
0 0.508615 0.017096 0.061272 0.034191
0 0.784659 0.255439 0.053492 0.086252
0 0.532013 0.972887 0.060519 0.050841
0 0.393696 0.574006 0.049409 0.084949
0 0.330326 0.714648 0.052809 0.073827
0 0.247447 0.484685 0.058339 0.086137
0 0.778592 0.968883 0.052088 0.058978
0 0.204300 0.970681 0.059360 0.055317
0 0.023049 0.264473 0.046098 0.081362
0 0.082818 0.836224 0.054357 0.078930
0 0.358527 0.661975 0.058378 0.084131
0 0.160095 0.390149 0.063478 0.084722
0 0.020611 0.135453 0.041222 0.071153
0 0.129639 0.761202 0.056558 0.083133
0 0.478413 0.958983 0.047209 0.078417
0 0.346186 0.573373 0.052381 0.092834
0 0.211428 0.409318 0.050345 0.086483
0 0.076409 0.443335 0.054925 0.087408
0 0.040839 0.778027 0.048583 0.085783
0 0.027468 0.054323 0.054937 0.077886
0 0.598697 0.662967 0.056560 0.098320
0 0.427822 0.960764 0.047365 0.074785
0 0.442184 0.439409 0.054113 0.079066
0 0.888672 0.728994 0.060163 0.087850
0 0.900200 0.823576 0.052320 0.074449
0 0.077770 0.307100 0.048628 0.085712
0 0.834405 0.952275 0.062981 0.076077
0 0.324559 0.899863 0.051260 0.083262
0 0.789970 0.767510 0.055130 0.085760
0 0.622084 0.582797 0.053857 0.082922
0 0.163735 0.474991 0.060807 0.082480
0 0.891114 0.913519 0.055566 0.079178
0 0.178025 0.903517 0.054037 0.080067
0 0.422326 0.507295 0.059529 0.081542
0 0.572072 0.024937 0.059606 0.049874
0 0.116326 0.025073 0.055741 0.050145
0 0.825642 0.846671 0.054662 0.090289
0 0.637083 0.725221 0.055690 0.084876
0 0.352346 0.057959 0.064127 0.092750
0 0.550969 0.828133 0.057606 0.080046
0 0.071237 0.199269 0.055849 0.079600
0 0.689219 0.891469 0.053408 0.079989
0 0.742639 0.278769 0.065116 0.085425
0 0.894393 0.641703 0.058763 0.082695
0 0.630710 0.322462 0.054485 0.090306
0 0.696505 0.733397 0.056269 0.089569
0 0.125141 0.287139 0.051075 0.080368
0 0.564258 0.914860 0.055677 0.088659
0 0.600021 0.787160 0.055532 0.085571
0 0.827119 0.687522 0.056484 0.079917
0 0.547319 0.457136 0.055838 0.079288
0 0.716407 0.814827 0.059002 0.081260
0 0.605260 0.502510 0.050796 0.089407
0 0.371460 0.951078 0.056924 0.090436
0 0.528746 0.077714 0.051049 0.092065
0 0.819808 0.195621 0.053419 0.085223
0 0.961870 0.773836 0.055567 0.086460
0 0.892308 0.499842 0.056760 0.100027
0 0.618856 0.882279 0.058891 0.091609
0 0.249303 0.042743 0.062302 0.085487
0 0.202625 0.764856 0.059210 0.087506
0 0.260834 0.842761 0.056284 0.089296
0 0.937685 0.575015 0.055557 0.089200
0 0.416429 0.368795 0.051338 0.081300
0 0.496856 0.426629 0.054940 0.089731
0 0.585065 0.109896 0.054993 0.084053
0 0.918985 0.028731 0.050892 0.057462
0 0.901174 0.201355 0.057754 0.083057
0 0.372068 0.820984 0.057208 0.090954
0 0.768842 0.621310 0.055497 0.084076
0 0.414820 0.197923 0.054876 0.085365
0 0.509953 0.770351 0.054672 0.081580
0 0.469460 0.865264 0.062772 0.098031
0 0.419517 0.699969 0.064263 0.087054
0 0.698937 0.058094 0.056742 0.096128
0 0.376689 0.314359 0.056107 0.078118
0 0.855114 0.261108 0.057530 0.091062
0 0.687502 0.186496 0.048689 0.080713
0 0.940839 0.135758 0.058434 0.091872
0 0.487346 0.147717 0.052808 0.079422
0 0.835546 0.041584 0.061604 0.083167
0 0.499971 0.650687 0.055413 0.089732
0 0.579081 0.198542 0.057048 0.082274
0 0.180118 0.300368 0.053119 0.087046
0 0.825940 0.422894 0.059780 0.097123
0 0.765048 0.097456 0.066986 0.097217
0 0.311069 0.308059 0.059700 0.088138
0 0.708062 0.456058 0.057909 0.083523
0 0.474800 0.242708 0.060368 0.090070
0 0.573982 0.310767 0.059177 0.093320
0 0.245681 0.290890 0.056193 0.087019
1 0.516378 0.347437 0.039774 0.079857
1 0.957791 0.232420 0.046013 0.092968
2 0.574869 0.604887 0.030415 0.041716
2 0.824431 0.507151 0.028856 0.041716