0 0.002594 0.268976 0.005188 0.062839
0 0.990223 0.348834 0.017748 0.070706
0 0.004461 0.103354 0.008899 0.062934
0 0.362153 0.993077 0.042114 0.011883
0 0.004303 0.383757 0.008577 0.069920
0 0.993133 0.092149 0.012265 0.075631
0 0.991576 0.835010 0.015249 0.086995
0 0.604863 0.988145 0.049428 0.020789
0 0.483823 0.988610 0.046869 0.019755
0 0.008982 0.957989 0.017964 0.078723
0 0.464323 0.307470 0.067647 0.080740
0 0.469840 0.366187 0.061492 0.073611
0 0.991242 0.262023 0.015878 0.072861
0 0.063825 0.986585 0.052891 0.023775
0 0.131898 0.986778 0.051499 0.023480
0 0.054244 0.456880 0.055505 0.084513
0 0.086719 0.433734 0.049764 0.079926
0 0.882360 0.981278 0.060959 0.034272
0 0.738790 0.978826 0.060460 0.039098
0 0.799552 0.577627 0.061772 0.071849
0 0.240614 0.976876 0.053286 0.042901
0 0.053337 0.665318 0.054870 0.080908
0 0.307141 0.972524 0.054008 0.051527
0 0.980916 0.576613 0.036100 0.086025
0 0.025744 0.865738 0.051488 0.080723
0 0.020923 0.533720 0.041845 0.090306
0 0.577519 0.077059 0.054418 0.074488
0 0.423779 0.960469 0.053888 0.074427
0 0.960724 0.970008 0.055487 0.056691
0 0.455098 0.903880 0.052109 0.078469
0 0.516472 0.788070 0.055638 0.086028
0 0.106363 0.635633 0.061483 0.095434
0 0.022693 0.779141 0.045231 0.077606
0 0.477310 0.820573 0.061125 0.091987
0 0.079286 0.548104 0.052581 0.084385
0 0.065294 0.910868 0.054975 0.081790
0 0.518045 0.018784 0.061304 0.037568
0 0.422521 0.843498 0.053654 0.081439
0 0.566111 0.140799 0.053850 0.085482
0 0.679868 0.777541 0.060700 0.088092
0 0.974955 0.497763 0.048052 0.076329
0 0.790444 0.852591 0.055143 0.076902
0 0.893889 0.908642 0.055273 0.076173
0 0.196917 0.933046 0.055363 0.081363
0 0.784201 0.933053 0.055367 0.080317
0 0.841068 0.945281 0.052104 0.087832
0 0.913516 0.807487 0.052526 0.083348
0 0.636615 0.942116 0.057672 0.091787
0 0.350194 0.909020 0.053195 0.076782
0 0.959836 0.860804 0.052823 0.089289
0 0.567056 0.946828 0.063962 0.089914
0 0.154331 0.028598 0.057587 0.057182
0 0.439745 0.030204 0.059271 0.060408
0 0.575345 0.800122 0.060088 0.088789
0 0.629911 0.728496 0.057143 0.075965
0 0.125940 0.494658 0.048599 0.070286
0 0.069861 0.761033 0.051242 0.082689
0 0.697010 0.939339 0.056233 0.097617
0 0.498794 0.164313 0.051829 0.077200
0 0.763412 0.038811 0.059422 0.077541
0 0.132128 0.843254 0.053712 0.084495
0 0.627911 0.036525 0.059621 0.073050
0 0.469529 0.636853 0.056525 0.079293
0 0.515860 0.088074 0.064001 0.090226
0 0.933837 0.116806 0.053352 0.073359
0 0.355732 0.315681 0.045273 0.070851
0 0.189663 0.804400 0.060545 0.085567
0 0.218255 0.061417 0.043950 0.077561
0 0.947555 0.740713 0.056272 0.084407
0 0.526213 0.660840 0.058995 0.093552
0 0.244514 0.861992 0.061359 0.084125
0 0.769598 0.537044 0.057268 0.091346
0 0.350137 0.462832 0.059892 0.074588
0 0.847552 0.826219 0.055149 0.084341
0 0.463640 0.546259 0.054113 0.081761
0 0.356061 0.137648 0.063722 0.082831
0 0.445156 0.230497 0.051576 0.078506
0 0.962897 0.391282 0.051657 0.089986
0 0.776868 0.670175 0.061779 0.086921
0 0.329460 0.065977 0.057921 0.080250
0 0.417693 0.495345 0.053787 0.086519
0 0.236097 0.735996 0.055311 0.089305
0 0.403413 0.075505 0.061673 0.095484
0 0.533238 0.332755 0.061342 0.074346
0 0.533780 0.229960 0.052744 0.079057
0 0.264891 0.049799 0.047461 0.095894
0 0.033036 0.129609 0.059915 0.090524
0 0.323159 0.659474 0.062847 0.094494
0 0.631485 0.639510 0.056841 0.085259
0 0.259969 0.601830 0.053776 0.095692
0 0.081446 0.055330 0.059931 0.089812
0 0.597296 0.564855 0.058842 0.084927
0 0.969498 0.191319 0.058814 0.089517
0 0.958205 0.054378 0.058723 0.083829
0 0.363018 0.796075 0.059591 0.094795
0 0.715256 0.706189 0.059150 0.083554
0 0.633717 0.288019 0.058998 0.088300
0 0.412516 0.662424 0.051966 0.090932
0 0.681302 0.345425 0.054894 0.100399
0 0.188689 0.131425 0.052892 0.082429
0 0.049160 0.286326 0.056372 0.080459
0 0.785263 0.420915 0.051700 0.079522
0 0.922752 0.563913 0.054831 0.077295
0 0.699202 0.073806 0.063702 0.087807
0 0.807969 0.122789 0.054263 0.083351
0 0.588125 0.219680 0.050820 0.081453
0 0.179394 0.228632 0.054999 0.083803
0 0.247354 0.188183 0.051939 0.079103
0 0.320895 0.231387 0.055435 0.095033
0 0.133039 0.165152 0.062539 0.089750
0 0.899454 0.299936 0.062021 0.082801
0 0.911776 0.441712 0.060261 0.092458
0 0.690895 0.224868 0.061702 0.085286
0 0.861192 0.053578 0.059960 0.089380
0 0.106528 0.347067 0.064154 0.098093
0 0.167279 0.315689 0.048443 0.081098
0 0.711637 0.536809 0.055230 0.094411
0 0.242476 0.487232 0.064100 0.091152
0 0.781699 0.232873 0.058849 0.090036
0 0.732911 0.386614 0.058933 0.087745
0 0.278390 0.351014 0.055765 0.085153
0 0.876102 0.216845 0.064308 0.092650
1 0.385747 0.269964 0.042114 0.067938
1 0.650907 0.861144 0.057711 0.082241
2 0.806494 0.042312 0.030415 0.041716