0 0.575341 0.141528 0.058466 0.073450
0 0.001594 0.792789 0.003182 0.068226
0 0.994009 0.986277 0.010175 0.025144
0 0.450653 0.002198 0.043456 0.004395
0 0.598615 0.003365 0.048486 0.006703
0 0.998349 0.493106 0.003302 0.067672
0 0.001605 0.061446 0.003197 0.072156
0 0.004103 0.199500 0.008206 0.070693
0 0.910088 0.991248 0.051109 0.015277
0 0.691405 0.005990 0.046227 0.011980
0 0.995496 0.691035 0.008489 0.070225
0 0.991665 0.575747 0.015942 0.068241
0 0.080913 0.516412 0.060535 0.075273
0 0.113703 0.987477 0.055703 0.022831
0 0.123663 0.498318 0.059740 0.086421
0 0.987198 0.185206 0.024495 0.075162
0 0.593729 0.975700 0.059137 0.045593
0 0.825990 0.837746 0.056676 0.073135
0 0.114367 0.571326 0.055878 0.073862
0 0.526538 0.017444 0.055129 0.034888
0 0.793479 0.541226 0.062293 0.084094
0 0.838254 0.682259 0.065070 0.079642
0 0.806087 0.619034 0.061592 0.076765
0 0.866527 0.862274 0.054006 0.091055
0 0.159148 0.595855 0.064880 0.090703
0 0.624034 0.457147 0.053893 0.071584
0 0.028413 0.894184 0.056825 0.093136
0 0.820451 0.955104 0.051815 0.086948
0 0.671070 0.499955 0.053669 0.076001
0 0.023494 0.482849 0.046988 0.074414
0 0.127769 0.021167 0.055263 0.042334
0 0.099143 0.859322 0.053616 0.078742
0 0.150246 0.809457 0.057520 0.070449
0 0.982873 0.100440 0.032804 0.088349
0 0.677695 0.579147 0.056937 0.079174
0 0.619139 0.539838 0.056156 0.079784
0 0.843184 0.766502 0.060305 0.083597
0 0.640626 0.179870 0.054414 0.096195
0 0.593043 0.394349 0.058171 0.081003
0 0.592116 0.251972 0.058846 0.077988
0 0.371705 0.250535 0.050648 0.068564
0 0.034100 0.071726 0.048547 0.071274
0 0.256276 0.873678 0.055637 0.077953
0 0.287695 0.936646 0.058969 0.081885
0 0.807091 0.452657 0.061606 0.076012
0 0.476611 0.461520 0.064150 0.085663
0 0.172184 0.739444 0.064893 0.076955
0 0.110760 0.236319 0.055840 0.079761
0 0.400346 0.196855 0.052596 0.069505
0 0.132923 0.930641 0.058588 0.090927
0 0.945671 0.938038 0.058832 0.082703
0 0.561799 0.928004 0.060882 0.076094
0 0.096218 0.769254 0.057226 0.091545
0 0.101355 0.361532 0.050281 0.072019
0 0.181601 0.658746 0.065234 0.083412
0 0.683721 0.955481 0.055130 0.080547
0 0.608780 0.626051 0.058387 0.076500
0 0.608425 0.712476 0.055887 0.081826
0 0.481502 0.918325 0.059586 0.098321
0 0.462489 0.095709 0.054638 0.093662
0 0.655609 0.090329 0.053317 0.084890
0 0.056085 0.412005 0.058108 0.082523
0 0.422267 0.131618 0.063091 0.083764
0 0.234487 0.720856 0.049583 0.071003
0 0.061592 0.661157 0.060766 0.085779
0 0.203197 0.845454 0.058049 0.086566
0 0.962006 0.656084 0.056414 0.081480
0 0.365391 0.315329 0.050596 0.068103
0 0.336213 0.412000 0.053055 0.074208
0 0.423121 0.740955 0.054711 0.078302
0 0.515273 0.765852 0.056691 0.087546
0 0.153563 0.280678 0.052086 0.073073
0 0.925523 0.823571 0.053458 0.085342
0 0.383803 0.447663 0.052362 0.093833
0 0.511215 0.583557 0.052450 0.077939
0 0.645547 0.863520 0.056046 0.087653
0 0.789986 0.046471 0.052630 0.069765
0 0.501641 0.380702 0.064496 0.086723
0 0.123784 0.154347 0.056842 0.084462
0 0.768617 0.792173 0.065714 0.089276
0 0.809561 0.331768 0.063580 0.088780
0 0.453175 0.227936 0.053932 0.084714
0 0.431527 0.847795 0.060445 0.085144
0 0.638391 0.332238 0.060386 0.087005
0 0.760643 0.188833 0.058259 0.076940
0 0.058200 0.310267 0.053165 0.086456
0 0.749812 0.274500 0.056854 0.089311
0 0.183564 0.145570 0.055425 0.084342
0 0.423052 0.653352 0.051338 0.081158
0 0.219876 0.073311 0.051406 0.078642
0 0.199486 0.410073 0.052192 0.076509
0 0.860279 0.305863 0.056464 0.095793
0 0.329221 0.656253 0.057176 0.082952
0 0.819438 0.174656 0.060165 0.093543
0 0.949798 0.390945 0.065744 0.097921
1 0.262916 0.225268 0.046013 0.047676
1 0.521057 0.497020 0.044453 0.078665
1 0.841198 0.534565 0.048353 0.098927
1 0.586567 0.189511 0.052252 0.059595