0 0.343300 0.986417 0.044222 0.025182
0 0.214397 0.993816 0.060466 0.011201
0 0.002429 0.390308 0.004859 0.064169
0 0.997619 0.364648 0.004747 0.070434
0 0.989840 0.984285 0.018597 0.029091
0 0.003365 0.818333 0.006731 0.067165
0 0.494385 0.994094 0.042029 0.010186
0 0.995375 0.130136 0.008160 0.065752
0 0.068167 0.990727 0.047659 0.016492
0 0.793467 0.010669 0.054053 0.021315
0 0.988772 0.831454 0.021218 0.088643
0 0.262804 0.009651 0.050584 0.019303
0 0.117851 0.789209 0.046390 0.088555
0 0.120870 0.979367 0.054955 0.038304
0 0.988092 0.031503 0.022635 0.062914
0 0.322158 0.013795 0.055032 0.027590
0 0.986809 0.440288 0.025431 0.072407
0 0.985230 0.690689 0.028265 0.077376
0 0.565104 0.982974 0.053986 0.031342
0 0.298948 0.970001 0.060913 0.057456
0 0.012376 0.256655 0.024701 0.082747
0 0.975970 0.941779 0.046892 0.085464
0 0.711853 0.973354 0.064244 0.050779
0 0.922990 0.913464 0.057865 0.082695
0 0.158815 0.803548 0.054579 0.086324
0 0.979102 0.611018 0.040552 0.082986
0 0.927377 0.835885 0.066160 0.078689
0 0.108251 0.528232 0.053847 0.076394
0 0.642903 0.116501 0.052599 0.091996
0 0.671026 0.032477 0.060488 0.064955
0 0.263846 0.909518 0.056467 0.089566
0 0.696294 0.128308 0.055146 0.097656
0 0.136678 0.045062 0.061473 0.090010
0 0.516899 0.024359 0.057726 0.048719
0 0.644378 0.927391 0.058357 0.087440
0 0.371916 0.849196 0.055157 0.078072
0 0.075256 0.850417 0.061591 0.080456
0 0.428838 0.940969 0.052834 0.075696
0 0.750532 0.113455 0.060388 0.085113
0 0.369940 0.694951 0.062166 0.079356
0 0.299027 0.683312 0.059227 0.087911
0 0.703957 0.651741 0.056977 0.078445
0 0.067776 0.932883 0.058270 0.084034
0 0.919548 0.756987 0.058659 0.083656
0 0.707165 0.733229 0.057760 0.083651
0 0.599867 0.868187 0.053851 0.101216
0 0.353586 0.939316 0.060252 0.087176
0 0.305883 0.839901 0.063634 0.083086
0 0.350995 0.767276 0.061214 0.075485
0 0.766275 0.041684 0.059483 0.070621
0 0.742938 0.195842 0.061828 0.078200
0 0.863550 0.921877 0.065436 0.083734
0 0.359874 0.460658 0.061389 0.086317
0 0.325088 0.061558 0.058373 0.067672
0 0.593512 0.136421 0.059475 0.085334
0 0.110889 0.451383 0.054182 0.074842
0 0.256702 0.617541 0.064663 0.091181
0 0.106447 0.704527 0.056637 0.075114
0 0.680383 0.838038 0.062656 0.084049
0 0.177386 0.724457 0.061369 0.082187
0 0.514435 0.494839 0.058823 0.090633
0 0.115896 0.605927 0.067489 0.086078
0 0.228152 0.520464 0.056768 0.087925
0 0.381906 0.203515 0.058748 0.082842
0 0.598732 0.740159 0.060531 0.093425
0 0.733251 0.460062 0.053894 0.073140
0 0.304592 0.427825 0.057912 0.082396
0 0.842654 0.183784 0.062237 0.094319
0 0.442192 0.441568 0.055259 0.082402
0 0.279246 0.226131 0.055752 0.085391
0 0.057458 0.767915 0.057721 0.089352
0 0.716290 0.571317 0.059668 0.082609
0 0.289827 0.519238 0.062638 0.095371
0 0.948946 0.166139 0.055961 0.090240
0 0.646597 0.673684 0.062152 0.093255
0 0.142746 0.923596 0.069717 0.091468
0 0.062919 0.280750 0.061963 0.080753
0 0.181092 0.625934 0.056925 0.088826
0 0.051296 0.526705 0.059662 0.085768
0 0.963102 0.520451 0.057656 0.091800
0 0.852711 0.748723 0.054795 0.092428
0 0.543682 0.702361 0.060577 0.089895
0 0.674972 0.468548 0.057559 0.093791
0 0.762203 0.832814 0.057989 0.084183
0 0.391879 0.381176 0.064188 0.090716
0 0.188544 0.216944 0.057186 0.087467
0 0.786732 0.608953 0.058615 0.086314
0 0.577138 0.478898 0.056271 0.086146
0 0.369262 0.119905 0.060257 0.086861
0 0.562671 0.216843 0.058537 0.080833
0 0.477757 0.885899 0.056783 0.090400
0 0.076656 0.371154 0.061684 0.091467
0 0.790484 0.406428 0.059755 0.100328
0 0.797548 0.523470 0.060073 0.083898
0 0.616449 0.311905 0.054900 0.089612
0 0.164011 0.419960 0.055027 0.088483
0 0.407957 0.285765 0.061912 0.089996
0 0.222629 0.133401 0.058842 0.086364
0 0.685274 0.360205 0.059627 0.097193
0 0.466166 0.354825 0.057970 0.094547
0 0.222443 0.353006 0.055805 0.090517
0 0.562578 0.377928 0.055714 0.085176
0 0.448054 0.770528 0.058689 0.088994
0 0.918791 0.270758 0.059713 0.086535
1 0.434490 0.119190 0.050692 0.097735
1 0.891501 0.176400 0.047573 0.095352
1 0.394326 0.544696 0.057711 0.069130
1 0.813903 0.972586 0.057711 0.054827
1 0.840418 0.297974 0.046793 0.095352