0 0.349398 0.005885 0.041079 0.011745
0 0.130989 0.003756 0.042754 0.007445
0 0.006630 0.097550 0.013260 0.061472
0 0.002857 0.501063 0.005706 0.055485
0 0.992077 0.583761 0.014548 0.068885
0 0.994313 0.747669 0.009848 0.065835
0 0.474541 0.989923 0.042450 0.017642
0 0.993837 0.221421 0.011100 0.081804
0 0.008596 0.163633 0.017152 0.081453
0 0.990345 0.908699 0.017778 0.086492
0 0.726716 0.985825 0.056482 0.025377
0 0.417607 0.983599 0.057073 0.029747
0 0.301396 0.879181 0.048994 0.092559
0 0.391938 0.729547 0.065073 0.082798
0 0.891131 0.983831 0.057829 0.029430
0 0.013481 0.407344 0.026962 0.082915
0 0.494894 0.457497 0.053512 0.080438
0 0.178259 0.727645 0.058166 0.064648
0 0.535957 0.468023 0.052391 0.087801
0 0.707903 0.264855 0.053427 0.081857
0 0.062871 0.013790 0.050422 0.027580
0 0.455923 0.949441 0.064687 0.066012
0 0.981005 0.664513 0.036254 0.092620
0 0.612072 0.700256 0.057292 0.081963
0 0.754053 0.927638 0.049080 0.066330
0 0.023762 0.042151 0.047524 0.084263
0 0.653157 0.841985 0.061749 0.076558
0 0.059949 0.968980 0.060291 0.059033
0 0.084349 0.808539 0.049978 0.083306
0 0.478115 0.882542 0.060785 0.080199
0 0.794232 0.965452 0.058740 0.066795
0 0.323675 0.967509 0.049982 0.061782
0 0.024025 0.653723 0.048050 0.088994
0 0.267824 0.965541 0.061140 0.065860
0 0.542087 0.020531 0.062520 0.041062
0 0.660157 0.756750 0.056799 0.096970
0 0.439788 0.454039 0.053984 0.087541
0 0.038253 0.440502 0.050976 0.101642
0 0.309929 0.733243 0.059878 0.074647
0 0.705336 0.900399 0.058645 0.090356
0 0.973767 0.323680 0.050624 0.077842
0 0.037906 0.120827 0.063930 0.084711
0 0.362495 0.034534 0.049459 0.068723
0 0.511292 0.821542 0.063056 0.101716
0 0.538876 0.247237 0.058956 0.084629
0 0.398029 0.847321 0.059756 0.087991
0 0.155515 0.034156 0.055458 0.068100
0 0.577976 0.962990 0.057115 0.070881
0 0.066209 0.889805 0.053956 0.086454
0 0.961129 0.034286 0.057409 0.068520
0 0.108093 0.749110 0.061265 0.085175
0 0.317311 0.658090 0.060424 0.084479
0 0.347622 0.452675 0.057272 0.089575
0 0.407259 0.063661 0.057299 0.070600
0 0.462815 0.025170 0.061810 0.050340
0 0.391001 0.418679 0.060600 0.086070
0 0.638703 0.624166 0.057235 0.079795
0 0.427934 0.539467 0.065649 0.083883
0 0.813064 0.458891 0.060612 0.083449
0 0.729508 0.486335 0.059150 0.087179
0 0.571619 0.185313 0.054436 0.079701
0 0.474876 0.718191 0.057305 0.093374
0 0.179257 0.094782 0.069633 0.084160
0 0.708813 0.711330 0.057912 0.086007
0 0.553442 0.756176 0.062860 0.089723
0 0.762239 0.785548 0.054975 0.081146
0 0.429097 0.130069 0.059477 0.077641
0 0.121706 0.122030 0.058781 0.085292
0 0.341490 0.832211 0.053493 0.079980
0 0.826635 0.749851 0.055863 0.087621
0 0.898378 0.829224 0.057103 0.080755
0 0.922432 0.144731 0.057352 0.083649
0 0.176051 0.654850 0.064977 0.086282
0 0.969302 0.409742 0.060182 0.094148
0 0.934845 0.700639 0.064300 0.076602
0 0.854038 0.362109 0.055117 0.089408
0 0.952049 0.884441 0.058036 0.086266
0 0.223911 0.035587 0.056776 0.071174
0 0.967812 0.560376 0.054683 0.077320
0 0.248682 0.857750 0.057711 0.087062
0 0.785178 0.073721 0.057751 0.096236
0 0.475173 0.090462 0.055779 0.082035
0 0.682999 0.216075 0.061125 0.079415
0 0.677353 0.514189 0.058976 0.080423
0 0.221955 0.771943 0.055137 0.078485
0 0.762361 0.413852 0.056903 0.079193
0 0.599018 0.120910 0.061423 0.093396
0 0.252499 0.217154 0.058484 0.080799
0 0.805269 0.555544 0.060082 0.089371
0 0.086749 0.611403 0.057390 0.086658
0 0.901149 0.059898 0.057181 0.089591
0 0.259584 0.589361 0.055475 0.090996
0 0.728813 0.061135 0.060598 0.087205
0 0.947361 0.217444 0.058565 0.092889
0 0.313138 0.367629 0.061353 0.085789
0 0.803252 0.193445 0.054023 0.073428
0 0.193739 0.477821 0.057245 0.085224
0 0.549255 0.588706 0.065704 0.096539
0 0.291061 0.131677 0.052918 0.097982
0 0.627373 0.437944 0.051097 0.085236
0 0.237578 0.127773 0.052968 0.093259
0 0.037381 0.559911 0.064661 0.081064
0 0.878390 0.530880 0.052436 0.090494
0 0.095375 0.316614 0.068911 0.086530
0 0.078485 0.391055 0.065646 0.087147
0 0.297512 0.276113 0.056671 0.086657
0 0.466684 0.339893 0.062967 0.095312
0 0.754552 0.294368 0.060260 0.084641
0 0.467972 0.239602 0.058586 0.099699
0 0.225108 0.301598 0.057026 0.086987
0 0.553591 0.370655 0.057534 0.087385
0 0.901054 0.318718 0.057854 0.091368
0 0.096208 0.491376 0.062762 0.086838
0 0.157677 0.392675 0.066958 0.093876
0 0.817520 0.298118 0.061472 0.090486
0 0.356241 0.194857 0.060335 0.096020
1 0.106550 0.179976 0.071749 0.071514
1 0.117858 0.234207 0.070969 0.077473
1 0.437609 0.611442 0.061611 0.057211
1 0.772959 0.663290 0.053812 0.101311
1 0.891891 0.204410 0.053032 0.072706