0 0.997114 0.348168 0.004867 0.047460
0 0.268509 0.002058 0.034577 0.004082
0 0.881102 0.006438 0.033451 0.012877
0 0.993591 0.161524 0.011192 0.059035
0 0.991371 0.028083 0.015803 0.056018
0 0.595557 0.890607 0.043709 0.067400
0 0.978404 0.984386 0.040852 0.028243
0 0.592144 0.009153 0.043085 0.018262
0 0.989444 0.586982 0.019276 0.076123
0 0.119362 0.988007 0.042840 0.020947
0 0.986847 0.849949 0.024519 0.079249
0 0.017686 0.893290 0.035373 0.071586
0 0.981693 0.427952 0.034567 0.064408
0 0.982910 0.503639 0.032410 0.077443
0 0.117680 0.013961 0.036381 0.027891
0 0.017343 0.215377 0.034628 0.077384
0 0.790930 0.969093 0.044321 0.058804
0 0.392681 0.013859 0.045180 0.027683
0 0.056814 0.967279 0.049296 0.061913
0 0.697672 0.965801 0.053344 0.065307
0 0.928918 0.854630 0.048799 0.079673
0 0.632033 0.542524 0.047846 0.077748
0 0.722877 0.016636 0.049711 0.033272
0 0.878922 0.396979 0.043928 0.066010
0 0.964192 0.913834 0.049289 0.078585
0 0.844825 0.246229 0.052878 0.075266
0 0.977744 0.768934 0.042394 0.086021
0 0.585780 0.962597 0.049437 0.071453
0 0.901709 0.636794 0.047220 0.071086
0 0.874413 0.954583 0.051609 0.078405
0 0.043900 0.837258 0.046285 0.072959
0 0.974952 0.224597 0.047853 0.075060
0 0.030313 0.663231 0.044249 0.073307
0 0.408266 0.975305 0.049138 0.046105
0 0.270362 0.966679 0.050977 0.063299
0 0.980280 0.095010 0.037603 0.074954
0 0.037939 0.763007 0.045865 0.069345
0 0.539591 0.019471 0.047553 0.038942
0 0.020547 0.290154 0.041094 0.072379
0 0.572829 0.136305 0.047035 0.068170
0 0.611201 0.478537 0.048805 0.076924
0 0.886369 0.574085 0.050724 0.064497
0 0.957924 0.542920 0.052128 0.092376
0 0.914471 0.032988 0.047570 0.065977
0 0.737923 0.178986 0.048418 0.067421
0 0.188914 0.901760 0.049845 0.080852
0 0.132027 0.799393 0.045370 0.075576
0 0.135824 0.095593 0.046988 0.075260
0 0.654301 0.033850 0.046751 0.067673
0 0.655060 0.641392 0.047939 0.075253
0 0.201468 0.711591 0.045511 0.070497
0 0.673059 0.186098 0.047081 0.079379
0 0.902583 0.460285 0.050219 0.075693
0 0.111866 0.893286 0.047795 0.080513
0 0.794891 0.465805 0.044673 0.072373
0 0.073519 0.694844 0.046267 0.076022
0 0.253019 0.899302 0.047104 0.075331
0 0.056247 0.598513 0.048777 0.075362
0 0.935153 0.688554 0.050528 0.081604
0 0.604472 0.786785 0.050861 0.073405
0 0.756913 0.781023 0.050998 0.069378
0 0.815505 0.123026 0.051921 0.077377
0 0.490566 0.932795 0.047361 0.075580
0 0.072070 0.025027 0.049372 0.050053
0 0.161590 0.026656 0.050224 0.053311
0 0.026143 0.529269 0.050040 0.080060
0 0.495385 0.064797 0.045775 0.069343
0 0.508229 0.607499 0.046846 0.068531
0 0.970863 0.354441 0.041781 0.074963
0 0.262268 0.822844 0.048941 0.071263
0 0.698054 0.590464 0.041144 0.071872
0 0.287703 0.084066 0.043488 0.068173
0 0.859352 0.079799 0.047744 0.076337
0 0.574724 0.694858 0.042936 0.078276
0 0.106155 0.503581 0.047283 0.075619
0 0.455369 0.764443 0.047577 0.074484
0 0.760963 0.385798 0.043642 0.070540
0 0.499022 0.315707 0.048605 0.079169
0 0.544502 0.830591 0.047571 0.074452
0 0.752688 0.075831 0.046601 0.079350
0 0.045289 0.399890 0.053873 0.074817
0 0.227449 0.231920 0.042801 0.071597
0 0.398250 0.788606 0.043856 0.069518
0 0.885875 0.191391 0.048623 0.076603
0 0.834341 0.525354 0.047582 0.076688
0 0.664822 0.455903 0.050972 0.082469
0 0.618590 0.088764 0.046297 0.075976
0 0.349194 0.947061 0.044121 0.078895
0 0.361627 0.218001 0.051587 0.074402
0 0.822240 0.321502 0.049747 0.073873
0 0.122502 0.609557 0.046601 0.084734
0 0.204076 0.832426 0.050923 0.078516
0 0.084070 0.098911 0.046161 0.086124
0 0.243550 0.749392 0.054949 0.076467
0 0.205889 0.055009 0.050240 0.075936
0 0.389441 0.304898 0.045299 0.069090
0 0.532661 0.256967 0.046723 0.068932
0 0.449007 0.029208 0.049598 0.058417
0 0.482076 0.543592 0.051069 0.076270
0 0.131637 0.440124 0.052932 0.076838
0 0.890351 0.285321 0.049375 0.077284
0 0.422948 0.115272 0.046424 0.074974
0 0.099573 0.367231 0.053342 0.087956
0 0.338453 0.048706 0.049244 0.071887
0 0.355276 0.740183 0.047768 0.077666
0 0.049307 0.160797 0.050723 0.077533
0 0.744162 0.470394 0.048627 0.076898
0 0.823402 0.680532 0.049968 0.074225
0 0.927361 0.132607 0.046305 0.075001
0 0.342484 0.817291 0.048449 0.078511
0 0.092634 0.260075 0.044992 0.072443
0 0.257911 0.371949 0.049729 0.076150
0 0.124750 0.699862 0.046871 0.077998
0 0.482032 0.198210 0.049687 0.080296
0 0.708686 0.394464 0.050237 0.074955
0 0.338317 0.285689 0.046343 0.075335
0 0.477504 0.456858 0.045494 0.077695
0 0.919584 0.351354 0.048483 0.081027
0 0.624076 0.379926 0.048907 0.081623
0 0.376904 0.667383 0.051670 0.081878
0 0.151728 0.169558 0.056594 0.081872
0 0.425614 0.227248 0.046827 0.074568
0 0.426595 0.695594 0.048862 0.083983
0 0.355059 0.584589 0.047335 0.072133
0 0.143580 0.251127 0.048627 0.073209
0 0.632346 0.292220 0.053701 0.076494
0 0.338113 0.144652 0.050236 0.079919
0 0.430944 0.593264 0.043395 0.081283
0 0.380240 0.492924 0.043684 0.073446
0 0.756036 0.693011 0.050495 0.084408
0 0.249598 0.662558 0.053312 0.086151
0 0.168217 0.551197 0.052207 0.081423
0 0.591564 0.234314 0.051344 0.087117
0 0.299981 0.597110 0.050090 0.072155
0 0.287222 0.513696 0.048214 0.073968
0 0.518196 0.693225 0.055723 0.091451
0 0.273544 0.259321 0.052720 0.083027
0 0.305329 0.402434 0.051108 0.086440
0 0.301612 0.725033 0.050932 0.079937
0 0.238928 0.573225 0.046758 0.076027
0 0.147188 0.331786 0.052267 0.081743
0 0.445402 0.373510 0.055963 0.087116
0 0.530418 0.444413 0.054004 0.084968
0 0.196621 0.479629 0.050619 0.086223
1 0.283973 0.191299 0.044453 0.048868
2 0.160361 0.612634 0.017157 0.023838
2 0.395106 0.601311 0.026516 0.044100
2 0.308539 0.983313 0.020277 0.026222
2 0.625561 0.913588 0.017937 0.032181
2 0.785437 0.160310 0.025736 0.032181
2 0.784267 0.292014 0.023396 0.038141
2 0.972998 0.286055 0.028076 0.040524
2 0.955841 0.264601 0.017157 0.026222
2 0.542504 0.095948 0.017157 0.020262
2 0.397835 0.255662 0.011698 0.027414
2 0.197016 0.264005 0.018717 0.034565
2 0.255117 0.316448 0.017937 0.036949
3 0.717977 0.283075 0.104504 0.175209
3 0.689511 0.715137 0.113083 0.135876
4 0.698090 0.858760 0.116202 0.163290
1 0.619240 0.707256 0.044749 0.086739
1 0.506003 0.797748 0.052935 0.072560
1 0.620332 0.863636 0.055664 0.072560