0 0.672930 0.499322 0.049231 0.074501
0 0.519908 0.996715 0.050558 0.006570
0 0.702448 0.528006 0.051434 0.079968
0 0.995792 0.020777 0.007775 0.041554
0 0.011338 0.505675 0.022675 0.067495
0 0.008515 0.550662 0.016999 0.083281
0 0.644169 0.995421 0.050961 0.008395
0 0.639468 0.199953 0.050060 0.086556
0 0.977128 0.003780 0.035090 0.007561
0 0.509355 0.003402 0.043001 0.006805
0 0.411911 0.392382 0.049067 0.073844
0 0.607237 0.215589 0.052361 0.086871
0 0.380966 0.372593 0.052222 0.085722
0 0.276700 0.293950 0.050137 0.084666
0 0.288003 0.244441 0.051352 0.070354
0 0.006236 0.132091 0.012472 0.068500
0 0.649231 0.007237 0.062637 0.014473
0 0.600954 0.295187 0.053592 0.087270
0 0.754177 0.992417 0.045779 0.013594
0 0.995166 0.317750 0.009170 0.071131
0 0.501204 0.179677 0.051877 0.089016
0 0.762456 0.319292 0.048876 0.094551
0 0.990467 0.160857 0.018157 0.072566
0 0.567729 0.326353 0.058010 0.083146
0 0.210032 0.092653 0.052249 0.084479
0 0.609559 0.730714 0.083784 0.110857
0 0.924834 0.988620 0.052879 0.021203
0 0.454580 0.177675 0.049036 0.089261
0 0.990655 0.790641 0.017612 0.076970
0 0.249954 0.088981 0.049701 0.080648
0 0.588929 0.779059 0.056096 0.080946
0 0.013386 0.368574 0.026717 0.078054
0 0.110367 0.977439 0.050691 0.043609
0 0.659179 0.329812 0.050883 0.076274
0 0.408102 0.903323 0.050370 0.077368
0 0.800776 0.020667 0.052123 0.041334
0 0.987895 0.425889 0.023298 0.082116
0 0.419046 0.961344 0.059434 0.076005
0 0.181188 0.153055 0.051860 0.111374
0 0.583045 0.849040 0.058714 0.093221
0 0.650627 0.877348 0.049455 0.071814
0 0.111070 0.914992 0.046397 0.070404
0 0.976862 0.970881 0.045217 0.056827
0 0.250826 0.787460 0.049244 0.083225
0 0.426317 0.280719 0.051219 0.081602
0 0.677537 0.249620 0.051395 0.084201
0 0.167018 0.638301 0.051636 0.079968
0 0.542322 0.910174 0.056578 0.085495
0 0.779928 0.174291 0.052911 0.098905
0 0.170795 0.314473 0.058375 0.088056
0 0.818410 0.132982 0.049045 0.090759
0 0.193990 0.744645 0.054448 0.085845
0 0.703821 0.092800 0.044683 0.078280
0 0.016607 0.286345 0.033155 0.081496
0 0.375768 0.544852 0.051348 0.079906
0 0.167227 0.972369 0.057429 0.053533
0 0.841338 0.263831 0.046785 0.075555
0 0.255647 0.871589 0.061256 0.081490
0 0.456106 0.344316 0.052870 0.079733
0 0.821078 0.355205 0.043644 0.083058
0 0.076100 0.799957 0.048558 0.080941
0 0.125808 0.831651 0.056373 0.078268
0 0.090237 0.448080 0.051878 0.073303
0 0.239904 0.384941 0.084462 0.081588
0 0.748044 0.250111 0.059758 0.078971
0 0.666894 0.132516 0.055431 0.087727
0 0.750931 0.103094 0.044555 0.081877
0 0.553149 0.106826 0.050347 0.088298
0 0.844518 0.972430 0.054004 0.053437
0 0.981020 0.076822 0.036417 0.089137
0 0.163231 0.417921 0.048079 0.087283
0 0.340254 0.449251 0.055850 0.078144
0 0.666374 0.579851 0.055914 0.077200
0 0.866019 0.091968 0.059907 0.076008
0 0.113785 0.386101 0.053058 0.077955
0 0.481022 0.269437 0.053080 0.083098
0 0.027154 0.908897 0.054307 0.086958
0 0.535318 0.399530 0.057957 0.083819
0 0.423062 0.507236 0.055376 0.085618
0 0.382373 0.218786 0.052040 0.084627
0 0.464492 0.025116 0.046993 0.050078
0 0.573962 0.031329 0.057235 0.062658
0 0.783206 0.927299 0.052860 0.082260
0 0.907197 0.040097 0.076442 0.080125
0 0.687699 0.390636 0.052192 0.085187
0 0.976732 0.267395 0.046067 0.087451
0 0.611055 0.403858 0.049112 0.078617
0 0.057460 0.622195 0.049477 0.076812
0 0.224052 0.300437 0.051099 0.082768
0 0.636142 0.954953 0.062593 0.080452
0 0.299880 0.613843 0.054826 0.085957
0 0.746431 0.742979 0.048651 0.081237
0 0.302570 0.081034 0.048650 0.090929
0 0.532364 0.759717 0.050272 0.093271
0 0.342099 0.161704 0.062164 0.077159
0 0.358371 0.789459 0.051097 0.082333
0 0.300285 0.527429 0.062402 0.085171
0 0.256927 0.474657 0.051776 0.093176
0 0.483841 0.089665 0.055872 0.089652
0 0.962118 0.898786 0.057379 0.085947
0 0.879381 0.328569 0.048984 0.076292
0 0.472992 0.939424 0.052711 0.081914
0 0.885676 0.163948 0.056131 0.078430
0 0.968392 0.618012 0.048361 0.075331
0 0.878869 0.846338 0.053031 0.086955
0 0.977920 0.700563 0.043355 0.078770
0 0.200197 0.469134 0.056331 0.084303
0 0.926495 0.804619 0.051911 0.085556
0 0.324613 0.719946 0.052451 0.086488
0 0.804121 0.765700 0.049531 0.090006
0 0.047766 0.166044 0.052090 0.076945
0 0.311119 0.828270 0.060111 0.094353
0 0.739073 0.031722 0.062752 0.063413
0 0.414619 0.111250 0.063143 0.083614
0 0.638771 0.057747 0.055527 0.079574
0 0.785033 0.588613 0.052634 0.085366
0 0.468699 0.804634 0.054626 0.086438
0 0.051087 0.250290 0.054234 0.081170
0 0.344342 0.036213 0.060610 0.072426
0 0.756667 0.654721 0.056518 0.089952
0 0.405132 0.033203 0.055942 0.066357
0 0.060039 0.513546 0.053965 0.077199
0 0.436198 0.699227 0.052195 0.082851
0 0.827971 0.875379 0.057315 0.102508
0 0.033041 0.088812 0.059799 0.082273
0 0.186848 0.561334 0.056236 0.087281
0 0.590103 0.612526 0.054485 0.115338
0 0.923909 0.570016 0.052022 0.083574
0 0.486468 0.574869 0.052000 0.086273
0 0.108193 0.687309 0.056117 0.090338
0 0.114493 0.538667 0.053875 0.091581
0 0.959817 0.374580 0.054825 0.076580
0 0.852244 0.736626 0.049966 0.090389
0 0.870249 0.569932 0.051153 0.083722
0 0.905210 0.723022 0.050839 0.082556
0 0.946804 0.487383 0.064781 0.086996
0 0.113379 0.071266 0.052211 0.093660
0 0.070792 0.332725 0.054820 0.083611
0 0.947441 0.187949 0.054178 0.094318
3 0.130726 0.240763 0.106064 0.164482
3 0.234450 0.663886 0.098265 0.157330
2 0.179469 0.368296 0.017937 0.028605
2 0.339734 0.224076 0.028076 0.045292
2 0.481283 0.394517 0.028856 0.045292
2 0.694191 0.449940 0.025736 0.036949
2 0.780368 0.837306 0.034315 0.051251
1 0.400955 0.612634 0.056931 0.054827
3 0.687562 0.681764 0.093586 0.119190
1 0.743392 0.396997 0.051844 0.086739