0 0.003846 0.717545 0.007692 0.056705
0 0.002083 0.337677 0.004151 0.054336
0 0.002118 0.495856 0.004229 0.058415
0 0.995926 0.567406 0.006938 0.065404
0 0.070039 0.992460 0.039439 0.012634
0 0.644350 0.991640 0.043377 0.014065
0 0.884839 0.992215 0.045191 0.013109
0 0.993962 0.026789 0.010714 0.053577
0 0.389991 0.009103 0.034631 0.018193
0 0.008539 0.792587 0.017030 0.072993
0 0.483768 0.988188 0.053662 0.020688
0 0.362944 0.987311 0.052011 0.022489
0 0.971953 0.982195 0.052157 0.032704
0 0.010501 0.645941 0.020943 0.081498
0 0.009031 0.418854 0.018022 0.075733
0 0.986900 0.919664 0.024520 0.091733
0 0.929131 0.015443 0.053387 0.030886
0 0.663096 0.013082 0.054926 0.026163
0 0.187165 0.703363 0.051350 0.087556
0 0.849778 0.592983 0.060995 0.096891
0 0.986013 0.697283 0.026150 0.088430
0 0.788679 0.014956 0.054031 0.029912
0 0.641597 0.702652 0.060302 0.089668
0 0.012588 0.256514 0.025137 0.081607
0 0.275417 0.866854 0.068719 0.074702
0 0.556942 0.231432 0.049664 0.067017
0 0.011970 0.160832 0.023880 0.078266
0 0.123054 0.966477 0.060001 0.063929
0 0.653564 0.866867 0.062991 0.090647
0 0.791985 0.821058 0.058799 0.082227
0 0.680255 0.947779 0.054335 0.090572
0 0.226352 0.941027 0.058355 0.077470
0 0.759410 0.755678 0.064425 0.090765
0 0.808063 0.450079 0.060741 0.082786
0 0.870636 0.025038 0.056402 0.050076
0 0.671309 0.352709 0.059995 0.082718
0 0.804756 0.964862 0.062399 0.066972
0 0.660246 0.778513 0.057243 0.083581
0 0.211264 0.586716 0.061320 0.086711
0 0.360350 0.611580 0.061353 0.090135
0 0.403994 0.637169 0.056410 0.090803
0 0.367474 0.704810 0.054612 0.077558
0 0.364886 0.843527 0.054634 0.077127
0 0.508703 0.191131 0.056053 0.084298
0 0.384947 0.522079 0.052551 0.085296
0 0.103119 0.900074 0.055264 0.078259
0 0.387910 0.924436 0.056613 0.080789
0 0.977884 0.115296 0.042459 0.086649
0 0.288245 0.784673 0.055424 0.083313
0 0.806020 0.693004 0.058920 0.084569
0 0.934186 0.496580 0.054932 0.070474
0 0.889661 0.257400 0.058074 0.090065
0 0.433551 0.739333 0.052949 0.078587
0 0.180799 0.024978 0.055073 0.049881
0 0.563460 0.162365 0.059241 0.073075
0 0.204416 0.799043 0.059614 0.085189
0 0.868265 0.679533 0.064762 0.092051
0 0.345458 0.036343 0.057317 0.072686
0 0.834356 0.381189 0.061496 0.082718
0 0.782722 0.072227 0.050523 0.078022
0 0.137249 0.734522 0.055392 0.079135
0 0.834224 0.869126 0.059250 0.089719
0 0.899822 0.551828 0.054046 0.083536
0 0.921557 0.069790 0.062064 0.088724
0 0.073104 0.805129 0.067562 0.089152
0 0.581434 0.596408 0.061795 0.099675
0 0.690644 0.449145 0.061106 0.096151
0 0.813379 0.544576 0.060627 0.099873
0 0.240882 0.527667 0.054104 0.083412
0 0.957646 0.190184 0.055286 0.084696
0 0.680956 0.650364 0.055863 0.089005
0 0.475529 0.792788 0.062969 0.083614
0 0.220640 0.087878 0.062419 0.092709
0 0.291338 0.561793 0.056093 0.093187
0 0.621695 0.307407 0.056608 0.078370
0 0.263770 0.030834 0.057135 0.061668
0 0.314152 0.238221 0.053573 0.079519
0 0.027139 0.571462 0.054105 0.094547
0 0.647381 0.525357 0.060277 0.089652
0 0.243867 0.698566 0.066712 0.096479
0 0.506084 0.649259 0.064496 0.094910
0 0.334018 0.501672 0.054119 0.080725
0 0.446151 0.031816 0.057195 0.063619
0 0.509383 0.275395 0.062996 0.086038
0 0.121335 0.039849 0.062267 0.079698
0 0.165349 0.621626 0.061523 0.091632
0 0.466626 0.884022 0.060151 0.092300
0 0.906117 0.428788 0.063854 0.085104
0 0.476145 0.478919 0.064917 0.107773
0 0.680468 0.264190 0.058882 0.089880
0 0.053666 0.159253 0.051243 0.091909
0 0.347806 0.168635 0.058478 0.098523
0 0.264400 0.175587 0.053621 0.093423
0 0.837121 0.295023 0.060086 0.085461
0 0.082002 0.223915 0.056643 0.087478
0 0.080044 0.536963 0.051759 0.098346
0 0.944445 0.299911 0.062727 0.098064
0 0.399554 0.129897 0.059252 0.085895
0 0.203388 0.316003 0.050445 0.084667
0 0.595173 0.384491 0.062718 0.091817
0 0.547355 0.458317 0.056777 0.087475
0 0.737376 0.227814 0.062367 0.097108
0 0.170856 0.144765 0.058416 0.090427
0 0.335421 0.331591 0.058557 0.088483
0 0.292801 0.422886 0.061382 0.091347
0 0.382223 0.390714 0.062863 0.097711
0 0.097888 0.439316 0.054359 0.086039
0 0.126359 0.357119 0.057295 0.083325
0 0.729061 0.341530 0.052671 0.087881
0 0.201665 0.421300 0.061749 0.092086
0 0.443435 0.383621 0.056830 0.089340
0 0.264014 0.303007 0.060272 0.090088
0 0.144001 0.248935 0.067034 0.091423
1 0.285532 0.952324 0.061611 0.083433
1 0.548353 0.548272 0.039774 0.054827