0 0.997328 0.859122 0.005288 0.074972
0 0.829840 0.570490 0.048905 0.062550
0 0.811625 0.609609 0.046923 0.081949
0 0.995993 0.100354 0.007345 0.056178
0 0.489671 0.958066 0.050313 0.073865
0 0.439692 0.960777 0.050797 0.075014
0 0.990047 0.400244 0.018729 0.085822
0 0.973304 0.984016 0.048344 0.029399
0 0.789637 0.404304 0.046898 0.069707
0 0.046041 0.983894 0.046633 0.029309
0 0.015844 0.540911 0.031688 0.073970
0 0.985649 0.536609 0.027140 0.079471
0 0.303514 0.971999 0.057860 0.052977
0 0.688078 0.939762 0.051727 0.090412
0 0.791452 0.332179 0.045334 0.075499
0 0.862540 0.627490 0.048190 0.071821
0 0.456014 0.011769 0.045300 0.023515
0 0.638170 0.966416 0.058175 0.064376
0 0.931071 0.512380 0.047322 0.073334
0 0.673146 0.015524 0.049678 0.031049
0 0.444712 0.876305 0.054016 0.079164
0 0.829881 0.963611 0.060787 0.069838
0 0.758115 0.676914 0.047673 0.078820
0 0.366885 0.190296 0.043184 0.067725
0 0.235845 0.869035 0.049728 0.079541
0 0.223572 0.959960 0.067778 0.076817
0 0.796997 0.901529 0.053841 0.084564
0 0.482014 0.784600 0.046541 0.071216
0 0.851632 0.724377 0.051004 0.079417
0 0.195214 0.821463 0.055383 0.081267
0 0.956384 0.441012 0.050703 0.078780
0 0.205228 0.738510 0.054671 0.080321
0 0.075180 0.515373 0.051738 0.076168
0 0.975714 0.745137 0.047545 0.083302
0 0.583474 0.830802 0.052361 0.083395
0 0.739170 0.776330 0.055524 0.082691
0 0.741959 0.922347 0.047004 0.075119
0 0.352189 0.932346 0.055349 0.079924
0 0.683337 0.844953 0.052636 0.071898
0 0.940016 0.880244 0.046178 0.072647
0 0.357214 0.847547 0.053840 0.076315
0 0.534168 0.795523 0.046904 0.081899
0 0.778210 0.503394 0.054524 0.074175
0 0.984547 0.244419 0.029131 0.070313
0 0.611181 0.019157 0.054757 0.038313
0 0.052655 0.921864 0.050949 0.077648
0 0.890467 0.338667 0.049386 0.072631
0 0.116442 0.907396 0.053281 0.082855
0 0.977205 0.320191 0.044074 0.068696
0 0.785401 0.021577 0.056508 0.043154
0 0.136556 0.828544 0.050475 0.079865
0 0.901706 0.801357 0.061075 0.081815
0 0.436964 0.740143 0.045774 0.082011
0 0.257873 0.729224 0.049753 0.073849
0 0.382785 0.701330 0.054046 0.070355
0 0.147825 0.706426 0.046897 0.074790
0 0.968500 0.033222 0.048812 0.066445
0 0.054094 0.597869 0.075184 0.102902
0 0.122600 0.550514 0.053943 0.087377
0 0.076208 0.785825 0.053578 0.077034
0 0.520796 0.616803 0.054470 0.078304
0 0.550457 0.540832 0.046520 0.079371
0 0.618205 0.558912 0.058321 0.076908
0 0.439075 0.370969 0.046833 0.071529
0 0.289795 0.035835 0.053321 0.071669
0 0.298505 0.597979 0.047703 0.069716
0 0.470613 0.580848 0.047398 0.076888
0 0.177434 0.587815 0.054032 0.078701
0 0.062115 0.040894 0.054755 0.079664
0 0.407998 0.235084 0.053396 0.076244
0 0.372220 0.318988 0.049002 0.074456
0 0.227713 0.630251 0.052315 0.078395
0 0.333563 0.403478 0.048684 0.070182
0 0.504880 0.436612 0.052094 0.073823
0 0.227508 0.054025 0.046944 0.075492
0 0.091492 0.435135 0.052307 0.076497
0 0.350913 0.070041 0.045424 0.075229
0 0.279009 0.375185 0.051024 0.076286
0 0.383026 0.442266 0.048178 0.072335
0 0.775982 0.231702 0.051982 0.086541
0 0.124254 0.086321 0.044047 0.081000
0 0.415030 0.587790 0.050266 0.077974
0 0.714225 0.491200 0.055236 0.081483
0 0.027587 0.255372 0.055175 0.087860
0 0.465627 0.258962 0.046761 0.070504
0 0.638803 0.356615 0.052222 0.077154
0 0.307998 0.127419 0.054899 0.083846
0 0.045770 0.154833 0.051713 0.073819
0 0.856907 0.234040 0.057690 0.087459
0 0.204664 0.494389 0.052282 0.079006
0 0.728033 0.367307 0.052562 0.074975
0 0.905149 0.049412 0.059698 0.089532
0 0.526201 0.220541 0.054659 0.076659
0 0.700980 0.083444 0.057202 0.084115
0 0.823455 0.112548 0.056878 0.081949
0 0.542710 0.352792 0.055464 0.085195
0 0.141274 0.188167 0.052285 0.080992
0 0.160679 0.271850 0.057679 0.077059
1 0.332715 0.669845 0.056152 0.071514
2 0.008432 0.598927 0.016863 0.036949
2 0.297621 0.703218 0.028076 0.038141
2 0.327256 0.715137 0.020277 0.030989
2 0.487912 0.373659 0.023396 0.034565
2 0.895010 0.513111 0.020277 0.029797
2 0.995078 0.463051 0.009844 0.032181
3 0.854456 0.461263 0.101385 0.145411
1 0.038046 0.467890 0.050206 0.073394