0 0.735538 0.983615 0.046529 0.030619
0 0.037144 0.986867 0.029970 0.024871
0 0.675716 0.286804 0.054928 0.077121
0 0.661569 0.236010 0.051103 0.070167
0 0.003497 0.394780 0.006993 0.060298
0 0.002484 0.500562 0.004947 0.075860
0 0.675618 0.389482 0.067587 0.099372
0 0.556374 0.007294 0.037280 0.014588
0 0.310046 0.129029 0.055733 0.076031
0 0.007206 0.915390 0.014411 0.074088
0 0.613941 0.013561 0.050829 0.027123
0 0.369714 0.991430 0.046157 0.015424
0 0.990773 0.923931 0.017241 0.078078
0 0.767582 0.253774 0.048729 0.075661
0 0.155222 0.988312 0.046668 0.021479
0 0.353606 0.408272 0.041529 0.073802
0 0.572549 0.538930 0.050148 0.072339
0 0.966213 0.386511 0.050118 0.071762
0 0.796095 0.577090 0.048401 0.076639
0 0.827568 0.517839 0.048212 0.072965
0 0.984033 0.453407 0.030605 0.079305
0 0.570828 0.619323 0.047773 0.075526
0 0.618118 0.584481 0.045802 0.078597
0 0.275127 0.985158 0.044066 0.027587
0 0.838222 0.356782 0.051015 0.076908
0 0.308734 0.395334 0.050691 0.092544
0 0.488825 0.033216 0.051474 0.066398
0 0.666652 0.614208 0.053627 0.077353
0 0.649713 0.049652 0.051051 0.069528
0 0.588098 0.429341 0.073854 0.128815
0 0.695320 0.111658 0.049775 0.080002
0 0.977004 0.203145 0.045134 0.088361
0 0.469218 0.233360 0.041497 0.065249
0 0.731512 0.035753 0.050895 0.071506
0 0.018141 0.320509 0.036227 0.079556
0 0.957581 0.968767 0.054155 0.061145
0 0.966740 0.306126 0.058496 0.076517
0 0.906274 0.032659 0.047097 0.065210
0 0.746657 0.683772 0.055298 0.075757
0 0.581996 0.228580 0.048668 0.084178
0 0.293764 0.308110 0.049865 0.081984
0 0.768309 0.839579 0.044860 0.081370
0 0.393931 0.360470 0.047867 0.079679
0 0.821576 0.858294 0.052545 0.079404
0 0.363325 0.287596 0.050254 0.082129
0 0.511404 0.320172 0.052190 0.083006
0 0.169072 0.159585 0.047375 0.078373
0 0.949661 0.126234 0.050040 0.081175
0 0.379231 0.203494 0.050575 0.078261
0 0.892158 0.311228 0.057924 0.085690
0 0.854200 0.768264 0.050129 0.094532
0 0.649253 0.916520 0.054875 0.083694
0 0.222064 0.188291 0.048204 0.079018
0 0.116116 0.396329 0.051501 0.079173
0 0.960150 0.572378 0.053512 0.081918
0 0.741490 0.918162 0.061938 0.082035
0 0.639744 0.822290 0.047327 0.082424
0 0.504345 0.573442 0.058490 0.091006
0 0.128410 0.943442 0.048576 0.080663
0 0.225119 0.054504 0.051836 0.084032
0 0.025216 0.714776 0.049773 0.084097
0 0.414630 0.048387 0.050552 0.075122
0 0.073620 0.964188 0.054796 0.069537
0 0.537047 0.970247 0.052701 0.057835
0 0.156714 0.456710 0.050312 0.081165
0 0.133945 0.277874 0.050192 0.078352
0 0.909564 0.836886 0.050139 0.080564
0 0.585010 0.919155 0.054340 0.085874
0 0.371658 0.874265 0.050151 0.078006
0 0.170636 0.354150 0.054904 0.088430
0 0.493924 0.814625 0.057732 0.085470
0 0.165878 0.880588 0.051993 0.082568
0 0.048203 0.863306 0.050075 0.079606
0 0.123591 0.662449 0.053394 0.087827
0 0.424701 0.919865 0.055816 0.088594
0 0.056909 0.411909 0.058239 0.091876
0 0.060867 0.082383 0.052827 0.080914
0 0.368890 0.746802 0.055116 0.089189
0 0.278434 0.815207 0.053815 0.085186
0 0.227767 0.528421 0.053612 0.086666
0 0.449375 0.722609 0.055164 0.086780
0 0.354297 0.603361 0.059260 0.094565
1 0.313998 0.204410 0.032755 0.096544
1 0.472704 0.144219 0.052252 0.092968
1 0.802204 0.420739 0.054592 0.085816
2 0.103040 0.125149 0.033535 0.047676
2 0.276174 0.373659 0.025736 0.046484
3 0.739814 0.340882 0.098265 0.138260
3 0.746443 0.470799 0.105284 0.145411