0 0.029125 0.994328 0.034368 0.009213
0 0.177560 0.994932 0.032377 0.008478
0 0.002327 0.721133 0.004654 0.055188
0 0.002036 0.834027 0.004030 0.054773
0 0.128289 0.993010 0.035232 0.011913
0 0.683971 0.006816 0.030303 0.013598
0 0.006558 0.330240 0.013078 0.065188
0 0.290449 0.004873 0.037453 0.009745
0 0.006387 0.531204 0.012757 0.070738
0 0.992009 0.810363 0.014404 0.062521
0 0.007445 0.405437 0.014891 0.064456
0 0.366872 0.989089 0.039594 0.018922
0 0.989608 0.471241 0.019002 0.071774
0 0.926735 0.011469 0.043863 0.022938
0 0.864592 0.985424 0.045710 0.026025
0 0.011169 0.622252 0.022324 0.075030
0 0.022136 0.952085 0.044272 0.081778
0 0.810470 0.982493 0.048146 0.031769
0 0.461714 0.788762 0.040986 0.065506
0 0.332154 0.725695 0.047900 0.066045
0 0.344616 0.012488 0.044238 0.024915
0 0.021036 0.763856 0.042048 0.068034
0 0.020478 0.122504 0.040956 0.080508
0 0.490492 0.020019 0.055320 0.040037
0 0.555815 0.978422 0.053943 0.039913
0 0.828459 0.020134 0.048734 0.040266
0 0.068802 0.968682 0.048915 0.059477
0 0.977136 0.932863 0.043601 0.073063
0 0.041747 0.706371 0.048163 0.062436
0 0.415397 0.971796 0.047983 0.053147
0 0.838324 0.939286 0.047570 0.070099
0 0.438346 0.636197 0.051127 0.077917
0 0.478761 0.071598 0.056761 0.075060
0 0.650072 0.967873 0.055007 0.060950
0 0.238003 0.647927 0.044685 0.071384
0 0.415416 0.750179 0.054830 0.076715
0 0.194577 0.675067 0.042826 0.066892
0 0.945501 0.680585 0.047454 0.071351
0 0.492445 0.967501 0.053592 0.061542
0 0.054984 0.883095 0.046941 0.071733
0 0.046756 0.172593 0.048213 0.077028
0 0.027425 0.036923 0.050822 0.073726
0 0.740722 0.956414 0.052759 0.074323
0 0.853715 0.810936 0.046032 0.069972
0 0.164627 0.133268 0.053009 0.070436
0 0.092681 0.017767 0.044450 0.035534
0 0.357772 0.673276 0.053466 0.085197
0 0.686905 0.915777 0.049819 0.074725
0 0.942947 0.617347 0.048288 0.072801
0 0.433412 0.022864 0.048080 0.045728
0 0.085387 0.486003 0.042646 0.060247
0 0.052032 0.639605 0.052531 0.066509
0 0.808656 0.878048 0.048060 0.079062
0 0.595815 0.871720 0.045381 0.070202
0 0.268492 0.910083 0.049611 0.078791
0 0.224824 0.960898 0.049634 0.070897
0 0.129471 0.076839 0.048171 0.071806
0 0.981074 0.341227 0.035855 0.072530
0 0.474849 0.864068 0.049761 0.075215
0 0.173179 0.950389 0.046861 0.074123
0 0.064390 0.791021 0.048550 0.076244
0 0.969714 0.852847 0.051094 0.076597
0 0.884645 0.880151 0.051433 0.087152
0 0.118528 0.949938 0.051135 0.073125
0 0.304779 0.642097 0.054389 0.080714
0 0.151519 0.021169 0.049404 0.042337
0 0.107903 0.867266 0.050474 0.076067
0 0.207007 0.036636 0.050544 0.073271
0 0.786770 0.767196 0.051020 0.074313
0 0.975455 0.744343 0.046877 0.080328
0 0.154769 0.725286 0.052798 0.080166
0 0.032018 0.251928 0.051710 0.078617
0 0.387223 0.038669 0.048078 0.077338
0 0.468466 0.581186 0.046599 0.066769
0 0.475934 0.717685 0.048080 0.078627
0 0.546696 0.879729 0.046607 0.075413
0 0.031463 0.463657 0.055126 0.081282
0 0.414468 0.896462 0.055456 0.082186
0 0.897768 0.697087 0.049890 0.075714
0 0.657328 0.849169 0.051177 0.079198
0 0.972441 0.554030 0.052497 0.079009
0 0.365232 0.851807 0.050806 0.078583
0 0.274401 0.717305 0.056819 0.078795
0 0.122381 0.204400 0.050451 0.075628
0 0.195862 0.205532 0.046272 0.074760
0 0.755675 0.866662 0.051553 0.084022
0 0.046581 0.562046 0.047791 0.074539
0 0.093297 0.688014 0.046636 0.077013
0 0.713392 0.822303 0.048234 0.082121
0 0.649441 0.027706 0.052024 0.055394
0 0.526884 0.743106 0.051240 0.081869
0 0.120242 0.783968 0.054589 0.081550
0 0.825390 0.715948 0.053527 0.070807
0 0.563098 0.800225 0.048919 0.074344
0 0.203297 0.823020 0.048970 0.074626
0 0.512271 0.551367 0.043860 0.076927
0 0.218910 0.742932 0.049405 0.078017
0 0.148007 0.479840 0.048227 0.072067
0 0.042516 0.338089 0.049281 0.077129
0 0.148322 0.619127 0.049471 0.074403
0 0.731985 0.726160 0.053877 0.079922
0 0.334475 0.165862 0.049190 0.075283
0 0.628318 0.673053 0.051181 0.076604
0 0.285407 0.297206 0.045035 0.067360
0 0.536821 0.285829 0.048288 0.079939
0 0.877837 0.037515 0.050506 0.075030
0 0.352452 0.090549 0.050841 0.080824
0 0.147967 0.394012 0.053807 0.084424
0 0.303098 0.819153 0.051432 0.073553
0 0.574432 0.648082 0.054859 0.079501
0 0.908341 0.771858 0.052466 0.073725
0 0.833600 0.416660 0.044437 0.073699
0 0.777504 0.206842 0.049578 0.081800
0 0.240684 0.098888 0.051633 0.080510
0 0.388963 0.599480 0.046757 0.073584
0 0.911835 0.444522 0.049712 0.074088
0 0.440369 0.518793 0.054263 0.076875
0 0.966239 0.037564 0.049274 0.075017
0 0.835529 0.638811 0.053567 0.075780
0 0.158921 0.261883 0.051653 0.078921
0 0.245212 0.444438 0.049462 0.080586
0 0.667520 0.752031 0.049176 0.088544
0 0.272415 0.577177 0.056483 0.085102
0 0.089310 0.289344 0.051327 0.079381
0 0.097760 0.558180 0.045019 0.085478
0 0.287337 0.485525 0.049859 0.076917
0 0.374508 0.387231 0.047835 0.076920
0 0.749848 0.281446 0.048080 0.085662
0 0.250889 0.357658 0.052366 0.081223
0 0.079751 0.400877 0.045386 0.069030
0 0.581777 0.178653 0.047632 0.079164
0 0.347779 0.553965 0.047409 0.075896
0 0.496141 0.144739 0.059883 0.078221
0 0.705869 0.644129 0.057018 0.084219
0 0.335903 0.324456 0.053558 0.078547
0 0.376181 0.269151 0.048966 0.074461
0 0.826849 0.561406 0.048958 0.072068
0 0.194533 0.452156 0.044546 0.089197
0 0.778082 0.368146 0.051489 0.071476
0 0.912779 0.369477 0.049040 0.065264
0 0.779945 0.458000 0.047347 0.070765
0 0.657242 0.590114 0.050169 0.080802
0 0.258676 0.231708 0.050651 0.082921
0 0.586192 0.428106 0.047085 0.074358
0 0.961433 0.414269 0.049502 0.078069
0 0.533934 0.468882 0.049228 0.080684
0 0.562386 0.563910 0.046270 0.078967
0 0.386988 0.186559 0.047293 0.080101
0 0.773567 0.547262 0.051582 0.082994
0 0.719047 0.557672 0.049138 0.083270
0 0.435558 0.172798 0.044529 0.077847
0 0.612417 0.514734 0.048655 0.074948
0 0.635951 0.183434 0.050818 0.076053
0 0.705982 0.319051 0.048512 0.079320
0 0.601497 0.339457 0.048983 0.073981
0 0.726381 0.463683 0.050505 0.077304
0 0.562361 0.095785 0.051544 0.080830
0 0.727500 0.062547 0.052143 0.077944
0 0.486203 0.311240 0.047035 0.072875
0 0.420978 0.330579 0.047272 0.073782
0 0.851748 0.309683 0.049309 0.075587
0 0.892781 0.206247 0.048336 0.077140
0 0.745647 0.141803 0.048831 0.077598
0 0.811942 0.142938 0.046211 0.072246
0 0.656545 0.379917 0.053215 0.086685
0 0.435507 0.432613 0.053019 0.083552
0 0.504097 0.394034 0.052143 0.082406
0 0.605801 0.256258 0.052426 0.077780
0 0.648990 0.102475 0.057459 0.076249
0 0.945917 0.249925 0.061300 0.081764
1 0.210664 0.315852 0.031975 0.059595
1 0.526516 0.213349 0.066290 0.069130
1 0.886042 0.609058 0.039774 0.066746
1 0.928545 0.955900 0.040554 0.088200
1 0.416943 0.688319 0.049912 0.063170
1 0.620882 0.792610 0.052252 0.054827