0 0.949978 0.001560 0.037280 0.003044
0 0.338011 0.003758 0.045252 0.007515
0 0.014454 0.991308 0.028907 0.014730
0 0.994128 0.280022 0.010183 0.064281
0 0.673473 0.990037 0.038198 0.017026
0 0.192107 0.006875 0.040462 0.013722
0 0.008442 0.522669 0.016850 0.072720
0 0.990890 0.527354 0.016567 0.075545
0 0.991226 0.173845 0.015842 0.072262
0 0.281789 0.745221 0.047537 0.066441
0 0.013730 0.185042 0.027414 0.077756
0 0.463825 0.845005 0.045693 0.064893
0 0.675892 0.012299 0.046784 0.024584
0 0.122270 0.742001 0.048423 0.079920
0 0.016040 0.855060 0.032047 0.086928
0 0.015223 0.122751 0.030447 0.067217
0 0.484272 0.785683 0.054651 0.076232
0 0.158977 0.731207 0.042260 0.083398
0 0.206413 0.913399 0.048724 0.085867
0 0.081571 0.700636 0.049482 0.073519
0 0.796466 0.982708 0.049584 0.031463
0 0.289396 0.684573 0.049924 0.076040
0 0.986671 0.741774 0.024875 0.069097
0 0.499166 0.734895 0.048717 0.070869
0 0.017142 0.706315 0.034284 0.077219
0 0.892747 0.025197 0.059040 0.050394
0 0.072052 0.647679 0.060985 0.075215
0 0.497138 0.881433 0.048856 0.075600
0 0.726055 0.974714 0.051559 0.047428
0 0.254699 0.803061 0.046735 0.071252
0 0.462130 0.025298 0.042862 0.050550
0 0.236980 0.873700 0.054194 0.083147
0 0.746361 0.018687 0.050587 0.037374
0 0.019741 0.042653 0.039434 0.081952
0 0.594986 0.017652 0.054450 0.035304
0 0.505672 0.962164 0.054154 0.072274
0 0.852624 0.972549 0.047077 0.051775
0 0.424325 0.893933 0.057835 0.089537
0 0.593166 0.746528 0.046087 0.082594
0 0.108544 0.806258 0.052748 0.075665
0 0.120746 0.884934 0.050994 0.075889
0 0.020902 0.623083 0.041805 0.080660
0 0.525022 0.252266 0.041609 0.079240
0 0.432309 0.706873 0.048047 0.062066
0 0.156999 0.942432 0.053749 0.087742
0 0.314680 0.948901 0.052586 0.082281
0 0.060617 0.963006 0.052022 0.070880
0 0.595622 0.846063 0.049465 0.080487
0 0.271177 0.017000 0.050616 0.034000
0 0.553253 0.919957 0.053848 0.083133
0 0.975859 0.653371 0.046309 0.077369
0 0.428251 0.781037 0.050157 0.072897
0 0.560122 0.639168 0.052433 0.082713
0 0.255023 0.371703 0.050582 0.077209
0 0.745441 0.903670 0.049218 0.085714
0 0.884947 0.074889 0.044913 0.068052
0 0.057369 0.017806 0.056915 0.035612
0 0.866939 0.638392 0.045592 0.080657
0 0.626722 0.676331 0.048004 0.080991
0 0.482272 0.254273 0.053325 0.085209
0 0.320411 0.623538 0.050103 0.080896
0 0.741771 0.120505 0.058491 0.085260
0 0.817993 0.033254 0.047688 0.066487
0 0.305609 0.810283 0.046925 0.073022
0 0.662916 0.889526 0.058129 0.077433
0 0.182396 0.094772 0.044556 0.070787
0 0.643733 0.804416 0.051688 0.093089
0 0.701129 0.059799 0.057482 0.078622
0 0.770683 0.180532 0.046965 0.069461
0 0.547739 0.760856 0.046545 0.085490
0 0.217094 0.131899 0.050500 0.079478
0 0.768703 0.681007 0.048021 0.084414
0 0.260134 0.471098 0.048691 0.077522
0 0.191670 0.268542 0.047851 0.080694
0 0.820213 0.659340 0.049330 0.086897
0 0.810503 0.746720 0.053905 0.082118
0 0.663769 0.359796 0.052992 0.082445
0 0.443785 0.642119 0.056642 0.072230
0 0.815893 0.489687 0.044940 0.074882
0 0.143400 0.017931 0.041229 0.035862
0 0.298904 0.391705 0.050173 0.079957
0 0.025210 0.357054 0.050363 0.077941
0 0.906300 0.280511 0.048445 0.074283
0 0.219914 0.432532 0.046536 0.077240
0 0.606123 0.075096 0.054084 0.069554
0 0.361003 0.816173 0.050375 0.081741
0 0.623743 0.586942 0.052935 0.083156
0 0.721551 0.628637 0.056127 0.090582
0 0.053592 0.817736 0.051018 0.088375
0 0.621852 0.219796 0.051337 0.075707
0 0.174506 0.192175 0.041655 0.071865
0 0.127139 0.157933 0.052254 0.076620
0 0.595762 0.150804 0.048067 0.069419
0 0.766765 0.817724 0.051894 0.083662
0 0.866628 0.225700 0.054433 0.079097
0 0.301162 0.501081 0.049916 0.078040
0 0.669686 0.537180 0.050658 0.085320
0 0.375891 0.694697 0.050398 0.076115
0 0.496922 0.600361 0.050858 0.080445
0 0.519204 0.432540 0.050159 0.077526
0 0.202514 0.705510 0.050549 0.086716
0 0.117898 0.074044 0.046117 0.077107
0 0.349926 0.567659 0.050543 0.088416
0 0.662130 0.164481 0.053534 0.077935
0 0.949559 0.778748 0.054191 0.088963
0 0.459851 0.167238 0.048841 0.081611
0 0.583007 0.491360 0.050943 0.090445
0 0.532397 0.351772 0.053803 0.076115
0 0.951356 0.944939 0.046753 0.077985
0 0.770619 0.265100 0.049555 0.074564
0 0.502920 0.512736 0.052084 0.077597
0 0.391781 0.616323 0.051944 0.084617
0 0.699444 0.298736 0.047320 0.080361
0 0.755460 0.548768 0.052258 0.082373
0 0.235527 0.298899 0.050052 0.079585
0 0.426323 0.249469 0.046589 0.073500
0 0.148455 0.385820 0.054100 0.077393
0 0.859343 0.143145 0.053083 0.079788
0 0.114580 0.579597 0.052328 0.082998
0 0.719121 0.464942 0.053383 0.080511
0 0.570842 0.277343 0.050401 0.078080
0 0.893084 0.502964 0.049627 0.078410
0 0.417134 0.392521 0.049159 0.071481
0 0.881653 0.730796 0.056560 0.093876
0 0.352743 0.042968 0.048371 0.075788
0 0.929727 0.208303 0.049837 0.082112
0 0.181564 0.624292 0.052972 0.076777
0 0.347890 0.360659 0.049322 0.072246
0 0.541316 0.167894 0.053719 0.085659
0 0.909721 0.587027 0.052427 0.086472
0 0.439030 0.083155 0.053015 0.082396
0 0.909128 0.419530 0.050400 0.080730
0 0.252254 0.574866 0.052626 0.083059
0 0.094093 0.223876 0.050680 0.080439
0 0.251537 0.195475 0.059574 0.090012
0 0.350290 0.474229 0.047470 0.081440
0 0.966868 0.085627 0.050317 0.077880
0 0.439429 0.464391 0.052546 0.081468
0 0.174348 0.545939 0.050798 0.074480
0 0.055745 0.562917 0.047972 0.073885
0 0.148329 0.302753 0.051562 0.076433
0 0.338526 0.270639 0.053288 0.086967
0 0.754592 0.362971 0.050334 0.082970
0 0.383315 0.205620 0.053747 0.085476
0 0.174683 0.459399 0.054219 0.083639
0 0.378924 0.117151 0.060389 0.077321
0 0.067525 0.312591 0.047997 0.075485
0 0.301481 0.112268 0.047791 0.082330
0 0.283413 0.275655 0.049631 0.083090
0 0.089394 0.403710 0.053452 0.077546
1 0.487522 0.676996 0.044453 0.035757
2 0.145544 0.601311 0.024956 0.036949
2 0.891111 0.951728 0.028076 0.044100