0 0.713071 0.003384 0.027301 0.006680
0 0.001995 0.326257 0.003979 0.050210
0 0.002549 0.208771 0.005062 0.060963
0 0.367457 0.003487 0.033999 0.006974
0 0.007581 0.988813 0.015100 0.019864
0 0.002804 0.070637 0.005607 0.055359
0 0.996493 0.081923 0.005996 0.049168
0 0.996387 0.172099 0.006194 0.052051
0 0.002930 0.566216 0.005861 0.057472
0 0.003781 0.751294 0.007562 0.061180
0 0.689091 0.992311 0.034646 0.012746
0 0.009080 0.882671 0.018147 0.082102
0 0.763740 0.983275 0.045550 0.030555
0 0.082488 0.008124 0.039248 0.016248
0 0.493506 0.010097 0.045920 0.020156
0 0.009879 0.386832 0.019675 0.067299
0 0.010504 0.471793 0.021008 0.071195
0 0.281267 0.172254 0.046642 0.077461
0 0.242062 0.186864 0.051398 0.082172
0 0.689221 0.683203 0.044322 0.065007
0 0.728427 0.952747 0.050383 0.077807
0 0.110188 0.283408 0.044385 0.065982
0 0.248183 0.812406 0.049083 0.080666
0 0.699647 0.911965 0.049043 0.082612
0 0.292558 0.019316 0.048278 0.038588
0 0.313276 0.391773 0.044848 0.072612
0 0.036061 0.948395 0.053574 0.080270
0 0.234339 0.730443 0.053563 0.078284
0 0.789644 0.880362 0.046429 0.068308
0 0.265425 0.891444 0.058003 0.074055
0 0.426516 0.962502 0.053856 0.071579
0 0.174688 0.967231 0.054034 0.062331
0 0.498019 0.869738 0.053685 0.076838
0 0.419412 0.882403 0.048462 0.074393
0 0.134060 0.014834 0.050186 0.029667
0 0.092323 0.841211 0.045558 0.080072
0 0.214871 0.107811 0.045184 0.058967
0 0.496664 0.131602 0.045769 0.066773
0 0.905170 0.931168 0.047525 0.072241
0 0.632336 0.019571 0.049777 0.039141
0 0.117864 0.220515 0.058700 0.076793
0 0.541789 0.033003 0.059733 0.065965
0 0.848290 0.967161 0.046481 0.062555
0 0.039488 0.035809 0.044810 0.070942
0 0.045402 0.861472 0.049526 0.085489
0 0.536354 0.597328 0.049778 0.078005
0 0.889541 0.768859 0.050069 0.077433
0 0.314031 0.852504 0.044421 0.081067
0 0.202292 0.855673 0.049337 0.076393
0 0.497513 0.757837 0.048954 0.079132
0 0.368438 0.915504 0.048054 0.074240
0 0.106810 0.932429 0.056509 0.092469
0 0.456951 0.821663 0.054884 0.089557
0 0.892562 0.640119 0.051461 0.084808
0 0.501196 0.954896 0.054708 0.079537
0 0.940423 0.022342 0.059934 0.044628
0 0.351939 0.352976 0.056956 0.083106
0 0.715481 0.741697 0.049104 0.077258
0 0.592734 0.839815 0.046115 0.073170
0 0.635803 0.749625 0.045411 0.077889
0 0.644646 0.925068 0.049066 0.082532
0 0.131554 0.486602 0.048337 0.072626
0 0.920028 0.573332 0.048367 0.076620
0 0.647658 0.654363 0.049643 0.074623
0 0.741443 0.543294 0.055216 0.083695
0 0.091758 0.432287 0.054332 0.077740
0 0.224606 0.943787 0.051355 0.069936
0 0.867243 0.018037 0.049681 0.036075
0 0.236567 0.038347 0.046629 0.076440
0 0.758604 0.620138 0.050328 0.077853
0 0.955414 0.950705 0.048383 0.075882
0 0.890964 0.853923 0.059474 0.077391
0 0.584584 0.953815 0.052845 0.083917
0 0.141071 0.078546 0.056099 0.081290
0 0.747675 0.030326 0.049697 0.060651
0 0.118156 0.706963 0.049487 0.076592
0 0.171881 0.168156 0.049438 0.079128
0 0.701979 0.609962 0.050985 0.072284
0 0.592166 0.624908 0.047239 0.070183
0 0.111649 0.140224 0.053535 0.074865
0 0.134798 0.789957 0.052049 0.085367
0 0.452661 0.171461 0.047872 0.073004
0 0.475612 0.241683 0.045444 0.070308
0 0.470425 0.071229 0.049829 0.076242
0 0.084432 0.350475 0.052800 0.078408
0 0.317066 0.073834 0.049201 0.074007
0 0.928712 0.715768 0.048849 0.078985
0 0.733896 0.229738 0.047877 0.071456
0 0.561050 0.104914 0.051764 0.077402
0 0.799756 0.802083 0.051345 0.075655
0 0.846753 0.074755 0.049999 0.057034
0 0.663497 0.816536 0.053570 0.081164
0 0.572302 0.536561 0.059367 0.090663
0 0.393658 0.097205 0.050509 0.070211
0 0.937755 0.800838 0.045741 0.072957
0 0.730940 0.400138 0.052580 0.082052
0 0.352456 0.164745 0.049224 0.072519
0 0.815762 0.390443 0.048690 0.075600
0 0.858587 0.433158 0.050670 0.079158
0 0.154926 0.414826 0.050166 0.081681
0 0.790350 0.069301 0.052313 0.074399
0 0.297146 0.768368 0.052772 0.078600
0 0.041061 0.693726 0.043986 0.073700
0 0.240386 0.485499 0.052904 0.078699
0 0.836442 0.681024 0.051837 0.079709
0 0.549656 0.722889 0.053736 0.084091
0 0.460571 0.336110 0.060284 0.079262
0 0.618152 0.079707 0.047817 0.071530
0 0.685656 0.043254 0.055474 0.084308
0 0.464763 0.422898 0.048915 0.076192
0 0.957327 0.523316 0.045243 0.075273
0 0.609198 0.466867 0.054691 0.079743
0 0.334847 0.700075 0.056982 0.080347
0 0.641000 0.271523 0.046850 0.073956
0 0.977385 0.243014 0.043265 0.075900
0 0.423132 0.265635 0.049332 0.078476
0 0.367589 0.274278 0.050030 0.075636
0 0.329534 0.600848 0.053493 0.080060
0 0.593153 0.391161 0.052448 0.070887
0 0.313254 0.518854 0.050968 0.081395
0 0.864127 0.233543 0.043413 0.070617
0 0.794009 0.493458 0.055238 0.084055
0 0.458686 0.669846 0.045452 0.079620
0 0.791136 0.145807 0.047814 0.068162
0 0.770092 0.346109 0.049722 0.079543
0 0.873805 0.519981 0.056381 0.085184
0 0.043386 0.237674 0.047362 0.074415
0 0.191946 0.293151 0.050597 0.077368
0 0.386915 0.454290 0.049262 0.079263
0 0.913276 0.095316 0.044103 0.066829
0 0.134189 0.624264 0.050064 0.079853
0 0.689325 0.301444 0.050516 0.079879
0 0.654854 0.555895 0.056353 0.092820
0 0.671568 0.144926 0.049804 0.074521
0 0.408933 0.642673 0.048709 0.078110
0 0.738066 0.154055 0.046743 0.067932
0 0.238204 0.380035 0.060175 0.080329
0 0.534698 0.401215 0.051919 0.088444
0 0.899448 0.324977 0.053857 0.070442
0 0.590445 0.310003 0.054881 0.078105
0 0.869458 0.141488 0.049846 0.070009
0 0.448636 0.514219 0.050181 0.079162
0 0.923973 0.202827 0.050344 0.079880
0 0.967097 0.132759 0.044414 0.071831
1 0.252387 0.674017 0.048353 0.063170