0 0.997094 0.743855 0.005059 0.046092
0 0.430276 0.994164 0.040343 0.009783
0 0.002735 0.667990 0.005471 0.054016
0 0.996063 0.959865 0.006756 0.053709
0 0.881784 0.003661 0.034667 0.007321
0 0.996139 0.015465 0.006784 0.030931
0 0.995308 0.084373 0.007993 0.056601
0 0.995645 0.359000 0.007734 0.059815
0 0.994661 0.825165 0.009316 0.065606
0 0.004698 0.289674 0.009395 0.063631
0 0.006379 0.808517 0.012753 0.072635
0 0.673955 0.006868 0.043863 0.013735
0 0.992007 0.602710 0.014368 0.069193
0 0.990970 0.235360 0.016275 0.076313
0 0.990230 0.439785 0.017871 0.069361
0 0.010266 0.894169 0.020532 0.074012
0 0.564309 0.010564 0.047789 0.021128
0 0.984321 0.895759 0.029503 0.060605
0 0.099584 0.986293 0.046225 0.024467
0 0.351423 0.011737 0.047714 0.023474
0 0.719003 0.983208 0.049446 0.030489
0 0.146271 0.970415 0.044703 0.056275
0 0.972902 0.978019 0.050914 0.040853
0 0.183383 0.957061 0.043848 0.082663
0 0.015089 0.096801 0.030107 0.069794
0 0.982946 0.683525 0.032259 0.080241
0 0.437123 0.953908 0.048692 0.069344
0 0.748418 0.014849 0.048304 0.029698
0 0.420773 0.130742 0.050098 0.068840
0 0.019479 0.613792 0.038958 0.075341
0 0.904916 0.882511 0.052822 0.074499
0 0.379934 0.973909 0.053210 0.048810
0 0.733165 0.847242 0.045424 0.077115
0 0.627880 0.867481 0.049310 0.070817
0 0.274390 0.760450 0.050892 0.071384
0 0.437501 0.072702 0.051603 0.078766
0 0.528925 0.950602 0.051302 0.073949
0 0.520198 0.613376 0.046117 0.079605
0 0.537638 0.819771 0.050995 0.076127
0 0.461969 0.348176 0.053238 0.087520
0 0.040928 0.043720 0.054311 0.064281
0 0.615296 0.035746 0.048579 0.071492
0 0.780978 0.957560 0.050109 0.079873
0 0.849217 0.848220 0.046497 0.074269
0 0.566822 0.626157 0.052566 0.086536
0 0.819573 0.100165 0.039206 0.063186
0 0.854026 0.940494 0.049439 0.089551
0 0.700086 0.917535 0.050485 0.083292
0 0.930457 0.952326 0.050058 0.079996
0 0.169383 0.042187 0.047939 0.072243
0 0.227923 0.922011 0.050914 0.082097
0 0.767375 0.727823 0.047162 0.066683
0 0.567018 0.746632 0.050458 0.080033
0 0.473241 0.029737 0.048290 0.059380
0 0.492861 0.405552 0.052366 0.076876
0 0.135169 0.901941 0.049206 0.070621
0 0.457310 0.572348 0.051105 0.076772
0 0.409485 0.689799 0.050349 0.075384
0 0.133317 0.605594 0.050815 0.079988
0 0.644865 0.950169 0.057962 0.089304
0 0.881750 0.776472 0.051454 0.080683
0 0.810649 0.558964 0.045960 0.066042
0 0.939420 0.834331 0.053295 0.077371
0 0.580645 0.086611 0.054441 0.078060
0 0.266940 0.024726 0.053090 0.049392
0 0.171928 0.754132 0.045095 0.073422
0 0.569938 0.886275 0.053218 0.082587
0 0.607386 0.681098 0.046062 0.073777
0 0.250896 0.084461 0.054014 0.072625
0 0.265116 0.840952 0.054944 0.078106
0 0.451402 0.749103 0.052480 0.076220
0 0.504463 0.489587 0.055559 0.081302
0 0.662255 0.742173 0.053298 0.084675
0 0.461336 0.877600 0.056369 0.088139
0 0.656019 0.343673 0.051214 0.065725
0 0.387258 0.045866 0.049665 0.076415
0 0.168801 0.839046 0.050634 0.077173
0 0.086438 0.088832 0.050998 0.075053
0 0.518838 0.699571 0.054416 0.078603
0 0.102798 0.670856 0.047111 0.072001
0 0.304779 0.582746 0.046191 0.071289
0 0.779368 0.816403 0.050387 0.085607
0 0.351024 0.406907 0.048666 0.075670
0 0.540233 0.128602 0.052940 0.075084
0 0.118988 0.031250 0.050396 0.062499
0 0.525383 0.043146 0.050666 0.079506
0 0.321429 0.728692 0.044849 0.076156
0 0.233886 0.377993 0.049409 0.071521
0 0.707053 0.678479 0.052256 0.082566
0 0.118889 0.515795 0.055436 0.081592
0 0.817124 0.030790 0.050544 0.061550
0 0.781898 0.478259 0.045127 0.074137
0 0.683952 0.405956 0.051760 0.074854
0 0.386965 0.847846 0.048200 0.074286
0 0.728679 0.285505 0.050945 0.077257
0 0.584352 0.492165 0.052469 0.078484
0 0.147253 0.205783 0.048966 0.064251
0 0.467547 0.262828 0.049609 0.072016
0 0.577401 0.191216 0.051692 0.086378
0 0.384763 0.620954 0.058708 0.080971
0 0.261700 0.254512 0.048327 0.068689
0 0.970634 0.326736 0.050365 0.068502
0 0.252471 0.684425 0.054161 0.082865
0 0.614706 0.427188 0.052920 0.076056
0 0.164447 0.447013 0.051889 0.073644
0 0.440320 0.199396 0.054125 0.072950
0 0.076218 0.167958 0.045840 0.071924
0 0.039913 0.331575 0.049510 0.075670
0 0.818155 0.184742 0.052471 0.076134
0 0.026720 0.220646 0.043855 0.072629
0 0.251352 0.531744 0.053065 0.080263
0 0.770757 0.620106 0.050870 0.083348
0 0.757990 0.402660 0.050740 0.075526
0 0.773048 0.325449 0.050958 0.075943
0 0.661149 0.154718 0.049411 0.077986
0 0.956476 0.036648 0.053586 0.073185
0 0.140148 0.124034 0.049014 0.075183
0 0.544405 0.424687 0.044204 0.084346
0 0.718569 0.207016 0.048912 0.073959
0 0.719915 0.595888 0.047356 0.072062
0 0.169819 0.669047 0.051378 0.080249
0 0.299456 0.148381 0.050252 0.076123
0 0.671726 0.059107 0.056960 0.081105
0 0.735383 0.083330 0.051769 0.081866
0 0.770241 0.145660 0.047412 0.078953
0 0.276628 0.326871 0.051867 0.073588
0 0.409086 0.349697 0.049891 0.082510
0 0.311189 0.234222 0.046572 0.082834
0 0.369767 0.274332 0.045901 0.072820
0 0.088773 0.380291 0.048876 0.079346
0 0.303641 0.488751 0.053932 0.083847
0 0.515549 0.316578 0.049795 0.081313
0 0.337779 0.088890 0.055039 0.083546
0 0.627706 0.254361 0.050614 0.073079
0 0.865125 0.399547 0.048432 0.072778
0 0.918625 0.240216 0.050269 0.070541
0 0.421400 0.471407 0.051811 0.082895
0 0.246637 0.162214 0.049387 0.075911
0 0.196750 0.573583 0.049697 0.072812
0 0.649222 0.494372 0.048919 0.077512
0 0.838084 0.652609 0.049355 0.080482
0 0.527988 0.229311 0.056569 0.085258
0 0.883089 0.050616 0.054769 0.079028
0 0.133793 0.329172 0.045668 0.069974
0 0.077960 0.260217 0.049535 0.079797
0 0.887359 0.537021 0.052340 0.075900
0 0.729292 0.480793 0.050961 0.075817
0 0.923611 0.439736 0.051106 0.079847
0 0.952368 0.546423 0.049098 0.074311
0 0.864583 0.132497 0.047441 0.075800
0 0.944679 0.172666 0.052306 0.075572
0 0.363473 0.184591 0.053713 0.091528
0 0.817754 0.281104 0.053572 0.084087
0 0.183720 0.292515 0.052168 0.080090
0 0.833180 0.474423 0.047862 0.074550
1 0.464515 0.632896 0.035875 0.042908
2 0.026222 0.668057 0.021837 0.036949
2 0.634530 0.792014 0.024956 0.036949
2 0.926985 0.774136 0.023396 0.039333
2 0.463346 0.986293 0.021057 0.027414