0 0.004050 0.508407 0.008100 0.065343
0 0.117738 0.993037 0.040504 0.012265
0 0.512326 0.007021 0.041729 0.014041
0 0.659586 0.006356 0.040879 0.012712
0 0.992510 0.848561 0.013588 0.063432
0 0.805798 0.989975 0.043448 0.017304
0 0.168304 0.006957 0.042779 0.013913
0 0.008295 0.664659 0.016566 0.076357
0 0.890314 0.631248 0.037001 0.058154
0 0.403313 0.982039 0.054867 0.032819
0 0.613157 0.983394 0.047692 0.030499
0 0.708974 0.984446 0.042803 0.028532
0 0.012159 0.371814 0.024305 0.079148
0 0.473479 0.977641 0.048857 0.041715
0 0.527013 0.979784 0.052959 0.037350
0 0.309167 0.969720 0.049258 0.057619
0 0.924064 0.785421 0.050307 0.072143
0 0.984100 0.664844 0.030101 0.074651
0 0.977359 0.920131 0.043562 0.081935
0 0.976021 0.017093 0.045894 0.034187
0 0.382230 0.640505 0.047598 0.066986
0 0.238740 0.871367 0.051455 0.068143
0 0.984779 0.380470 0.028825 0.080025
0 0.793957 0.886171 0.046147 0.070981
0 0.015316 0.291134 0.030602 0.074247
0 0.862631 0.686624 0.051814 0.074935
0 0.929539 0.714839 0.048741 0.077539
0 0.908464 0.968988 0.054604 0.059186
0 0.973844 0.452998 0.051153 0.081679
0 0.250800 0.947628 0.053192 0.079137
0 0.508918 0.770775 0.049715 0.077866
0 0.258642 0.403765 0.049590 0.079092
0 0.355537 0.950511 0.055539 0.085516
0 0.134880 0.915914 0.052429 0.085450
0 0.875113 0.762133 0.057742 0.079825
0 0.607679 0.693516 0.050834 0.067074
0 0.405689 0.823954 0.049990 0.071454
0 0.712052 0.020527 0.055852 0.041055
0 0.218442 0.558687 0.044764 0.068409
0 0.874939 0.855192 0.057340 0.081311
0 0.082549 0.948501 0.053350 0.086509
0 0.836473 0.955076 0.054127 0.080973
0 0.357652 0.864427 0.053183 0.079244
0 0.315143 0.064237 0.050470 0.075618
0 0.085260 0.837516 0.048211 0.077879
0 0.350260 0.023136 0.038594 0.046239
0 0.025710 0.040774 0.046445 0.072208
0 0.395622 0.024568 0.043835 0.049135
0 0.925183 0.589248 0.056803 0.082078
0 0.585156 0.797976 0.049096 0.077727
0 0.264689 0.489553 0.060456 0.088107
0 0.901246 0.024003 0.058335 0.047999
0 0.541909 0.711320 0.049442 0.073844
0 0.370737 0.708806 0.049815 0.075300
0 0.272644 0.030405 0.055131 0.060810
0 0.667287 0.896665 0.050167 0.079236
0 0.578571 0.882683 0.053815 0.085184
0 0.267668 0.810416 0.052791 0.082056
0 0.031695 0.477052 0.050620 0.077522
0 0.618118 0.449627 0.060734 0.082665
0 0.174093 0.771206 0.053663 0.080592
0 0.608997 0.617974 0.050784 0.076185
0 0.723560 0.907395 0.051148 0.078623
0 0.475362 0.868043 0.056274 0.099674
0 0.078784 0.753329 0.053608 0.084146
0 0.585863 0.507845 0.055688 0.102271
0 0.292125 0.558078 0.054379 0.080766
0 0.754904 0.839763 0.046594 0.082185
0 0.088912 0.393523 0.048542 0.069954
0 0.508268 0.645550 0.046814 0.088188
0 0.784930 0.224731 0.045011 0.069649
0 0.314437 0.370870 0.047476 0.073844
0 0.281149 0.655481 0.051525 0.082696
0 0.534449 0.524815 0.054203 0.089298
0 0.946637 0.519498 0.054159 0.080340
0 0.124547 0.693422 0.057196 0.087440
0 0.440041 0.724024 0.052619 0.081681
0 0.536375 0.157837 0.049682 0.078710
0 0.922044 0.378501 0.049796 0.081082
0 0.490589 0.422514 0.056475 0.085594
0 0.040051 0.596484 0.051879 0.080410
0 0.896642 0.456560 0.055466 0.085598
0 0.241406 0.317286 0.050139 0.084208
0 0.343530 0.126208 0.051355 0.077435
0 0.556999 0.611659 0.051686 0.081480
0 0.254858 0.118906 0.056474 0.077575
0 0.525101 0.230721 0.060751 0.067448
0 0.418247 0.592065 0.056297 0.085703
0 0.660017 0.057124 0.050949 0.079470
0 0.090132 0.481478 0.050466 0.079224
0 0.576655 0.121050 0.047724 0.092579
0 0.855242 0.094403 0.048319 0.078083
0 0.039285 0.156004 0.058352 0.082564
0 0.427638 0.062818 0.053119 0.080658
0 0.405943 0.402437 0.053382 0.077583
0 0.795170 0.605867 0.054104 0.080416
0 0.823601 0.039816 0.052199 0.079505
0 0.745527 0.662934 0.056114 0.085410
0 0.490284 0.133503 0.049262 0.079039
0 0.540393 0.056054 0.053982 0.083255
0 0.632700 0.375941 0.049222 0.077069
0 0.968046 0.306907 0.052163 0.081326
0 0.217495 0.059741 0.057930 0.087201
0 0.264867 0.225364 0.047037 0.070879
0 0.477030 0.341978 0.051532 0.074501
0 0.076740 0.066096 0.056619 0.084772
0 0.142535 0.389462 0.048964 0.086063
0 0.373620 0.321297 0.049800 0.076965
0 0.969401 0.159267 0.052978 0.076986
0 0.624832 0.106997 0.052172 0.091924
0 0.850596 0.420351 0.054600 0.092683
0 0.927103 0.209950 0.054494 0.074542
0 0.204194 0.391580 0.054346 0.086790
0 0.200296 0.222582 0.046229 0.072172
0 0.340864 0.210885 0.054299 0.081399
0 0.581340 0.214190 0.058493 0.082121
0 0.062695 0.284683 0.052893 0.080817
0 0.423619 0.299697 0.052070 0.085740
0 0.673046 0.166731 0.054386 0.086447
0 0.709309 0.390143 0.053764 0.078197
0 0.804037 0.126269 0.055161 0.091038
0 0.745194 0.271681 0.050927 0.079418
0 0.525260 0.308103 0.055155 0.083530
0 0.696100 0.309962 0.054249 0.079313
0 0.118851 0.270753 0.049490 0.079015
0 0.848793 0.264466 0.054127 0.087971
1 0.419282 0.914184 0.051472 0.088200
1 0.458666 0.647199 0.033535 0.052443
1 0.918797 0.660310 0.033535 0.045292
2 0.246928 0.641836 0.014038 0.025030
2 0.948042 0.836710 0.018717 0.023838