0 0.509800 0.794154 0.051956 0.076370
0 0.002463 0.367406 0.004898 0.048966
0 0.530583 0.004135 0.035451 0.008270
0 0.004838 0.575878 0.009676 0.062287
0 0.995580 0.024343 0.007768 0.048616
0 0.006474 0.806219 0.012947 0.066926
0 0.996243 0.445173 0.006962 0.064154
0 0.427255 0.011191 0.046540 0.022383
0 0.375999 0.985282 0.047148 0.026563
0 0.091667 0.982470 0.052558 0.032057
0 0.016816 0.887485 0.033632 0.085796
0 0.797270 0.015861 0.045708 0.031723
0 0.592569 0.979018 0.051624 0.038794
0 0.173702 0.985886 0.045101 0.025473
0 0.373015 0.017615 0.050141 0.035230
0 0.120022 0.016805 0.049673 0.033611
0 0.292074 0.590732 0.041569 0.062129
0 0.229499 0.396338 0.043082 0.069267
0 0.319255 0.655842 0.046917 0.073541
0 0.840592 0.034826 0.050881 0.069651
0 0.460511 0.720769 0.048399 0.070020
0 0.510327 0.450415 0.047695 0.084925
0 0.027374 0.040218 0.054748 0.079225
0 0.982265 0.720178 0.033718 0.090167
0 0.567941 0.928897 0.053770 0.084168
0 0.201523 0.705422 0.047087 0.079727
0 0.979750 0.825467 0.038939 0.071204
0 0.334120 0.952511 0.045148 0.071178
0 0.300970 0.895720 0.057930 0.081687
0 0.210051 0.469804 0.049572 0.076929
0 0.043531 0.953634 0.057721 0.084367
0 0.537843 0.727228 0.052056 0.076381
0 0.743894 0.625657 0.046184 0.073686
0 0.056070 0.660981 0.046841 0.073708
0 0.448137 0.797456 0.049722 0.075896
0 0.669956 0.691138 0.044779 0.077958
0 0.136012 0.637222 0.050036 0.073825
0 0.400128 0.614489 0.049379 0.068361
0 0.140836 0.932483 0.044334 0.066483
0 0.919272 0.930419 0.050021 0.083203
0 0.280467 0.342377 0.042897 0.073077
0 0.670796 0.535367 0.051799 0.074425
0 0.318366 0.738824 0.048809 0.075488
0 0.634494 0.749678 0.047360 0.081123
0 0.692118 0.607230 0.049225 0.078925
0 0.762346 0.872237 0.048567 0.078840
0 0.291701 0.816188 0.048943 0.079584
0 0.727535 0.701228 0.049935 0.074236
0 0.804148 0.650797 0.048041 0.074863
0 0.183111 0.374127 0.048432 0.081426
0 0.075292 0.773804 0.046512 0.082934
0 0.334634 0.556268 0.048581 0.076808
0 0.935973 0.845272 0.045181 0.075918
0 0.364450 0.691480 0.048700 0.077738
0 0.789204 0.744770 0.045345 0.076987
0 0.871621 0.831898 0.049343 0.075666
0 0.212088 0.586550 0.049580 0.086163
0 0.594557 0.804466 0.051636 0.081819
0 0.404503 0.420487 0.051012 0.083289
0 0.385706 0.840666 0.050649 0.081675
0 0.500468 0.657913 0.056323 0.087146
0 0.426023 0.937539 0.051089 0.079702
0 0.548666 0.401484 0.049795 0.079919
0 0.257136 0.689994 0.050810 0.085930
0 0.969322 0.415295 0.054295 0.075467
0 0.183703 0.847445 0.049860 0.077481
0 0.402055 0.321863 0.047367 0.077432
0 0.699772 0.469973 0.045854 0.073326
0 0.321732 0.286828 0.043709 0.072998
0 0.786346 0.575796 0.048797 0.073816
0 0.808176 0.502892 0.048283 0.073904
0 0.143277 0.512836 0.048491 0.079901
0 0.466676 0.495810 0.055124 0.089800
0 0.222710 0.297388 0.048653 0.077105
0 0.112337 0.207596 0.048634 0.069959
0 0.838776 0.722484 0.048421 0.086941
0 0.580488 0.640029 0.052898 0.084910
0 0.086091 0.144281 0.046085 0.070981
0 0.826459 0.434738 0.047180 0.083028
0 0.172958 0.171025 0.048242 0.078766
0 0.047949 0.250092 0.048649 0.085401
0 0.884919 0.058107 0.048520 0.084393
0 0.639226 0.095063 0.049242 0.078056
0 0.217843 0.208449 0.052180 0.075830
0 0.673036 0.151679 0.049764 0.081955
0 0.967065 0.500344 0.053539 0.086168
0 0.250046 0.125649 0.046615 0.074777
0 0.669383 0.295256 0.053481 0.086100
0 0.710845 0.225342 0.047710 0.074746
0 0.892243 0.618607 0.057828 0.093872
0 0.568387 0.275635 0.049466 0.076842
0 0.697177 0.380828 0.052572 0.091578
0 0.794661 0.198373 0.046632 0.074523
0 0.872551 0.145164 0.051168 0.082344
0 0.884822 0.485430 0.050402 0.082657
0 0.956571 0.339664 0.050903 0.082565
0 0.447183 0.229959 0.052037 0.081792
0 0.935225 0.186074 0.048462 0.081068
0 0.779817 0.386754 0.052532 0.085861
1 0.496880 0.582241 0.033535 0.058403
3 0.301520 0.458880 0.109183 0.157330
2 0.671184 0.051847 0.023396 0.034565
2 0.742153 0.264601 0.017157 0.030989
2 0.855236 0.399285 0.028076 0.040524
2 0.374439 0.254470 0.025736 0.036949
2 0.386917 0.368296 0.022617 0.028605
2 0.225482 0.669845 0.017937 0.030989
2 0.980797 0.956496 0.017157 0.029797