0 0.896562 0.994779 0.040591 0.009086
0 0.714644 0.003871 0.034850 0.007742
0 0.183615 0.418425 0.051848 0.054931
0 0.181787 0.365722 0.051534 0.069255
0 0.794060 0.329693 0.040289 0.070546
0 0.762600 0.343125 0.048016 0.074849
0 0.988895 0.020396 0.020754 0.040780
0 0.009784 0.933342 0.019569 0.077468
0 0.990557 0.729606 0.017207 0.073221
0 0.989803 0.810287 0.018656 0.072146
0 0.010570 0.096346 0.021129 0.079513
0 0.824804 0.985279 0.052536 0.026462
0 0.012805 0.187858 0.025585 0.080039
0 0.715027 0.293208 0.047169 0.077996
0 0.937951 0.014276 0.050831 0.028552
0 0.013556 0.497748 0.027065 0.076513
0 0.496125 0.446341 0.045351 0.068461
0 0.013236 0.583566 0.026434 0.084337
0 0.686867 0.982438 0.050805 0.031872
0 0.015390 0.418697 0.030755 0.071380
0 0.614855 0.020463 0.047733 0.040926
0 0.364000 0.028920 0.056567 0.057841
0 0.481462 0.977318 0.054326 0.042063
0 0.306590 0.982820 0.051158 0.031101
0 0.628668 0.627441 0.045245 0.078148
0 0.384599 0.982901 0.048091 0.030976
0 0.761645 0.021742 0.046369 0.043483
0 0.785902 0.409110 0.046830 0.069732
0 0.018442 0.281389 0.036846 0.074730
0 0.365104 0.112332 0.048775 0.077932
0 0.565279 0.235303 0.044464 0.072087
0 0.522916 0.080498 0.046319 0.073561
0 0.539433 0.144770 0.052383 0.084825
0 0.630106 0.976692 0.053329 0.043363
0 0.607743 0.324009 0.042983 0.078704
0 0.753234 0.194887 0.051221 0.077634
0 0.376163 0.415163 0.048766 0.075433
0 0.335190 0.331868 0.040733 0.080465
0 0.502565 0.657094 0.055031 0.083857
0 0.874890 0.627577 0.051553 0.071015
0 0.522438 0.378906 0.056674 0.079707
0 0.468661 0.525142 0.040444 0.068608
0 0.260589 0.870750 0.049072 0.069819
0 0.705680 0.395495 0.047512 0.076259
0 0.059645 0.312941 0.046560 0.066478
0 0.456032 0.207798 0.046228 0.078418
0 0.322025 0.254521 0.050300 0.070519
0 0.167644 0.967317 0.048770 0.062042
0 0.849282 0.268118 0.043266 0.077803
0 0.429235 0.083092 0.048665 0.075713
0 0.452578 0.415507 0.050680 0.074221
0 0.564919 0.326379 0.044968 0.095752
0 0.664458 0.254913 0.046401 0.070145
0 0.071310 0.428149 0.056275 0.061517
0 0.755332 0.111122 0.043896 0.071289
0 0.412373 0.163349 0.050473 0.080404
0 0.416735 0.719601 0.044695 0.070899
0 0.591473 0.159276 0.044777 0.075009
0 0.211740 0.841782 0.051143 0.070923
0 0.123662 0.522975 0.046288 0.072556
0 0.610446 0.547886 0.048545 0.078605
0 0.525966 0.818381 0.047717 0.068883
0 0.641201 0.117299 0.050566 0.075542
0 0.892986 0.288439 0.047309 0.080369
0 0.379622 0.266535 0.048210 0.074358
0 0.535235 0.587869 0.050392 0.075482
0 0.777460 0.847468 0.050787 0.071917
0 0.665119 0.683077 0.053206 0.075144
0 0.522676 0.929928 0.045939 0.072765
0 0.250047 0.672862 0.043922 0.070083
0 0.798194 0.252731 0.050712 0.082232
0 0.070551 0.933920 0.050301 0.075590
0 0.612878 0.918762 0.045360 0.069521
0 0.823281 0.121467 0.053586 0.074185
0 0.575386 0.495736 0.051834 0.075965
0 0.329044 0.452571 0.052961 0.078339
0 0.703103 0.105024 0.045319 0.068997
0 0.612859 0.236178 0.046272 0.081980
0 0.198383 0.712351 0.046864 0.069787
0 0.844407 0.043835 0.053087 0.084667
0 0.844719 0.686299 0.052055 0.078920
0 0.235400 0.387119 0.049284 0.076677
0 0.170628 0.558748 0.048940 0.074115
0 0.289156 0.508764 0.049637 0.075055
0 0.808833 0.930381 0.055058 0.081595
0 0.259985 0.787060 0.045308 0.070516
0 0.345875 0.545629 0.048418 0.081878
0 0.393753 0.344322 0.053637 0.075353
0 0.167009 0.480365 0.053794 0.072368
0 0.877149 0.204726 0.050879 0.075691
0 0.477558 0.316733 0.054039 0.086457
0 0.072464 0.152420 0.053293 0.083237
0 0.962041 0.914188 0.051997 0.079942
0 0.550454 0.758822 0.050290 0.075315
0 0.283696 0.203476 0.059266 0.081616
0 0.076227 0.053814 0.049658 0.085161
0 0.138083 0.731017 0.053368 0.077642
0 0.042537 0.700429 0.049806 0.076612
0 0.879581 0.738047 0.049653 0.075639
0 0.706924 0.590953 0.052064 0.071239
0 0.148609 0.645979 0.052607 0.075203
0 0.420736 0.553440 0.047227 0.073367
0 0.038433 0.875089 0.054363 0.090335
0 0.912295 0.440862 0.051071 0.075537
0 0.910067 0.099079 0.049936 0.075957
0 0.902519 0.908800 0.053127 0.080734
0 0.130332 0.054411 0.053595 0.087279
0 0.789174 0.691127 0.050793 0.080859
0 0.115870 0.874282 0.053567 0.082160
0 0.753786 0.549616 0.049082 0.075883
0 0.431623 0.807819 0.051821 0.079303
0 0.243650 0.284512 0.057742 0.077415
0 0.238793 0.474918 0.050832 0.080989
0 0.794176 0.489961 0.049788 0.083142
0 0.688586 0.747843 0.052909 0.074756
0 0.744858 0.771740 0.053464 0.081611
0 0.608865 0.749314 0.048582 0.072564
0 0.968711 0.675029 0.050630 0.072681
0 0.101457 0.272747 0.049916 0.079142
0 0.353655 0.812926 0.052436 0.083216
0 0.895805 0.819962 0.056522 0.082579
0 0.618847 0.839073 0.050243 0.076917
0 0.925196 0.180771 0.049928 0.082268
0 0.918560 0.360582 0.050641 0.079504
0 0.970001 0.363797 0.045451 0.078672
0 0.432904 0.955230 0.049491 0.078533
0 0.922231 0.593971 0.051183 0.077140
0 0.945972 0.520415 0.053824 0.083768
1 0.655586 0.517878 0.038994 0.060787
1 0.745663 0.259237 0.039774 0.070322
2 0.073794 0.553635 0.026516 0.046484
2 0.099531 0.468415 0.021837 0.035757
2 0.146713 0.421335 0.017937 0.032181
2 0.033241 0.789631 0.017157 0.027414
2 0.345583 0.746722 0.025736 0.039333
2 0.269545 0.631704 0.015598 0.026222
2 0.352602 0.914184 0.027296 0.033373
2 0.326086 0.847437 0.019497 0.026222
2 0.530805 0.872467 0.031195 0.040524
2 0.691851 0.936234 0.022617 0.034565
2 0.648178 0.878427 0.017937 0.035757
2 0.930105 0.653754 0.023396 0.036949
2 0.935564 0.719905 0.017157 0.030989
2 0.300740 0.117402 0.018717 0.027414
2 0.311658 0.148987 0.023396 0.028605
2 0.334275 0.135280 0.017157 0.027414
2 0.358841 0.066150 0.016378 0.020262
2 0.595925 0.048272 0.016378 0.022646
2 0.261746 0.974970 0.026516 0.038141
2 0.335055 0.066746 0.020277 0.038141
3 0.633360 0.427890 0.099045 0.143027