0 0.002407 0.101806 0.004814 0.070200
0 0.514403 0.992164 0.048000 0.014669
0 0.990124 0.979628 0.018112 0.038011
0 0.614721 0.990147 0.045366 0.017492
0 0.840347 0.985626 0.041682 0.025783
0 0.322443 0.988079 0.058908 0.021140
0 0.067819 0.009974 0.054621 0.019948
0 0.012802 0.795970 0.025605 0.087951
0 0.989172 0.188538 0.020672 0.085964
0 0.784920 0.178294 0.049566 0.077290
0 0.800226 0.231754 0.057462 0.084203
0 0.707443 0.068233 0.052139 0.094953
0 0.019331 0.386396 0.038662 0.084276
0 0.858305 0.021712 0.051085 0.043355
0 0.373693 0.902520 0.046719 0.082336
0 0.223586 0.965796 0.045253 0.065933
0 0.107757 0.972711 0.056679 0.051662
0 0.741162 0.958510 0.061054 0.079678
0 0.734091 0.114463 0.063292 0.087984
0 0.977081 0.915892 0.044504 0.087309
0 0.171981 0.968201 0.056896 0.060419
0 0.731131 0.861368 0.052548 0.077395
0 0.386942 0.970205 0.064655 0.056458
0 0.974209 0.529756 0.050362 0.084002
0 0.926592 0.953759 0.056496 0.072835
0 0.221846 0.180060 0.061759 0.078737
0 0.784525 0.912000 0.055211 0.083067
0 0.238720 0.252508 0.056045 0.089872
0 0.040455 0.943643 0.052402 0.092604
0 0.592576 0.021160 0.065541 0.042319
0 0.519520 0.879490 0.054412 0.080223
0 0.188388 0.018958 0.052227 0.037916
0 0.501294 0.955931 0.062832 0.083006
0 0.025487 0.155173 0.050975 0.091158
0 0.871127 0.939956 0.053419 0.077518
0 0.781101 0.643475 0.051276 0.075329
0 0.639063 0.876066 0.053332 0.077846
0 0.304625 0.060248 0.050108 0.077410
0 0.379657 0.667440 0.050000 0.076807
0 0.974439 0.830631 0.050250 0.081769
0 0.710346 0.782187 0.059935 0.087634
0 0.057711 0.449352 0.049626 0.075527
0 0.320579 0.930824 0.056173 0.091028
0 0.662555 0.029641 0.053533 0.059282
0 0.695342 0.667142 0.048975 0.081443
0 0.467875 0.035003 0.061704 0.070006
0 0.635297 0.353963 0.049716 0.080662
0 0.548927 0.148497 0.058537 0.080823
0 0.815893 0.818340 0.056144 0.086037
0 0.359970 0.744080 0.060811 0.092925
0 0.335275 0.832872 0.053391 0.104312
0 0.278547 0.793978 0.064024 0.089955
0 0.928288 0.687553 0.050372 0.077417
0 0.752831 0.579693 0.049639 0.080900
0 0.589189 0.748848 0.056626 0.088855
0 0.245911 0.035821 0.049858 0.071642
0 0.633437 0.491957 0.057721 0.074193
0 0.606587 0.423323 0.057397 0.086128
0 0.256470 0.892319 0.064868 0.086462
0 0.974565 0.262176 0.050167 0.082653
0 0.064697 0.773872 0.055893 0.089260
0 0.976620 0.673887 0.045615 0.084837
0 0.167293 0.803754 0.059235 0.084222
0 0.902069 0.046577 0.053714 0.089127
0 0.774412 0.495124 0.057920 0.088545
0 0.454442 0.836432 0.058144 0.090129
0 0.724500 0.385063 0.049785 0.079747
0 0.254057 0.709493 0.062756 0.093383
0 0.309894 0.624333 0.053908 0.083628
0 0.060595 0.224054 0.053616 0.088922
0 0.939799 0.769290 0.057181 0.081615
0 0.026234 0.710330 0.052468 0.087923
0 0.080251 0.058849 0.062436 0.082222
0 0.903118 0.852064 0.062980 0.102885
0 0.088351 0.309419 0.062548 0.086927
0 0.757899 0.740499 0.059216 0.093617
0 0.571939 0.488670 0.049414 0.079506
0 0.840510 0.110129 0.055635 0.086819
0 0.642045 0.649032 0.055959 0.089804
0 0.274181 0.128645 0.057710 0.098904
0 0.973216 0.432635 0.052639 0.094324
0 0.222921 0.604988 0.049247 0.093340
0 0.622238 0.566464 0.058506 0.078216
0 0.493398 0.477078 0.056663 0.094270
0 0.126330 0.382361 0.054116 0.089594
0 0.365822 0.502158 0.065309 0.092942
0 0.363980 0.213598 0.054719 0.097155
0 0.349660 0.027878 0.054341 0.055756
0 0.550934 0.677602 0.057087 0.098233
0 0.664869 0.219510 0.056204 0.091533
0 0.182633 0.088142 0.053120 0.089359
0 0.562216 0.579075 0.055415 0.083574
0 0.684255 0.530920 0.055001 0.087851
0 0.567361 0.075084 0.057617 0.086571
0 0.438686 0.563657 0.052052 0.092421
0 0.193568 0.529349 0.056160 0.087122
0 0.843174 0.627744 0.055293 0.087833
0 0.503515 0.619666 0.061362 0.100334
0 0.286762 0.311068 0.053933 0.076652
0 0.506646 0.392127 0.053216 0.091188
0 0.058077 0.528729 0.059399 0.082174
0 0.902011 0.408086 0.066614 0.083551
0 0.567889 0.834131 0.059243 0.098592
0 0.897742 0.258464 0.051239 0.083802
0 0.372580 0.410680 0.055066 0.087446
0 0.683298 0.329879 0.055658 0.095258
0 0.855002 0.484906 0.058000 0.098016
0 0.137222 0.691109 0.053062 0.091315
0 0.101173 0.581299 0.056728 0.084869
0 0.544998 0.230389 0.055409 0.081298
0 0.115168 0.179402 0.058337 0.094984
0 0.858084 0.339950 0.053931 0.084623
0 0.809313 0.423512 0.056284 0.088383
0 0.175678 0.254914 0.057645 0.096584
0 0.949974 0.339855 0.062704 0.095192
0 0.607097 0.193809 0.056132 0.086592
0 0.743224 0.265526 0.058136 0.098899
0 0.596710 0.287260 0.054901 0.100657
0 0.293818 0.518589 0.059509 0.080078
0 0.500993 0.094470 0.061053 0.089676
0 0.879925 0.172651 0.056659 0.086449
0 0.229300 0.449434 0.057876 0.088699
0 0.288825 0.420102 0.051961 0.091175
0 0.418163 0.129280 0.057863 0.089608
0 0.904575 0.562345 0.066378 0.101689
0 0.421369 0.225222 0.056060 0.097510
0 0.177503 0.353180 0.054108 0.092094
0 0.345157 0.320400 0.058757 0.097690
0 0.433339 0.355700 0.060239 0.100350
1 0.740204 0.449940 0.060051 0.060787
2 0.636089 0.136472 0.028076 0.044100
2 0.790896 0.129917 0.017937 0.026222