0 0.419883 0.995450 0.032618 0.007638
0 0.371992 0.001743 0.030328 0.003412
0 0.002872 0.621141 0.005744 0.055039
0 0.735979 0.568062 0.026410 0.046458
0 0.763246 0.561118 0.034486 0.060412
0 0.004747 0.286043 0.009469 0.065726
0 0.476044 0.005521 0.032604 0.011027
0 0.442465 0.870877 0.046841 0.059995
0 0.296711 0.006900 0.037768 0.013801
0 0.992525 0.664257 0.013711 0.057482
0 0.007359 0.824194 0.014718 0.070450
0 0.421431 0.909242 0.051445 0.072574
0 0.626283 0.550225 0.043445 0.072386
0 0.872399 0.563308 0.049122 0.072844
0 0.907310 0.861431 0.043470 0.075389
0 0.436049 0.010679 0.041441 0.021354
0 0.052632 0.985578 0.047184 0.025917
0 0.099325 0.009850 0.045768 0.019701
0 0.494136 0.454330 0.051484 0.075100
0 0.647893 0.586653 0.047388 0.076429
0 0.075450 0.545794 0.045984 0.075868
0 0.986295 0.933525 0.025758 0.078883
0 0.017153 0.908854 0.034307 0.076727
0 0.825327 0.984378 0.056228 0.028092
0 0.905819 0.012300 0.048334 0.024599
0 0.785303 0.209209 0.050923 0.081012
0 0.861506 0.616069 0.052139 0.073111
0 0.912935 0.260674 0.044413 0.069706
0 0.854463 0.295372 0.049887 0.079526
0 0.511713 0.405160 0.051359 0.078593
0 0.893620 0.915142 0.049597 0.081851
0 0.679891 0.016536 0.044193 0.033071
0 0.748218 0.255044 0.049893 0.088805
0 0.867686 0.230568 0.049723 0.071996
0 0.752841 0.015488 0.045184 0.030976
0 0.017071 0.357523 0.034142 0.075238
0 0.907372 0.981033 0.050699 0.035188
0 0.018750 0.545807 0.037499 0.076393
0 0.547618 0.978735 0.045768 0.039509
0 0.911193 0.415809 0.053621 0.081873
0 0.684757 0.747046 0.047579 0.081235
0 0.799538 0.942001 0.048614 0.076231
0 0.588643 0.129927 0.049729 0.073235
0 0.493180 0.201360 0.050782 0.084835
0 0.238765 0.465828 0.046834 0.076160
0 0.976496 0.709633 0.044318 0.069161
0 0.631093 0.024402 0.045772 0.048742
0 0.216509 0.633890 0.046947 0.076485
0 0.530163 0.155800 0.045608 0.073388
0 0.941757 0.466381 0.057959 0.086145
0 0.328986 0.966501 0.045295 0.063661
0 0.824683 0.158356 0.049084 0.073193
0 0.915884 0.542735 0.048739 0.077114
0 0.874251 0.369821 0.052175 0.081673
0 0.132521 0.113585 0.044027 0.073916
0 0.086390 0.146864 0.046163 0.065740
0 0.386898 0.658138 0.048911 0.072708
0 0.644279 0.720145 0.048150 0.079246
0 0.979831 0.202815 0.038539 0.075426
0 0.024103 0.761509 0.047743 0.076014
0 0.535531 0.056748 0.041928 0.070414
0 0.451770 0.675984 0.050806 0.070773
0 0.954018 0.852443 0.046939 0.071654
0 0.849415 0.105592 0.050636 0.067646
0 0.634615 0.104140 0.051346 0.081420
0 0.136652 0.670412 0.050681 0.070635
0 0.167134 0.410983 0.046068 0.065666
0 0.835325 0.908674 0.052932 0.069696
0 0.977523 0.607299 0.043743 0.073855
0 0.965561 0.780807 0.052964 0.070407
0 0.325134 0.394835 0.043204 0.074833
0 0.175061 0.947292 0.047127 0.083674
0 0.701023 0.095552 0.047511 0.071765
0 0.257730 0.033140 0.050404 0.066280
0 0.820438 0.026413 0.048873 0.052733
0 0.578268 0.207271 0.046126 0.080558
0 0.816339 0.566109 0.049132 0.076480
0 0.386138 0.965718 0.050144 0.065276
0 0.688025 0.169105 0.050434 0.074440
0 0.369777 0.230467 0.046928 0.073957
0 0.269036 0.539380 0.047712 0.066167
0 0.303650 0.080836 0.046331 0.073787
0 0.220260 0.165551 0.050800 0.085208
0 0.391837 0.159305 0.054688 0.073265
0 0.056881 0.094043 0.047918 0.070257
0 0.038586 0.839653 0.045444 0.073565
0 0.267338 0.404801 0.047152 0.076590
0 0.426894 0.059111 0.042771 0.067319
0 0.101841 0.059690 0.051009 0.071777
0 0.228296 0.961175 0.045248 0.071573
0 0.946705 0.920571 0.048021 0.069514
0 0.469715 0.744224 0.054013 0.069668
0 0.512885 0.865622 0.050242 0.071435
0 0.026156 0.469931 0.045989 0.070102
0 0.046593 0.607648 0.047645 0.070888
0 0.579975 0.029034 0.046894 0.058068
0 0.425895 0.613808 0.044152 0.080659
0 0.267132 0.844193 0.049635 0.081725
0 0.703690 0.325541 0.045690 0.071685
0 0.518650 0.684012 0.049786 0.064476
0 0.379868 0.547419 0.049908 0.076186
0 0.569086 0.670300 0.044766 0.073070
0 0.327270 0.485164 0.046039 0.076477
0 0.486612 0.108222 0.049422 0.079714
0 0.097038 0.717481 0.051952 0.076970
0 0.396734 0.734547 0.046989 0.074319
0 0.328964 0.311251 0.049539 0.074961
0 0.477234 0.821691 0.043953 0.072477
0 0.170874 0.025728 0.050670 0.051457
0 0.407411 0.480885 0.055004 0.074926
0 0.697649 0.660150 0.049197 0.073604
0 0.411639 0.810774 0.052820 0.080219
0 0.049240 0.687901 0.046105 0.070968
0 0.344181 0.747131 0.047562 0.076391
0 0.720369 0.800581 0.048598 0.069847
0 0.078265 0.454756 0.053821 0.075767
0 0.714890 0.872901 0.049323 0.066673
0 0.675044 0.480636 0.047631 0.081592
0 0.880350 0.756088 0.046933 0.064641
0 0.971705 0.394373 0.049140 0.073800
0 0.601494 0.282622 0.046613 0.072689
0 0.115496 0.821242 0.056702 0.081015
0 0.870954 0.041542 0.047402 0.072646
0 0.156431 0.744011 0.052478 0.080461
0 0.152251 0.482575 0.047282 0.074048
0 0.883112 0.685301 0.052541 0.068305
0 0.163985 0.209266 0.048878 0.073527
0 0.544997 0.777188 0.046527 0.073470
0 0.847708 0.474032 0.049673 0.076557
0 0.204588 0.551498 0.051123 0.078794
0 0.549248 0.363772 0.052714 0.080261
0 0.102496 0.390519 0.051263 0.074718
0 0.183976 0.111900 0.050122 0.075009
0 0.581275 0.923268 0.046471 0.066670
0 0.448928 0.265738 0.049651 0.079498
0 0.372779 0.415177 0.049238 0.078489
0 0.295818 0.913743 0.051742 0.080133
0 0.777855 0.495118 0.051506 0.075792
0 0.689301 0.400194 0.054028 0.078798
0 0.827130 0.829809 0.048559 0.076868
0 0.212176 0.885615 0.053515 0.076108
0 0.210048 0.373288 0.047844 0.075035
0 0.167820 0.287248 0.050903 0.072869
0 0.029496 0.250167 0.046609 0.085212
0 0.976527 0.121140 0.044979 0.077965
0 0.299245 0.782047 0.049829 0.077730
0 0.594810 0.407129 0.050979 0.081433
0 0.470907 0.576598 0.050066 0.076532
0 0.366058 0.084375 0.055708 0.087388
0 0.579253 0.525565 0.051664 0.081028
0 0.109910 0.604927 0.052790 0.078821
0 0.584188 0.828841 0.051312 0.079954
0 0.963915 0.041297 0.053044 0.080120
0 0.913158 0.108811 0.046579 0.068352
0 0.257697 0.269495 0.054869 0.075636
0 0.932194 0.194326 0.047260 0.076023
0 0.699085 0.946571 0.054596 0.084443
0 0.637237 0.938967 0.054122 0.081462
0 0.228236 0.789856 0.050862 0.081573
0 0.774958 0.810532 0.050098 0.081228
1 0.081203 0.224076 0.050692 0.081049
1 0.269545 0.640644 0.043673 0.056019
2 0.216513 0.038141 0.018717 0.030989
2 0.019203 0.140644 0.023396 0.035757
2 0.046109 0.347437 0.021057 0.027414
2 0.088222 0.777712 0.024176 0.032181
2 0.181808 0.821812 0.016378 0.029797
2 0.390817 0.298570 0.028856 0.039333
2 0.407974 0.244338 0.019497 0.026222
2 0.443459 0.109654 0.023396 0.033373
2 0.451257 0.319428 0.017157 0.028605
2 0.359621 0.277116 0.014818 0.017878
2 0.592026 0.579857 0.017937 0.022646
2 0.527296 0.474374 0.016378 0.023838
2 0.618542 0.165077 0.016378 0.020262
2 0.790116 0.272944 0.022617 0.030989
2 0.508189 0.927890 0.026516 0.036949
2 0.738644 0.488081 0.017937 0.027414
2 0.739424 0.922527 0.019497 0.028605