0 0.001902 0.100348 0.003805 0.054432
0 0.301647 0.995679 0.035665 0.007138
0 0.155744 0.993085 0.035497 0.011259
0 0.995882 0.848199 0.007083 0.047701
0 0.004467 0.721698 0.008935 0.050331
0 0.213318 0.992645 0.034527 0.012219
0 0.307373 0.006066 0.039379 0.012132
0 0.993138 0.090272 0.012168 0.059451
0 0.690268 0.988612 0.043871 0.019848
0 0.387802 0.008542 0.042242 0.017085
0 0.989801 0.612490 0.018609 0.075629
0 0.011200 0.033751 0.022400 0.067240
0 0.588715 0.984914 0.045264 0.026866
0 0.013197 0.443131 0.026395 0.067615
0 0.106446 0.984115 0.053949 0.028433
0 0.015417 0.930738 0.030834 0.084048
0 0.016875 0.783774 0.033674 0.065261
0 0.503238 0.014701 0.049230 0.029401
0 0.906144 0.972719 0.045772 0.051299
0 0.985903 0.244963 0.026187 0.072937
0 0.532163 0.685769 0.048953 0.077394
0 0.487030 0.685011 0.045022 0.068667
0 0.982883 0.777115 0.032352 0.067206
0 0.019812 0.610783 0.039625 0.074003
0 0.750841 0.843866 0.042091 0.060005
0 0.353000 0.485516 0.044609 0.059451
0 0.810640 0.822865 0.044686 0.067176
0 0.914501 0.655616 0.033690 0.075543
0 0.979162 0.696578 0.039021 0.074233
0 0.983269 0.493983 0.031417 0.070147
0 0.188122 0.960020 0.046363 0.068697
0 0.979336 0.028818 0.039668 0.057496
0 0.785035 0.899685 0.051146 0.074549
0 0.118104 0.926947 0.053676 0.074254
0 0.747892 0.774603 0.049429 0.063822
0 0.841653 0.444517 0.038975 0.064828
0 0.842785 0.754434 0.050710 0.071545
0 0.510413 0.961958 0.044752 0.072613
0 0.335969 0.876003 0.046372 0.067032
0 0.859951 0.897008 0.046661 0.067482
0 0.285566 0.602601 0.044647 0.071948
0 0.812576 0.970974 0.048079 0.054849
0 0.254558 0.544644 0.052744 0.061663
0 0.939714 0.928726 0.046707 0.069004
0 0.911877 0.797221 0.042728 0.065475
0 0.831350 0.679184 0.054669 0.077657
0 0.230225 0.653648 0.045266 0.065556
0 0.721648 0.022815 0.043264 0.045541
0 0.450822 0.741762 0.047543 0.075009
0 0.719107 0.948718 0.046989 0.076370
0 0.842058 0.022426 0.049978 0.044806
0 0.225904 0.020304 0.050402 0.040608
0 0.161724 0.442509 0.050134 0.069315
0 0.129881 0.504608 0.052221 0.070171
0 0.630919 0.964488 0.044351 0.067584
0 0.327985 0.651070 0.047818 0.074637
0 0.298957 0.941439 0.050442 0.062272
0 0.047744 0.833219 0.042428 0.068544
0 0.574639 0.635658 0.052081 0.075785
0 0.421796 0.960227 0.051099 0.075533
0 0.463147 0.552878 0.049513 0.071457
0 0.794515 0.630574 0.048841 0.076811
0 0.534502 0.894321 0.053090 0.073540
0 0.932437 0.728353 0.053592 0.071618
0 0.057952 0.910144 0.047746 0.071212
0 0.077445 0.534408 0.045531 0.068888
0 0.351669 0.349744 0.051242 0.072901
0 0.022907 0.367351 0.045119 0.065481
0 0.596601 0.212290 0.048590 0.071916
0 0.155794 0.593869 0.048241 0.074729
0 0.236083 0.472159 0.051785 0.074018
0 0.481650 0.481225 0.052144 0.074530
0 0.463802 0.286103 0.043866 0.067430
0 0.101174 0.098409 0.049707 0.073210
0 0.373620 0.287406 0.048843 0.069598
0 0.300093 0.720641 0.048588 0.075478
0 0.448580 0.628229 0.054837 0.072124
0 0.228339 0.914506 0.050254 0.067174
0 0.376575 0.923830 0.043079 0.080181
0 0.609072 0.694279 0.045914 0.067498
0 0.714501 0.719331 0.051730 0.075775
0 0.322815 0.534851 0.047916 0.069198
0 0.439353 0.357854 0.047388 0.073937
0 0.355225 0.037277 0.051240 0.074169
0 0.686764 0.871802 0.047480 0.078273
0 0.865081 0.819872 0.049111 0.070433
0 0.368893 0.601098 0.045671 0.080557
0 0.530968 0.513542 0.047549 0.073040
0 0.705147 0.392730 0.043830 0.064133
0 0.468194 0.925139 0.048908 0.073442
0 0.286636 0.402039 0.054242 0.081242
0 0.188530 0.064066 0.044578 0.071001
0 0.124265 0.661670 0.050288 0.080410
0 0.294346 0.147523 0.047099 0.069021
0 0.632673 0.546762 0.040406 0.068789
0 0.829462 0.524351 0.044841 0.065571
0 0.273333 0.213001 0.049540 0.073873
0 0.639513 0.628796 0.045685 0.066258
0 0.592666 0.030645 0.047106 0.061202
0 0.208804 0.828674 0.050655 0.070085
0 0.591891 0.916707 0.044126 0.068237
0 0.362529 0.418954 0.046059 0.064084
0 0.145328 0.873090 0.050822 0.074496
0 0.959630 0.844025 0.054031 0.071063
0 0.244794 0.769550 0.043945 0.074142
0 0.397734 0.537131 0.045692 0.070915
0 0.068421 0.641415 0.045825 0.071284
0 0.553792 0.442740 0.049187 0.069751
0 0.480535 0.145432 0.051352 0.079146
0 0.044805 0.296239 0.043008 0.076872
0 0.545894 0.818474 0.048964 0.070969
0 0.583237 0.528741 0.046027 0.079226
0 0.068807 0.457345 0.042860 0.069050
0 0.698146 0.256685 0.048899 0.071162
0 0.858410 0.605460 0.045287 0.074537
0 0.371913 0.812349 0.041581 0.075751
0 0.185318 0.532842 0.044545 0.064884
0 0.744563 0.600466 0.047986 0.072606
0 0.166870 0.716567 0.050807 0.072323
0 0.646198 0.244501 0.046144 0.072267
0 0.268278 0.861568 0.049287 0.073714
0 0.780702 0.504674 0.048174 0.070926
0 0.054413 0.209400 0.047781 0.068615
0 0.374976 0.706450 0.051911 0.074916
0 0.413643 0.224225 0.051913 0.070659
0 0.182095 0.309123 0.044798 0.060964
0 0.604852 0.423653 0.044718 0.069312
0 0.525031 0.378993 0.046602 0.073354
0 0.141229 0.369061 0.051886 0.069793
0 0.103359 0.265991 0.044246 0.070589
0 0.082883 0.762411 0.046552 0.073403
0 0.947547 0.596926 0.045818 0.074149
0 0.613540 0.773112 0.052517 0.080486
0 0.719940 0.188007 0.052267 0.076479
0 0.687260 0.470322 0.046083 0.080463
0 0.543829 0.056415 0.048477 0.076919
0 0.610518 0.347165 0.049885 0.072364
0 0.246838 0.107373 0.048957 0.072330
0 0.118675 0.027974 0.045987 0.055457
0 0.379441 0.163629 0.048700 0.071464
0 0.807719 0.390331 0.049684 0.076295
0 0.719334 0.319187 0.049424 0.074993
0 0.055876 0.138581 0.045817 0.061067
0 0.683541 0.560511 0.048684 0.072744
0 0.558788 0.148949 0.050612 0.075574
0 0.644546 0.049909 0.045081 0.070843
0 0.795015 0.048706 0.047180 0.073271
0 0.429010 0.058832 0.049201 0.076505
0 0.181360 0.230093 0.058874 0.065668
0 0.912240 0.034554 0.052381 0.069108
0 0.179166 0.152774 0.051775 0.077325
0 0.898127 0.542866 0.048849 0.074665
0 0.698127 0.091901 0.045995 0.069723
0 0.518709 0.258048 0.048893 0.074561
0 0.833974 0.207360 0.046647 0.069275
0 0.891646 0.463271 0.047719 0.065724
0 0.765976 0.342982 0.048241 0.082147
0 0.745442 0.119935 0.044811 0.069333
0 0.877816 0.392594 0.048135 0.071435
0 0.840860 0.133545 0.048482 0.071209
0 0.949885 0.430078 0.053243 0.077505
0 0.935369 0.278831 0.046068 0.069811
1 0.639989 0.163886 0.054592 0.079857
1 0.905539 0.892729 0.031975 0.054827