0 0.001777 0.170549 0.003549 0.062443
0 0.002638 0.358062 0.005276 0.046073
0 0.680257 0.995010 0.028332 0.007994
0 0.005135 0.254744 0.010270 0.080631
0 0.763721 0.991681 0.038094 0.013769
0 0.007972 0.446392 0.015930 0.081728
0 0.010931 0.948083 0.021862 0.084090
0 0.509871 0.078300 0.058516 0.081671
0 0.991394 0.062892 0.015459 0.072207
0 0.983641 0.975723 0.030832 0.045444
0 0.990078 0.289211 0.017906 0.073550
0 0.339145 0.986089 0.044882 0.024639
0 0.009116 0.681012 0.018208 0.079078
0 0.937270 0.010282 0.038625 0.020564
0 0.011871 0.569748 0.023726 0.077238
0 0.920402 0.983959 0.048314 0.028823
0 0.473527 0.020969 0.042698 0.041937
0 0.583338 0.013227 0.046584 0.026427
0 0.984405 0.862974 0.029340 0.100037
0 0.470221 0.956877 0.044895 0.082386
0 0.910140 0.772597 0.062024 0.085034
0 0.638770 0.017973 0.047250 0.035947
0 0.520496 0.960651 0.051104 0.074857
0 0.880988 0.016962 0.044977 0.033925
0 0.893761 0.916774 0.047291 0.074334
0 0.961026 0.932892 0.054699 0.096051
0 0.853328 0.970730 0.049123 0.055190
0 0.130550 0.877173 0.055355 0.081823
0 0.036286 0.904284 0.055062 0.084020
0 0.522234 0.807835 0.053042 0.079236
0 0.204190 0.740821 0.042075 0.063293
0 0.155132 0.950921 0.054625 0.084362
0 0.294490 0.893222 0.049556 0.092223
0 0.935516 0.727514 0.044636 0.072210
0 0.874174 0.715764 0.051232 0.077612
0 0.698776 0.769006 0.041953 0.070747
0 0.206557 0.967241 0.051983 0.062120
0 0.984007 0.191704 0.030068 0.083052
0 0.328059 0.787630 0.055140 0.060410
0 0.625156 0.960497 0.048405 0.075577
0 0.276346 0.962020 0.053012 0.072453
0 0.540656 0.893557 0.052522 0.092324
0 0.804007 0.667072 0.048944 0.076437
0 0.786322 0.814751 0.043966 0.073306
0 0.774702 0.888262 0.050475 0.076531
0 0.592015 0.619259 0.041432 0.073566
0 0.609169 0.729169 0.042267 0.066271
0 0.440780 0.893108 0.051239 0.083134
0 0.033643 0.505115 0.051994 0.081464
0 0.308422 0.028848 0.054307 0.057619
0 0.045967 0.415996 0.057239 0.077225
0 0.665052 0.813175 0.049202 0.089855
0 0.712020 0.895658 0.050957 0.081124
0 0.501989 0.625867 0.042645 0.080843
0 0.244999 0.870558 0.048752 0.082367
0 0.634228 0.652020 0.043288 0.072927
0 0.832451 0.367880 0.051900 0.072584
0 0.115389 0.749207 0.052814 0.078096
0 0.930098 0.857167 0.057598 0.088556
0 0.057881 0.342851 0.045507 0.068730
0 0.045441 0.756064 0.052828 0.080044
0 0.466884 0.388522 0.047351 0.082467
0 0.151127 0.802718 0.053290 0.085531
0 0.653200 0.325754 0.040531 0.079059
0 0.909526 0.661310 0.053554 0.084418
0 0.706194 0.689389 0.047917 0.089276
0 0.778164 0.529474 0.044839 0.069600
0 0.463244 0.109048 0.049485 0.078942
0 0.603327 0.547753 0.046329 0.073727
0 0.261523 0.046725 0.056142 0.078238
0 0.607217 0.293847 0.047955 0.082579
0 0.064314 0.834958 0.057525 0.081368
0 0.158857 0.036933 0.052335 0.073867
0 0.843732 0.310483 0.055399 0.065216
0 0.553863 0.764272 0.046982 0.084525
0 0.823276 0.588452 0.046501 0.073867
0 0.158731 0.413938 0.057313 0.076765
0 0.208874 0.811726 0.056649 0.083133
0 0.427744 0.036052 0.051926 0.072103
0 0.872844 0.127283 0.052636 0.080671
0 0.575017 0.427002 0.053010 0.076446
0 0.028842 0.076717 0.047707 0.073367
0 0.657976 0.492849 0.051142 0.078896
0 0.622796 0.446106 0.049025 0.085494
0 0.431887 0.811030 0.055171 0.073833
0 0.236595 0.109001 0.050372 0.084784
0 0.497327 0.275345 0.061724 0.064600
0 0.860880 0.528719 0.044208 0.081139
0 0.446225 0.180241 0.044842 0.073961
0 0.512707 0.151715 0.064067 0.062359
0 0.673941 0.141238 0.049109 0.080229
0 0.959059 0.595362 0.050641 0.079548
0 0.440491 0.741502 0.051533 0.078643
0 0.202109 0.503080 0.043207 0.067189
0 0.627303 0.168816 0.059178 0.065578
0 0.143713 0.678578 0.048228 0.083076
0 0.749721 0.597877 0.050572 0.084015
0 0.457991 0.459417 0.057900 0.064250
0 0.959749 0.507042 0.044597 0.079550
0 0.328887 0.855739 0.052039 0.079068
0 0.318632 0.098290 0.051151 0.080905
0 0.205351 0.056831 0.046662 0.080749
0 0.089345 0.144027 0.050754 0.074970
0 0.843695 0.178246 0.051840 0.087453
0 0.553711 0.569737 0.050447 0.081077
0 0.134390 0.088795 0.044684 0.068041
0 0.355684 0.545503 0.051857 0.078850
0 0.860651 0.424740 0.049123 0.081225
0 0.243745 0.541184 0.046461 0.079927
0 0.899496 0.461388 0.046137 0.085592
0 0.683771 0.420738 0.053943 0.081475
0 0.409070 0.639480 0.048527 0.074881
0 0.783579 0.341410 0.046370 0.081138
0 0.464098 0.530862 0.055456 0.072175
0 0.582591 0.349639 0.048257 0.077617
0 0.378759 0.810510 0.045013 0.081121
0 0.034248 0.272270 0.048256 0.081835
0 0.172268 0.614756 0.044400 0.077681
0 0.370971 0.118920 0.050144 0.077541
0 0.340239 0.173207 0.057916 0.072949
0 0.746278 0.754808 0.050118 0.089116
0 0.457100 0.614400 0.044852 0.086077
0 0.145988 0.546764 0.061052 0.073253
0 0.902461 0.080919 0.046799 0.077108
0 0.562333 0.223585 0.042211 0.070738
0 0.732975 0.504886 0.046186 0.078559
0 0.050250 0.672980 0.055557 0.076404
0 0.531264 0.486222 0.044688 0.088998
0 0.745132 0.301146 0.044102 0.076754
0 0.818010 0.249794 0.053562 0.080074
0 0.282352 0.586386 0.043514 0.088774
0 0.338858 0.723802 0.046730 0.075385
0 0.507372 0.216145 0.061614 0.065068
0 0.956014 0.425183 0.055012 0.072621
0 0.387441 0.713553 0.050892 0.076024
0 0.219365 0.617755 0.044900 0.078593
0 0.070482 0.599615 0.051626 0.076615
0 0.701577 0.217995 0.045566 0.084026
0 0.701665 0.080421 0.044946 0.088568
0 0.424078 0.354206 0.042416 0.095493
0 0.696379 0.302080 0.046242 0.076908
0 0.945427 0.352224 0.049082 0.076418
0 0.496802 0.342375 0.050342 0.074332
0 0.090050 0.301674 0.042524 0.088902
0 0.633088 0.242450 0.053539 0.077246
0 0.744856 0.190022 0.049283 0.093363
0 0.270506 0.172332 0.050876 0.074646
0 0.945830 0.208337 0.042952 0.082047
0 0.625431 0.093273 0.049560 0.079654
0 0.149893 0.478306 0.057679 0.070548
0 0.347004 0.251523 0.046257 0.078899
0 0.960137 0.119656 0.045168 0.087043
0 0.315435 0.316867 0.042523 0.069405
0 0.901854 0.299508 0.046561 0.085285
0 0.374069 0.470827 0.050185 0.075626
0 0.249130 0.732458 0.050257 0.089410
0 0.805013 0.081682 0.048985 0.076654
0 0.422272 0.261622 0.049860 0.077430
0 0.896786 0.214848 0.051545 0.075682
0 0.084638 0.467079 0.053409 0.081921
0 0.151510 0.198653 0.049701 0.086742
0 0.315173 0.488349 0.052886 0.078276
0 0.132623 0.273610 0.048475 0.078071
0 0.191844 0.373062 0.047613 0.087335
0 0.372685 0.322170 0.053592 0.082894
0 0.255453 0.367201 0.053286 0.077400
0 0.246353 0.452187 0.053261 0.085282
1 0.299180 0.389750 0.038994 0.064362
2 0.393546 0.235399 0.018717 0.025030
2 0.380288 0.665673 0.023396 0.034565