0 0.002660 0.033001 0.005320 0.057457
0 0.377783 0.001487 0.039393 0.002938
0 0.722931 0.002543 0.031631 0.005059
0 0.507586 0.003575 0.027055 0.007133
0 0.997323 0.521310 0.004405 0.047183
0 0.795499 0.002419 0.042837 0.004839
0 0.996137 0.381706 0.006421 0.051817
0 0.893196 0.988746 0.028021 0.019656
0 0.994664 0.625054 0.009200 0.059992
0 0.994702 0.962199 0.009196 0.072094
0 0.560103 0.992034 0.036208 0.013088
0 0.006206 0.863339 0.012405 0.067891
0 0.060918 0.008908 0.042385 0.017816
0 0.659704 0.009431 0.042326 0.018862
0 0.927808 0.974859 0.052517 0.046941
0 0.686038 0.724733 0.043841 0.076985
0 0.438807 0.354890 0.050337 0.074431
0 0.568794 0.014430 0.047212 0.028859
0 0.299558 0.979414 0.047791 0.037722
0 0.985528 0.793123 0.027026 0.072288
0 0.015343 0.492814 0.030672 0.079023
0 0.086359 0.942997 0.045770 0.099119
0 0.023197 0.964913 0.046394 0.067116
0 0.984342 0.050040 0.029488 0.072654
0 0.449478 0.307186 0.048093 0.074436
0 0.370968 0.778337 0.046010 0.068320
0 0.714442 0.976564 0.052386 0.043631
0 0.432290 0.975542 0.048105 0.045568
0 0.125810 0.914399 0.048956 0.086852
0 0.019389 0.231317 0.038778 0.080388
0 0.480271 0.210342 0.046811 0.077095
0 0.540954 0.184706 0.045754 0.074731
0 0.453766 0.166476 0.047831 0.080576
0 0.019530 0.103451 0.039060 0.073284
0 0.886051 0.018935 0.049465 0.037869
0 0.186653 0.016822 0.050201 0.033644
0 0.210107 0.880014 0.042073 0.067979
0 0.355010 0.961923 0.045647 0.072405
0 0.037192 0.897225 0.045910 0.070260
0 0.608270 0.924289 0.046861 0.076859
0 0.168991 0.951336 0.047063 0.079700
0 0.038112 0.424372 0.045703 0.071541
0 0.661659 0.960837 0.048260 0.074956
0 0.045557 0.168124 0.049669 0.076069
0 0.846353 0.485625 0.045225 0.093781
0 0.681319 0.654589 0.053321 0.077988
0 0.394878 0.945385 0.043587 0.082071
0 0.823282 0.543251 0.048050 0.093854
0 0.983446 0.231749 0.031207 0.087728
0 0.158258 0.857118 0.044764 0.073563
0 0.219404 0.959737 0.047617 0.076855
0 0.974778 0.873590 0.048301 0.085840
0 0.805451 0.930759 0.049502 0.077132
0 0.878003 0.943288 0.052390 0.082404
0 0.304044 0.907355 0.047766 0.079275
0 0.738913 0.245185 0.043708 0.078758
0 0.446659 0.915130 0.050452 0.074154
0 0.831188 0.857911 0.047294 0.076959
0 0.357160 0.486923 0.046023 0.071713
0 0.259959 0.272037 0.044782 0.073364
0 0.883884 0.765796 0.051169 0.081162
0 0.775548 0.477483 0.046824 0.066495
0 0.313664 0.438830 0.044816 0.068513
0 0.259698 0.441378 0.044099 0.074156
0 0.462864 0.027849 0.048569 0.055639
0 0.073228 0.058419 0.050630 0.074761
0 0.889954 0.499139 0.048634 0.083817
0 0.107062 0.334411 0.048676 0.071684
0 0.067372 0.577055 0.049325 0.076218
0 0.431623 0.230644 0.052524 0.075986
0 0.581620 0.160193 0.044112 0.067136
0 0.397815 0.310856 0.047348 0.082013
0 0.297371 0.238080 0.041544 0.067833
0 0.802629 0.654030 0.053019 0.077330
0 0.239736 0.350185 0.048562 0.072934
0 0.333617 0.550610 0.042066 0.079035
0 0.561006 0.836600 0.052644 0.078973
0 0.501442 0.297795 0.047237 0.075159
0 0.128618 0.728806 0.049100 0.082665
0 0.377404 0.228952 0.045713 0.086889
0 0.506248 0.140085 0.055813 0.086818
0 0.537242 0.261705 0.043875 0.071800
0 0.706581 0.911948 0.056974 0.078434
0 0.066233 0.487502 0.048129 0.076272
0 0.042738 0.691156 0.049818 0.072736
0 0.397928 0.158116 0.052659 0.071968
0 0.748617 0.415856 0.046724 0.074572
0 0.565407 0.438748 0.051103 0.074423
0 0.549447 0.940511 0.053240 0.082773
0 0.882981 0.856278 0.048656 0.078315
0 0.199398 0.266652 0.048305 0.073342
0 0.910503 0.176684 0.050428 0.075450
0 0.359511 0.356708 0.045250 0.081754
0 0.261604 0.826165 0.050006 0.076550
0 0.031996 0.818364 0.046262 0.077083
0 0.636880 0.296748 0.049345 0.074129
0 0.471592 0.635362 0.049965 0.076208
0 0.090839 0.412326 0.051623 0.083962
0 0.213037 0.422417 0.047975 0.079227
0 0.474100 0.711372 0.048862 0.070181
0 0.637852 0.067634 0.047579 0.082868
0 0.555400 0.520872 0.048688 0.073821
0 0.740650 0.849355 0.054426 0.079147
0 0.309040 0.360824 0.047016 0.075328
0 0.516410 0.790174 0.052301 0.081286
0 0.657978 0.508984 0.047579 0.076707
0 0.454223 0.469582 0.043696 0.069554
0 0.968692 0.597708 0.048143 0.080944
0 0.412555 0.730478 0.046445 0.074503
0 0.655780 0.218055 0.049072 0.077201
0 0.846396 0.329181 0.046192 0.064340
0 0.374396 0.647480 0.048773 0.074046
0 0.408455 0.075453 0.051262 0.082203
0 0.104201 0.640025 0.052278 0.078628
0 0.535204 0.368780 0.050999 0.076533
0 0.625923 0.655162 0.046741 0.080595
0 0.917466 0.595445 0.045820 0.073572
0 0.741945 0.637578 0.049406 0.075487
0 0.865406 0.396433 0.053160 0.072800
0 0.181489 0.111313 0.045302 0.069449
0 0.692483 0.576386 0.051878 0.072815
0 0.124796 0.506980 0.048520 0.077433
0 0.812380 0.783946 0.052558 0.075424
0 0.689503 0.088480 0.051204 0.078017
0 0.408266 0.586312 0.047933 0.073351
0 0.779257 0.580580 0.054368 0.083683
0 0.595219 0.372562 0.047274 0.070994
0 0.807450 0.072982 0.050821 0.075458
0 0.875982 0.648063 0.052677 0.080384
0 0.859411 0.180338 0.044542 0.079727
0 0.226431 0.751280 0.052142 0.080268
0 0.094233 0.260890 0.053955 0.075253
0 0.779945 0.247780 0.042227 0.103209
0 0.584118 0.240474 0.047968 0.077399
0 0.302949 0.076473 0.047563 0.079514
0 0.899256 0.103204 0.050708 0.068662
0 0.343722 0.850846 0.050297 0.081265
0 0.290122 0.532594 0.050348 0.085489
0 0.518947 0.662303 0.046366 0.076712
0 0.752595 0.763851 0.051996 0.081147
0 0.708956 0.190053 0.052539 0.079055
0 0.606725 0.509629 0.047179 0.084342
0 0.403214 0.433364 0.051712 0.078070
0 0.827265 0.233894 0.047115 0.086732
0 0.927877 0.822731 0.050308 0.085407
0 0.161531 0.319734 0.049932 0.081130
0 0.245193 0.196062 0.049832 0.079328
0 0.156839 0.448218 0.055125 0.079791
0 0.941641 0.222933 0.050472 0.084291
0 0.171026 0.690337 0.050919 0.080713
0 0.175622 0.189853 0.053344 0.078157
0 0.163848 0.612210 0.052080 0.069888
0 0.648108 0.383117 0.049266 0.078750
0 0.940399 0.308099 0.049519 0.076299
0 0.353516 0.059225 0.049955 0.085134
0 0.702893 0.379847 0.050424 0.086099
0 0.965381 0.407673 0.055241 0.081649
0 0.572140 0.653876 0.049702 0.081052
1 0.113568 0.193683 0.045233 0.060787
1 0.119808 0.123361 0.051472 0.084625
1 0.339344 0.240167 0.041334 0.089392
1 0.372099 0.722884 0.039774 0.056019
1 0.595146 0.088796 0.044453 0.072706
2 0.299960 0.632896 0.028076 0.035757
1 0.814682 0.440405 0.046793 0.084625