0 0.996302 0.448826 0.006242 0.048127
0 0.003573 0.455973 0.007146 0.058787
0 0.995329 0.117957 0.008033 0.061831
0 0.005168 0.946446 0.010323 0.060757
0 0.006143 0.870578 0.012273 0.072061
0 0.833445 0.990972 0.037027 0.015344
0 0.006764 0.234962 0.013527 0.079439
0 0.468540 0.021641 0.052312 0.043158
0 0.754741 0.986435 0.044813 0.023971
0 0.992011 0.722533 0.014322 0.066066
0 0.011035 0.100816 0.022051 0.084563
0 0.801237 0.012323 0.046354 0.024646
0 0.990761 0.644453 0.016703 0.073248
0 0.642499 0.012588 0.045506 0.025120
0 0.985262 0.031580 0.027926 0.063061
0 0.987463 0.356426 0.023247 0.071044
0 0.873432 0.975570 0.043164 0.045739
0 0.985092 0.947282 0.028028 0.073137
0 0.568745 0.973056 0.054098 0.050480
0 0.156305 0.017990 0.052231 0.035980
0 0.095643 0.958478 0.049239 0.076201
0 0.981740 0.506375 0.034502 0.070065
0 0.512058 0.969721 0.047654 0.057128
0 0.023351 0.778114 0.046702 0.078428
0 0.030522 0.049184 0.050647 0.071922
0 0.035751 0.953087 0.041743 0.069901
0 0.585809 0.528816 0.042108 0.059831
0 0.283713 0.031137 0.048071 0.062240
0 0.803861 0.746450 0.047958 0.069217
0 0.729448 0.235625 0.042543 0.074506
0 0.215142 0.935114 0.045784 0.076139
0 0.844466 0.368502 0.052638 0.072690
0 0.090551 0.201444 0.047885 0.075746
0 0.210896 0.034264 0.048028 0.068528
0 0.058625 0.844697 0.047938 0.079388
0 0.367752 0.962314 0.049047 0.071902
0 0.752492 0.037040 0.054663 0.074080
0 0.349018 0.887100 0.047226 0.081316
0 0.050352 0.704672 0.047159 0.067244
0 0.118085 0.324686 0.051003 0.077364
0 0.098692 0.392862 0.053461 0.075292
0 0.314180 0.951401 0.048123 0.074136
0 0.455438 0.937336 0.050081 0.079639
0 0.698066 0.039796 0.049947 0.079259
0 0.078668 0.030458 0.054646 0.060916
0 0.664155 0.874993 0.052574 0.073799
0 0.044667 0.138610 0.048304 0.083162
0 0.178044 0.094133 0.054832 0.075571
0 0.679360 0.956257 0.051406 0.067491
0 0.114900 0.890218 0.051440 0.086553
0 0.897216 0.044514 0.048600 0.075227
0 0.919912 0.363870 0.043068 0.068784
0 0.335065 0.405284 0.043989 0.073538
0 0.686993 0.265429 0.044990 0.069454
0 0.069426 0.331159 0.048561 0.069938
0 0.318370 0.559726 0.049795 0.070646
0 0.553749 0.087607 0.046614 0.069661
0 0.590385 0.898915 0.050343 0.085941
0 0.935139 0.183729 0.049455 0.071683
0 0.753647 0.165640 0.044991 0.066042
0 0.243467 0.225069 0.045156 0.074071
0 0.664088 0.209187 0.051605 0.072271
0 0.594931 0.038464 0.050775 0.076789
0 0.143247 0.148672 0.053189 0.075502
0 0.265651 0.858464 0.042738 0.065190
0 0.899028 0.418851 0.047900 0.074030
0 0.031566 0.471405 0.047926 0.076987
0 0.236281 0.403863 0.051325 0.073602
0 0.204098 0.478518 0.049228 0.097952
0 0.378411 0.762481 0.048330 0.089601
0 0.378178 0.184251 0.050836 0.077817
0 0.165245 0.528764 0.051373 0.079250
0 0.975173 0.855369 0.047729 0.083171
0 0.150843 0.285156 0.047271 0.075878
0 0.344234 0.118740 0.049454 0.081441
0 0.594732 0.821010 0.048641 0.073474
0 0.207524 0.713888 0.054212 0.076578
0 0.835815 0.799167 0.053591 0.074110
0 0.219838 0.638244 0.048160 0.072823
0 0.665558 0.806346 0.046901 0.076874
0 0.097091 0.742315 0.052091 0.078438
0 0.293190 0.103057 0.050639 0.074036
0 0.801780 0.207752 0.049916 0.074229
0 0.965165 0.125955 0.049666 0.087276
0 0.041414 0.253576 0.049538 0.080009
0 0.413733 0.574474 0.048218 0.070398
0 0.321553 0.476353 0.051569 0.076482
0 0.391089 0.088973 0.048157 0.071557
0 0.426106 0.179396 0.042576 0.071280
0 0.882207 0.170337 0.045174 0.070357
0 0.134939 0.449913 0.051446 0.079800
0 0.503677 0.892414 0.048691 0.072539
0 0.220675 0.827016 0.048375 0.079355
0 0.364188 0.518738 0.047951 0.073341
0 0.600590 0.204704 0.050413 0.073592
0 0.771046 0.338469 0.049516 0.072155
0 0.542200 0.693400 0.049612 0.073607
0 0.592630 0.360456 0.048678 0.082975
0 0.370766 0.350693 0.048034 0.068144
0 0.563970 0.477180 0.054832 0.071904
0 0.918581 0.289785 0.051866 0.077541
0 0.966025 0.409190 0.054276 0.084774
0 0.805940 0.124842 0.052191 0.079904
0 0.221246 0.309173 0.051144 0.074696
0 0.280933 0.356866 0.051289 0.087325
0 0.118217 0.639166 0.046976 0.072651
0 0.553503 0.413048 0.059704 0.071449
0 0.442140 0.667910 0.045661 0.073271
0 0.289917 0.250850 0.045501 0.082652
0 0.431317 0.844013 0.047365 0.077198
0 0.761922 0.943054 0.049896 0.078544
0 0.526079 0.226391 0.047027 0.073710
0 0.194009 0.244318 0.050300 0.074874
0 0.763524 0.446901 0.051325 0.078822
0 0.379044 0.675795 0.051816 0.076655
0 0.428542 0.761121 0.051583 0.072386
0 0.348657 0.276257 0.050876 0.063329
0 0.867414 0.325506 0.056004 0.082636
0 0.686140 0.468706 0.048596 0.075116
0 0.689961 0.338669 0.050576 0.073664
0 0.634982 0.624330 0.048645 0.078436
0 0.845472 0.707748 0.048113 0.071688
0 0.714669 0.844971 0.051845 0.079643
0 0.267248 0.488645 0.054953 0.075862
0 0.269191 0.612070 0.051963 0.076943
0 0.469478 0.559782 0.050331 0.072168
0 0.483307 0.138176 0.051277 0.077446
0 0.912138 0.843275 0.049205 0.076629
0 0.877995 0.666718 0.046066 0.068199
0 0.542887 0.336174 0.053252 0.080989
0 0.608984 0.281080 0.046355 0.068950
0 0.904900 0.737477 0.047531 0.070713
0 0.614201 0.121288 0.048797 0.077191
0 0.955394 0.711852 0.045663 0.085252
0 0.169573 0.621531 0.048700 0.084461
0 0.452045 0.433032 0.047147 0.077589
0 0.934376 0.512535 0.050647 0.073494
0 0.408385 0.263090 0.046195 0.080833
0 0.698679 0.702085 0.049823 0.076509
0 0.504855 0.434419 0.054344 0.093975
0 0.391117 0.420201 0.050729 0.074454
0 0.708489 0.557724 0.053998 0.084465
1 0.592026 0.603695 0.031975 0.060787
1 0.771789 0.256853 0.048353 0.077473
2 0.211834 0.165673 0.021837 0.035757
2 0.147883 0.955304 0.021837 0.032181