0 0.247175 0.002331 0.039523 0.004663
0 0.844554 0.991387 0.030238 0.014545
0 0.995861 0.760652 0.006836 0.056770
0 0.832382 0.823019 0.044382 0.078295
0 0.070327 0.007380 0.044121 0.014760
0 0.881374 0.985083 0.051057 0.026678
0 0.990884 0.428326 0.016287 0.077353
0 0.667580 0.979727 0.035124 0.037311
0 0.119692 0.982741 0.042899 0.031140
0 0.067168 0.980949 0.049803 0.034621
0 0.542879 0.010378 0.046371 0.020716
0 0.794005 0.800328 0.052529 0.087822
0 0.621983 0.977862 0.050431 0.041011
0 0.749383 0.978327 0.054257 0.039935
0 0.765276 0.012576 0.041397 0.025098
0 0.014933 0.946590 0.029866 0.084765
0 0.986862 0.513469 0.024354 0.077396
0 0.467122 0.115054 0.041902 0.099462
0 0.939174 0.971424 0.054468 0.053874
0 0.869978 0.786117 0.045475 0.090621
0 0.079535 0.880292 0.045106 0.072035
0 0.790587 0.946605 0.056381 0.078371
0 0.929061 0.011788 0.047913 0.023577
0 0.414581 0.912106 0.048019 0.077793
0 0.913071 0.802207 0.046730 0.074973
0 0.165298 0.967567 0.048321 0.061477
0 0.979514 0.668285 0.038756 0.073383
0 0.623648 0.918112 0.054668 0.066316
0 0.016591 0.744649 0.033181 0.082895
0 0.476461 0.482085 0.051162 0.081710
0 0.437805 0.971757 0.060143 0.052994
0 0.087794 0.672044 0.051740 0.081525
0 0.683727 0.779757 0.048191 0.076973
0 0.018979 0.489399 0.037953 0.078514
0 0.558662 0.843670 0.051331 0.079718
0 0.942323 0.897941 0.054328 0.078730
0 0.030758 0.848501 0.054742 0.087580
0 0.418133 0.020050 0.055581 0.040100
0 0.853936 0.690014 0.049447 0.082743
0 0.116876 0.822458 0.052284 0.081271
0 0.779727 0.489534 0.049971 0.076576
0 0.128461 0.562363 0.050736 0.079990
0 0.873979 0.447622 0.047415 0.084317
0 0.464944 0.883403 0.051498 0.083225
0 0.460460 0.557399 0.049929 0.082795
0 0.448585 0.758349 0.053023 0.086876
0 0.372309 0.950793 0.046544 0.075484
0 0.954844 0.730069 0.050767 0.078658
0 0.967755 0.351345 0.049683 0.093148
0 0.557304 0.095800 0.046061 0.079545
0 0.234452 0.672677 0.048091 0.074943
0 0.617275 0.842358 0.055817 0.081584
0 0.259936 0.848778 0.053790 0.083124
0 0.531228 0.912768 0.053059 0.082465
0 0.424204 0.473269 0.049065 0.083752
0 0.411537 0.818656 0.056838 0.089513
0 0.186770 0.736689 0.051701 0.081378
0 0.825247 0.599963 0.051303 0.084691
0 0.698589 0.864275 0.053426 0.084059
0 0.809375 0.027686 0.048272 0.055372
0 0.183234 0.615941 0.048995 0.085977
0 0.218033 0.546971 0.053072 0.083735
0 0.975704 0.269466 0.046335 0.082526
0 0.127996 0.721728 0.058444 0.103046
0 0.541692 0.177101 0.052424 0.077215
0 0.261895 0.468920 0.053602 0.086327
0 0.310284 0.818515 0.052049 0.082070
0 0.043859 0.420353 0.051981 0.080619
0 0.098311 0.492236 0.057830 0.089203
0 0.315007 0.958858 0.055737 0.078524
0 0.482005 0.698340 0.052393 0.088232
0 0.908868 0.672873 0.055021 0.088617
0 0.927679 0.312586 0.047190 0.094047
0 0.609945 0.450460 0.056326 0.085604
0 0.301118 0.717768 0.053909 0.084599
0 0.325591 0.475643 0.055936 0.077937
0 0.752312 0.121885 0.045243 0.082569
0 0.886595 0.540086 0.060141 0.097083
0 0.640566 0.255900 0.054426 0.087142
0 0.378045 0.413193 0.054792 0.092001
0 0.200749 0.870447 0.054522 0.085051
0 0.689371 0.205493 0.051261 0.082687
0 0.019854 0.135230 0.039709 0.091132
0 0.182566 0.018651 0.048223 0.037302
0 0.709484 0.094464 0.051494 0.084473
0 0.526043 0.507109 0.055230 0.107665
0 0.511470 0.113621 0.053918 0.094816
0 0.947027 0.529511 0.052837 0.093494
0 0.871132 0.219427 0.048052 0.072856
0 0.836904 0.387371 0.056023 0.088337
0 0.763890 0.561923 0.061750 0.079942
0 0.036259 0.039762 0.051458 0.076122
0 0.725707 0.663081 0.061905 0.100390
0 0.345509 0.554796 0.059562 0.088537
0 0.604124 0.675239 0.050483 0.080116
0 0.329563 0.375328 0.050275 0.086374
0 0.636015 0.521973 0.054655 0.086225
0 0.433851 0.073395 0.060745 0.093289
0 0.804104 0.248203 0.051651 0.081785
0 0.229682 0.371323 0.052680 0.081617
0 0.695977 0.416022 0.052403 0.086893
0 0.345767 0.291377 0.047658 0.073516
0 0.688549 0.293426 0.050341 0.083379
0 0.802272 0.110496 0.050676 0.082821
0 0.152009 0.465426 0.053224 0.089234
0 0.421238 0.349657 0.050520 0.077088
0 0.532001 0.326990 0.054363 0.084043
0 0.378736 0.641810 0.055076 0.086821
0 0.101320 0.044979 0.054272 0.075494
0 0.580840 0.262318 0.059256 0.108827
0 0.254268 0.144884 0.052587 0.071283
0 0.754530 0.318298 0.052872 0.078449
0 0.883439 0.111646 0.051026 0.079325
0 0.287788 0.245996 0.050440 0.079155
0 0.193063 0.295636 0.050819 0.084820
0 0.315809 0.113978 0.059463 0.090777
0 0.366854 0.057873 0.055041 0.083250
0 0.971092 0.057475 0.055172 0.086977
0 0.253513 0.064190 0.053677 0.079048
0 0.060602 0.307227 0.052934 0.086303
0 0.213867 0.195376 0.056576 0.095914
0 0.957540 0.143734 0.057069 0.086100
1 0.761650 0.729440 0.046793 0.045292
1 0.807663 0.880810 0.051472 0.069130
2 0.601775 0.073302 0.028076 0.034565
2 0.703549 0.504768 0.019497 0.034565
2 0.848607 0.191299 0.019497 0.025030
3 0.875513 0.909416 0.087347 0.143027