0 0.769649 0.994759 0.039471 0.009214
0 0.567758 0.003129 0.037549 0.006258
0 0.003700 0.279979 0.007399 0.060951
0 0.990483 0.009355 0.017684 0.018693
0 0.358538 0.991653 0.039263 0.014011
0 0.006590 0.420283 0.013180 0.062139
0 0.473898 0.990299 0.041341 0.016482
0 0.007345 0.793519 0.014690 0.074701
0 0.991468 0.284744 0.015626 0.081439
0 0.850869 0.007320 0.039123 0.014639
0 0.992494 0.081358 0.013441 0.069025
0 0.060104 0.988013 0.043205 0.020963
0 0.011491 0.110990 0.022968 0.079692
0 0.017713 0.963624 0.035427 0.069087
0 0.938689 0.023316 0.036645 0.046632
0 0.319925 0.513947 0.041868 0.067621
0 0.896922 0.027271 0.051473 0.054516
0 0.221898 0.973123 0.052584 0.050632
0 0.024696 0.468708 0.046225 0.085978
0 0.277161 0.974401 0.047834 0.048267
0 0.973766 0.695227 0.048314 0.073311
0 0.294493 0.912535 0.045566 0.072830
0 0.256580 0.764933 0.044766 0.070725
0 0.281784 0.823081 0.047388 0.069154
0 0.067034 0.464739 0.039891 0.101714
0 0.043637 0.901811 0.051960 0.073934
0 0.975547 0.895237 0.046995 0.084545
0 0.185953 0.842624 0.043800 0.070407
0 0.945779 0.385246 0.052985 0.076585
0 0.833620 0.968078 0.052066 0.061556
0 0.707243 0.020496 0.046982 0.040991
0 0.598384 0.963799 0.050886 0.069220
0 0.448071 0.745682 0.063429 0.097593
0 0.226440 0.710648 0.048386 0.076049
0 0.155256 0.477418 0.048122 0.087098
0 0.046275 0.824716 0.055344 0.067488
0 0.861806 0.134141 0.060770 0.075693
0 0.641323 0.874321 0.054781 0.080261
0 0.886802 0.084683 0.053660 0.063390
0 0.427756 0.595046 0.046472 0.076613
0 0.711714 0.957751 0.057448 0.081429
0 0.529019 0.711537 0.052712 0.084200
0 0.282660 0.626030 0.049742 0.078030
0 0.214026 0.904824 0.048711 0.078260
0 0.254058 0.461493 0.048265 0.075900
0 0.316523 0.691347 0.050087 0.082889
0 0.105812 0.957650 0.054330 0.081581
0 0.719639 0.633636 0.052164 0.077766
0 0.164632 0.935817 0.050084 0.087630
0 0.977614 0.614491 0.042761 0.080415
0 0.464224 0.177908 0.048760 0.071988
0 0.060780 0.598023 0.046763 0.073640
0 0.043942 0.749352 0.050674 0.073897
0 0.653219 0.950668 0.050822 0.078808
0 0.510852 0.953963 0.054735 0.081738
0 0.358061 0.604714 0.051539 0.073791
0 0.444638 0.944427 0.056186 0.084401
0 0.822999 0.437908 0.049879 0.076227
0 0.546138 0.863734 0.048572 0.076465
0 0.135647 0.831836 0.048525 0.079398
0 0.605127 0.819478 0.058111 0.077024
0 0.675759 0.778076 0.048729 0.076321
0 0.114164 0.546938 0.048592 0.075122
0 0.388620 0.909694 0.052367 0.076777
0 0.555148 0.575497 0.048059 0.076295
0 0.804655 0.605808 0.057468 0.086418
0 0.483049 0.538360 0.047203 0.078229
0 0.088101 0.677453 0.054859 0.085736
0 0.280225 0.024972 0.052173 0.049827
0 0.572314 0.755943 0.050059 0.081971
0 0.883518 0.602012 0.052434 0.081586
0 0.207553 0.501081 0.054480 0.096922
0 0.784877 0.536136 0.052738 0.081760
0 0.832959 0.790747 0.049806 0.075893
0 0.659515 0.438979 0.052324 0.079798
0 0.817312 0.275618 0.058583 0.077240
0 0.834062 0.673651 0.050646 0.081392
0 0.680444 0.694120 0.054009 0.083224
0 0.334885 0.855065 0.054460 0.082217
0 0.975987 0.517105 0.046247 0.085340
0 0.929629 0.854345 0.055980 0.085488
0 0.029429 0.054123 0.048532 0.074590
0 0.164391 0.755239 0.050706 0.078040
0 0.929810 0.638214 0.047975 0.076245
0 0.881174 0.359652 0.051608 0.088463
0 0.049453 0.148775 0.053846 0.096401
0 0.229515 0.596252 0.055786 0.092259
0 0.666450 0.522932 0.049090 0.074259
0 0.425721 0.036363 0.061171 0.072714
0 0.773449 0.756105 0.052685 0.080886
0 0.430059 0.117991 0.056898 0.084484
0 0.760909 0.671132 0.051482 0.079896
0 0.263850 0.380519 0.057038 0.082528
0 0.110956 0.444812 0.049517 0.089886
0 0.526457 0.436606 0.048465 0.083516
0 0.728581 0.551121 0.056073 0.077554
0 0.670827 0.317975 0.052168 0.063953
0 0.187754 0.060043 0.047268 0.081709
0 0.924169 0.535879 0.050869 0.083330
0 0.357252 0.036665 0.063357 0.073330
0 0.722633 0.476832 0.058476 0.086472
0 0.238079 0.056150 0.046417 0.091352
0 0.809441 0.356189 0.065249 0.082436
0 0.895894 0.774331 0.053562 0.087691
0 0.749022 0.142071 0.062171 0.078374
0 0.935684 0.125049 0.050296 0.079809
0 0.035258 0.373493 0.055055 0.089051
0 0.089332 0.101544 0.054265 0.087994
0 0.200359 0.144353 0.047502 0.076944
0 0.757010 0.278389 0.050765 0.084217
0 0.374192 0.498915 0.055267 0.088137
0 0.609753 0.511733 0.053382 0.079422
0 0.155372 0.285149 0.047636 0.075624
0 0.229658 0.211725 0.050761 0.080073
0 0.119523 0.344420 0.050633 0.082551
0 0.683241 0.246028 0.051199 0.079685
0 0.766704 0.068583 0.054958 0.081197
0 0.645068 0.120506 0.048506 0.075633
0 0.729217 0.358163 0.058111 0.089399
0 0.486375 0.106355 0.054160 0.086234
0 0.571837 0.402226 0.053350 0.090682
0 0.622519 0.369364 0.054465 0.084856
0 0.468751 0.409001 0.058682 0.092328
0 0.140269 0.200082 0.057092 0.085415
0 0.592773 0.156123 0.050743 0.080857
0 0.560497 0.052684 0.054403 0.090099
0 0.301265 0.222137 0.056107 0.092740
0 0.543688 0.315463 0.055354 0.088745
1 0.313218 0.301549 0.038994 0.059595
1 0.319067 0.437426 0.053812 0.083433
1 0.780368 0.196663 0.067070 0.078665
1 0.834959 0.204410 0.045233 0.087008
1 0.819362 0.275328 0.059271 0.076281
1 0.926595 0.320024 0.056931 0.079857
1 0.962860 0.301549 0.053032 0.095352
3 0.898910 0.232420 0.081108 0.140644
2 0.701599 0.885578 0.021837 0.033373