0 0.997477 0.364582 0.003907 0.043886
0 0.837173 0.003418 0.032637 0.006836
0 0.002704 0.208290 0.005377 0.050105
0 0.938465 0.003543 0.030737 0.007087
0 0.661914 0.004101 0.038717 0.008201
0 0.003751 0.352090 0.007501 0.054082
0 0.005845 0.657245 0.011691 0.062166
0 0.990308 0.981252 0.017723 0.034601
0 0.957821 0.990283 0.042008 0.016428
0 0.992101 0.204924 0.014055 0.069851
0 0.992278 0.762634 0.013828 0.071878
0 0.375911 0.008171 0.047673 0.016341
0 0.764637 0.318857 0.050122 0.071691
0 0.751560 0.260842 0.048745 0.082028
0 0.012969 0.973606 0.025938 0.049826
0 0.010247 0.084794 0.020493 0.070862
0 0.165511 0.688633 0.040842 0.059284
0 0.522696 0.812208 0.045471 0.067318
0 0.986277 0.680261 0.025501 0.079268
0 0.985476 0.557559 0.026917 0.077264
0 0.405990 0.362857 0.045765 0.082198
0 0.603988 0.976907 0.055364 0.042981
0 0.311991 0.975253 0.058755 0.046022
0 0.219078 0.979766 0.053575 0.037083
0 0.036940 0.575333 0.055617 0.077308
0 0.979896 0.025141 0.038512 0.050186
0 0.704761 0.301093 0.047618 0.080792
0 0.096578 0.977857 0.052286 0.040947
0 0.222035 0.192058 0.041313 0.061857
0 0.161354 0.381001 0.041611 0.098067
0 0.054225 0.514798 0.041686 0.070047
0 0.122282 0.346188 0.047740 0.081937
0 0.023555 0.838009 0.047111 0.082409
0 0.664628 0.451884 0.042706 0.082100
0 0.527187 0.967196 0.049373 0.062209
0 0.811026 0.968800 0.049586 0.059148
0 0.526992 0.290567 0.046527 0.081726
0 0.051886 0.640625 0.052233 0.074801
0 0.874454 0.911418 0.046276 0.075968
0 0.032591 0.920292 0.051268 0.078337
0 0.495784 0.203621 0.054261 0.068905
0 0.565742 0.854653 0.053162 0.087209
0 0.092307 0.426116 0.051874 0.076295
0 0.379580 0.969205 0.050104 0.058082
0 0.096677 0.777052 0.054084 0.083012
0 0.132294 0.733503 0.052814 0.070796
0 0.608109 0.909555 0.049005 0.083645
0 0.414701 0.284203 0.051384 0.080841
0 0.494794 0.751790 0.054798 0.076405
0 0.425206 0.939177 0.048687 0.075387
0 0.707094 0.383782 0.051460 0.074407
0 0.157194 0.018050 0.052332 0.036100
0 0.659651 0.267741 0.049766 0.077774
0 0.974017 0.931217 0.045807 0.094706
0 0.042559 0.757330 0.057512 0.083869
0 0.284153 0.023084 0.053157 0.046167
0 0.773706 0.402418 0.052187 0.082152
0 0.443210 0.151448 0.047293 0.071662
0 0.844987 0.126785 0.045809 0.083894
0 0.804805 0.500781 0.055097 0.088744
0 0.848865 0.854456 0.050985 0.088391
0 0.028629 0.449617 0.056395 0.073826
0 0.805740 0.222045 0.048010 0.077424
0 0.302133 0.915940 0.051515 0.080114
0 0.800328 0.619317 0.048760 0.084777
0 0.748050 0.480778 0.049679 0.074789
0 0.457262 0.355908 0.049275 0.079914
0 0.472894 0.268939 0.054831 0.069121
0 0.645188 0.522013 0.054008 0.078040
0 0.601462 0.460710 0.053336 0.079051
0 0.922557 0.913589 0.049213 0.080336
0 0.849690 0.478295 0.049905 0.084467
0 0.590060 0.541950 0.052809 0.077858
0 0.876383 0.546516 0.052591 0.075935
0 0.482577 0.435391 0.051791 0.084146
0 0.073646 0.857257 0.052316 0.077239
0 0.539111 0.691303 0.052271 0.071508
0 0.207051 0.916256 0.055705 0.082359
0 0.542507 0.188103 0.044962 0.081205
0 0.167634 0.521115 0.056752 0.078109
0 0.570257 0.326089 0.057216 0.085495
0 0.059877 0.289183 0.053465 0.074459
0 0.619627 0.372989 0.053275 0.080413
0 0.455761 0.037195 0.058365 0.074391
0 0.693869 0.938293 0.055563 0.083349
0 0.355615 0.428780 0.051194 0.078816
0 0.589956 0.200086 0.047986 0.079379
0 0.384513 0.639834 0.048693 0.072532
0 0.204961 0.747415 0.046929 0.071441
0 0.899736 0.830706 0.053596 0.084868
0 0.034843 0.357885 0.049505 0.075364
0 0.754213 0.579932 0.052116 0.080838
0 0.491464 0.543443 0.050613 0.075944
0 0.430165 0.479959 0.052855 0.075628
0 0.600302 0.791750 0.054311 0.090647
0 0.694085 0.175681 0.053351 0.082478
0 0.947824 0.796134 0.049485 0.077796
0 0.416957 0.085800 0.054120 0.075910
0 0.541968 0.610424 0.054291 0.078770
0 0.669560 0.058827 0.052781 0.090025
0 0.761568 0.936972 0.054293 0.080753
0 0.433845 0.851397 0.058693 0.091900
0 0.108021 0.615636 0.054505 0.084899
0 0.894702 0.380294 0.050382 0.071713
0 0.671594 0.610459 0.057375 0.080258
0 0.950174 0.649208 0.050703 0.079759
0 0.631576 0.694196 0.052515 0.079818
0 0.359210 0.329182 0.051051 0.078747
0 0.103669 0.230703 0.055758 0.077558
0 0.200727 0.362400 0.048970 0.080401
0 0.299231 0.716096 0.057898 0.090307
0 0.641988 0.132025 0.055801 0.074916
0 0.069283 0.172332 0.052603 0.076164
0 0.535826 0.411908 0.054651 0.084713
0 0.793651 0.142005 0.050711 0.073754
0 0.191863 0.591196 0.051371 0.078641
0 0.859895 0.709799 0.054500 0.081208
0 0.598205 0.049902 0.051016 0.080748
0 0.204000 0.828011 0.056350 0.078913
0 0.434221 0.689037 0.057560 0.084580
0 0.958567 0.502791 0.052964 0.084017
0 0.857630 0.622899 0.057113 0.080118
0 0.826764 0.363664 0.052728 0.079058
0 0.865413 0.212330 0.053914 0.077318
0 0.176853 0.143721 0.052480 0.078094
0 0.050034 0.061094 0.054341 0.076965
0 0.720384 0.044947 0.049203 0.088370
0 0.220643 0.664199 0.057103 0.083013
0 0.917404 0.450759 0.056873 0.088649
0 0.780431 0.062255 0.054102 0.079076
0 0.867758 0.057775 0.052989 0.077282
0 0.158258 0.283969 0.050954 0.081948
0 0.225448 0.438327 0.053819 0.084595
0 0.382536 0.553117 0.052405 0.089974
0 0.266752 0.244849 0.056641 0.083465
0 0.958783 0.079826 0.052709 0.076949
0 0.363857 0.163291 0.055391 0.076885
0 0.241521 0.084790 0.065525 0.087825
0 0.316492 0.627520 0.056426 0.082823
0 0.956649 0.162979 0.049602 0.076173
0 0.117742 0.137476 0.055915 0.078638
0 0.893065 0.284600 0.057289 0.094425
0 0.304395 0.524782 0.059108 0.081822
0 0.905419 0.123204 0.052900 0.090616
1 0.146324 0.463051 0.059271 0.077473
1 0.733965 0.202622 0.027296 0.078665
2 0.141644 0.094756 0.017157 0.025030
2 0.341294 0.035757 0.020277 0.030989
2 0.234060 0.364720 0.019497 0.026222
2 0.274224 0.646007 0.018717 0.028605
2 0.584617 0.616210 0.026516 0.033373
2 0.811173 0.439809 0.024176 0.033373
2 0.760091 0.019070 0.021837 0.038141