0 0.933105 0.002390 0.038576 0.004779
0 0.551271 0.003462 0.032579 0.006924
0 0.200459 0.002962 0.035931 0.005915
0 0.704051 0.003066 0.033311 0.006132
0 0.004500 0.856564 0.009000 0.055805
0 0.994696 0.059833 0.009168 0.057053
0 0.995129 0.568943 0.008150 0.063418
0 0.006650 0.112064 0.013301 0.078789
0 0.992010 0.242786 0.014215 0.064647
0 0.010071 0.258154 0.020100 0.076863
0 0.563372 0.986858 0.044374 0.023208
0 0.897905 0.984594 0.048980 0.027595
0 0.013060 0.374737 0.026092 0.087625
0 0.389750 0.984383 0.047313 0.028079
0 0.654452 0.979994 0.049499 0.036663
0 0.153529 0.666764 0.039785 0.068191
0 0.986751 0.812816 0.024681 0.083112
0 0.115980 0.673699 0.045760 0.077977
0 0.436524 0.974945 0.048313 0.046821
0 0.013009 0.490079 0.026004 0.081394
0 0.982690 0.649658 0.032643 0.074409
0 0.309460 0.014488 0.052054 0.028935
0 0.318481 0.745738 0.056499 0.074876
0 0.015748 0.730360 0.031496 0.078268
0 0.288671 0.218283 0.062261 0.090050
0 0.414314 0.024840 0.057639 0.049680
0 0.794159 0.951872 0.060370 0.079594
0 0.502626 0.105925 0.067016 0.071542
0 0.818998 0.018066 0.048067 0.036131
0 0.848499 0.974010 0.050018 0.048539
0 0.551786 0.767965 0.046840 0.073055
0 0.758534 0.018425 0.048116 0.036850
0 0.615733 0.024163 0.053738 0.048327
0 0.917911 0.415203 0.047140 0.076109
0 0.290800 0.790664 0.043203 0.081977
0 0.176211 0.786494 0.051076 0.077924
0 0.574809 0.074565 0.057859 0.072628
0 0.821382 0.910989 0.050864 0.071111
0 0.374697 0.880301 0.053367 0.071126
0 0.518378 0.393982 0.044668 0.079676
0 0.978802 0.307545 0.040244 0.072738
0 0.110217 0.085407 0.042730 0.088167
0 0.685758 0.798833 0.052603 0.072559
0 0.733332 0.957646 0.050903 0.073201
0 0.643800 0.909548 0.055454 0.081426
0 0.612177 0.660553 0.048096 0.071173
0 0.536943 0.705180 0.041815 0.064567
0 0.657279 0.424754 0.054176 0.078803
0 0.222355 0.351436 0.040460 0.072385
0 0.979436 0.158343 0.039417 0.086168
0 0.782083 0.060754 0.054421 0.076617
0 0.474171 0.172287 0.049811 0.075950
0 0.698159 0.876926 0.053042 0.071875
0 0.457906 0.037017 0.049157 0.074035
0 0.907339 0.932813 0.060978 0.075692
0 0.436334 0.630744 0.043193 0.068684
0 0.584518 0.932778 0.054556 0.078360
0 0.564749 0.859029 0.051660 0.081286
0 0.658563 0.053307 0.054364 0.082659
0 0.300405 0.069313 0.051437 0.079869
0 0.514809 0.034220 0.054159 0.068440
0 0.969046 0.939067 0.056042 0.080681
0 0.653162 0.167430 0.047490 0.073743
0 0.874965 0.441943 0.059354 0.072522
0 0.313668 0.159592 0.050315 0.083237
0 0.140001 0.739493 0.052118 0.073364
0 0.172108 0.964672 0.046692 0.067388
0 0.614389 0.116906 0.058473 0.079964
0 0.427402 0.447128 0.050373 0.077496
0 0.342768 0.699359 0.044812 0.070724
0 0.649528 0.358416 0.064095 0.066195
0 0.445329 0.760547 0.053946 0.075884
0 0.248206 0.041884 0.053087 0.079574
0 0.616319 0.848731 0.052111 0.078517
0 0.077804 0.037362 0.052806 0.074725
0 0.122218 0.952182 0.051200 0.077060
0 0.362951 0.127562 0.049969 0.082301
0 0.798144 0.132091 0.049962 0.074616
0 0.256520 0.281742 0.050503 0.075772
0 0.452105 0.334471 0.047974 0.072478
0 0.039361 0.098863 0.046626 0.073423
0 0.245191 0.125177 0.055022 0.079627
0 0.351384 0.041980 0.051341 0.081510
0 0.890298 0.033980 0.050825 0.067961
0 0.248645 0.757998 0.049217 0.074224
0 0.972276 0.077701 0.047374 0.073561
0 0.447704 0.914527 0.072335 0.070963
0 0.509587 0.577210 0.049007 0.073373
0 0.207297 0.719901 0.052439 0.071391
0 0.836235 0.554597 0.053418 0.081992
0 0.266018 0.358711 0.048714 0.074001
0 0.676947 0.560921 0.046808 0.071723
0 0.881538 0.883525 0.053263 0.076227
0 0.283893 0.951270 0.052082 0.078421
0 0.737008 0.108837 0.052234 0.075176
0 0.491187 0.725798 0.054321 0.083310
0 0.918159 0.092551 0.053408 0.080601
0 0.037535 0.327034 0.046058 0.077681
0 0.481473 0.444725 0.049262 0.074085
0 0.526455 0.485100 0.052636 0.078689
0 0.476132 0.828890 0.057313 0.086998
0 0.391092 0.647186 0.045778 0.076544
0 0.685619 0.719264 0.049610 0.075977
0 0.800204 0.605185 0.049142 0.075050
0 0.105585 0.596788 0.053576 0.073369
0 0.451591 0.556913 0.051654 0.085061
0 0.695864 0.641853 0.048941 0.071423
0 0.266149 0.677429 0.048045 0.086414
0 0.329923 0.431204 0.056210 0.078671
0 0.542862 0.155178 0.056141 0.082493
0 0.633416 0.733405 0.049027 0.079179
0 0.172505 0.866840 0.052944 0.075528
0 0.030680 0.827529 0.052451 0.085213
0 0.949702 0.861067 0.054177 0.077700
0 0.188998 0.440255 0.055817 0.084940
0 0.874859 0.512133 0.046809 0.072612
0 0.487566 0.643253 0.055505 0.078340
0 0.938675 0.705655 0.050559 0.075799
0 0.386694 0.726374 0.049204 0.071630
0 0.347899 0.814852 0.053272 0.080115
0 0.326310 0.273642 0.052822 0.077074
0 0.129996 0.204011 0.049741 0.068377
0 0.870631 0.799378 0.054786 0.075614
0 0.081135 0.850100 0.051119 0.081697
0 0.752115 0.819650 0.055075 0.081890
0 0.863181 0.678828 0.056780 0.082750
0 0.403132 0.510892 0.055671 0.081505
0 0.157428 0.081820 0.047811 0.073432
0 0.398373 0.386077 0.051489 0.075788
0 0.942927 0.611709 0.046676 0.072715
0 0.751591 0.735201 0.050510 0.073867
0 0.610456 0.266961 0.051631 0.081783
0 0.491163 0.282690 0.051911 0.081093
0 0.188826 0.174063 0.050060 0.077015
0 0.559980 0.245828 0.048258 0.081839
0 0.561586 0.359371 0.052315 0.077267
0 0.089471 0.524920 0.050128 0.075936
0 0.719050 0.200128 0.057449 0.084091
0 0.047821 0.595813 0.053605 0.082433
0 0.255100 0.552093 0.052628 0.079888
0 0.588951 0.595747 0.061918 0.085236
0 0.047436 0.234223 0.050855 0.081254
0 0.071929 0.703439 0.051864 0.078702
0 0.239817 0.472838 0.052976 0.080015
0 0.702111 0.448960 0.052224 0.081650
0 0.205446 0.254911 0.052049 0.081307
0 0.965519 0.383112 0.051340 0.078027
0 0.220817 0.624599 0.053177 0.081458
0 0.890877 0.618860 0.051460 0.080373
0 0.748462 0.658281 0.053727 0.071778
0 0.935374 0.168702 0.056404 0.086909
0 0.336306 0.353322 0.054778 0.074873
0 0.088290 0.309211 0.052181 0.076129
0 0.152225 0.539851 0.050688 0.075420
0 0.400074 0.263760 0.052940 0.079387
0 0.925734 0.508369 0.048524 0.073567
0 0.893714 0.277129 0.051137 0.076609
0 0.134611 0.277678 0.058927 0.079649
0 0.742379 0.510963 0.056030 0.083848
0 0.664136 0.292883 0.056022 0.080539
0 0.883234 0.359088 0.054299 0.081215
0 0.782517 0.212880 0.055661 0.083863
0 0.734314 0.281228 0.060340 0.087043
0 0.847537 0.214749 0.055873 0.083067
1 0.325306 0.520262 0.035095 0.051251
1 0.603724 0.769964 0.050692 0.095352
1 0.691461 0.955304 0.040554 0.072706
2 0.008821 0.177592 0.017643 0.045292
2 0.877463 0.165673 0.030415 0.047676
2 0.526126 0.209178 0.018717 0.029797
2 0.739034 0.905244 0.023396 0.039333
2 0.837299 0.732420 0.028076 0.048868