0 0.997467 0.157186 0.004363 0.047596
0 0.996928 0.649059 0.005197 0.045381
0 0.278387 0.994150 0.033770 0.009527
0 0.650615 0.994069 0.034356 0.009576
0 0.822337 0.992828 0.034922 0.011743
0 0.376093 0.992280 0.036272 0.012736
0 0.329468 0.992153 0.036881 0.012850
0 0.026698 0.005399 0.035331 0.010799
0 0.006369 0.702806 0.012739 0.066791
0 0.582347 0.987125 0.045404 0.022580
0 0.648178 0.009247 0.040240 0.018488
0 0.992179 0.572395 0.013973 0.081846
0 0.989053 0.893889 0.020114 0.075066
0 0.723112 0.010060 0.037402 0.020120
0 0.536386 0.009573 0.045927 0.019125
0 0.990372 0.384926 0.017329 0.077570
0 0.981813 0.967015 0.034529 0.062768
0 0.459408 0.980920 0.054475 0.034770
0 0.187275 0.975370 0.053503 0.045672
0 0.716963 0.979923 0.047384 0.036823
0 0.020824 0.968927 0.041648 0.058757
0 0.106676 0.013134 0.044773 0.026217
0 0.984134 0.712445 0.029880 0.084991
0 0.982515 0.796072 0.033108 0.079856
0 0.159068 0.904790 0.056472 0.079109
0 0.777771 0.969365 0.055323 0.057985
0 0.022854 0.764898 0.045707 0.084605
0 0.463016 0.921041 0.049942 0.077722
0 0.530584 0.967807 0.054733 0.060959
0 0.983409 0.071960 0.031412 0.081706
0 0.634475 0.881696 0.055382 0.083392
0 0.794043 0.822453 0.047889 0.076259
0 0.804612 0.708123 0.047427 0.086169
0 0.622579 0.958252 0.062631 0.079587
0 0.256193 0.015438 0.052573 0.030876
0 0.073586 0.972178 0.049045 0.052281
0 0.654438 0.804053 0.055655 0.082348
0 0.233832 0.956446 0.052803 0.081845
0 0.413322 0.917364 0.047419 0.080662
0 0.483060 0.022369 0.052686 0.044738
0 0.918072 0.961507 0.054495 0.073550
0 0.799664 0.638069 0.063272 0.074430
0 0.260133 0.882045 0.053882 0.083682
0 0.136874 0.963497 0.049854 0.069341
0 0.366519 0.022720 0.045201 0.045365
0 0.242528 0.584129 0.049732 0.071670
0 0.852692 0.702208 0.045302 0.071781
0 0.135306 0.747083 0.053074 0.077285
0 0.284223 0.796143 0.050468 0.084848
0 0.452802 0.750294 0.054942 0.075454
0 0.481805 0.822927 0.050237 0.081789
0 0.831676 0.772300 0.055272 0.082832
0 0.032420 0.552498 0.053558 0.080490
0 0.669321 0.723955 0.055643 0.084196
0 0.520985 0.303365 0.049115 0.077985
0 0.361719 0.446741 0.053261 0.085637
0 0.061626 0.037257 0.054796 0.074515
0 0.496429 0.651845 0.050656 0.084599
0 0.845426 0.862653 0.053020 0.085706
0 0.416396 0.027996 0.050737 0.055983
0 0.136557 0.825792 0.052387 0.078802
0 0.387934 0.379467 0.050834 0.078162
0 0.882504 0.026891 0.052078 0.053781
0 0.185230 0.839450 0.050920 0.084285
0 0.666672 0.059309 0.047755 0.072283
0 0.056657 0.192060 0.053432 0.075073
0 0.756240 0.697407 0.047941 0.082674
0 0.034186 0.876735 0.051893 0.079578
0 0.540156 0.825369 0.055020 0.087212
0 0.619201 0.429843 0.051607 0.080998
0 0.498579 0.479451 0.046759 0.072026
0 0.250131 0.656858 0.061811 0.074773
0 0.500473 0.230602 0.056989 0.080439
0 0.677580 0.466056 0.053260 0.078086
0 0.807856 0.558704 0.054117 0.082186
0 0.124023 0.225091 0.045696 0.078395
0 0.040968 0.469367 0.053727 0.081683
0 0.555907 0.566167 0.048122 0.075244
0 0.551914 0.733822 0.055560 0.081276
0 0.645848 0.619403 0.053901 0.080518
0 0.710111 0.411034 0.048692 0.074544
0 0.753287 0.567659 0.049899 0.083521
0 0.642936 0.122027 0.055671 0.083619
0 0.401193 0.810952 0.055386 0.086120
0 0.367089 0.703601 0.054515 0.079107
0 0.417005 0.190416 0.051268 0.084775
0 0.589416 0.659654 0.054132 0.082582
0 0.741117 0.246289 0.054135 0.080481
0 0.832267 0.034675 0.049242 0.069350
0 0.959453 0.578438 0.047526 0.095438
0 0.046180 0.115244 0.051659 0.080645
0 0.607680 0.034372 0.049966 0.068744
0 0.783078 0.201157 0.053225 0.080521
0 0.677756 0.187365 0.052681 0.079193
0 0.798030 0.127547 0.048859 0.073853
0 0.777963 0.039349 0.052535 0.078699
0 0.391190 0.121381 0.050108 0.079199
0 0.900737 0.743181 0.056055 0.086674
0 0.514062 0.154192 0.051464 0.079588
0 0.579844 0.383715 0.057006 0.091144
0 0.709013 0.677146 0.048371 0.083625
0 0.292061 0.184454 0.046238 0.072716
0 0.335143 0.357267 0.051869 0.083057
0 0.386599 0.631251 0.055230 0.083731
0 0.944767 0.665413 0.049628 0.084117
0 0.065185 0.623066 0.049335 0.077892
0 0.436273 0.486310 0.057316 0.080253
0 0.885623 0.641472 0.053386 0.098145
0 0.192070 0.026397 0.050779 0.052794
0 0.292269 0.269839 0.050430 0.083149
0 0.246346 0.151162 0.052926 0.076031
0 0.119882 0.145323 0.055806 0.078149
0 0.267748 0.520188 0.055006 0.092240
0 0.764480 0.430712 0.055410 0.085996
0 0.141867 0.050716 0.056761 0.085446
0 0.747747 0.100897 0.051292 0.067312
0 0.571109 0.285148 0.054323 0.086312
0 0.307900 0.567847 0.054322 0.085964
0 0.794798 0.307603 0.046436 0.074869
0 0.313855 0.721634 0.053966 0.082200
0 0.740070 0.333381 0.053031 0.085421
0 0.329628 0.070223 0.054392 0.086055
0 0.085579 0.540778 0.049418 0.080766
0 0.244216 0.734219 0.051046 0.080601
0 0.081411 0.411549 0.048998 0.078373
0 0.970289 0.179194 0.050352 0.084877
0 0.949906 0.253302 0.047008 0.073221
0 0.457713 0.101320 0.051067 0.085008
0 0.049780 0.354159 0.054895 0.084407
0 0.139528 0.557490 0.055659 0.081686
0 0.173480 0.233419 0.052217 0.084737
0 0.631084 0.269028 0.053497 0.083434
0 0.910423 0.542559 0.053073 0.077877
0 0.342429 0.241907 0.053669 0.091256
0 0.281927 0.374564 0.050766 0.084598
0 0.064348 0.271537 0.054405 0.080740
0 0.849598 0.511066 0.058154 0.093610
0 0.192647 0.620103 0.057113 0.087997
0 0.841177 0.394168 0.053547 0.086315
0 0.444128 0.573739 0.054399 0.091029
0 0.185999 0.725531 0.056674 0.090006
0 0.917598 0.184147 0.050642 0.085629
1 0.145544 0.625745 0.037434 0.050060
2 0.234450 0.091180 0.024956 0.039333
2 0.932835 0.322408 0.017937 0.029797
1 0.197406 0.104887 0.052252 0.088200