0 0.233297 0.443584 0.053158 0.077008
0 0.524931 0.995609 0.040207 0.008080
0 0.002074 0.538683 0.004148 0.063816
0 0.807915 0.001781 0.044824 0.003554
0 0.997387 0.613857 0.005227 0.064240
0 0.103840 0.995314 0.036673 0.008425
0 0.002870 0.426442 0.005740 0.054408
0 0.913174 0.874393 0.043383 0.069645
0 0.885267 0.851047 0.050508 0.079416
0 0.995271 0.759849 0.009061 0.066034
0 0.009547 0.866063 0.019094 0.067872
0 0.992711 0.147074 0.014048 0.086416
0 0.985276 0.969268 0.028315 0.059341
0 0.010885 0.690514 0.021763 0.075164
0 0.334313 0.985929 0.052552 0.025637
0 0.154989 0.979546 0.045389 0.038427
0 0.532255 0.532159 0.053678 0.083193
0 0.779586 0.817394 0.041373 0.078938
0 0.700389 0.982888 0.049863 0.031497
0 0.842505 0.980506 0.050208 0.036408
0 0.019383 0.955556 0.038766 0.084429
0 0.242596 0.979515 0.054759 0.038082
0 0.573222 0.980888 0.053812 0.035314
0 0.740800 0.799833 0.047745 0.074836
0 0.011162 0.343325 0.022325 0.074543
0 0.985624 0.052101 0.027573 0.093078
0 0.012613 0.136491 0.025226 0.088522
0 0.453634 0.976637 0.048754 0.044123
0 0.229947 0.630498 0.051291 0.065042
0 0.151657 0.892873 0.057416 0.082032
0 0.345781 0.924110 0.049203 0.072856
0 0.408736 0.757519 0.045495 0.070939
0 0.411734 0.527892 0.050598 0.065837
0 0.894863 0.968462 0.051145 0.060579
0 0.310342 0.637381 0.050818 0.078413
0 0.456394 0.905778 0.048524 0.072013
0 0.299177 0.865668 0.051191 0.069836
0 0.418267 0.680190 0.051356 0.074389
0 0.284664 0.936280 0.041677 0.071401
0 0.274992 0.702076 0.050543 0.074665
0 0.636695 0.864346 0.053335 0.072179
0 0.025085 0.595952 0.050170 0.081818
0 0.627102 0.951159 0.056287 0.091049
0 0.168114 0.154709 0.050545 0.074170
0 0.890571 0.768063 0.051921 0.075471
0 0.255954 0.564159 0.046961 0.081032
0 0.718267 0.706413 0.048439 0.097011
0 0.955049 0.913091 0.048271 0.074364
0 0.329054 0.787038 0.050177 0.075624
0 0.493145 0.836138 0.055104 0.077174
0 0.985812 0.305614 0.027290 0.072053
0 0.115664 0.948529 0.048030 0.073103
0 0.587028 0.892055 0.047347 0.083735
0 0.016363 0.041507 0.032691 0.077227
0 0.538225 0.619192 0.054057 0.076914
0 0.025166 0.484283 0.050331 0.077130
0 0.831350 0.814209 0.050840 0.079966
0 0.195331 0.953094 0.057326 0.079239
0 0.426350 0.415827 0.062458 0.090416
0 0.404938 0.957237 0.049966 0.080614
0 0.982767 0.683744 0.033420 0.073420
0 0.408084 0.850046 0.060832 0.070206
0 0.566234 0.488078 0.053924 0.082679
0 0.805126 0.925910 0.069672 0.076778
0 0.668275 0.738628 0.057693 0.078488
0 0.122428 0.409833 0.052663 0.078369
0 0.753726 0.380737 0.050807 0.078961
0 0.743373 0.960356 0.045475 0.067478
0 0.676120 0.535117 0.049227 0.076016
0 0.289434 0.018268 0.049366 0.036537
0 0.668437 0.618906 0.049477 0.080327
0 0.178536 0.420493 0.052254 0.077918
0 0.712488 0.423597 0.052223 0.080363
0 0.974300 0.217264 0.050923 0.077771
0 0.103827 0.843508 0.052802 0.078692
0 0.167734 0.658399 0.047258 0.068142
0 0.334860 0.388695 0.052109 0.073080
0 0.516270 0.770232 0.054752 0.083773
0 0.169801 0.807744 0.053599 0.080332
0 0.089775 0.496712 0.058365 0.076272
0 0.224538 0.772272 0.054949 0.082691
0 0.682571 0.817118 0.061544 0.075981
0 0.468151 0.487416 0.059229 0.072390
0 0.154022 0.265297 0.050369 0.068783
0 0.887814 0.422639 0.049484 0.081430
0 0.435928 0.253300 0.046006 0.069225
0 0.979031 0.400322 0.041561 0.075748
0 0.972407 0.536364 0.048197 0.082159
0 0.909966 0.023253 0.054177 0.046507
0 0.364337 0.604351 0.056100 0.082501
0 0.720429 0.569670 0.050232 0.077280
0 0.067678 0.424464 0.052544 0.077162
0 0.086998 0.617811 0.052019 0.076608
0 0.322217 0.485475 0.053010 0.091760
0 0.942394 0.739400 0.050922 0.077886
0 0.635052 0.368491 0.052727 0.079842
0 0.757109 0.655840 0.052619 0.081737
0 0.816652 0.630103 0.051755 0.075704
0 0.797859 0.492363 0.049967 0.081131
0 0.860916 0.706021 0.059236 0.080071
0 0.127127 0.327957 0.061924 0.073565
0 0.443871 0.330709 0.051952 0.075961
0 0.661646 0.450253 0.056679 0.081937
0 0.459747 0.620400 0.052816 0.093067
0 0.662488 0.169378 0.047753 0.073449
0 0.377812 0.027441 0.052568 0.054883
0 0.316051 0.077202 0.050780 0.076915
0 0.193675 0.032892 0.052080 0.065783
0 0.624035 0.280206 0.050992 0.086601
0 0.864126 0.494188 0.053086 0.078581
0 0.308385 0.212166 0.053362 0.078948
0 0.122223 0.085547 0.047576 0.072002
0 0.365048 0.274149 0.051437 0.079180
0 0.115264 0.189387 0.056064 0.084638
0 0.257775 0.318682 0.050524 0.085947
0 0.677339 0.258240 0.053075 0.083288
0 0.718997 0.317301 0.053001 0.081713
0 0.796704 0.325178 0.047680 0.088452
0 0.613113 0.195546 0.051718 0.072475
0 0.065741 0.030355 0.058675 0.060710
0 0.852479 0.026531 0.051368 0.053062
0 0.209452 0.251012 0.053399 0.079146
0 0.626972 0.033493 0.056545 0.066986
0 0.378931 0.165961 0.052431 0.078131
0 0.919947 0.565526 0.050427 0.083719
0 0.215089 0.120207 0.052022 0.086056
0 0.860373 0.343171 0.057855 0.083724
0 0.709463 0.030833 0.055521 0.061665
0 0.060179 0.228546 0.055328 0.082164
0 0.459963 0.060366 0.050710 0.080667
0 0.740996 0.208305 0.052050 0.086763
0 0.916811 0.279852 0.053052 0.088444
0 0.624109 0.109359 0.056058 0.078300
0 0.807524 0.068913 0.048005 0.076705
0 0.477000 0.197244 0.056350 0.083127
0 0.734674 0.103282 0.056391 0.090259
0 0.942426 0.151321 0.050254 0.078681
0 0.510630 0.310018 0.055379 0.085011
0 0.798052 0.150501 0.061538 0.084835
1 0.384967 0.455900 0.051472 0.075089
1 0.439559 0.016687 0.029636 0.033373
2 0.509749 0.663290 0.017157 0.027414
2 0.734744 0.855185 0.028856 0.039333
2 0.547183 0.893325 0.018717 0.032181