0 0.048571 0.001760 0.034178 0.003520
0 0.392236 0.001860 0.033031 0.003719
0 0.017875 0.994090 0.030657 0.009613
0 0.996446 0.736709 0.005844 0.048697
0 0.439526 0.003625 0.043593 0.007250
0 0.003703 0.178560 0.007405 0.058923
0 0.003916 0.668908 0.007832 0.051882
0 0.500968 0.006002 0.043074 0.012004
0 0.494971 0.983054 0.046069 0.030612
0 0.938934 0.986465 0.050306 0.024000
0 0.989582 0.464698 0.018926 0.075642
0 0.015686 0.946972 0.031372 0.082530
0 0.740918 0.012280 0.044687 0.024520
0 0.019013 0.110533 0.037994 0.080962
0 0.018927 0.730591 0.037854 0.082444
0 0.723766 0.968794 0.056508 0.058989
0 0.985869 0.545345 0.026304 0.077806
0 0.178684 0.978187 0.053341 0.040184
0 0.821897 0.972281 0.057009 0.051931
0 0.508631 0.935039 0.053921 0.074247
0 0.096282 0.965423 0.055313 0.065822
0 0.362405 0.084498 0.050125 0.066007
0 0.791922 0.022990 0.051413 0.045980
0 0.551856 0.024014 0.048628 0.048028
0 0.415954 0.577347 0.050402 0.075960
0 0.583950 0.883669 0.056673 0.083550
0 0.427965 0.954160 0.051921 0.082558
0 0.209724 0.033014 0.052740 0.065987
0 0.520946 0.861808 0.048241 0.074870
0 0.298620 0.021227 0.049787 0.042434
0 0.800555 0.205947 0.047336 0.082440
0 0.243318 0.075009 0.059490 0.077876
0 0.564035 0.954704 0.053947 0.081088
0 0.065630 0.700398 0.053452 0.083832
0 0.419023 0.778706 0.049515 0.084573
0 0.700081 0.762735 0.052589 0.082051
0 0.296104 0.832093 0.054899 0.080296
0 0.098444 0.114468 0.052764 0.078915
0 0.057844 0.922016 0.055350 0.085488
0 0.220309 0.765970 0.053158 0.077217
0 0.315697 0.761589 0.054794 0.087009
0 0.755131 0.247579 0.052040 0.078996
0 0.563836 0.188620 0.047286 0.078752
0 0.352132 0.024738 0.050072 0.049451
0 0.733613 0.898007 0.055285 0.078229
0 0.956390 0.025824 0.058537 0.051648
0 0.044703 0.053720 0.053029 0.085697
0 0.106702 0.035923 0.051270 0.071847
0 0.974478 0.846698 0.048850 0.082297
0 0.034268 0.181298 0.050186 0.078860
0 0.439194 0.045514 0.059785 0.078560
0 0.977592 0.638024 0.042654 0.082680
0 0.612830 0.821819 0.052299 0.074864
0 0.157933 0.041377 0.049160 0.082755
0 0.101989 0.749153 0.049908 0.080262
0 0.732892 0.817881 0.050501 0.074220
0 0.262436 0.938057 0.058364 0.091228
0 0.633265 0.753817 0.051833 0.077802
0 0.666195 0.860493 0.053210 0.080051
0 0.357802 0.813541 0.054381 0.084924
0 0.249134 0.152676 0.055145 0.076036
0 0.520450 0.527749 0.055327 0.078675
0 0.247379 0.856322 0.052057 0.079538
0 0.642463 0.675786 0.055000 0.069260
0 0.160848 0.914944 0.053247 0.083912
0 0.441009 0.128281 0.048763 0.078781
0 0.782719 0.866228 0.049550 0.076739
0 0.760782 0.155755 0.048189 0.075227
0 0.829751 0.902758 0.052191 0.078608
0 0.422383 0.865694 0.055297 0.082009
0 0.555923 0.269238 0.050946 0.075383
0 0.458462 0.738475 0.052382 0.078246
0 0.420153 0.653856 0.053256 0.077027
0 0.495602 0.450687 0.051204 0.083680
0 0.032534 0.534795 0.053078 0.087566
0 0.933428 0.932253 0.054266 0.079164
0 0.649071 0.031875 0.051908 0.063751
0 0.576173 0.683126 0.050499 0.076392
0 0.275163 0.713470 0.054731 0.088140
0 0.605387 0.209912 0.048796 0.092214
0 0.160082 0.235376 0.051412 0.078618
0 0.799283 0.110777 0.053404 0.083836
0 0.323490 0.137187 0.056843 0.089565
0 0.191261 0.842714 0.055847 0.085764
0 0.150143 0.151866 0.052791 0.083331
0 0.531173 0.745140 0.053456 0.088801
0 0.953658 0.771199 0.052964 0.082951
0 0.602843 0.056020 0.049793 0.072650
0 0.225895 0.684320 0.050669 0.082468
0 0.509111 0.051740 0.059229 0.082272
0 0.540915 0.114728 0.056866 0.084328
0 0.107205 0.839206 0.047995 0.086326
0 0.815505 0.734527 0.052657 0.080968
0 0.661317 0.598385 0.053652 0.081577
0 0.678018 0.112874 0.055702 0.085888
0 0.865760 0.830050 0.051794 0.078250
0 0.444196 0.518810 0.048923 0.075230
0 0.053726 0.833691 0.053533 0.082132
0 0.718166 0.681799 0.054336 0.088318
0 0.859165 0.680162 0.048472 0.078544
0 0.364771 0.637499 0.052209 0.083474
0 0.838953 0.053304 0.057163 0.088833
0 0.609701 0.523575 0.052796 0.087084
0 0.721780 0.061412 0.052022 0.079271
0 0.855099 0.422236 0.048264 0.078505
0 0.484905 0.217080 0.055445 0.078864
0 0.382002 0.527901 0.057312 0.082534
0 0.249484 0.233975 0.058526 0.081022
0 0.503568 0.607272 0.057516 0.086761
0 0.284240 0.631711 0.056911 0.075200
0 0.154638 0.757762 0.052143 0.082857
0 0.473374 0.378409 0.050437 0.077825
0 0.186003 0.295970 0.055525 0.084001
0 0.883494 0.358400 0.049572 0.079617
0 0.564796 0.346383 0.054354 0.078965
0 0.823260 0.567864 0.056266 0.083773
0 0.854945 0.238820 0.052602 0.081589
0 0.908686 0.693256 0.049718 0.079274
0 0.668430 0.484057 0.051927 0.079367
0 0.894295 0.102877 0.049492 0.078055
0 0.101722 0.649829 0.048694 0.080208
0 0.123202 0.508915 0.054952 0.087890
0 0.165576 0.562114 0.054607 0.087369
0 0.365618 0.725194 0.055120 0.083184
0 0.947736 0.439621 0.055309 0.084712
0 0.153906 0.646998 0.051121 0.085767
0 0.569487 0.474033 0.054997 0.087386
0 0.970012 0.362760 0.052596 0.081168
0 0.789734 0.300460 0.055665 0.085369
0 0.353170 0.266558 0.050953 0.082622
0 0.121584 0.281243 0.054230 0.091632
0 0.773242 0.661218 0.055319 0.079118
0 0.883827 0.584560 0.047737 0.073007
0 0.727948 0.594512 0.051674 0.075990
0 0.901372 0.279342 0.057182 0.085908
0 0.675867 0.317132 0.052010 0.077563
0 0.742933 0.486922 0.050958 0.081663
0 0.965498 0.233693 0.054760 0.085303
0 0.796815 0.494873 0.053499 0.084314
0 0.185236 0.399631 0.051392 0.083612
0 0.942862 0.551327 0.053936 0.083940
0 0.621082 0.352017 0.050613 0.078250
0 0.125762 0.412482 0.054097 0.091970
1 0.627511 0.454708 0.037434 0.063170
2 0.282413 0.470799 0.021057 0.033373
2 0.319457 0.918951 0.018717 0.028605
2 0.230941 0.917759 0.011698 0.019070
2 0.528856 0.430274 0.021057 0.028605
2 0.686002 0.182956 0.018717 0.025030
2 0.963250 0.067938 0.030415 0.045292