0 0.009274 0.979709 0.018539 0.037851
0 0.996609 0.386359 0.005498 0.052658
0 0.764473 0.992838 0.037353 0.012193
0 0.867819 0.993695 0.037915 0.010279
0 0.995125 0.983163 0.008088 0.030794
0 0.995854 0.291748 0.006858 0.055381
0 0.369461 0.003858 0.032503 0.007717
0 0.003762 0.030792 0.007501 0.054161
0 0.005369 0.786571 0.010738 0.062819
0 0.992751 0.010926 0.013255 0.021852
0 0.659137 0.004174 0.031021 0.008349
0 0.006482 0.281570 0.012942 0.071315
0 0.008430 0.398565 0.016824 0.076474
0 0.621566 0.990868 0.042188 0.015444
0 0.009597 0.926206 0.019193 0.085779
0 0.010864 0.605777 0.021654 0.079150
0 0.172728 0.009415 0.043999 0.018829
0 0.988559 0.059081 0.021251 0.072196
0 0.081159 0.982474 0.048610 0.032088
0 0.787897 0.011517 0.037631 0.023034
0 0.364008 0.985326 0.051967 0.026244
0 0.931640 0.012369 0.047341 0.024737
0 0.984294 0.726499 0.029484 0.076856
0 0.019008 0.164086 0.037975 0.081486
0 0.253686 0.977747 0.056273 0.041335
0 0.038779 0.962551 0.052049 0.071795
0 0.664347 0.962575 0.048551 0.071587
0 0.203472 0.164239 0.051379 0.071374
0 0.152813 0.191338 0.051299 0.077869
0 0.985062 0.215007 0.027994 0.087863
0 0.787743 0.825298 0.057769 0.076995
0 0.436430 0.014632 0.053605 0.029219
0 0.199824 0.969560 0.053472 0.057626
0 0.704397 0.017613 0.047038 0.035226
0 0.193629 0.099654 0.052087 0.085391
0 0.975266 0.810933 0.047364 0.078133
0 0.523052 0.967782 0.049603 0.061125
0 0.803378 0.892766 0.053368 0.070364
0 0.223342 0.636515 0.050707 0.077154
0 0.106428 0.732531 0.052923 0.082957
0 0.849526 0.431667 0.046842 0.069980
0 0.865522 0.948147 0.051848 0.078507
0 0.792489 0.962887 0.061099 0.071199
0 0.074279 0.442436 0.055983 0.088401
0 0.082708 0.885876 0.057893 0.086914
0 0.810883 0.610404 0.056513 0.090046
0 0.126427 0.959953 0.048988 0.076888
0 0.352215 0.647378 0.052594 0.069246
0 0.062077 0.143884 0.054784 0.082479
0 0.035305 0.489991 0.050801 0.074884
0 0.976295 0.549999 0.045296 0.079566
0 0.034538 0.661578 0.051865 0.075772
0 0.375079 0.784180 0.052508 0.071323
0 0.364876 0.716880 0.049647 0.070430
0 0.965694 0.887521 0.051442 0.084980
0 0.226506 0.033156 0.052232 0.066312
0 0.534360 0.025659 0.055751 0.051282
0 0.713873 0.948211 0.056035 0.096540
0 0.779827 0.677310 0.051684 0.081531
0 0.820356 0.760457 0.048503 0.086925
0 0.142087 0.115416 0.051851 0.078767
0 0.031611 0.345497 0.054455 0.088405
0 0.412835 0.833282 0.059636 0.082228
0 0.245722 0.705192 0.057310 0.080692
0 0.169207 0.766541 0.051901 0.080956
0 0.241412 0.915662 0.058946 0.083996
0 0.446881 0.965200 0.058287 0.066211
0 0.769571 0.550906 0.060057 0.095990
0 0.910738 0.913293 0.055826 0.080976
0 0.320863 0.928441 0.052623 0.078839
0 0.603564 0.892701 0.049627 0.076168
0 0.134588 0.833053 0.054000 0.081176
0 0.290732 0.858852 0.055607 0.078586
0 0.264658 0.779088 0.053426 0.077600
0 0.439947 0.889963 0.049009 0.074260
0 0.951446 0.681081 0.057571 0.086238
0 0.860807 0.653302 0.054920 0.082625
0 0.145074 0.674408 0.053967 0.085809
0 0.809490 0.480490 0.052226 0.080401
0 0.096492 0.081369 0.051772 0.086948
0 0.313636 0.736091 0.050541 0.080213
0 0.320248 0.235497 0.056211 0.081308
0 0.930923 0.772535 0.059106 0.091741
0 0.088083 0.545246 0.050529 0.082095
0 0.886823 0.580727 0.062703 0.072154
0 0.196379 0.246228 0.054979 0.081621
0 0.745522 0.049561 0.056063 0.080364
0 0.738087 0.802506 0.047854 0.074868
0 0.247454 0.126984 0.048647 0.077054
0 0.345853 0.180270 0.047655 0.074867
0 0.211632 0.827380 0.050253 0.074797
0 0.552210 0.887283 0.052792 0.088279
0 0.654338 0.750377 0.050184 0.083699
0 0.938342 0.426222 0.054647 0.083516
0 0.870781 0.839143 0.059918 0.086736
0 0.900887 0.375049 0.047429 0.079413
0 0.644080 0.492521 0.053457 0.085083
0 0.846495 0.191498 0.060937 0.076159
0 0.610039 0.440109 0.053499 0.088350
0 0.527004 0.722308 0.051638 0.075382
0 0.437765 0.282656 0.055098 0.086399
0 0.481218 0.254574 0.047776 0.074275
0 0.883644 0.492533 0.051766 0.084374
0 0.069205 0.262836 0.060389 0.084344
0 0.848149 0.357487 0.052803 0.075389
0 0.113851 0.388323 0.051302 0.080795
0 0.683063 0.847564 0.053272 0.089279
0 0.424072 0.633259 0.050623 0.081320
0 0.179085 0.595862 0.056093 0.082253
0 0.816155 0.129459 0.057474 0.087465
0 0.595926 0.785264 0.054475 0.078654
0 0.384338 0.582502 0.056750 0.089692
0 0.494703 0.175156 0.052675 0.078323
0 0.838404 0.272121 0.053012 0.081998
0 0.511791 0.092535 0.061512 0.086047
0 0.266101 0.444956 0.047899 0.079041
0 0.437342 0.085626 0.050706 0.078483
0 0.300363 0.139715 0.054372 0.078532
0 0.213106 0.444891 0.050244 0.079564
0 0.742791 0.167112 0.052821 0.078581
0 0.537976 0.652150 0.054678 0.073078
0 0.281929 0.519861 0.054542 0.076057
0 0.838511 0.053708 0.062611 0.085817
0 0.788914 0.239007 0.052478 0.076880
0 0.304175 0.595247 0.054789 0.081703
0 0.693421 0.134485 0.048456 0.072507
0 0.640684 0.368881 0.049437 0.073771
0 0.601142 0.667761 0.051849 0.074977
0 0.158213 0.456239 0.054024 0.083933
0 0.165707 0.317671 0.054830 0.083054
0 0.388545 0.485228 0.052195 0.073892
0 0.507594 0.321517 0.052637 0.080999
0 0.626139 0.051785 0.059504 0.082973
0 0.561247 0.346479 0.055963 0.081743
0 0.553784 0.449289 0.053158 0.082154
0 0.394893 0.320168 0.054825 0.081466
0 0.589775 0.580405 0.050775 0.085043
0 0.440687 0.192335 0.054993 0.087082
0 0.615263 0.304925 0.051318 0.080404
0 0.234637 0.333454 0.053881 0.079958
0 0.704795 0.330104 0.052092 0.080666
0 0.316613 0.423195 0.052239 0.088256
0 0.384752 0.404602 0.058172 0.080329
0 0.474714 0.469234 0.050342 0.076608
0 0.643984 0.212024 0.054459 0.086929
0 0.303710 0.314271 0.055213 0.086806
0 0.492781 0.602620 0.058235 0.090472
1 0.546013 0.159118 0.046013 0.070322
1 0.439949 0.770560 0.042894 0.041716
1 0.021690 0.748510 0.043379 0.090584
1 0.978310 0.466031 0.043379 0.076281
2 0.576038 0.150775 0.023396 0.039333