0 0.001853 0.602635 0.003669 0.050422
0 0.995446 0.430755 0.007640 0.051661
0 0.005343 0.675898 0.010686 0.063550
0 0.021579 0.990334 0.042368 0.016606
0 0.991764 0.629749 0.014904 0.075159
0 0.009394 0.758980 0.018787 0.076890
0 0.961519 0.986797 0.049980 0.023434
0 0.346892 0.985341 0.049175 0.026280
0 0.585419 0.957381 0.056355 0.066980
0 0.594176 0.899945 0.054102 0.070750
0 0.633995 0.546568 0.054451 0.073613
0 0.979706 0.942853 0.038858 0.079734
0 0.628112 0.485504 0.055334 0.076458
0 0.754676 0.974675 0.054086 0.047207
0 0.982885 0.066802 0.032519 0.095716
0 0.279155 0.865928 0.052333 0.081732
0 0.864073 0.970985 0.049835 0.054487
0 0.665005 0.970007 0.055098 0.056783
0 0.021516 0.464963 0.043032 0.075221
0 0.020661 0.106923 0.041321 0.077663
0 0.788040 0.025892 0.057110 0.051784
0 0.466175 0.096002 0.052842 0.076606
0 0.285196 0.791890 0.062338 0.068805
0 0.337806 0.015935 0.051627 0.031869
0 0.237710 0.966912 0.052260 0.062889
0 0.052164 0.028649 0.052507 0.057298
0 0.137461 0.023370 0.048879 0.046739
0 0.477250 0.031311 0.052274 0.062562
0 0.807229 0.962284 0.050609 0.072012
0 0.052473 0.838977 0.052436 0.084095
0 0.227459 0.771371 0.052258 0.082581
0 0.573921 0.830642 0.050923 0.076032
0 0.808058 0.578415 0.052935 0.074060
0 0.403752 0.025294 0.059962 0.050589
0 0.037495 0.346642 0.061430 0.090921
0 0.822691 0.509303 0.048579 0.080187
0 0.769296 0.501461 0.050882 0.085895
0 0.598993 0.759812 0.052273 0.083064
0 0.954774 0.878607 0.048758 0.084177
0 0.715356 0.774162 0.051161 0.077291
0 0.524513 0.806042 0.051643 0.080872
0 0.302019 0.565126 0.045062 0.084318
0 0.623528 0.627785 0.045369 0.088009
0 0.738309 0.054417 0.054103 0.076341
0 0.840089 0.899504 0.054248 0.086931
0 0.647242 0.036731 0.052134 0.073454
0 0.973147 0.472619 0.048639 0.074700
0 0.655150 0.687188 0.050683 0.077992
0 0.974561 0.554749 0.048748 0.082475
0 0.357146 0.709440 0.053147 0.084350
0 0.091915 0.107188 0.053134 0.083402
0 0.764843 0.715887 0.052585 0.079771
0 0.801243 0.655274 0.053356 0.076174
0 0.537472 0.606398 0.051940 0.079088
0 0.676604 0.832111 0.055805 0.088705
0 0.438804 0.171907 0.049545 0.087055
0 0.143002 0.229268 0.052361 0.077610
0 0.414640 0.240979 0.051723 0.077576
0 0.667073 0.112507 0.052411 0.077861
0 0.717448 0.677945 0.046445 0.074179
0 0.337540 0.884177 0.056956 0.091433
0 0.733883 0.565369 0.054587 0.086082
0 0.596134 0.077112 0.052423 0.082664
0 0.379950 0.946451 0.054138 0.084086
0 0.706131 0.181194 0.056327 0.086246
0 0.416769 0.736530 0.050561 0.081468
0 0.719105 0.479484 0.051422 0.083344
0 0.558811 0.530847 0.056825 0.073859
0 0.232383 0.116946 0.051726 0.082545
0 0.517449 0.114820 0.051121 0.085999
0 0.056722 0.709226 0.053302 0.085253
0 0.058926 0.513448 0.048489 0.083457
0 0.865476 0.711251 0.053151 0.078761
0 0.327426 0.638268 0.054235 0.086034
0 0.192542 0.053253 0.055086 0.084106
0 0.862612 0.625088 0.053445 0.086782
0 0.289887 0.390494 0.053996 0.082201
0 0.091063 0.306263 0.049968 0.080043
0 0.312437 0.316704 0.054481 0.083646
0 0.607588 0.339996 0.050520 0.082885
0 0.961914 0.203015 0.050526 0.083566
0 0.083167 0.411300 0.049483 0.086571
0 0.224737 0.607114 0.056905 0.092704
0 0.533373 0.325471 0.055615 0.089083
0 0.159892 0.696621 0.054443 0.082920
0 0.091859 0.779081 0.054871 0.087907
0 0.405715 0.324022 0.049735 0.084571
0 0.188033 0.540131 0.052097 0.085244
0 0.570430 0.678848 0.054416 0.096805
0 0.422378 0.533392 0.052234 0.083642
0 0.881703 0.100733 0.059134 0.095072
0 0.955883 0.648155 0.054833 0.091997
0 0.508950 0.402811 0.052498 0.081667
0 0.670999 0.313888 0.054880 0.076441
0 0.428623 0.426284 0.057337 0.080382
0 0.106874 0.606633 0.054081 0.080124
0 0.808058 0.400435 0.054104 0.086433
0 0.853274 0.794354 0.056850 0.083998
0 0.163063 0.156346 0.053647 0.084223
0 0.598566 0.425005 0.051877 0.079895
0 0.785831 0.289398 0.053755 0.078491
0 0.111417 0.521078 0.053907 0.083309
0 0.907528 0.294825 0.051635 0.081678
0 0.890827 0.200644 0.056985 0.088056
0 0.577749 0.269451 0.052545 0.082940
0 0.781237 0.815203 0.057147 0.092773
0 0.351862 0.239408 0.051228 0.081221
0 0.368060 0.476051 0.053592 0.086326
0 0.494170 0.491104 0.057086 0.085166
0 0.284061 0.479698 0.055792 0.084927
0 0.188804 0.418480 0.052395 0.088077
0 0.302775 0.095327 0.052721 0.085887
0 0.892025 0.450314 0.054042 0.079004
0 0.459690 0.645981 0.055749 0.087099
1 0.732795 0.106675 0.053032 0.039333
2 0.654027 0.434446 0.028076 0.041716
2 0.961690 0.819428 0.019497 0.032181