0 0.438787 0.001907 0.038645 0.003814
0 0.618820 0.994404 0.029990 0.009397
0 0.318953 0.002792 0.036614 0.005584
0 0.996988 0.586668 0.005592 0.057529
0 0.004081 0.917505 0.008162 0.059627
0 0.004292 0.647362 0.008584 0.067776
0 0.239753 0.992961 0.034892 0.011819
0 0.974998 0.991132 0.038601 0.015039
0 0.994548 0.953402 0.009508 0.060918
0 0.535506 0.989577 0.037510 0.018052
0 0.846620 0.989818 0.041361 0.017540
0 0.954099 0.007339 0.035423 0.014678
0 0.134447 0.007217 0.041572 0.014434
0 0.851320 0.007646 0.040033 0.015291
0 0.992717 0.092195 0.013201 0.074261
0 0.303754 0.981155 0.039944 0.034714
0 0.992690 0.233770 0.013106 0.066240
0 0.023849 0.820562 0.047628 0.070469
0 0.367310 0.009117 0.045696 0.018234
0 0.156367 0.984673 0.050320 0.027574
0 0.564511 0.011055 0.045658 0.022110
0 0.988901 0.684834 0.020590 0.065685
0 0.059969 0.980521 0.052525 0.035684
0 0.647455 0.520416 0.049348 0.085145
0 0.657066 0.966150 0.048384 0.064432
0 0.913067 0.984214 0.047313 0.028541
0 0.346463 0.964986 0.050475 0.066862
0 0.680146 0.497106 0.049286 0.077131
0 0.767856 0.751557 0.047772 0.078616
0 0.046655 0.773972 0.054659 0.083119
0 0.668185 0.915097 0.054001 0.067071
0 0.675111 0.020070 0.053838 0.040141
0 0.863735 0.898844 0.043076 0.084294
0 0.765866 0.977762 0.049934 0.041413
0 0.906392 0.909017 0.051044 0.072643
0 0.661736 0.068840 0.051749 0.067748
0 0.287460 0.932370 0.045903 0.075187
0 0.194815 0.950998 0.048468 0.075749
0 0.580584 0.968032 0.051646 0.060609
0 0.182955 0.608638 0.048280 0.072862
0 0.896620 0.836618 0.054371 0.069283
0 0.020473 0.500750 0.040947 0.082568
0 0.501111 0.955306 0.048091 0.079949
0 0.095597 0.834451 0.052657 0.075907
0 0.804205 0.717366 0.050537 0.085958
0 0.913193 0.035034 0.049293 0.070067
0 0.075820 0.143596 0.049110 0.085582
0 0.533602 0.785524 0.050825 0.072398
0 0.654750 0.617072 0.052413 0.079804
0 0.529985 0.668233 0.051968 0.066952
0 0.081288 0.920283 0.057582 0.085070
0 0.167782 0.889555 0.054243 0.076987
0 0.393290 0.864433 0.049244 0.080540
0 0.345079 0.885579 0.053346 0.081008
0 0.184534 0.036435 0.051780 0.072870
0 0.312277 0.789507 0.052899 0.074560
0 0.505512 0.032456 0.049821 0.064912
0 0.416007 0.953102 0.054052 0.087036
0 0.727367 0.795412 0.050046 0.082679
0 0.543298 0.904252 0.053973 0.070315
0 0.674795 0.136546 0.046718 0.070550
0 0.439712 0.822476 0.050249 0.080312
0 0.963827 0.737080 0.048339 0.075978
0 0.844207 0.074122 0.046541 0.075950
0 0.823853 0.943411 0.053893 0.084895
0 0.616666 0.845160 0.048091 0.080857
0 0.060044 0.421267 0.051021 0.079428
0 0.135004 0.249159 0.049511 0.078771
0 0.799704 0.117157 0.053357 0.083095
0 0.293948 0.625446 0.046440 0.073864
0 0.036878 0.088138 0.052910 0.083989
0 0.758326 0.913028 0.049754 0.080180
0 0.133553 0.421332 0.047178 0.080986
0 0.960491 0.068419 0.047592 0.082168
0 0.669026 0.822137 0.051942 0.082560
0 0.125530 0.171206 0.053408 0.079492
0 0.595168 0.616571 0.048268 0.080004
0 0.969186 0.609708 0.047993 0.078425
0 0.407666 0.760741 0.050966 0.078179
0 0.475601 0.094480 0.051989 0.087671
0 0.032969 0.592777 0.054902 0.086471
0 0.040558 0.348575 0.044048 0.069996
0 0.587319 0.181176 0.041634 0.074251
0 0.272995 0.729973 0.052893 0.086278
0 0.492788 0.608191 0.052908 0.084868
0 0.811147 0.593103 0.052907 0.081742
0 0.735078 0.173371 0.048846 0.079550
0 0.122046 0.504261 0.048948 0.081079
0 0.351425 0.727038 0.051934 0.078247
0 0.139372 0.085803 0.052608 0.083605
0 0.835492 0.176006 0.047123 0.075915
0 0.701958 0.662374 0.059248 0.093170
0 0.031857 0.268623 0.049473 0.075957
0 0.618614 0.693034 0.048342 0.072845
0 0.872126 0.629269 0.054007 0.082317
0 0.318899 0.487747 0.051192 0.074622
0 0.955375 0.168217 0.049859 0.079991
0 0.628263 0.368354 0.047606 0.079727
0 0.376615 0.057816 0.049512 0.078590
0 0.766639 0.238110 0.047690 0.075966
0 0.186046 0.725413 0.051323 0.084375
0 0.345126 0.646416 0.049230 0.074342
0 0.344810 0.286842 0.046579 0.076353
0 0.299974 0.251379 0.050542 0.075370
0 0.530844 0.522541 0.052505 0.068207
0 0.175227 0.526992 0.051483 0.081072
0 0.575271 0.742077 0.049383 0.077358
0 0.675841 0.319267 0.046813 0.075141
0 0.849624 0.432312 0.045957 0.084312
0 0.573926 0.337862 0.050707 0.082071
0 0.228639 0.364976 0.053167 0.075082
0 0.239329 0.286439 0.046457 0.071154
0 0.136619 0.668348 0.056291 0.088980
0 0.772529 0.468909 0.047942 0.081280
0 0.907650 0.467511 0.047961 0.081709
0 0.125492 0.338116 0.050862 0.078576
0 0.429133 0.475298 0.046580 0.077485
0 0.858212 0.710533 0.050074 0.082303
0 0.518426 0.149648 0.057445 0.079454
0 0.210612 0.126409 0.053449 0.077252
0 0.579206 0.255857 0.048689 0.071501
0 0.917863 0.592906 0.047924 0.083055
0 0.868647 0.530818 0.048886 0.081031
0 0.396708 0.650111 0.047604 0.080834
0 0.233595 0.582236 0.051574 0.084704
0 0.855478 0.346743 0.048959 0.075936
0 0.444775 0.218634 0.054644 0.089163
0 0.293398 0.414186 0.048924 0.079228
0 0.839710 0.271912 0.049404 0.072522
0 0.427923 0.370525 0.049946 0.083646
0 0.305165 0.166474 0.049169 0.085140
0 0.541438 0.436507 0.052324 0.082162
0 0.781809 0.374789 0.050796 0.081211
0 0.445402 0.552606 0.050484 0.078288
0 0.345520 0.561298 0.055898 0.084209
0 0.186686 0.257314 0.049620 0.078372
0 0.212911 0.450343 0.058042 0.089657
1 0.488302 0.546484 0.028856 0.058403
2 0.221582 0.072706 0.017937 0.028605
2 0.461786 0.028605 0.042894 0.054827
2 0.176739 0.405244 0.020277 0.033373
2 0.082373 0.657330 0.026516 0.041716
2 0.249658 0.501788 0.021057 0.038141
2 0.361181 0.488677 0.022617 0.033373
2 0.394326 0.589988 0.026516 0.045292
2 0.276174 0.989273 0.016378 0.021454
2 0.229771 0.978546 0.017157 0.023838
2 0.650517 0.739571 0.022617 0.032181
2 0.907878 0.793802 0.021057 0.033373
2 0.924256 0.777712 0.019497 0.039333
2 0.791676 0.547080 0.017937 0.030989
2 0.910998 0.406436 0.022617 0.033373
2 0.697700 0.458284 0.014038 0.025030
2 0.632580 0.010727 0.017937 0.021454
2 0.629070 0.944577 0.021837 0.032181
2 0.833789 0.547676 0.017937 0.029797
2 0.818582 0.887366 0.017157 0.027414
2 0.448138 0.765197 0.015598 0.028605