0 0.002804 0.701785 0.005580 0.058334
0 0.996816 0.816835 0.005251 0.043861
0 0.004779 0.352478 0.009498 0.062982
0 0.341368 0.990429 0.035294 0.016035
0 0.994204 0.572490 0.009867 0.060939
0 0.605807 0.005413 0.039160 0.010826
0 0.007383 0.108711 0.014765 0.069446
0 0.283576 0.988882 0.046077 0.019216
0 0.676334 0.771660 0.053485 0.074999
0 0.228023 0.988846 0.044383 0.019361
0 0.249342 0.340696 0.053592 0.069663
0 0.533711 0.985525 0.046877 0.025732
0 0.686319 0.839475 0.055538 0.076637
0 0.020053 0.882370 0.040106 0.073622
0 0.640860 0.980833 0.051668 0.035149
0 0.254507 0.272536 0.051241 0.080220
0 0.812037 0.976562 0.048648 0.043460
0 0.702742 0.014432 0.053729 0.028864
0 0.984723 0.028506 0.028979 0.056849
0 0.477677 0.971023 0.048237 0.054512
0 0.586781 0.804294 0.043705 0.068776
0 0.982187 0.938894 0.033692 0.080756
0 0.531460 0.017847 0.053095 0.035695
0 0.016001 0.597158 0.032002 0.078978
0 0.984076 0.660349 0.029823 0.086399
0 0.021395 0.806092 0.042790 0.072192
0 0.374698 0.955271 0.044180 0.079440
0 0.097067 0.966182 0.049502 0.064291
0 0.046195 0.947395 0.051578 0.071782
0 0.938722 0.964687 0.057946 0.067377
0 0.762160 0.762246 0.045758 0.075482
0 0.656489 0.903721 0.050704 0.080600
0 0.983791 0.398873 0.030337 0.079402
0 0.393966 0.638062 0.038773 0.079186
0 0.091915 0.015663 0.049940 0.031326
0 0.274733 0.941616 0.052764 0.068362
0 0.330655 0.920645 0.052172 0.080263
0 0.020340 0.292817 0.040681 0.087973
0 0.492214 0.902612 0.050772 0.077446
0 0.020826 0.039719 0.041652 0.073202
0 0.359705 0.704785 0.050471 0.082342
0 0.457237 0.450034 0.057416 0.069124
0 0.737200 0.960844 0.052513 0.074492
0 0.199887 0.922875 0.050856 0.074192
0 0.790281 0.830357 0.053358 0.078306
0 0.570312 0.627962 0.052121 0.073845
0 0.386642 0.019309 0.045494 0.038618
0 0.716746 0.729270 0.049646 0.077974
0 0.491794 0.746530 0.048394 0.074105
0 0.832429 0.919224 0.052557 0.075631
0 0.623183 0.747712 0.049684 0.083661
0 0.264273 0.410523 0.045665 0.072545
0 0.476860 0.824878 0.049048 0.076560
0 0.385877 0.867694 0.046153 0.084927
0 0.430877 0.848362 0.043479 0.077226
0 0.337730 0.628330 0.051447 0.074745
0 0.169226 0.306757 0.048333 0.076520
0 0.382826 0.261586 0.046756 0.074287
0 0.138256 0.761856 0.048791 0.072213
0 0.205867 0.400524 0.050676 0.079686
0 0.412257 0.551583 0.052154 0.079861
0 0.522020 0.520250 0.048381 0.078920
0 0.324363 0.029272 0.043379 0.058544
0 0.330728 0.817882 0.052448 0.075342
0 0.178959 0.809266 0.049887 0.081374
0 0.797850 0.658862 0.048505 0.074824
0 0.568930 0.732256 0.053190 0.083047
0 0.248263 0.754142 0.050164 0.072998
0 0.507979 0.062636 0.049543 0.080322
0 0.201357 0.248124 0.049309 0.071452
0 0.751692 0.468441 0.046888 0.074525
0 0.229573 0.850373 0.049802 0.079682
0 0.553371 0.874019 0.046014 0.078719
0 0.492361 0.389223 0.051329 0.084264
0 0.254551 0.619692 0.044055 0.071694
0 0.535787 0.439595 0.046405 0.079064
0 0.813802 0.572524 0.044618 0.067810
0 0.106756 0.852767 0.052619 0.080813
0 0.161840 0.686292 0.050991 0.078518
0 0.504991 0.666250 0.052625 0.078795
0 0.033985 0.380148 0.053000 0.085864
0 0.230820 0.181625 0.051163 0.075964
0 0.540329 0.292858 0.045402 0.075389
0 0.254879 0.111032 0.048947 0.077177
0 0.590506 0.558810 0.048701 0.074356
0 0.972525 0.773756 0.051400 0.078251
0 0.367642 0.144463 0.050602 0.076030
0 0.086314 0.206027 0.049973 0.075721
0 0.151221 0.025022 0.050793 0.050043
0 0.614121 0.449771 0.048127 0.077300
0 0.429210 0.733023 0.050903 0.075636
0 0.410847 0.201819 0.050162 0.077253
0 0.226794 0.035598 0.052313 0.071196
0 0.844647 0.814363 0.051330 0.077708
0 0.171075 0.483244 0.049898 0.076362
0 0.968219 0.487529 0.051144 0.077088
0 0.399071 0.078728 0.049039 0.075719
0 0.427885 0.319633 0.050218 0.077984
0 0.860740 0.683409 0.048792 0.074987
0 0.592018 0.240015 0.046507 0.077418
0 0.132579 0.416037 0.053248 0.081000
0 0.068793 0.791706 0.051119 0.077609
0 0.494727 0.252888 0.050845 0.083072
0 0.748412 0.039067 0.054614 0.078134
0 0.068030 0.451131 0.052266 0.080689
0 0.892286 0.767031 0.055233 0.081744
0 0.893530 0.540974 0.050018 0.074393
0 0.907253 0.622311 0.056374 0.077058
0 0.116469 0.553516 0.051389 0.078375
0 0.170010 0.589168 0.053867 0.073646
0 0.909594 0.454647 0.049341 0.079278
0 0.976369 0.223717 0.045143 0.078422
0 0.274668 0.487319 0.053293 0.079987
0 0.606413 0.049637 0.051634 0.071451
0 0.647610 0.115376 0.052695 0.075119
0 0.560039 0.157795 0.050051 0.076967
0 0.194966 0.111413 0.048439 0.077812
0 0.576727 0.350376 0.049208 0.078125
0 0.045671 0.102062 0.054121 0.081677
0 0.065960 0.572534 0.049992 0.083700
0 0.357575 0.474354 0.056916 0.087418
0 0.759198 0.118555 0.054786 0.081096
0 0.680483 0.491031 0.055148 0.082048
0 0.925049 0.369497 0.052529 0.073970
0 0.067615 0.279221 0.052361 0.079361
0 0.134268 0.108306 0.053452 0.082898
0 0.650651 0.350727 0.044662 0.074684
0 0.888346 0.081677 0.051154 0.076296
0 0.836106 0.042303 0.051906 0.075404
0 0.952767 0.297748 0.055120 0.080404
0 0.786016 0.404942 0.052086 0.082781
0 0.866981 0.405074 0.051982 0.082224
0 0.936853 0.113319 0.047810 0.072979
0 0.869749 0.211730 0.055240 0.083207
1 0.406024 0.482122 0.034315 0.060787
1 0.783097 0.522050 0.036654 0.069130
2 0.300740 0.528605 0.020277 0.032181
2 0.013354 0.186532 0.019497 0.036949
2 0.420452 0.977950 0.022617 0.032181
2 0.666505 0.574493 0.020277 0.026222
2 0.465295 0.017282 0.021837 0.032181