0 0.210107 0.994304 0.039361 0.009693
0 0.391869 0.126800 0.043933 0.073177
0 0.071606 0.992214 0.034653 0.012896
0 0.310576 0.005820 0.038724 0.011640
0 0.987975 0.010818 0.022599 0.021594
0 0.842812 0.731252 0.050450 0.077552
0 0.356651 0.459692 0.045975 0.072765
0 0.594009 0.871265 0.053910 0.078917
0 0.195831 0.023667 0.055584 0.047280
0 0.383140 0.007968 0.045856 0.015936
0 0.382358 0.509433 0.056142 0.080797
0 0.479895 0.384541 0.048723 0.077391
0 0.843225 0.800028 0.051281 0.077460
0 0.409761 0.971481 0.049407 0.053744
0 0.404768 0.188684 0.053934 0.076730
0 0.347720 0.893001 0.051457 0.088359
0 0.311674 0.921840 0.052176 0.083116
0 0.394008 0.932097 0.047745 0.072218
0 0.596320 0.945221 0.061799 0.080501
0 0.267437 0.601292 0.047260 0.089683
0 0.111643 0.010512 0.046755 0.021025
0 0.584194 0.161780 0.044101 0.071817
0 0.419070 0.087543 0.054097 0.081757
0 0.467156 0.013780 0.046001 0.027542
0 0.008952 0.125900 0.017904 0.073682
0 0.974632 0.745543 0.048387 0.072462
0 0.736255 0.391298 0.052000 0.079391
0 0.263943 0.986218 0.051243 0.024458
0 0.524088 0.364869 0.056784 0.083465
0 0.544802 0.163192 0.046033 0.081684
0 0.660576 0.836234 0.046672 0.075657
0 0.705526 0.817582 0.052338 0.085925
0 0.318917 0.266274 0.047821 0.079137
0 0.958902 0.794811 0.058044 0.070946
0 0.831257 0.332907 0.051224 0.075309
0 0.691482 0.401953 0.052295 0.080823
0 0.802836 0.302718 0.046619 0.085436
0 0.691042 0.933328 0.047557 0.069088
0 0.469103 0.460709 0.053460 0.072077
0 0.835746 0.010265 0.047105 0.020531
0 0.326892 0.688185 0.045565 0.087846
0 0.678168 0.983472 0.051541 0.029888
0 0.235169 0.564533 0.063356 0.076240
0 0.506140 0.641498 0.052888 0.077780
0 0.110982 0.096041 0.051838 0.075205
0 0.669623 0.488403 0.049844 0.074002
0 0.327929 0.338145 0.056897 0.075586
0 0.981835 0.353501 0.034060 0.077576
0 0.361853 0.238721 0.051836 0.081941
0 0.984274 0.903250 0.029575 0.091950
0 0.701400 0.658246 0.049270 0.073826
0 0.940509 0.865216 0.043334 0.071100
0 0.736103 0.716991 0.051466 0.081685
0 0.936304 0.704454 0.043673 0.069616
0 0.626837 0.739271 0.054523 0.079032
0 0.534173 0.714591 0.049613 0.088147
0 0.506605 0.562121 0.047629 0.071572
0 0.373362 0.678971 0.054200 0.081941
0 0.247035 0.932459 0.047194 0.073502
0 0.453141 0.531799 0.051081 0.073993
0 0.558494 0.560587 0.050723 0.080287
0 0.372910 0.378299 0.050780 0.079744
0 0.563414 0.083415 0.052648 0.077958
0 0.561520 0.017686 0.052311 0.035372
0 0.982352 0.266194 0.033098 0.080076
0 0.129602 0.166746 0.059724 0.086358
0 0.019150 0.230612 0.038300 0.085308
0 0.572221 0.781008 0.057961 0.083575
0 0.476143 0.284847 0.047702 0.079259
0 0.779868 0.443802 0.046220 0.088605
0 0.832829 0.893176 0.054117 0.076746
0 0.579557 0.482209 0.054768 0.081627
0 0.699515 0.553588 0.050340 0.077191
0 0.183227 0.127141 0.055814 0.080951
0 0.275387 0.685898 0.053439 0.074017
0 0.311790 0.554158 0.048659 0.075367
0 0.373466 0.052984 0.048930 0.070409
0 0.727785 0.309171 0.056282 0.081021
0 0.020923 0.768553 0.041847 0.086545
0 0.243501 0.843956 0.053423 0.089983
0 0.623455 0.657149 0.058322 0.075298
0 0.514210 0.886584 0.048349 0.077677
0 0.194686 0.202006 0.051362 0.064456
0 0.113334 0.296252 0.050318 0.079766
0 0.323157 0.802696 0.049802 0.074029
0 0.694394 0.071759 0.049297 0.076979
0 0.104859 0.925731 0.049092 0.091017
0 0.093146 0.371733 0.056589 0.089634
0 0.413972 0.797597 0.050670 0.073324
0 0.053089 0.290203 0.054560 0.085232
0 0.894526 0.831404 0.055205 0.086198
0 0.265111 0.265713 0.050550 0.080288
0 0.142532 0.965491 0.045897 0.066190
0 0.898357 0.074755 0.042220 0.068390
0 0.750277 0.605333 0.049232 0.076772
0 0.218602 0.470705 0.048173 0.073343
0 0.971266 0.496519 0.054337 0.090063
0 0.187398 0.375008 0.054971 0.069131
0 0.613365 0.247150 0.046236 0.071705
0 0.827637 0.423183 0.049799 0.080571
0 0.608616 0.034644 0.052059 0.069283
0 0.670765 0.020479 0.052107 0.040959
0 0.873418 0.973805 0.049615 0.049205
0 0.920375 0.524506 0.054497 0.079758
0 0.200339 0.691450 0.050499 0.075792
0 0.977823 0.118203 0.042277 0.073743
0 0.845660 0.607687 0.050273 0.079683
0 0.779419 0.158644 0.053055 0.079131
0 0.453452 0.851049 0.050586 0.080942
0 0.875360 0.386331 0.054275 0.080055
0 0.842761 0.183394 0.056305 0.085853
0 0.085586 0.657593 0.047876 0.072535
0 0.499849 0.051357 0.051406 0.076056
0 0.915470 0.934613 0.054800 0.085412
0 0.962416 0.619682 0.053450 0.078415
0 0.654038 0.145663 0.053600 0.086394
0 0.128965 0.477903 0.051786 0.082293
0 0.773138 0.941579 0.053255 0.085269
0 0.814860 0.523050 0.056432 0.086162
0 0.120127 0.832640 0.055987 0.088815
0 0.740694 0.104565 0.052620 0.080071
0 0.052455 0.919467 0.051895 0.082725
0 0.068739 0.794902 0.049547 0.082029
0 0.191970 0.937746 0.050546 0.085192
0 0.307903 0.138791 0.052729 0.080905
0 0.147144 0.592955 0.054219 0.079853
0 0.033317 0.657000 0.048930 0.076853
0 0.059039 0.114788 0.048109 0.081647
0 0.852394 0.097142 0.051284 0.083990
0 0.079073 0.534013 0.051223 0.076752
0 0.880305 0.246823 0.051813 0.081834
0 0.121119 0.738375 0.050446 0.084888
0 0.460977 0.957952 0.049576 0.080867
0 0.936139 0.034732 0.053519 0.069463
0 0.929379 0.139262 0.050472 0.084188
1 0.195846 0.060191 0.053812 0.048868
1 0.524176 0.248510 0.039774 0.060787
2 0.112789 0.048868 0.020277 0.026222
2 0.239909 0.207986 0.020277 0.032181
2 0.281633 0.210369 0.025736 0.034565
2 0.718367 0.242551 0.017937 0.029797
2 0.771009 0.238975 0.021837 0.032181
2 0.388867 0.873659 0.020277 0.033373
2 0.405244 0.850417 0.014038 0.025030
2 0.284753 0.849821 0.024176 0.042908
2 0.159582 0.709774 0.021837 0.039333
2 0.630630 0.850417 0.014038 0.022646
2 0.733185 0.990465 0.024176 0.019070
1 0.204035 0.291418 0.053032 0.082241