0 0.003254 0.628721 0.006508 0.039730
0 0.421340 0.004467 0.029998 0.008918
0 0.996154 0.457529 0.006498 0.048002
0 0.994704 0.544212 0.009046 0.058655
0 0.894556 0.006080 0.035045 0.012161
0 0.994130 0.646772 0.010013 0.057075
0 0.005303 0.493825 0.010578 0.066614
0 0.474797 0.010101 0.042365 0.020146
0 0.008073 0.324170 0.016147 0.066186
0 0.265744 0.985184 0.044714 0.026643
0 0.984947 0.024673 0.028614 0.049190
0 0.393474 0.985632 0.045919 0.025658
0 0.145451 0.984494 0.046449 0.027970
0 0.534169 0.607988 0.046590 0.088669
0 0.011789 0.245769 0.023553 0.080081
0 0.731079 0.975091 0.049229 0.046475
0 0.179564 0.623751 0.059332 0.062172
0 0.013167 0.139549 0.026316 0.084684
0 0.339244 0.977838 0.052614 0.040998
0 0.117729 0.020949 0.052514 0.041897
0 0.179092 0.020448 0.048611 0.040897
0 0.020654 0.721356 0.041266 0.075254
0 0.847688 0.026279 0.054535 0.052431
0 0.688550 0.951717 0.047828 0.078066
0 0.331693 0.684400 0.045543 0.069032
0 0.348862 0.615490 0.058819 0.072080
0 0.976974 0.507845 0.042554 0.079133
0 0.053960 0.643004 0.049046 0.068344
0 0.861260 0.286519 0.046372 0.083972
0 0.081856 0.585059 0.059108 0.069748
0 0.019932 0.571015 0.039864 0.076845
0 0.106910 0.719490 0.053479 0.076894
0 0.789864 0.878501 0.046856 0.074978
0 0.555757 0.672928 0.051254 0.077610
0 0.636899 0.957586 0.051186 0.073437
0 0.290278 0.636430 0.051638 0.074067
0 0.148587 0.737129 0.047575 0.079905
0 0.492072 0.892083 0.049491 0.072300
0 0.812094 0.808415 0.046530 0.070491
0 0.023275 0.389887 0.046550 0.081264
0 0.349094 0.549109 0.057357 0.073686
0 0.936650 0.028675 0.049074 0.057351
0 0.528613 0.949495 0.049604 0.074352
0 0.080823 0.515754 0.050073 0.069992
0 0.702610 0.692484 0.045605 0.070378
0 0.405750 0.889553 0.048860 0.077466
0 0.236312 0.827766 0.051930 0.077061
0 0.492195 0.641909 0.048447 0.071264
0 0.702526 0.871936 0.049864 0.073245
0 0.613764 0.861062 0.048967 0.074006
0 0.445573 0.045745 0.055883 0.087436
0 0.902932 0.622684 0.042686 0.068615
0 0.514169 0.778255 0.050495 0.075387
0 0.593504 0.729694 0.052681 0.082895
0 0.179846 0.683964 0.047495 0.071755
0 0.095198 0.794263 0.052281 0.077292
0 0.423317 0.718676 0.047129 0.072294
0 0.468196 0.309478 0.053928 0.086150
0 0.463966 0.410686 0.045324 0.075123
0 0.385843 0.667941 0.051591 0.076815
0 0.839827 0.870415 0.050897 0.078815
0 0.236966 0.748704 0.046555 0.068580
0 0.281644 0.864558 0.052564 0.077694
0 0.435781 0.239396 0.053568 0.074751
0 0.883209 0.807569 0.043350 0.086121
0 0.933320 0.548309 0.051632 0.079051
0 0.882523 0.700154 0.051566 0.077052
0 0.391576 0.806184 0.052550 0.080227
0 0.952155 0.783061 0.050090 0.074382
0 0.839586 0.092264 0.047896 0.078665
0 0.407760 0.299547 0.051683 0.073191
0 0.134519 0.921834 0.048952 0.086746
0 0.529064 0.058348 0.048451 0.071429
0 0.828923 0.729507 0.054992 0.082862
0 0.041693 0.244325 0.041205 0.085936
0 0.427039 0.557237 0.045195 0.072003
0 0.599417 0.640921 0.048394 0.079174
0 0.572982 0.562492 0.048719 0.078523
0 0.111844 0.642575 0.055133 0.080343
0 0.704717 0.622540 0.049508 0.074343
0 0.503148 0.369733 0.048031 0.077456
0 0.538433 0.491313 0.049040 0.072496
0 0.486516 0.223317 0.047504 0.084959
0 0.392145 0.510231 0.049259 0.079281
0 0.633993 0.528841 0.046860 0.075463
0 0.841173 0.583047 0.049964 0.070765
0 0.549276 0.417012 0.047823 0.072551
0 0.646316 0.607799 0.048400 0.074761
0 0.774284 0.642997 0.050917 0.073852
0 0.229148 0.660715 0.047799 0.075896
0 0.293144 0.556765 0.047650 0.086847
0 0.477237 0.569452 0.047164 0.073754
0 0.184423 0.563990 0.053850 0.084760
0 0.412938 0.403152 0.049923 0.080113
0 0.239958 0.561585 0.048906 0.076508
0 0.122433 0.488555 0.049955 0.088596
0 0.175136 0.480468 0.049368 0.077506
1 0.841198 0.233611 0.037434 0.102503
1 0.915287 0.920739 0.046793 0.051251
2 0.180248 0.278903 0.017937 0.030989
2 0.215343 0.454112 0.016378 0.030989
2 0.143594 0.611442 0.019497 0.028605
2 0.165821 0.780095 0.020277 0.029797
2 0.004922 0.916567 0.009844 0.033373
2 0.395106 0.567342 0.021837 0.035757
2 0.537824 0.545888 0.021837 0.030989
2 0.629070 0.775924 0.014038 0.030989
2 0.773349 0.985697 0.023396 0.028605
2 0.942193 0.907628 0.017937 0.025030
2 0.918017 0.772348 0.024176 0.033373