0 0.997728 0.852061 0.004081 0.069697
0 0.111285 0.993362 0.036306 0.011219
0 0.471960 0.990687 0.036609 0.015864
0 0.008171 0.623536 0.016343 0.078311
0 0.749686 0.982301 0.058293 0.032319
0 0.019059 0.970538 0.038119 0.056141
0 0.231565 0.976513 0.047279 0.043487
0 0.280654 0.968443 0.047466 0.059550
0 0.902778 0.012947 0.048505 0.025893
0 0.605862 0.969087 0.052491 0.058750
0 0.030783 0.902094 0.048562 0.075079
0 0.652648 0.972355 0.044921 0.052147
0 0.182766 0.975012 0.046440 0.046607
0 0.375386 0.950520 0.043041 0.068924
0 0.026558 0.833239 0.049593 0.077975
0 0.745505 0.402897 0.050853 0.064197
0 0.756160 0.455607 0.051482 0.078819
0 0.901938 0.954049 0.054349 0.084558
0 0.663466 0.313672 0.042904 0.069720
0 0.411138 0.915993 0.040376 0.079460
0 0.228956 0.620290 0.051716 0.085214
0 0.969042 0.328561 0.048087 0.081065
0 0.925630 0.315464 0.048405 0.068824
0 0.569676 0.021549 0.047026 0.043099
0 0.498907 0.958698 0.043482 0.074617
0 0.323813 0.945487 0.047836 0.078528
0 0.984228 0.243975 0.030003 0.069554
0 0.726763 0.945198 0.058543 0.073238
0 0.824708 0.667314 0.045881 0.073972
0 0.797509 0.727389 0.050541 0.081610
0 0.216486 0.540804 0.048441 0.080996
0 0.921362 0.884998 0.049849 0.070097
0 0.455376 0.934676 0.050372 0.095900
0 0.178122 0.591786 0.056216 0.091414
0 0.799174 0.963373 0.049303 0.070244
0 0.704995 0.282546 0.049076 0.090195
0 0.173507 0.085196 0.042063 0.072459
0 0.077808 0.430140 0.048817 0.079710
0 0.365184 0.416473 0.042072 0.074041
0 0.855375 0.716609 0.045368 0.073415
0 0.537914 0.652623 0.043734 0.065291
0 0.855962 0.865976 0.051513 0.084538
0 0.238055 0.885697 0.048009 0.076281
0 0.584934 0.626742 0.050265 0.085097
0 0.199675 0.223474 0.045659 0.070893
0 0.057101 0.294543 0.054757 0.086915
0 0.587784 0.895863 0.047477 0.093874
0 0.546328 0.944687 0.045458 0.080235
0 0.356167 0.572071 0.053497 0.077701
0 0.298193 0.865536 0.050612 0.074288
0 0.662919 0.388067 0.049750 0.073753
0 0.656511 0.242206 0.052341 0.078945
0 0.732180 0.866283 0.052624 0.077364
0 0.175525 0.161977 0.045703 0.068871
0 0.314064 0.444256 0.043004 0.072010
0 0.929551 0.199644 0.049044 0.075851
0 0.339704 0.645322 0.052148 0.075578
0 0.747678 0.325350 0.053291 0.078111
0 0.607249 0.544208 0.048384 0.084694
0 0.752714 0.236414 0.044813 0.073767
0 0.558439 0.556872 0.051092 0.085325
0 0.100870 0.552043 0.053217 0.082923
0 0.360702 0.491013 0.050613 0.074442
0 0.695339 0.189233 0.050949 0.086058
0 0.645760 0.097122 0.050203 0.080511
0 0.915081 0.103916 0.048613 0.081519
0 0.247352 0.221855 0.050045 0.083230
0 0.405826 0.628864 0.054420 0.085221
1 0.259796 0.679976 0.042894 0.036949
2 0.088612 0.044696 0.034315 0.056019
2 0.134235 0.016687 0.027296 0.033373
2 0.221582 0.157926 0.024176 0.032181
2 0.166600 0.342670 0.020277 0.029797
2 0.161921 0.485697 0.020277 0.029797
2 0.356112 0.337306 0.028076 0.042908
2 0.285922 0.738379 0.023396 0.034565
2 0.868494 0.983909 0.021837 0.029797
2 0.943363 0.945173 0.017157 0.028605
2 0.954671 0.272348 0.035095 0.041716
2 0.722656 0.442193 0.015598 0.028605