0 0.132549 0.002348 0.035489 0.004533
0 0.409889 0.992387 0.041520 0.012710
0 0.558688 0.989397 0.046199 0.018180
0 0.992044 0.286036 0.014266 0.072409
0 0.008195 0.280580 0.016358 0.066341
0 0.988021 0.901382 0.022273 0.087430
0 0.990612 0.453017 0.017006 0.076188
0 0.013823 0.958889 0.027645 0.079015
0 0.887046 0.979173 0.049651 0.038636
0 0.016461 0.825050 0.032921 0.078197
0 0.587472 0.407155 0.046073 0.070527
0 0.252290 0.012137 0.046283 0.024230
0 0.012802 0.064008 0.025605 0.084689
0 0.616762 0.447788 0.051288 0.077146
0 0.986521 0.734062 0.025062 0.074403
0 0.655044 0.014464 0.049828 0.028929
0 0.986652 0.365136 0.024882 0.078878
0 0.961745 0.014534 0.048432 0.029067
0 0.937547 0.958596 0.053291 0.079147
0 0.518488 0.960107 0.052313 0.076551
0 0.842555 0.961549 0.043738 0.072466
0 0.314476 0.970009 0.052875 0.056759
0 0.073097 0.014607 0.047645 0.029214
0 0.977093 0.812113 0.043936 0.076900
0 0.983278 0.534248 0.031376 0.073337
0 0.488871 0.618301 0.047549 0.086573
0 0.020671 0.348062 0.041342 0.067562
0 0.235599 0.942219 0.054499 0.072729
0 0.880211 0.085064 0.043490 0.069149
0 0.974082 0.063653 0.049832 0.059257
0 0.405118 0.023592 0.051187 0.047183
0 0.399823 0.377975 0.040205 0.065008
0 0.846756 0.039137 0.061847 0.078269
0 0.411495 0.644318 0.039899 0.085311
0 0.904388 0.028965 0.050467 0.057930
0 0.605919 0.899608 0.050544 0.085178
0 0.096515 0.867504 0.047504 0.072810
0 0.313081 0.826034 0.057845 0.067744
0 0.416050 0.946565 0.049413 0.072963
0 0.469210 0.273196 0.051168 0.073595
0 0.421597 0.452344 0.052424 0.081142
0 0.482560 0.424441 0.055124 0.074126
0 0.290581 0.897479 0.053152 0.081089
0 0.416383 0.525659 0.050941 0.075501
0 0.920169 0.881358 0.048847 0.075719
0 0.445459 0.878126 0.059384 0.072413
0 0.940030 0.722295 0.052614 0.072180
0 0.469347 0.087788 0.046092 0.071198
0 0.211071 0.864518 0.054149 0.081713
0 0.509609 0.787420 0.059046 0.069610
0 0.512640 0.056548 0.042934 0.080421
0 0.618197 0.046734 0.050089 0.067468
0 0.290841 0.160411 0.053623 0.080591
0 0.319421 0.102901 0.046323 0.082188
0 0.816921 0.862455 0.053481 0.078955
0 0.540397 0.890347 0.049666 0.074234
0 0.549613 0.572726 0.048822 0.076181
0 0.526816 0.670424 0.050690 0.074755
0 0.594447 0.322892 0.051721 0.084403
0 0.346005 0.520553 0.047593 0.084561
0 0.306029 0.749884 0.053365 0.071920
0 0.301727 0.027653 0.048711 0.055292
0 0.806208 0.687223 0.050548 0.072824
0 0.135343 0.689615 0.045571 0.064679
0 0.589802 0.522267 0.048679 0.075466
0 0.347834 0.704871 0.045212 0.079130
0 0.373522 0.592379 0.050972 0.081606
0 0.541923 0.301745 0.054449 0.087550
0 0.668445 0.385408 0.054372 0.079385
0 0.465441 0.351147 0.047948 0.071702
0 0.122314 0.514406 0.047569 0.080980
0 0.436982 0.799332 0.053592 0.076779
0 0.767306 0.632308 0.048336 0.078045
0 0.246286 0.100328 0.050721 0.080027
0 0.880652 0.664762 0.049561 0.071875
0 0.596602 0.181217 0.053080 0.084173
0 0.650000 0.502491 0.050565 0.074376
0 0.040663 0.748705 0.049632 0.073530
0 0.816913 0.420627 0.050973 0.079371
0 0.793742 0.764732 0.049827 0.074263
0 0.154273 0.838152 0.053207 0.080481
0 0.381103 0.775411 0.053892 0.078156
0 0.342073 0.398859 0.051087 0.080001
0 0.503879 0.215850 0.053952 0.078606
0 0.215294 0.382354 0.052189 0.070826
0 0.189940 0.038886 0.053039 0.076358
0 0.470324 0.540723 0.050068 0.077212
0 0.225076 0.684857 0.048542 0.072799
0 0.705587 0.182667 0.042027 0.070845
0 0.876051 0.829585 0.052809 0.081177
0 0.955109 0.651185 0.049024 0.072639
0 0.636976 0.118343 0.057875 0.075697
0 0.829099 0.495111 0.055077 0.077592
0 0.308326 0.640082 0.050492 0.075357
0 0.085997 0.476589 0.045753 0.076605
0 0.237912 0.312512 0.051083 0.077702
0 0.172180 0.758624 0.055170 0.075015
0 0.294328 0.358629 0.049240 0.075584
0 0.266003 0.239556 0.045880 0.077631
0 0.692670 0.732250 0.055619 0.076434
0 0.559886 0.738616 0.053939 0.078523
0 0.126623 0.069548 0.050751 0.078750
0 0.050492 0.596358 0.054450 0.083779
0 0.863432 0.742849 0.051877 0.078840
0 0.240967 0.535051 0.055007 0.079693
0 0.069112 0.389894 0.045659 0.075749
0 0.169521 0.450837 0.044520 0.072859
0 0.058304 0.296743 0.050618 0.074098
0 0.054661 0.107647 0.046587 0.076761
0 0.695489 0.050120 0.053967 0.080889
0 0.049335 0.214373 0.046169 0.074460
0 0.146844 0.580026 0.044360 0.071725
0 0.393066 0.302247 0.048413 0.081652
0 0.938740 0.440728 0.044427 0.071343
0 0.834840 0.597264 0.050102 0.071230
0 0.638748 0.832071 0.058346 0.088851
0 0.707930 0.554215 0.051181 0.078486
0 0.674760 0.267108 0.052907 0.079811
0 0.760473 0.550938 0.050288 0.076898
0 0.320161 0.261998 0.048989 0.081742
0 0.161606 0.187504 0.051077 0.076686
0 0.141264 0.286379 0.055848 0.085987
0 0.917678 0.518111 0.050086 0.077744
0 0.872670 0.398291 0.047988 0.074088
0 0.939646 0.308222 0.050025 0.073543
0 0.105859 0.210958 0.054635 0.076868
1 0.611133 0.710965 0.035875 0.044100
2 0.632580 0.331943 0.022617 0.048868
2 0.108499 0.143027 0.014818 0.028605
2 0.620492 0.393921 0.018717 0.029797