0 0.002321 0.393876 0.004641 0.066889
0 0.590330 0.995175 0.025702 0.008068
0 0.006510 0.983844 0.013006 0.029813
0 0.996179 0.851942 0.006644 0.047871
0 0.841624 0.003739 0.041899 0.007443
0 0.198395 0.006911 0.034160 0.013821
0 0.009299 0.182298 0.018574 0.072407
0 0.992515 0.221120 0.013331 0.069756
0 0.009666 0.824624 0.019303 0.080739
0 0.249367 0.987612 0.045622 0.022085
0 0.426673 0.009501 0.040409 0.019001
0 0.804446 0.984770 0.045401 0.027733
0 0.988472 0.097829 0.021306 0.082119
0 0.021025 0.641717 0.042051 0.069819
0 0.975651 0.951047 0.046977 0.070987
0 0.627562 0.973773 0.049246 0.049723
0 0.510535 0.968992 0.049811 0.059158
0 0.778797 0.697030 0.046649 0.072688
0 0.017523 0.499000 0.035036 0.071616
0 0.031617 0.887660 0.046713 0.085737
0 0.054369 0.974916 0.046600 0.046971
0 0.872904 0.735599 0.053514 0.078593
0 0.984056 0.776636 0.030114 0.074016
0 0.816348 0.751058 0.050919 0.075457
0 0.333636 0.973877 0.048814 0.049162
0 0.723096 0.019307 0.055397 0.038614
0 0.014562 0.104466 0.029125 0.080154
0 0.895325 0.788455 0.051160 0.083284
0 0.452874 0.747463 0.048900 0.067339
0 0.711534 0.700914 0.059190 0.109388
0 0.201265 0.966296 0.052538 0.064785
0 0.018905 0.268064 0.037810 0.085987
0 0.030115 0.568721 0.044824 0.068825
0 0.491943 0.782132 0.047412 0.072206
0 0.633850 0.861921 0.050714 0.072357
0 0.852317 0.649845 0.047094 0.066672
0 0.712081 0.070402 0.049116 0.075162
0 0.724628 0.963062 0.050734 0.068157
0 0.326043 0.904587 0.048333 0.075958
0 0.683538 0.116677 0.048762 0.071130
0 0.358097 0.192429 0.051517 0.079466
0 0.493896 0.868101 0.049535 0.076175
0 0.502076 0.699101 0.047754 0.078293
0 0.967784 0.881924 0.050336 0.073239
0 0.983500 0.349304 0.031007 0.082758
0 0.665366 0.932597 0.048567 0.080758
0 0.830817 0.831560 0.048529 0.077979
0 0.122114 0.934663 0.049613 0.075986
0 0.860486 0.244448 0.044374 0.065697
0 0.961769 0.024242 0.049383 0.048484
0 0.623227 0.702362 0.048673 0.071493
0 0.549180 0.459772 0.044911 0.066397
0 0.123590 0.852813 0.048444 0.073676
0 0.554063 0.921872 0.054354 0.085006
0 0.827850 0.579255 0.047541 0.077561
0 0.460903 0.941609 0.047262 0.076289
0 0.834427 0.915573 0.053431 0.080600
0 0.272905 0.924369 0.053201 0.076589
0 0.589271 0.636477 0.051627 0.069916
0 0.761146 0.773156 0.053110 0.087988
0 0.579796 0.836066 0.053764 0.075765
0 0.541241 0.762954 0.046550 0.088884
0 0.775880 0.919300 0.051159 0.086550
0 0.120464 0.772463 0.052600 0.074071
0 0.396678 0.462891 0.044568 0.071494
0 0.907868 0.890176 0.045524 0.078857
0 0.923075 0.665174 0.049325 0.077078
0 0.521811 0.404575 0.044902 0.075403
0 0.121636 0.035334 0.050876 0.070669
0 0.645646 0.780383 0.054417 0.076790
0 0.385644 0.536631 0.049559 0.072085
0 0.342548 0.685570 0.048323 0.092286
0 0.900338 0.530318 0.052583 0.087832
0 0.523104 0.523421 0.049896 0.073143
0 0.453705 0.585348 0.048726 0.076387
0 0.365720 0.028216 0.049010 0.056433
0 0.693367 0.847797 0.048985 0.075493
0 0.072706 0.735779 0.052306 0.081913
0 0.291319 0.812786 0.046024 0.076732
0 0.751928 0.613492 0.046401 0.083973
0 0.097757 0.644270 0.046184 0.081285
0 0.254418 0.022890 0.048803 0.045779
0 0.399669 0.945390 0.051069 0.080825
0 0.961110 0.601783 0.047786 0.082444
0 0.069840 0.030172 0.049522 0.060344
0 0.282940 0.660498 0.047446 0.077272
0 0.233864 0.669173 0.047645 0.084287
0 0.430645 0.847096 0.050799 0.077409
0 0.342763 0.823116 0.044438 0.083758
0 0.183453 0.825053 0.046384 0.075273
0 0.441529 0.272987 0.046501 0.070288
0 0.107640 0.112273 0.047902 0.075249
0 0.380768 0.737524 0.046523 0.082161
0 0.076361 0.568648 0.046682 0.080860
0 0.514175 0.612853 0.054260 0.083648
0 0.623816 0.041114 0.049114 0.082043
0 0.065931 0.151564 0.046531 0.078836
0 0.206137 0.067280 0.046805 0.079725
0 0.469828 0.027994 0.047068 0.055988
0 0.591195 0.204129 0.047990 0.076112
0 0.604204 0.122338 0.043677 0.073714
0 0.303303 0.045951 0.045786 0.074798
0 0.150340 0.643230 0.048686 0.074550
0 0.700252 0.497079 0.055025 0.081261
0 0.963086 0.451108 0.048895 0.078979
0 0.875012 0.318173 0.051400 0.070574
0 0.449811 0.196835 0.050071 0.073800
0 0.548990 0.156008 0.048432 0.084916
0 0.571716 0.286783 0.048591 0.073520
0 0.705787 0.189489 0.054243 0.088392
0 0.476042 0.328186 0.047796 0.074040
0 0.550184 0.038111 0.053115 0.074643
0 0.907481 0.251761 0.046356 0.077679
0 0.918886 0.084222 0.045277 0.077724
0 0.506989 0.193388 0.041101 0.073221
0 0.440312 0.421708 0.046232 0.093763
0 0.876698 0.132569 0.048909 0.082786
0 0.164314 0.498279 0.050519 0.078943
0 0.670099 0.259938 0.048656 0.076261
0 0.768309 0.496549 0.048558 0.077980
0 0.457433 0.114639 0.048204 0.078485
0 0.298931 0.161488 0.046801 0.077521
0 0.278876 0.233186 0.047335 0.077396
0 0.859816 0.471123 0.051340 0.079849
0 0.152901 0.162284 0.045629 0.085455
0 0.806311 0.383394 0.043712 0.074570
0 0.809528 0.233056 0.049309 0.074974
0 0.650310 0.420334 0.046646 0.079151
0 0.570286 0.371180 0.048816 0.078288
0 0.914842 0.394758 0.045451 0.073564
0 0.773177 0.307701 0.049168 0.075093
0 0.297391 0.407630 0.048564 0.082056
0 0.066118 0.337378 0.051153 0.084387
0 0.404860 0.132884 0.051498 0.085572
0 0.726929 0.412894 0.053510 0.083328
0 0.218086 0.172177 0.046718 0.076691
0 0.156797 0.359789 0.048968 0.079220
0 0.349207 0.309920 0.051009 0.083615
1 0.459056 0.529201 0.043673 0.035757
2 0.419282 0.531585 0.020277 0.033373
2 0.251608 0.725864 0.021837 0.030989
2 0.489862 0.561979 0.016378 0.029797
2 0.857186 0.385578 0.047573 0.067938