0 0.887762 0.995482 0.046446 0.007736
0 0.002014 0.221558 0.004028 0.066174
0 0.794591 0.003218 0.041858 0.006411
0 0.511884 0.994028 0.033230 0.009785
0 0.573001 0.993851 0.036717 0.010315
0 0.492037 0.075914 0.044669 0.081060
0 0.074607 0.993071 0.034662 0.011622
0 0.304163 0.109809 0.041765 0.077523
0 0.502779 0.178682 0.048434 0.073809
0 0.468299 0.195813 0.052917 0.075395
0 0.275570 0.085959 0.051408 0.071860
0 0.505417 0.037330 0.055031 0.074357
0 0.326475 0.005939 0.033219 0.011812
0 0.006043 0.031592 0.012087 0.062922
0 0.393982 0.007057 0.047451 0.014115
0 0.235711 0.205087 0.050805 0.079804
0 0.015713 0.492583 0.031420 0.068930
0 0.008763 0.769880 0.017519 0.084827
0 0.007555 0.877136 0.015111 0.072907
0 0.359015 0.987837 0.042276 0.021366
0 0.251668 0.124642 0.056965 0.068956
0 0.286911 0.409987 0.054397 0.063829
0 0.301671 0.987505 0.046529 0.022165
0 0.545047 0.595419 0.042032 0.073844
0 0.025796 0.541116 0.046347 0.076045
0 0.925981 0.013485 0.048388 0.026945
0 0.317459 0.372153 0.054488 0.084584
0 0.500093 0.410305 0.048234 0.079617
0 0.131233 0.472871 0.052918 0.077099
0 0.505957 0.594623 0.048241 0.083709
0 0.700576 0.026667 0.060406 0.053333
0 0.951145 0.978087 0.054604 0.041051
0 0.466674 0.446036 0.053539 0.075172
0 0.091536 0.927210 0.049309 0.073491
0 0.284510 0.023247 0.049264 0.046495
0 0.154714 0.532065 0.057840 0.089779
0 0.129691 0.106346 0.066617 0.107962
0 0.119140 0.017851 0.044776 0.035702
0 0.979948 0.916330 0.038211 0.079967
0 0.131215 0.968911 0.054021 0.059434
0 0.028157 0.966350 0.051845 0.064226
0 0.162135 0.188012 0.043432 0.069008
0 0.708670 0.976170 0.051376 0.044511
0 0.195743 0.020888 0.052326 0.041776
0 0.064444 0.032536 0.044936 0.065010
0 0.655459 0.972326 0.049128 0.052232
0 0.536354 0.112654 0.047121 0.072613
0 0.981198 0.593479 0.035509 0.071404
0 0.091099 0.190654 0.043774 0.071056
0 0.443240 0.054612 0.048855 0.085880
0 0.394317 0.126559 0.059897 0.117328
0 0.982602 0.501152 0.032640 0.079692
0 0.631970 0.026959 0.059818 0.053918
0 0.633029 0.106566 0.046100 0.074062
0 0.555058 0.871257 0.045511 0.085060
0 0.745690 0.036810 0.057589 0.066721
0 0.247655 0.338793 0.050588 0.075963
0 0.584635 0.060854 0.054931 0.078037
0 0.032700 0.180314 0.047120 0.072312
0 0.342247 0.066253 0.049213 0.078713
0 0.049195 0.886166 0.057784 0.079661
0 0.194238 0.315033 0.047355 0.072008
0 0.747006 0.113978 0.046469 0.078803
0 0.567364 0.349700 0.047292 0.075556
0 0.046760 0.103027 0.051610 0.080109
0 0.887947 0.844418 0.048655 0.075657
0 0.909299 0.787625 0.049970 0.076941
0 0.938820 0.874184 0.049627 0.084135
0 0.536037 0.281881 0.048252 0.081755
0 0.545170 0.507167 0.042156 0.080095
0 0.979823 0.405652 0.038385 0.078407
0 0.652371 0.900891 0.049282 0.079558
0 0.562284 0.427407 0.050030 0.069700
0 0.046709 0.612249 0.045109 0.072838
0 0.872564 0.435402 0.043406 0.078928
0 0.476019 0.893222 0.048064 0.077144
0 0.304206 0.522657 0.048084 0.066619
0 0.084062 0.544931 0.045015 0.079205
0 0.303761 0.289319 0.048850 0.076718
0 0.191364 0.109294 0.050640 0.077572
0 0.302267 0.208722 0.050795 0.073920
0 0.536721 0.953137 0.057144 0.080128
0 0.444286 0.963098 0.050623 0.070320
0 0.335652 0.939192 0.057406 0.086184
0 0.329458 0.455035 0.049139 0.070033
0 0.194663 0.402810 0.052590 0.085983
0 0.901847 0.943740 0.055852 0.075978
0 0.601296 0.477540 0.049193 0.087468
0 0.750594 0.198925 0.046184 0.078087
0 0.569133 0.742165 0.050350 0.076253
0 0.100994 0.634471 0.048942 0.077805
0 0.594564 0.639302 0.050775 0.080236
0 0.821943 0.556342 0.056066 0.073436
0 0.695701 0.224205 0.042605 0.077494
0 0.752908 0.481999 0.054215 0.083249
0 0.322306 0.841871 0.046984 0.091463
0 0.109866 0.280156 0.051501 0.078389
0 0.819656 0.636377 0.052539 0.070620
0 0.923734 0.615324 0.051636 0.076971
0 0.902147 0.364044 0.048149 0.072294
0 0.732975 0.833720 0.052257 0.081157
0 0.387470 0.398343 0.048488 0.087565
0 0.703549 0.141910 0.052181 0.074848
0 0.336427 0.755689 0.054497 0.074685
0 0.364418 0.547163 0.046183 0.074712
0 0.142217 0.891996 0.051295 0.084653
0 0.971458 0.043466 0.049517 0.078990
0 0.589079 0.153618 0.053171 0.082573
0 0.511303 0.700646 0.052994 0.082988
0 0.781831 0.693331 0.055875 0.080259
0 0.767075 0.775102 0.048584 0.083035
0 0.495662 0.801515 0.053630 0.080525
0 0.423208 0.335767 0.047267 0.085844
0 0.427810 0.690218 0.044697 0.074936
0 0.452195 0.542826 0.060839 0.091969
0 0.601337 0.828823 0.051075 0.083244
0 0.908121 0.279421 0.048455 0.083495
0 0.632216 0.544058 0.051568 0.085760
0 0.682177 0.845457 0.049680 0.080948
0 0.262990 0.574145 0.050141 0.079570
0 0.616223 0.343525 0.053128 0.083788
0 0.044121 0.743441 0.047517 0.076173
0 0.388854 0.918976 0.051808 0.105987
0 0.332984 0.607238 0.052051 0.079078
0 0.045330 0.349280 0.055931 0.079926
0 0.108699 0.389698 0.051876 0.079545
0 0.888789 0.529897 0.050561 0.074687
0 0.674227 0.412101 0.049736 0.078209
0 0.934684 0.708406 0.056111 0.091593
0 0.720214 0.633177 0.045752 0.080006
0 0.663698 0.703703 0.052112 0.077314
0 0.191838 0.660255 0.048018 0.073378
0 0.850626 0.765502 0.051579 0.078606
0 0.956474 0.171393 0.055832 0.082952
0 0.820568 0.266865 0.048517 0.075331
0 0.688338 0.324266 0.050906 0.085749
0 0.377486 0.690861 0.048069 0.084579
0 0.860413 0.082950 0.054606 0.091838
0 0.868423 0.207830 0.053836 0.079701
0 0.917416 0.089360 0.052103 0.081271
1 0.783877 0.433850 0.039774 0.090584
2 0.155682 0.013707 0.026516 0.027414
2 0.024662 0.669845 0.028076 0.042908
2 0.755801 0.881406 0.022617 0.036949
2 0.170500 0.990465 0.023396 0.019070
2 0.369370 0.753874 0.014038 0.020262
1 0.845098 0.494636 0.048353 0.054827
1 0.238599 0.266055 0.054027 0.063386
1 0.381033 0.474979 0.042021 0.060884
1 0.160834 0.753962 0.053481 0.071726