0 0.997457 0.064584 0.004409 0.041929
0 0.139709 0.003107 0.025146 0.006135
0 0.997214 0.271637 0.005078 0.053434
0 0.092115 0.994487 0.036298 0.009171
0 0.232790 0.003527 0.036649 0.007054
0 0.995186 0.728167 0.008473 0.063725
0 0.012954 0.981268 0.025908 0.034830
0 0.993198 0.165706 0.012008 0.064615
0 0.764831 0.979898 0.045354 0.037077
0 0.322832 0.008411 0.039905 0.016823
0 0.008764 0.296897 0.017528 0.075092
0 0.983861 0.951540 0.030569 0.068227
0 0.522587 0.923587 0.054895 0.081344
0 0.076429 0.009597 0.044508 0.019194
0 0.503109 0.853326 0.050924 0.081862
0 0.943818 0.941608 0.049599 0.078598
0 0.986031 0.812262 0.026115 0.077171
0 0.790289 0.954073 0.046450 0.069911
0 0.017134 0.795388 0.034269 0.088745
0 0.986797 0.354884 0.024430 0.078392
0 0.218786 0.976306 0.049053 0.044196
0 0.606854 0.784070 0.045552 0.072028
0 0.605446 0.710196 0.050114 0.075381
0 0.021779 0.898126 0.043558 0.086229
0 0.165888 0.972966 0.046687 0.050947
0 0.512322 0.013871 0.046799 0.027743
0 0.986186 0.455917 0.025557 0.075136
0 0.346146 0.976746 0.050122 0.043418
0 0.967041 0.872304 0.054228 0.076322
0 0.980250 0.025962 0.037970 0.051837
0 0.691166 0.019295 0.050954 0.038582
0 0.763643 0.640352 0.040227 0.075997
0 0.557341 0.795375 0.044827 0.069926
0 0.983196 0.543735 0.031642 0.080383
0 0.283772 0.945872 0.047261 0.076613
0 0.575397 0.876849 0.054905 0.088652
0 0.779177 0.881702 0.050428 0.070148
0 0.189670 0.917520 0.049085 0.077014
0 0.107954 0.937212 0.055034 0.072183
0 0.736100 0.706679 0.054884 0.066084
0 0.643229 0.656424 0.046413 0.072287
0 0.229137 0.866229 0.044104 0.089610
0 0.105228 0.857512 0.044082 0.068745
0 0.805238 0.658521 0.045412 0.073694
0 0.522532 0.714818 0.048169 0.069499
0 0.646386 0.961603 0.046018 0.073426
0 0.033963 0.713504 0.048480 0.080582
0 0.204390 0.788262 0.045130 0.084887
0 0.175825 0.019669 0.051661 0.039339
0 0.844658 0.933613 0.054152 0.076047
0 0.664754 0.224183 0.044219 0.064928
0 0.720860 0.306842 0.046588 0.068831
0 0.293167 0.758767 0.044638 0.075763
0 0.977927 0.628690 0.042231 0.075329
0 0.338086 0.485689 0.052796 0.072918
0 0.121106 0.200669 0.043957 0.074286
0 0.861877 0.856686 0.053320 0.066951
0 0.435606 0.814439 0.045255 0.071346
0 0.022578 0.152135 0.042161 0.079165
0 0.181230 0.186313 0.048167 0.080432
0 0.377601 0.442929 0.050643 0.075298
0 0.844876 0.714502 0.051719 0.076274
0 0.214430 0.080060 0.048878 0.071637
0 0.812720 0.774007 0.051457 0.082660
0 0.656580 0.805768 0.053047 0.084974
0 0.160868 0.382430 0.044303 0.072636
0 0.040468 0.608909 0.047640 0.069829
0 0.692907 0.097865 0.053636 0.083197
0 0.233103 0.186133 0.045535 0.069278
0 0.829338 0.080023 0.053539 0.087604
0 0.956506 0.405307 0.047960 0.076568
0 0.796133 0.416773 0.053626 0.076410
0 0.402587 0.763209 0.047829 0.081305
0 0.751004 0.238655 0.040449 0.072835
0 0.783090 0.044082 0.064224 0.077927
0 0.410881 0.026046 0.052972 0.052065
0 0.167013 0.603708 0.051402 0.073878
0 0.433593 0.695915 0.044685 0.070586
0 0.269267 0.036211 0.055188 0.072422
0 0.623139 0.418008 0.044783 0.064063
0 0.528215 0.072593 0.048133 0.079339
0 0.221081 0.434230 0.049511 0.071345
0 0.124053 0.084944 0.057657 0.077812
0 0.325340 0.571923 0.043878 0.074796
0 0.071383 0.179378 0.048810 0.081719
0 0.758580 0.358396 0.047941 0.078327
0 0.297463 0.857483 0.055214 0.081983
0 0.936529 0.232617 0.051179 0.069241
0 0.041354 0.398200 0.042389 0.078632
0 0.714716 0.638711 0.050908 0.078704
0 0.038760 0.527936 0.043988 0.076547
0 0.198928 0.701850 0.048562 0.076445
0 0.411964 0.184826 0.053210 0.076606
0 0.363409 0.826461 0.051429 0.078524
0 0.916972 0.345553 0.050286 0.078299
0 0.277904 0.437944 0.045684 0.078878
0 0.421525 0.098715 0.049938 0.082706
0 0.708197 0.170512 0.045892 0.067446
0 0.590405 0.092016 0.045784 0.071395
0 0.565687 0.175468 0.046785 0.076964
0 0.475654 0.086034 0.048904 0.077670
0 0.369760 0.125727 0.046708 0.065929
0 0.799095 0.496167 0.050614 0.070298
0 0.137117 0.535886 0.048056 0.081866
0 0.689215 0.571096 0.045855 0.073695
0 0.641930 0.058787 0.053159 0.090456
0 0.231014 0.617611 0.047148 0.079293
0 0.666566 0.302023 0.050263 0.080318
0 0.945312 0.743262 0.048065 0.078532
0 0.785541 0.570645 0.052130 0.074499
0 0.888817 0.665370 0.046963 0.079894
0 0.266392 0.567360 0.044861 0.078417
0 0.915957 0.587901 0.049083 0.078730
0 0.527201 0.637767 0.044487 0.073412
0 0.275063 0.118475 0.047458 0.076614
0 0.587354 0.517089 0.047540 0.066002
0 0.108248 0.642043 0.045135 0.082680
0 0.870529 0.121297 0.049649 0.077889
0 0.190797 0.318843 0.052698 0.074054
0 0.950432 0.077541 0.043763 0.068291
0 0.471312 0.547879 0.050699 0.074405
0 0.802675 0.165820 0.050881 0.078908
0 0.188845 0.495532 0.047440 0.073592
0 0.383428 0.667369 0.045401 0.080791
0 0.402424 0.371379 0.046874 0.061961
0 0.572123 0.427850 0.050137 0.074168
0 0.638837 0.578264 0.047779 0.075314
0 0.903215 0.046640 0.048707 0.092906
0 0.144717 0.275510 0.046681 0.081182
0 0.327872 0.700165 0.051991 0.076917
0 0.958935 0.297033 0.053195 0.070527
0 0.475745 0.636897 0.049857 0.088080
0 0.466335 0.170596 0.050105 0.082739
0 0.123756 0.734180 0.050270 0.078561
0 0.603897 0.228540 0.046841 0.071185
0 0.946756 0.498817 0.045468 0.073746
0 0.511846 0.475606 0.049525 0.091464
0 0.243735 0.338214 0.045168 0.079442
0 0.432301 0.491409 0.048628 0.073052
0 0.578813 0.635235 0.048235 0.078569
0 0.570013 0.348641 0.046814 0.074872
0 0.336745 0.378254 0.050373 0.076269
0 0.799302 0.254741 0.047739 0.080608
0 0.542791 0.545079 0.048728 0.072077
0 0.727163 0.513859 0.052276 0.079381
0 0.878902 0.237770 0.048024 0.074876
0 0.250615 0.258169 0.050910 0.074274
0 0.529423 0.259637 0.051686 0.084882
0 0.622575 0.342844 0.045274 0.072449
0 0.302598 0.260931 0.044370 0.074859
0 0.957786 0.158989 0.049384 0.078925
0 0.352189 0.263857 0.045200 0.074325
0 0.869250 0.507246 0.056650 0.078026
0 0.409139 0.292982 0.050712 0.079028
1 0.471924 0.412396 0.055372 0.045292
2 0.333105 0.314064 0.022617 0.032181
2 0.298401 0.531585 0.018717 0.033373
2 0.113179 0.259237 0.021057 0.032181
2 0.555762 0.744934 0.021837 0.028605
2 0.722656 0.358164 0.028076 0.036949
2 0.850167 0.190107 0.031975 0.041716
2 0.127996 0.990465 0.019497 0.019070
2 0.308149 0.982122 0.025736 0.035757