0 0.286987 0.001956 0.030567 0.003911
0 0.002703 0.339420 0.005406 0.050562
0 0.993679 0.975723 0.011194 0.045480
0 0.004240 0.095565 0.008432 0.061159
0 0.100922 0.992265 0.033500 0.013002
0 0.540272 0.009933 0.040839 0.019837
0 0.227569 0.006546 0.038963 0.013092
0 0.798404 0.007610 0.042641 0.015220
0 0.992019 0.871851 0.014451 0.062381
0 0.992529 0.577153 0.013305 0.074918
0 0.426928 0.009666 0.044058 0.019331
0 0.431679 0.970445 0.051890 0.055638
0 0.014826 0.972716 0.029653 0.051750
0 0.988259 0.306702 0.021676 0.069338
0 0.010212 0.568438 0.020369 0.079693
0 0.323524 0.010950 0.039537 0.021874
0 0.289230 0.985552 0.047193 0.026037
0 0.706639 0.983215 0.049490 0.030531
0 0.058845 0.012791 0.045982 0.025583
0 0.985165 0.217688 0.027895 0.080378
0 0.054996 0.977943 0.049776 0.040852
0 0.078163 0.850377 0.050372 0.075439
0 0.680660 0.672081 0.044030 0.066457
0 0.246125 0.600936 0.042700 0.070076
0 0.972152 0.932586 0.050796 0.087521
0 0.499568 0.188778 0.045945 0.071989
0 0.019287 0.416235 0.038573 0.080348
0 0.635061 0.619952 0.059418 0.086235
0 0.769345 0.896211 0.047856 0.068210
0 0.724923 0.926156 0.050635 0.088484
0 0.789776 0.964265 0.050251 0.068075
0 0.364907 0.031261 0.045974 0.062522
0 0.243353 0.674603 0.054748 0.080935
0 0.645675 0.021875 0.049368 0.043749
0 0.514101 0.038557 0.054765 0.076877
0 0.028786 0.502182 0.057275 0.081340
0 0.086682 0.924645 0.051964 0.084786
0 0.636049 0.699396 0.045376 0.076865
0 0.436797 0.905226 0.050376 0.070994
0 0.206230 0.551800 0.058466 0.080569
0 0.685205 0.742500 0.058275 0.067570
0 0.408288 0.578777 0.048968 0.077532
0 0.156888 0.024325 0.045464 0.048649
0 0.676225 0.815541 0.056260 0.074616
0 0.671803 0.572484 0.048801 0.078293
0 0.509036 0.119189 0.057869 0.076774
0 0.682884 0.890821 0.047640 0.074081
0 0.427052 0.513795 0.047016 0.080250
0 0.022074 0.255540 0.044133 0.078057
0 0.774204 0.828267 0.050570 0.069483
0 0.523470 0.672011 0.048860 0.095170
0 0.239395 0.491131 0.046350 0.071711
0 0.565627 0.045787 0.042491 0.070176
0 0.061025 0.441372 0.045663 0.071069
0 0.713169 0.607848 0.052063 0.085184
0 0.041822 0.812139 0.052796 0.070249
0 0.648358 0.956346 0.048517 0.065182
0 0.080913 0.374635 0.051126 0.074447
0 0.195261 0.629844 0.051899 0.085822
0 0.444137 0.372337 0.046111 0.065708
0 0.548254 0.174904 0.049604 0.081294
0 0.322710 0.518006 0.047054 0.079921
0 0.427946 0.437041 0.058373 0.072926
0 0.724982 0.801195 0.047096 0.076529
0 0.387074 0.093364 0.045980 0.075075
0 0.527432 0.251085 0.056864 0.078233
0 0.360731 0.420384 0.049330 0.079511
0 0.950709 0.431666 0.051150 0.081712
0 0.960690 0.272541 0.047060 0.077383
0 0.029223 0.062680 0.042547 0.070350
0 0.815522 0.573990 0.053009 0.078778
0 0.055693 0.575656 0.053880 0.085132
0 0.309393 0.420692 0.046827 0.092688
0 0.472898 0.525304 0.042006 0.088363
0 0.588768 0.694671 0.043252 0.079018
0 0.097835 0.054725 0.057605 0.080562
0 0.897160 0.450305 0.053799 0.082407
0 0.051751 0.314913 0.046253 0.074149
0 0.551271 0.621360 0.050062 0.097333
0 0.837764 0.814500 0.044062 0.071214
0 0.815701 0.057016 0.052189 0.081406
0 0.853124 0.487272 0.053151 0.076499
0 0.671642 0.102762 0.048568 0.075770
0 0.942755 0.623646 0.052956 0.082266
0 0.068098 0.744404 0.050744 0.075096
0 0.150653 0.377087 0.058008 0.079034
0 0.164364 0.454196 0.054414 0.077581
0 0.259274 0.419237 0.048752 0.082760
0 0.884583 0.160580 0.047042 0.075877
0 0.868048 0.562869 0.049278 0.074337
0 0.882403 0.660947 0.049809 0.079618
0 0.702393 0.039920 0.053777 0.075693
0 0.256174 0.951520 0.047900 0.082787
0 0.374191 0.500707 0.052976 0.086605
0 0.456258 0.835682 0.058426 0.077909
0 0.514186 0.550125 0.049473 0.087497
0 0.802599 0.761787 0.049955 0.079126
0 0.937906 0.839152 0.054001 0.075780
0 0.069619 0.195351 0.040557 0.083685
0 0.279305 0.231946 0.048305 0.083490
0 0.305272 0.638815 0.053625 0.081110
0 0.076172 0.654210 0.048702 0.077003
0 0.511560 0.824816 0.048909 0.080745
0 0.837864 0.360706 0.045423 0.074494
0 0.429560 0.742912 0.052071 0.081414
0 0.445425 0.233012 0.052058 0.070140
0 0.860011 0.095317 0.050017 0.087132
0 0.113072 0.206871 0.047534 0.086850
0 0.115779 0.325255 0.046008 0.073445
0 0.215552 0.094444 0.046691 0.087716
0 0.260701 0.144065 0.046986 0.075486
0 0.481538 0.706825 0.050355 0.083050
0 0.156948 0.103210 0.052292 0.085942
0 0.204164 0.728254 0.047858 0.076938
0 0.236108 0.272167 0.049802 0.083832
0 0.778962 0.131150 0.046134 0.073319
0 0.496736 0.440418 0.052689 0.079554
0 0.871047 0.745709 0.053014 0.081099
0 0.947385 0.757112 0.048862 0.074696
0 0.724830 0.150732 0.045971 0.085526
0 0.787888 0.355015 0.049253 0.079121
0 0.668489 0.298900 0.052433 0.082835
0 0.943045 0.533457 0.054998 0.086506
0 0.930766 0.359946 0.054122 0.078963
0 0.440314 0.302914 0.056044 0.065447
0 0.939028 0.172326 0.054299 0.089180
0 0.717237 0.281733 0.048812 0.078773
0 0.329264 0.130320 0.052883 0.084084
0 0.615406 0.209956 0.050615 0.080768
0 0.128280 0.740768 0.046839 0.073492
0 0.204109 0.201003 0.050465 0.080690
0 0.359312 0.332428 0.052604 0.088369
0 0.850619 0.283137 0.047126 0.079034
1 0.955451 0.022050 0.074089 0.044100
1 0.213783 0.351013 0.039774 0.041716