0 0.913168 0.004455 0.040059 0.008910
0 0.006261 0.098063 0.012521 0.063086
0 0.739996 0.005922 0.041588 0.011844
0 0.006023 0.596564 0.012029 0.063221
0 0.990982 0.016215 0.016583 0.032430
0 0.006324 0.871069 0.012647 0.070751
0 0.994041 0.264244 0.010750 0.068439
0 0.140353 0.007447 0.045283 0.014895
0 0.991354 0.841177 0.015733 0.078524
0 0.676965 0.008424 0.043098 0.016849
0 0.991638 0.625174 0.015508 0.080493
0 0.359178 0.983986 0.057564 0.029329
0 0.013855 0.741730 0.027678 0.085217
0 0.020973 0.443148 0.041946 0.085670
0 0.439106 0.012845 0.048176 0.025656
0 0.027785 0.975333 0.055515 0.046311
0 0.018829 0.529913 0.037649 0.081206
0 0.154678 0.467021 0.050025 0.081771
0 0.965532 0.968115 0.052772 0.060902
0 0.983722 0.440530 0.030891 0.089067
0 0.790093 0.019733 0.048127 0.039467
0 0.203795 0.975899 0.054921 0.045562
0 0.013772 0.174982 0.027507 0.077000
0 0.822949 0.635679 0.042619 0.068394
0 0.019715 0.346984 0.039429 0.082256
0 0.537856 0.023471 0.044601 0.046942
0 0.293314 0.025126 0.053919 0.050234
0 0.016721 0.261076 0.033369 0.078389
0 0.491204 0.030959 0.050622 0.061917
0 0.232546 0.608463 0.036241 0.091258
0 0.765754 0.979734 0.057624 0.037673
0 0.562925 0.864755 0.052361 0.085415
0 0.023689 0.067769 0.046795 0.083049
0 0.598546 0.415376 0.057527 0.078665
0 0.154244 0.956781 0.053372 0.083034
0 0.592802 0.488281 0.051014 0.076752
0 0.971052 0.521903 0.046780 0.076584
0 0.470019 0.436436 0.051407 0.082989
0 0.044214 0.787441 0.049597 0.089734
0 0.886775 0.510315 0.053368 0.098414
0 0.123687 0.853810 0.043435 0.074653
0 0.834626 0.937395 0.051991 0.084485
0 0.976839 0.062211 0.044230 0.078454
0 0.645426 0.480661 0.049113 0.077888
0 0.072276 0.157617 0.047536 0.070192
0 0.115716 0.111887 0.049230 0.081398
0 0.387380 0.025976 0.048055 0.051947
0 0.411741 0.817369 0.057908 0.094980
0 0.278474 0.904482 0.048083 0.091199
0 0.971116 0.895746 0.047904 0.076572
0 0.738439 0.680773 0.052912 0.078779
0 0.752084 0.048297 0.047891 0.071744
0 0.275059 0.627591 0.049706 0.078138
0 0.295236 0.691644 0.047915 0.080987
0 0.058492 0.549583 0.046764 0.088512
0 0.686884 0.956436 0.053219 0.081042
0 0.909426 0.676217 0.048175 0.082813
0 0.150162 0.245149 0.048056 0.073184
0 0.647042 0.394081 0.049495 0.080269
0 0.936990 0.469352 0.053999 0.083975
0 0.786459 0.593358 0.046453 0.082831
0 0.341425 0.708618 0.049245 0.088152
0 0.638485 0.314240 0.051413 0.074260
0 0.620924 0.552603 0.050537 0.081058
0 0.054877 0.221730 0.053202 0.069361
0 0.378064 0.760172 0.055535 0.090703
0 0.618172 0.249088 0.052874 0.075442
0 0.075041 0.063992 0.053517 0.075476
0 0.859602 0.684183 0.050934 0.094936
0 0.326353 0.080030 0.048835 0.075540
0 0.688458 0.308031 0.047536 0.090608
0 0.079265 0.884070 0.053111 0.083293
0 0.962478 0.367328 0.054078 0.077431
0 0.378207 0.930353 0.055008 0.088048
0 0.832697 0.763707 0.050056 0.080529
0 0.615449 0.889894 0.053950 0.081052
0 0.163568 0.056908 0.049460 0.077114
0 0.831164 0.042857 0.049828 0.079777
0 0.107806 0.567596 0.054886 0.081346
0 0.200669 0.227355 0.047813 0.082055
0 0.259825 0.321441 0.052575 0.080249
0 0.136529 0.399930 0.059112 0.073226
0 0.504494 0.105059 0.052156 0.080092
0 0.373127 0.344971 0.046282 0.071492
0 0.632981 0.059791 0.051536 0.075031
0 0.074756 0.289287 0.046309 0.066225
0 0.553453 0.594857 0.060018 0.078936
0 0.605233 0.177291 0.052825 0.079814
0 0.697183 0.396903 0.047642 0.077181
0 0.045710 0.688737 0.049903 0.078167
0 0.473825 0.273273 0.049805 0.078567
0 0.611202 0.655834 0.049945 0.078576
0 0.928143 0.040164 0.053288 0.074985
0 0.257486 0.242021 0.053741 0.072102
0 0.878155 0.885350 0.052590 0.077879
0 0.833154 0.550313 0.052807 0.086116
0 0.233260 0.696615 0.052204 0.081022
0 0.230622 0.922911 0.052115 0.085842
0 0.825523 0.368878 0.051836 0.086140
0 0.897415 0.215092 0.044330 0.087010
0 0.732480 0.283153 0.054156 0.090501
0 0.773998 0.367940 0.047379 0.077077
0 0.058730 0.410736 0.052116 0.078829
0 0.720570 0.103224 0.055312 0.086037
0 0.561426 0.139247 0.049340 0.085527
0 0.135769 0.636744 0.055267 0.085712
0 0.517080 0.199475 0.052949 0.078235
0 0.327008 0.508177 0.048126 0.074436
0 0.737087 0.596829 0.050209 0.077909
0 0.147398 0.160655 0.049110 0.079174
0 0.580783 0.047976 0.051573 0.079749
0 0.850368 0.440029 0.052601 0.085693
0 0.150816 0.325091 0.052782 0.076846
0 0.188476 0.594284 0.047432 0.078053
0 0.441787 0.199572 0.048063 0.070224
0 0.338405 0.185291 0.049016 0.083727
0 0.519716 0.317599 0.050142 0.083644
0 0.582003 0.782751 0.054390 0.088661
0 0.219219 0.780291 0.051793 0.081791
0 0.754145 0.452337 0.058347 0.088496
0 0.934840 0.299222 0.049720 0.076885
0 0.439652 0.510446 0.057045 0.099662
0 0.411538 0.301702 0.050421 0.081737
0 0.328002 0.909910 0.051451 0.093233
0 0.248704 0.149810 0.053137 0.088257
0 0.855496 0.273257 0.051511 0.085372
0 0.957757 0.641745 0.050818 0.089256
0 0.415928 0.664937 0.047829 0.074147
0 0.453798 0.351865 0.053978 0.080585
0 0.486217 0.614148 0.054013 0.075920
0 0.960301 0.175592 0.056668 0.081959
0 0.451470 0.123721 0.050753 0.076433
0 0.371931 0.541992 0.052188 0.082363
0 0.207686 0.333067 0.051113 0.080995
0 0.394755 0.101459 0.052323 0.078932
0 0.925202 0.119181 0.048691 0.073856
0 0.855235 0.121083 0.049893 0.076916
0 0.897789 0.374083 0.056524 0.082863
0 0.168395 0.817720 0.055303 0.086938
0 0.239427 0.060016 0.056468 0.076797
0 0.546362 0.711797 0.053692 0.089019
0 0.470737 0.733925 0.052139 0.083798
1 0.196236 0.502384 0.053032 0.098927
1 0.263696 0.425507 0.041334 0.081049
2 0.680153 0.523242 0.025736 0.040524
2 0.245369 0.832539 0.024956 0.036949