0 0.970426 0.004129 0.043501 0.008258
0 0.195525 0.005192 0.036737 0.010383
0 0.387240 0.331786 0.041571 0.070783
0 0.005679 0.632980 0.011326 0.073125
0 0.989028 0.968803 0.020284 0.058923
0 0.389143 0.285833 0.052495 0.074408
0 0.991198 0.831411 0.016083 0.072409
0 0.252295 0.009855 0.041293 0.019699
0 0.691375 0.008960 0.043090 0.017920
0 0.533366 0.011795 0.053663 0.023590
0 0.397550 0.404259 0.048137 0.080831
0 0.988746 0.625080 0.020717 0.085888
0 0.431134 0.010757 0.042852 0.021514
0 0.606129 0.010172 0.043466 0.020345
0 0.274044 0.985313 0.044033 0.026308
0 0.987468 0.249215 0.023328 0.081484
0 0.751868 0.021392 0.051038 0.042785
0 0.013375 0.856742 0.026750 0.083797
0 0.616104 0.984184 0.045572 0.028549
0 0.011278 0.178518 0.022556 0.067577
0 0.987116 0.035096 0.024194 0.060535
0 0.469617 0.967059 0.050055 0.062611
0 0.151572 0.092172 0.048686 0.075321
0 0.020115 0.063556 0.040144 0.074456
0 0.018719 0.416103 0.037415 0.068710
0 0.115743 0.013983 0.047260 0.027967
0 0.610568 0.516578 0.054588 0.094984
0 0.761324 0.972929 0.050160 0.051037
0 0.976808 0.904948 0.044529 0.077457
0 0.599567 0.593996 0.055785 0.086374
0 0.733403 0.926527 0.048734 0.072084
0 0.980303 0.739357 0.037515 0.070944
0 0.701310 0.972788 0.048742 0.051300
0 0.872527 0.815484 0.049311 0.076548
0 0.191052 0.975967 0.044111 0.044780
0 0.056909 0.029331 0.051399 0.058625
0 0.984222 0.428255 0.029702 0.076891
0 0.346973 0.381614 0.050223 0.091596
0 0.172802 0.038297 0.054792 0.067741
0 0.889722 0.888153 0.051136 0.083551
0 0.239631 0.955019 0.047749 0.080696
0 0.864122 0.960056 0.053573 0.076406
0 0.869588 0.740565 0.050527 0.071392
0 0.901246 0.025201 0.048949 0.050365
0 0.825474 0.813126 0.045520 0.082586
0 0.434602 0.431289 0.047919 0.079776
0 0.246558 0.576364 0.047689 0.076182
0 0.096524 0.467251 0.043154 0.075162
0 0.034382 0.940747 0.052499 0.091435
0 0.370039 0.080349 0.046641 0.067157
0 0.408106 0.118676 0.051075 0.077066
0 0.572364 0.653465 0.050942 0.075047
0 0.647960 0.158730 0.046159 0.073662
0 0.924723 0.948353 0.050567 0.079334
0 0.331223 0.967227 0.045875 0.062023
0 0.553666 0.956485 0.046373 0.073424
0 0.788861 0.038558 0.046937 0.077115
0 0.223460 0.645750 0.050393 0.072090
0 0.817306 0.732312 0.047280 0.072456
0 0.175160 0.166215 0.055107 0.085685
0 0.287779 0.037271 0.048763 0.071587
0 0.971838 0.110752 0.054212 0.064389
0 0.041027 0.753530 0.049653 0.078232
0 0.591168 0.393074 0.048948 0.079921
0 0.081450 0.883304 0.043535 0.086409
0 0.499950 0.922560 0.051726 0.091778
0 0.658867 0.229956 0.045129 0.069756
0 0.156156 0.646448 0.050611 0.076677
0 0.909635 0.414981 0.062431 0.080812
0 0.489306 0.039594 0.053878 0.071136
0 0.221396 0.091597 0.046198 0.076303
0 0.033803 0.232163 0.046057 0.081209
0 0.193918 0.580538 0.049885 0.080178
0 0.602307 0.827686 0.049687 0.080502
0 0.368828 0.200201 0.045384 0.070200
0 0.048119 0.510660 0.053825 0.085917
0 0.169469 0.920658 0.047435 0.074757
0 0.278796 0.911901 0.050536 0.071764
0 0.119967 0.929269 0.050547 0.084608
0 0.636427 0.665592 0.047547 0.080065
0 0.630458 0.076219 0.044698 0.088045
0 0.565231 0.882052 0.052681 0.080506
0 0.752835 0.848605 0.052784 0.085042
0 0.863862 0.663450 0.057177 0.078166
0 0.687501 0.287493 0.050325 0.073766
0 0.655854 0.768013 0.050417 0.091044
0 0.734946 0.078324 0.045987 0.071952
0 0.648191 0.468053 0.046660 0.074648
0 0.679927 0.111329 0.049433 0.080971
0 0.719955 0.740261 0.052692 0.080807
0 0.532344 0.402431 0.048429 0.074233
0 0.554448 0.476022 0.051946 0.079060
0 0.477850 0.841129 0.048745 0.069395
0 0.635581 0.884220 0.053399 0.085595
0 0.402260 0.687182 0.050198 0.079157
0 0.973030 0.183800 0.051037 0.074745
0 0.218541 0.402052 0.047865 0.074673
0 0.606384 0.739571 0.047836 0.077838
0 0.525972 0.688217 0.046447 0.076646
0 0.328017 0.886205 0.047996 0.082591
0 0.567568 0.046409 0.051188 0.073021
0 0.944454 0.051190 0.048286 0.078619
0 0.282161 0.513683 0.051511 0.085263
0 0.967200 0.309754 0.048063 0.080764
0 0.632908 0.359552 0.048845 0.076843
0 0.727315 0.240153 0.048994 0.073941
0 0.279569 0.652589 0.043862 0.074933
0 0.353107 0.769862 0.047051 0.071806
0 0.164679 0.728014 0.051252 0.075763
0 0.224796 0.870476 0.048080 0.078037
0 0.206856 0.480623 0.047829 0.074725
0 0.307817 0.276939 0.048024 0.078650
0 0.280045 0.115410 0.052774 0.078957
0 0.573653 0.316477 0.050781 0.066534
0 0.714256 0.344402 0.044017 0.072251
0 0.490708 0.124038 0.046691 0.074956
0 0.303117 0.193965 0.051627 0.081448
0 0.934539 0.487078 0.045809 0.076706
0 0.556215 0.761828 0.054584 0.083378
0 0.222088 0.207510 0.053397 0.079784
0 0.393171 0.854164 0.050697 0.076799
0 0.067186 0.687193 0.046849 0.079061
0 0.741270 0.450604 0.045143 0.074227
0 0.962776 0.568889 0.047004 0.080371
0 0.810446 0.208930 0.047688 0.076298
0 0.930164 0.242647 0.048417 0.078954
0 0.726816 0.160391 0.051743 0.077286
0 0.545120 0.128985 0.046087 0.082246
0 0.044907 0.352321 0.046449 0.072520
0 0.772618 0.513930 0.047271 0.076982
0 0.476964 0.761350 0.052566 0.080777
0 0.316965 0.712500 0.053977 0.081672
0 0.192253 0.800483 0.052984 0.082169
0 0.767987 0.687387 0.048272 0.087862
0 0.548161 0.248775 0.056638 0.077088
0 0.107169 0.300838 0.045840 0.078020
0 0.120059 0.218259 0.052966 0.085078
0 0.919031 0.335095 0.048536 0.074566
0 0.804908 0.323329 0.049145 0.078555
0 0.139200 0.570914 0.048007 0.080300
0 0.855387 0.304081 0.045503 0.075828
0 0.792542 0.428685 0.047159 0.076991
0 0.759461 0.349268 0.043698 0.073535
0 0.278836 0.371588 0.048393 0.076431
0 0.099630 0.786002 0.056008 0.081999
0 0.272262 0.817102 0.052469 0.076305
0 0.346808 0.494173 0.053857 0.080960
0 0.856809 0.483544 0.047804 0.076735
0 0.127764 0.404793 0.049979 0.077822
0 0.470664 0.326068 0.051675 0.081950
0 0.716192 0.559083 0.052770 0.080812
0 0.212195 0.313931 0.052026 0.088206
0 0.424910 0.789996 0.050384 0.083696
0 0.880450 0.222891 0.049297 0.075386
0 0.799045 0.119135 0.051782 0.078694
0 0.080226 0.588131 0.051569 0.083489
0 0.347702 0.632827 0.050936 0.080646
0 0.437022 0.630655 0.052836 0.082021
0 0.887014 0.145138 0.048738 0.075449
1 0.507019 0.536353 0.044453 0.066746
1 0.069115 0.414779 0.043673 0.054827
2 0.330376 0.088200 0.014038 0.021454
3 0.437219 0.213349 0.087347 0.135876
2 0.422012 0.283671 0.017937 0.028605