0 0.996661 0.788721 0.005735 0.046018
0 0.425417 0.733323 0.043827 0.070357
0 0.994288 0.018967 0.010283 0.037933
0 0.615481 0.009154 0.045355 0.018299
0 0.024084 0.975049 0.048088 0.046805
0 0.989284 0.305902 0.019698 0.079670
0 0.011002 0.920888 0.022005 0.070817
0 0.011492 0.734545 0.022965 0.077394
0 0.298796 0.987784 0.045708 0.021466
0 0.989182 0.665948 0.019855 0.075879
0 0.010572 0.420365 0.021144 0.084851
0 0.065650 0.013485 0.043029 0.026970
0 0.773787 0.014719 0.049785 0.029438
0 0.013242 0.124670 0.026483 0.087445
0 0.012182 0.603332 0.024338 0.081615
0 0.984046 0.130480 0.030102 0.080526
0 0.506220 0.025154 0.049161 0.050308
0 0.531672 0.760797 0.053745 0.063474
0 0.424398 0.947690 0.050056 0.082743
0 0.394116 0.029602 0.049487 0.059130
0 0.761950 0.973822 0.052693 0.049267
0 0.698887 0.024880 0.053005 0.049759
0 0.177512 0.039528 0.050737 0.079056
0 0.896358 0.030395 0.051948 0.060790
0 0.562033 0.184228 0.050198 0.075258
0 0.519033 0.952350 0.054404 0.085551
0 0.430336 0.865176 0.050110 0.076777
0 0.754506 0.066355 0.049759 0.072301
0 0.354395 0.913379 0.051080 0.081164
0 0.200759 0.977019 0.050179 0.042870
0 0.969851 0.054385 0.049672 0.078550
0 0.116385 0.192175 0.047733 0.073423
0 0.483637 0.228402 0.048783 0.064174
0 0.778668 0.863479 0.046544 0.075380
0 0.709361 0.178075 0.050843 0.076008
0 0.462105 0.056595 0.052546 0.080960
0 0.597128 0.127938 0.049694 0.075977
0 0.103818 0.904066 0.054508 0.081894
0 0.547212 0.266469 0.051151 0.085908
0 0.845145 0.957532 0.046262 0.070038
0 0.027176 0.531569 0.051145 0.068434
0 0.146446 0.102824 0.050250 0.080590
0 0.336333 0.083720 0.044882 0.078964
0 0.595841 0.837513 0.046321 0.066634
0 0.704882 0.714205 0.049908 0.062994
0 0.436210 0.205939 0.050422 0.076566
0 0.973796 0.826560 0.049313 0.078580
0 0.108691 0.430901 0.046505 0.085016
0 0.535573 0.695387 0.046286 0.068151
0 0.697703 0.096078 0.053042 0.082349
0 0.358993 0.432818 0.045432 0.083489
0 0.790232 0.400455 0.043877 0.070343
0 0.913928 0.425229 0.055031 0.085959
0 0.350467 0.828949 0.054920 0.080740
0 0.288207 0.063438 0.047872 0.070207
0 0.382242 0.766028 0.052020 0.069626
0 0.030429 0.676348 0.046135 0.074801
0 0.254827 0.730414 0.047886 0.071364
0 0.825713 0.885725 0.048725 0.077966
0 0.543840 0.830813 0.051654 0.081476
0 0.355028 0.530099 0.039970 0.086520
0 0.429743 0.411818 0.047475 0.071924
0 0.223945 0.559472 0.050965 0.078237
0 0.740725 0.238949 0.048407 0.070257
0 0.777599 0.133994 0.053399 0.079877
0 0.094790 0.820915 0.053818 0.078737
0 0.670725 0.243061 0.056689 0.085406
0 0.720022 0.921586 0.052971 0.081742
0 0.496764 0.153341 0.052581 0.079164
0 0.658368 0.830341 0.046824 0.080170
0 0.092485 0.122975 0.054513 0.089796
0 0.058076 0.763603 0.053214 0.083535
0 0.603047 0.657592 0.049835 0.077895
0 0.276617 0.795694 0.051319 0.076012
0 0.235368 0.638271 0.047058 0.071854
0 0.259113 0.496022 0.054517 0.071000
0 0.051657 0.316010 0.055900 0.071873
0 0.677231 0.440326 0.057137 0.087364
0 0.835540 0.418753 0.045878 0.071315
0 0.041926 0.459598 0.047840 0.076856
0 0.636014 0.724394 0.051636 0.077351
0 0.799878 0.216523 0.051205 0.079570
0 0.937445 0.492495 0.055315 0.070589
0 0.693137 0.781100 0.048520 0.077106
0 0.775241 0.717991 0.044871 0.071991
0 0.252278 0.360199 0.048083 0.087267
0 0.607218 0.404614 0.051045 0.078860
0 0.238507 0.158268 0.047886 0.072936
0 0.313767 0.431530 0.043839 0.084612
0 0.929459 0.565695 0.047836 0.070485
0 0.327858 0.606712 0.051066 0.080908
0 0.557985 0.567120 0.047848 0.072981
0 0.913200 0.122205 0.053135 0.086096
0 0.057685 0.600064 0.056693 0.079121
0 0.276776 0.572772 0.049236 0.079309
0 0.301989 0.680973 0.049713 0.080210
0 0.776428 0.294863 0.050932 0.073972
0 0.603475 0.316860 0.050184 0.075571
0 0.636035 0.489267 0.053197 0.077038
0 0.858973 0.627286 0.055381 0.078879
0 0.905813 0.697473 0.048353 0.084350
0 0.511439 0.327482 0.051883 0.078589
0 0.626777 0.578373 0.055010 0.085152
0 0.098245 0.352858 0.050124 0.074698
0 0.201942 0.776269 0.053455 0.075707
0 0.951816 0.636559 0.055579 0.075570
0 0.377352 0.656432 0.045092 0.070089
0 0.117654 0.598605 0.047366 0.089344
0 0.342184 0.283951 0.045984 0.071162
0 0.919735 0.923818 0.046776 0.074727
0 0.456473 0.341795 0.049333 0.082391
0 0.780630 0.605366 0.049034 0.081029
0 0.799777 0.786516 0.052608 0.078033
0 0.257923 0.228768 0.051476 0.074464
0 0.905029 0.243635 0.052875 0.086634
0 0.889773 0.356896 0.047807 0.073959
0 0.967140 0.735760 0.049520 0.077388
0 0.464578 0.469257 0.053881 0.083097
0 0.189784 0.687583 0.048545 0.073895
0 0.824869 0.498769 0.046636 0.078089
0 0.825313 0.696087 0.053745 0.081983
0 0.157483 0.438475 0.052177 0.084285
0 0.201042 0.348934 0.050865 0.078946
0 0.676528 0.352073 0.054583 0.077901
0 0.495904 0.616637 0.052083 0.076253
0 0.710956 0.531719 0.047288 0.075520
0 0.387508 0.358811 0.049857 0.081254
0 0.689933 0.641197 0.050926 0.077018
0 0.096319 0.515917 0.052596 0.079443
0 0.455784 0.673151 0.051884 0.080530
0 0.522533 0.459293 0.046783 0.080518
0 0.126903 0.700094 0.051701 0.080736
0 0.435751 0.571802 0.051292 0.077586
0 0.840203 0.317883 0.047077 0.076082
1 0.053518 0.216925 0.057711 0.064362
1 0.383798 0.129321 0.058491 0.079857
1 0.578378 0.078665 0.043673 0.052443
1 0.590856 0.941597 0.043673 0.061979
1 0.824041 0.578665 0.037434 0.063170
2 0.073015 0.885578 0.014038 0.026222
2 0.128386 0.963051 0.017157 0.026222