0 0.003053 0.761426 0.006105 0.044289
0 0.997456 0.196342 0.004425 0.055678
0 0.780940 0.007769 0.036958 0.015538
0 0.931585 0.623761 0.042416 0.064873
0 0.064087 0.485688 0.043039 0.070376
0 0.899312 0.642684 0.050084 0.072439
0 0.030605 0.462538 0.051387 0.075055
0 0.993518 0.295796 0.011187 0.073194
0 0.006296 0.958959 0.012592 0.064223
0 0.992762 0.644884 0.012807 0.065343
0 0.620240 0.990082 0.042298 0.016866
0 0.510103 0.989662 0.046043 0.017599
0 0.007106 0.086862 0.014204 0.069871
0 0.015473 0.322285 0.030897 0.085370
0 0.350916 0.989028 0.036313 0.018968
0 0.021363 0.621166 0.042709 0.073759
0 0.035168 0.558531 0.049544 0.083384
0 0.040467 0.370272 0.050763 0.079918
0 0.622498 0.009586 0.047080 0.019152
0 0.912723 0.570784 0.046935 0.075240
0 0.987390 0.820377 0.023298 0.069973
0 0.256986 0.133952 0.045039 0.084826
0 0.284434 0.837281 0.048443 0.073846
0 0.012478 0.830640 0.024957 0.070994
0 0.395250 0.980760 0.042237 0.035067
0 0.893805 0.985794 0.043214 0.025330
0 0.567885 0.983164 0.048685 0.030430
0 0.421976 0.012245 0.049857 0.024490
0 0.145253 0.012589 0.049617 0.025179
0 0.213262 0.122007 0.048274 0.078260
0 0.050862 0.979607 0.053245 0.037505
0 0.166858 0.720473 0.048925 0.076346
0 0.980909 0.746454 0.036144 0.074896
0 0.750447 0.978280 0.047922 0.040027
0 0.307491 0.570712 0.043541 0.073778
0 0.210365 0.710559 0.050317 0.086536
0 0.666608 0.972346 0.044838 0.052130
0 0.533463 0.015383 0.050984 0.030766
0 0.024417 0.714609 0.048835 0.079434
0 0.972807 0.556186 0.050936 0.070542
0 0.439618 0.965005 0.048904 0.066737
0 0.979512 0.481634 0.038933 0.076791
0 0.965937 0.681390 0.045045 0.074530
0 0.170832 0.976048 0.056478 0.044611
0 0.337437 0.538828 0.049204 0.077025
0 0.766961 0.066660 0.058587 0.077237
0 0.084716 0.022483 0.052933 0.044967
0 0.085378 0.686955 0.046645 0.069703
0 0.161766 0.410366 0.049966 0.076072
0 0.302620 0.779796 0.058278 0.069069
0 0.164066 0.203442 0.052885 0.091417
0 0.290776 0.975055 0.050262 0.046395
0 0.317745 0.881172 0.051983 0.075546
0 0.277622 0.621891 0.049233 0.073563
0 0.792966 0.625038 0.050438 0.076931
0 0.830735 0.684894 0.051966 0.083209
0 0.181164 0.272850 0.046992 0.072401
0 0.301065 0.170036 0.046990 0.092230
0 0.154496 0.861114 0.053466 0.070306
0 0.880627 0.710349 0.047748 0.075046
0 0.046856 0.920715 0.051476 0.072932
0 0.107027 0.968035 0.051416 0.060397
0 0.143814 0.648830 0.050390 0.078136
0 0.640669 0.811830 0.044000 0.070283
0 0.144547 0.065656 0.057501 0.078355
0 0.412678 0.820454 0.055282 0.084387
0 0.639326 0.927343 0.047345 0.071058
0 0.905392 0.491132 0.046309 0.074763
0 0.891302 0.051085 0.050018 0.079809
0 0.840117 0.043713 0.052806 0.085607
0 0.294731 0.701642 0.051498 0.078604
0 0.237031 0.966206 0.050226 0.063906
0 0.477860 0.407275 0.044605 0.071416
0 0.533054 0.945965 0.053959 0.069685
0 0.859397 0.852169 0.047888 0.071343
0 0.344668 0.721477 0.048261 0.073444
0 0.817397 0.967456 0.050105 0.061601
0 0.057184 0.103319 0.052357 0.079690
0 0.445116 0.889266 0.047276 0.072529
0 0.119461 0.144625 0.053139 0.083434
0 0.187717 0.348092 0.058849 0.075294
0 0.272441 0.245930 0.050967 0.077588
0 0.259027 0.547594 0.049846 0.073715
0 0.854707 0.341805 0.049134 0.082378
0 0.412586 0.064867 0.046934 0.078069
0 0.329454 0.458478 0.055322 0.081701
0 0.450009 0.466283 0.053533 0.076169
0 0.195369 0.806093 0.052344 0.080383
0 0.885339 0.791598 0.056117 0.076771
0 0.718595 0.639768 0.047149 0.071700
0 0.128507 0.569425 0.053665 0.077912
0 0.446230 0.768550 0.046268 0.066198
0 0.858259 0.469029 0.050505 0.076663
0 0.071525 0.854620 0.051224 0.075809
0 0.713063 0.943706 0.047198 0.074851
0 0.708111 0.288269 0.052303 0.075342
0 0.395529 0.917763 0.052537 0.077626
0 0.659858 0.147619 0.053991 0.074777
0 0.461525 0.174952 0.044639 0.072825
0 0.343163 0.642100 0.048393 0.073631
0 0.736712 0.226029 0.048531 0.080161
0 0.808605 0.306403 0.053625 0.080436
0 0.601765 0.500756 0.044245 0.080015
0 0.443739 0.283447 0.050997 0.073976
0 0.515785 0.860402 0.050754 0.081168
0 0.359730 0.131197 0.053805 0.077850
0 0.969233 0.131778 0.054618 0.080942
0 0.386717 0.200581 0.048218 0.076361
0 0.591781 0.767878 0.050982 0.082031
0 0.697048 0.777005 0.049616 0.067256
0 0.386637 0.441934 0.053149 0.081541
0 0.233867 0.880863 0.050795 0.076768
0 0.321856 0.049795 0.054939 0.078082
0 0.767288 0.897270 0.049844 0.074216
0 0.681019 0.852260 0.050105 0.082566
0 0.523884 0.395940 0.047171 0.074597
0 0.473038 0.094362 0.049317 0.081423
0 0.596211 0.853381 0.050223 0.080338
0 0.799483 0.447505 0.050571 0.081719
0 0.948358 0.918633 0.050578 0.072688
0 0.546849 0.074859 0.053158 0.079933
0 0.361001 0.797754 0.046898 0.073031
0 0.103129 0.768099 0.052053 0.076031
0 0.690724 0.081156 0.051932 0.077683
0 0.803460 0.534628 0.052890 0.072624
0 0.643009 0.438675 0.051799 0.087192
0 0.376563 0.367790 0.054027 0.071958
0 0.883406 0.928353 0.052209 0.078414
0 0.432905 0.596720 0.051123 0.079227
0 0.781903 0.133565 0.055558 0.075100
0 0.744014 0.821973 0.053347 0.081734
0 0.944204 0.829262 0.051373 0.080122
0 0.498359 0.700739 0.052792 0.076799
0 0.257565 0.360735 0.050207 0.075207
0 0.693787 0.529815 0.052063 0.073412
0 0.318030 0.341787 0.051901 0.088634
0 0.865879 0.244455 0.051512 0.081753
0 0.664377 0.333303 0.052728 0.081140
0 0.434632 0.361326 0.051612 0.079103
0 0.606356 0.353995 0.047915 0.079688
0 0.418980 0.689755 0.050266 0.080236
0 0.487198 0.528498 0.051058 0.078314
0 0.746276 0.541718 0.049928 0.084103
0 0.508464 0.777713 0.051058 0.074010
0 0.554141 0.511645 0.046771 0.088596
0 0.937629 0.246527 0.059552 0.078388
0 0.596965 0.206325 0.051304 0.076324
0 0.561243 0.698200 0.051081 0.076102
0 0.670210 0.684552 0.057714 0.086490
0 0.525142 0.180121 0.055205 0.076250
1 0.429421 0.227056 0.028076 0.046484
1 0.618932 0.703814 0.031195 0.063170
1 0.757361 0.669845 0.035095 0.071514
1 0.809223 0.855781 0.046793 0.066746
3 0.113568 0.349225 0.096705 0.131108
2 0.452037 0.529201 0.029636 0.042908