0 0.001950 0.907369 0.003899 0.057406
0 0.063765 0.002630 0.044120 0.005257
0 0.624922 0.003460 0.052405 0.006814
0 0.872729 0.995332 0.053650 0.009134
0 0.997507 0.105875 0.004162 0.046368
0 0.254490 0.006459 0.039901 0.012789
0 0.193518 0.994113 0.041573 0.010169
0 0.853962 0.005520 0.037706 0.011040
0 0.084820 0.990874 0.038841 0.015920
0 0.334529 0.991821 0.042957 0.014078
0 0.006238 0.657654 0.012470 0.072622
0 0.992678 0.947541 0.013427 0.071260
0 0.990755 0.743845 0.016883 0.064901
0 0.993212 0.507459 0.012443 0.069826
0 0.294364 0.008422 0.041224 0.016845
0 0.009313 0.488491 0.018586 0.071763
0 0.989821 0.366179 0.018700 0.080587
0 0.971503 0.983920 0.051244 0.029866
0 0.491099 0.012978 0.053779 0.025956
0 0.019120 0.964491 0.038240 0.068387
0 0.014860 0.804127 0.029704 0.072997
0 0.914982 0.019217 0.059742 0.038435
0 0.262791 0.865856 0.051102 0.069742
0 0.019356 0.419065 0.038711 0.076289
0 0.015690 0.223395 0.031351 0.081423
0 0.652542 0.973926 0.052014 0.049731
0 0.757175 0.978671 0.051432 0.040444
0 0.209677 0.887026 0.054583 0.066077
0 0.980989 0.185104 0.036420 0.073052
0 0.979906 0.861081 0.038524 0.073753
0 0.968494 0.405084 0.045648 0.086576
0 0.132148 0.972945 0.051298 0.051540
0 0.906276 0.962422 0.054106 0.070882
0 0.820597 0.956509 0.046279 0.067449
0 0.208107 0.033828 0.058195 0.067655
0 0.034197 0.886536 0.053654 0.075439
0 0.420018 0.795745 0.053529 0.066526
0 0.452045 0.034210 0.048875 0.067983
0 0.452766 0.962228 0.056250 0.072619
0 0.351569 0.524192 0.052735 0.077036
0 0.968329 0.791123 0.048488 0.073423
0 0.417813 0.723930 0.051412 0.074522
0 0.406625 0.865477 0.048827 0.076958
0 0.359474 0.885199 0.050334 0.077334
0 0.645883 0.442249 0.051816 0.081010
0 0.367521 0.021820 0.052451 0.043640
0 0.036994 0.310066 0.051536 0.077996
0 0.974226 0.680225 0.049725 0.071897
0 0.757952 0.025096 0.056457 0.050193
0 0.469866 0.725903 0.048297 0.076697
0 0.840129 0.886111 0.052549 0.078148
0 0.795380 0.683825 0.049475 0.080722
0 0.625116 0.681924 0.054876 0.084627
0 0.164294 0.849245 0.048585 0.075571
0 0.696880 0.946109 0.049221 0.075462
0 0.620770 0.045333 0.050460 0.082620
0 0.147900 0.021276 0.047729 0.042553
0 0.740727 0.910405 0.052251 0.079251
0 0.287795 0.929548 0.056092 0.080224
0 0.649558 0.612162 0.048954 0.071858
0 0.164568 0.354225 0.058505 0.073058
0 0.261898 0.037465 0.047008 0.071597
0 0.922915 0.399344 0.048439 0.071045
0 0.270323 0.795297 0.045310 0.071588
0 0.126016 0.790967 0.053939 0.073756
0 0.820940 0.812494 0.057447 0.069852
0 0.894689 0.886049 0.051021 0.078149
0 0.214619 0.814942 0.051087 0.074636
0 0.942635 0.474604 0.055723 0.081044
0 0.771256 0.848190 0.051738 0.075671
0 0.669503 0.852939 0.048768 0.073675
0 0.678046 0.378855 0.046141 0.065826
0 0.504207 0.068165 0.050279 0.076100
0 0.392907 0.353269 0.059827 0.091864
0 0.532035 0.564892 0.047801 0.070711
0 0.075099 0.836919 0.049597 0.072807
0 0.976617 0.272093 0.044936 0.069567
0 0.584230 0.860806 0.056775 0.079687
0 0.475702 0.643291 0.047397 0.077315
0 0.307821 0.754904 0.051748 0.070390
0 0.405599 0.549560 0.052394 0.087217
0 0.066658 0.756013 0.055217 0.079192
0 0.937117 0.205822 0.048479 0.070171
0 0.062471 0.378345 0.050529 0.073934
0 0.594875 0.316867 0.051307 0.078455
0 0.038022 0.581620 0.053236 0.088909
0 0.530614 0.781924 0.052732 0.081974
0 0.060442 0.234727 0.054405 0.079414
0 0.182666 0.423863 0.051549 0.074415
0 0.566448 0.505133 0.051868 0.076128
0 0.749799 0.660246 0.047689 0.078240
0 0.069855 0.087597 0.050693 0.082794
0 0.362665 0.797310 0.048808 0.072305
0 0.519772 0.679769 0.049465 0.077887
0 0.491216 0.195323 0.045150 0.086594
0 0.568767 0.251401 0.052276 0.072163
0 0.507826 0.915150 0.055975 0.078724
0 0.227411 0.395307 0.045371 0.070836
0 0.745920 0.584159 0.047502 0.069901
0 0.456516 0.516240 0.052009 0.080416
0 0.940389 0.063303 0.051452 0.073350
0 0.051920 0.473316 0.052172 0.081020
0 0.656422 0.536194 0.052756 0.075577
0 0.696026 0.467753 0.047193 0.077589
0 0.107507 0.049924 0.045228 0.079186
0 0.356132 0.257466 0.049190 0.074557
0 0.108704 0.423905 0.052879 0.083944
0 0.909359 0.614243 0.051108 0.081769
0 0.963233 0.600930 0.053050 0.082075
0 0.409254 0.439669 0.053957 0.085352
0 0.678607 0.770867 0.058244 0.087113
0 0.130551 0.715435 0.047886 0.071921
0 0.141889 0.290894 0.053381 0.080022
0 0.685581 0.683498 0.052024 0.076774
0 0.330735 0.450311 0.051092 0.076897
0 0.918474 0.727406 0.049707 0.085727
0 0.869119 0.049940 0.051646 0.073727
0 0.457950 0.109608 0.051015 0.076768
0 0.709336 0.166965 0.048604 0.074585
0 0.923323 0.133028 0.049503 0.074945
0 0.271446 0.585166 0.054662 0.080427
0 0.179859 0.694244 0.047076 0.074466
0 0.336983 0.068664 0.047816 0.075391
0 0.128143 0.212091 0.057104 0.075146
0 0.718761 0.249484 0.055162 0.081197
0 0.667521 0.102666 0.055216 0.084512
0 0.299981 0.680346 0.050966 0.076666
0 0.229455 0.692109 0.048023 0.082315
0 0.425197 0.290293 0.054177 0.074987
0 0.715479 0.329958 0.051969 0.075268
0 0.759533 0.504130 0.054865 0.082853
0 0.808930 0.071240 0.055620 0.090727
0 0.326052 0.150849 0.051742 0.082841
0 0.544437 0.179290 0.053940 0.084231
0 0.566212 0.409977 0.053108 0.082923
0 0.206420 0.126520 0.051820 0.079812
0 0.072812 0.676549 0.051989 0.075515
0 0.753864 0.425575 0.049007 0.076898
0 0.306771 0.272861 0.050891 0.079959
0 0.859485 0.583258 0.051768 0.078352
0 0.510358 0.280413 0.049387 0.077867
0 0.646198 0.200406 0.056050 0.084954
0 0.860389 0.764992 0.054762 0.079137
0 0.867088 0.677062 0.048862 0.071221
0 0.271337 0.176723 0.053603 0.078690
0 0.818059 0.211825 0.053679 0.076561
0 0.233971 0.319401 0.049976 0.076364
0 0.140137 0.137540 0.051947 0.074831
0 0.851307 0.386108 0.052428 0.079615
0 0.918323 0.282141 0.052863 0.086715
0 0.857225 0.132152 0.052097 0.080124
0 0.125874 0.609495 0.054909 0.082424
0 0.262403 0.492648 0.052498 0.083727
1 0.469585 0.417163 0.041334 0.059595
1 0.558101 0.977354 0.054592 0.045292