0 0.741514 0.002513 0.042091 0.005026
0 0.002388 0.690569 0.004762 0.064375
0 0.004351 0.353255 0.008702 0.067437
0 0.163126 0.003168 0.031936 0.006277
0 0.256085 0.990587 0.040652 0.016014
0 0.641699 0.005930 0.039494 0.011859
0 0.008094 0.612060 0.016173 0.074394
0 0.375380 0.007090 0.037921 0.014180
0 0.211782 0.006375 0.038838 0.012749
0 0.298855 0.985901 0.042903 0.025011
0 0.982817 0.977391 0.032682 0.042115
0 0.950166 0.982959 0.041325 0.031213
0 0.010330 0.926269 0.020591 0.082341
0 0.007792 0.152679 0.015584 0.076878
0 0.991786 0.928704 0.014837 0.074527
0 0.990519 0.439364 0.017485 0.076103
0 0.662234 0.984642 0.050273 0.027711
0 0.894258 0.011177 0.045489 0.022355
0 0.984467 0.064210 0.029324 0.075855
0 0.115302 0.013518 0.052395 0.027036
0 0.033285 0.454067 0.053223 0.078133
0 0.158445 0.973148 0.057332 0.050357
0 0.017952 0.826500 0.035904 0.083465
0 0.467956 0.980145 0.053624 0.036647
0 0.551291 0.973393 0.043397 0.049752
0 0.135980 0.917152 0.046956 0.079584
0 0.340462 0.960369 0.050849 0.075805
0 0.274054 0.015635 0.048507 0.031270
0 0.592957 0.018365 0.053674 0.036726
0 0.390736 0.963528 0.047924 0.069509
0 0.908724 0.972987 0.047576 0.051109
0 0.073712 0.969776 0.050803 0.056914
0 0.101849 0.857351 0.046357 0.072506
0 0.517966 0.803595 0.050691 0.078410
0 0.047315 0.724420 0.046331 0.075247
0 0.057949 0.025654 0.058638 0.051309
0 0.021458 0.285384 0.042916 0.078741
0 0.030656 0.204429 0.051980 0.072715
0 0.306191 0.905609 0.053661 0.079422
0 0.062052 0.812286 0.049916 0.076268
0 0.030957 0.372885 0.052110 0.073951
0 0.887893 0.432712 0.049225 0.078535
0 0.325496 0.026357 0.050352 0.052714
0 0.258598 0.936500 0.051899 0.086104
0 0.431759 0.919055 0.050459 0.075035
0 0.031671 0.545506 0.059099 0.093275
0 0.516573 0.723277 0.059958 0.085931
0 0.639477 0.235637 0.054083 0.067888
0 0.742738 0.961628 0.052582 0.073207
0 0.785138 0.027166 0.049213 0.054331
0 0.146657 0.813079 0.054506 0.080224
0 0.951713 0.029204 0.052600 0.058409
0 0.163467 0.665417 0.053560 0.082523
0 0.121787 0.617076 0.055123 0.083829
0 0.638811 0.937888 0.053316 0.080024
0 0.624929 0.466195 0.050373 0.077085
0 0.501417 0.091359 0.052390 0.082198
0 0.556658 0.838995 0.050222 0.074034
0 0.258847 0.749781 0.049301 0.070884
0 0.589677 0.888538 0.051430 0.080792
0 0.470224 0.032447 0.056268 0.064893
0 0.973602 0.607835 0.050823 0.090395
0 0.249294 0.678258 0.052123 0.073995
0 0.494497 0.645599 0.054455 0.082977
0 0.055181 0.644730 0.053997 0.078577
0 0.373181 0.052923 0.052021 0.074676
0 0.907722 0.503687 0.051239 0.076722
0 0.438715 0.335126 0.056900 0.087709
0 0.524443 0.192586 0.056258 0.079740
0 0.203644 0.882230 0.050134 0.086840
0 0.818007 0.647341 0.060546 0.079664
0 0.242163 0.451053 0.046522 0.070641
0 0.364421 0.289126 0.052631 0.080495
0 0.801709 0.573092 0.053762 0.074239
0 0.707479 0.888394 0.051754 0.083887
0 0.683397 0.270635 0.048991 0.078361
0 0.312810 0.643924 0.052186 0.079797
0 0.765095 0.666011 0.046531 0.083497
0 0.230411 0.151651 0.049093 0.076310
0 0.587529 0.768044 0.048140 0.078594
0 0.716521 0.647688 0.051564 0.080201
0 0.847769 0.485637 0.047384 0.077096
0 0.550531 0.112834 0.054903 0.082814
0 0.099280 0.734016 0.055372 0.086005
0 0.080728 0.404014 0.053790 0.088478
0 0.851574 0.955041 0.054355 0.078515
0 0.673648 0.497576 0.053783 0.079069
0 0.802413 0.350242 0.048374 0.073261
0 0.202290 0.091336 0.048727 0.070760
0 0.847374 0.390428 0.047174 0.083320
0 0.108353 0.150966 0.053345 0.080110
0 0.708452 0.204479 0.053961 0.075977
0 0.733980 0.729621 0.050792 0.083490
0 0.635576 0.165129 0.052985 0.079789
0 0.200344 0.593754 0.053916 0.077642
0 0.848971 0.873316 0.046025 0.074522
0 0.417906 0.259656 0.051216 0.075431
0 0.529813 0.588177 0.047104 0.093997
0 0.620108 0.548661 0.054801 0.082035
0 0.253181 0.600114 0.049468 0.078463
0 0.428569 0.836346 0.055504 0.084650
0 0.188246 0.203056 0.054149 0.087651
0 0.370955 0.804415 0.052343 0.090668
0 0.319712 0.817752 0.051776 0.087109
0 0.531637 0.403745 0.050603 0.085410
0 0.893864 0.823807 0.046931 0.072102
0 0.578434 0.597490 0.050251 0.083002
0 0.704174 0.567532 0.047288 0.080810
0 0.112704 0.512448 0.055551 0.082818
0 0.623649 0.081896 0.052104 0.077939
0 0.224301 0.521922 0.050682 0.076312
0 0.654641 0.854557 0.055142 0.087555
0 0.126462 0.073034 0.048192 0.079184
0 0.322677 0.474849 0.052575 0.073335
0 0.939332 0.439570 0.049541 0.076261
0 0.905170 0.087795 0.051457 0.073352
0 0.570188 0.234674 0.049435 0.083130
0 0.277951 0.183209 0.050446 0.077733
0 0.709168 0.129884 0.047700 0.070799
0 0.285856 0.262425 0.049593 0.074695
0 0.554840 0.319925 0.047265 0.078356
0 0.694441 0.791066 0.051152 0.093263
0 0.384337 0.643482 0.051505 0.081786
0 0.657514 0.626617 0.050595 0.088199
0 0.335255 0.569004 0.049399 0.071262
0 0.206910 0.400862 0.052816 0.081018
0 0.922837 0.582224 0.053129 0.079993
0 0.325864 0.727578 0.056718 0.081850
0 0.931138 0.325385 0.050984 0.082287
0 0.611900 0.692536 0.056182 0.075359
0 0.822335 0.109357 0.054183 0.078373
0 0.874101 0.700897 0.046993 0.071330
0 0.372375 0.136326 0.053182 0.079263
0 0.497371 0.336313 0.055613 0.081892
0 0.912085 0.892269 0.048217 0.075742
0 0.960297 0.710805 0.047825 0.071886
0 0.958845 0.219551 0.051923 0.083699
0 0.763935 0.188726 0.051118 0.084217
0 0.909169 0.247780 0.049239 0.079236
0 0.776515 0.801124 0.057912 0.086401
0 0.822735 0.190766 0.061143 0.084678
0 0.351190 0.211675 0.052121 0.077959
0 0.436710 0.453076 0.047665 0.075602
0 0.885433 0.168541 0.055800 0.081614
0 0.956002 0.128607 0.053631 0.080937
0 0.387884 0.557795 0.054498 0.076088
0 0.093804 0.284757 0.050463 0.080738
0 0.789869 0.493612 0.052697 0.081171
0 0.231566 0.266984 0.053236 0.086209
0 0.623939 0.379909 0.054142 0.085859
0 0.823062 0.277889 0.053980 0.077329
0 0.752565 0.288513 0.046378 0.075875
0 0.836839 0.757786 0.055050 0.086609
0 0.917125 0.749231 0.048212 0.080646
0 0.464707 0.551888 0.052747 0.080661
0 0.296621 0.347810 0.049123 0.075530
0 0.382812 0.465040 0.050662 0.085987
1 0.611133 0.293802 0.024956 0.072706
1 0.162311 0.749106 0.052252 0.082241
2 0.104600 0.805721 0.022617 0.028605