0 0.997671 0.393389 0.004552 0.067553
0 0.614604 0.994347 0.034154 0.009436
0 0.001627 0.531223 0.003232 0.067596
0 0.002798 0.736092 0.005555 0.068775
0 0.002617 0.452084 0.005202 0.073483
0 0.997041 0.564026 0.005341 0.060607
0 0.962692 0.004051 0.037189 0.008087
0 0.004209 0.179116 0.008418 0.056555
0 0.381522 0.989417 0.032660 0.018439
0 0.009430 0.099523 0.018859 0.080368
0 0.730254 0.786655 0.045471 0.073781
0 0.831799 0.010113 0.044312 0.020166
0 0.990314 0.472523 0.018022 0.072516
0 0.175227 0.976878 0.042375 0.042856
0 0.673034 0.979294 0.050555 0.038453
0 0.541513 0.010322 0.047940 0.020644
0 0.013286 0.830644 0.026559 0.077970
0 0.338418 0.974924 0.055538 0.046762
0 0.253336 0.950555 0.045966 0.074840
0 0.982683 0.895008 0.032825 0.078262
0 0.108835 0.976898 0.051660 0.043068
0 0.215611 0.960574 0.046663 0.075072
0 0.672635 0.930444 0.056321 0.068443
0 0.336989 0.922239 0.044197 0.063974
0 0.033317 0.037497 0.054187 0.074994
0 0.972263 0.958779 0.046074 0.073735
0 0.982573 0.786525 0.032987 0.078005
0 0.767518 0.972781 0.054757 0.051430
0 0.419660 0.967841 0.045533 0.061200
0 0.361222 0.017146 0.055809 0.034292
0 0.026590 0.390198 0.053180 0.083392
0 0.023582 0.671869 0.047164 0.089164
0 0.078769 0.023125 0.050781 0.046251
0 0.820461 0.261892 0.058689 0.076957
0 0.746279 0.714269 0.048087 0.073899
0 0.221069 0.681493 0.043500 0.070831
0 0.027325 0.937661 0.050364 0.077406
0 0.392930 0.538279 0.052827 0.088536
0 0.365661 0.074930 0.055220 0.078662
0 0.480708 0.966042 0.054909 0.065042
0 0.426015 0.631892 0.053727 0.084710
0 0.813188 0.839654 0.053452 0.088239
0 0.723406 0.036556 0.049656 0.073112
0 0.213780 0.092369 0.047381 0.074497
0 0.674137 0.055012 0.047993 0.072863
0 0.029635 0.201280 0.045260 0.074726
0 0.818992 0.064135 0.047451 0.075017
0 0.672485 0.857043 0.048932 0.076785
0 0.624259 0.751294 0.046815 0.077501
0 0.697291 0.743837 0.048638 0.081896
0 0.920238 0.953537 0.052422 0.080195
0 0.411633 0.707587 0.054117 0.084164
0 0.481651 0.811927 0.045991 0.071798
0 0.769935 0.064859 0.046233 0.082399
0 0.101673 0.917707 0.052053 0.078384
0 0.851547 0.773796 0.049103 0.086114
0 0.079488 0.787285 0.051107 0.079620
0 0.161790 0.919030 0.053581 0.083788
0 0.616779 0.947129 0.048714 0.076588
0 0.056535 0.857260 0.055281 0.080440
0 0.107678 0.719261 0.047907 0.079323
0 0.721171 0.866060 0.048516 0.084546
0 0.583892 0.721157 0.049356 0.086566
0 0.813599 0.930232 0.051125 0.079865
0 0.141164 0.644448 0.048710 0.075072
0 0.396311 0.908247 0.052854 0.078307
0 0.319845 0.190907 0.056317 0.073953
0 0.313794 0.755009 0.049195 0.089610
0 0.480134 0.670017 0.045232 0.078738
0 0.347076 0.666716 0.050531 0.075877
0 0.193841 0.609158 0.051292 0.083466
0 0.268650 0.479217 0.049445 0.070996
0 0.429607 0.036550 0.048220 0.071798
0 0.198427 0.760246 0.054250 0.079264
0 0.842482 0.197707 0.049416 0.082392
0 0.240001 0.031304 0.053777 0.062542
0 0.902060 0.405066 0.048912 0.074954
0 0.055366 0.323566 0.046953 0.077291
0 0.363616 0.740702 0.049369 0.069773
0 0.446261 0.863497 0.053181 0.073464
0 0.280917 0.893644 0.047036 0.072780
0 0.883208 0.247134 0.047727 0.078461
0 0.292489 0.679014 0.050975 0.077997
0 0.791883 0.332346 0.048489 0.084210
0 0.336244 0.127144 0.054110 0.078138
0 0.355037 0.854283 0.053473 0.078601
0 0.109925 0.117897 0.054318 0.065653
0 0.943858 0.760224 0.046815 0.089868
0 0.867350 0.052670 0.048615 0.080170
0 0.575165 0.370305 0.046022 0.071231
0 0.607280 0.850480 0.050747 0.077181
0 0.433588 0.484180 0.050048 0.081465
0 0.474575 0.541313 0.050363 0.076323
0 0.498356 0.164847 0.050321 0.080702
0 0.749961 0.633973 0.051045 0.076205
0 0.975021 0.061512 0.047701 0.078303
0 0.909277 0.097196 0.047694 0.074334
0 0.528476 0.424147 0.055056 0.083474
0 0.873725 0.344970 0.048001 0.076225
0 0.955639 0.593053 0.050008 0.081702
0 0.874625 0.581778 0.044174 0.077377
0 0.249231 0.778837 0.046114 0.078078
0 0.532905 0.946812 0.049512 0.075648
0 0.724355 0.541481 0.048938 0.080609
0 0.668967 0.134618 0.051643 0.077894
0 0.332044 0.430890 0.050174 0.083201
0 0.601853 0.188102 0.051709 0.080985
0 0.758602 0.408442 0.054338 0.091122
0 0.632721 0.648356 0.051314 0.077174
0 0.223587 0.455221 0.050746 0.084144
0 0.194394 0.844381 0.052124 0.079215
0 0.136055 0.817592 0.051505 0.080332
0 0.124301 0.435966 0.052119 0.079743
0 0.490900 0.064096 0.050579 0.083124
0 0.125283 0.293405 0.047751 0.076487
0 0.519400 0.586889 0.052345 0.077747
0 0.376322 0.407068 0.049172 0.085676
0 0.886785 0.725543 0.051601 0.081806
0 0.149065 0.561980 0.054340 0.080107
0 0.544477 0.061091 0.049398 0.072638
0 0.725688 0.275526 0.053139 0.078136
0 0.909113 0.862994 0.055151 0.084252
0 0.543745 0.271055 0.056831 0.089055
0 0.222601 0.206967 0.052246 0.071995
0 0.256428 0.128919 0.049164 0.075545
0 0.806442 0.482530 0.049644 0.080181
0 0.093133 0.194499 0.055337 0.083277
0 0.675276 0.502773 0.050731 0.078350
0 0.291833 0.253576 0.051859 0.077578
0 0.292220 0.573183 0.050787 0.078031
0 0.666656 0.270008 0.056052 0.083964
0 0.925354 0.291601 0.050508 0.080129
0 0.608684 0.512693 0.053794 0.080526
0 0.955165 0.149607 0.053623 0.085005
0 0.071085 0.644682 0.053211 0.081744
0 0.433449 0.258787 0.053914 0.080693
0 0.695512 0.385146 0.052046 0.080722
0 0.738491 0.193029 0.052134 0.078131
0 0.552516 0.515791 0.052469 0.079771
0 0.174952 0.339964 0.049669 0.089740
0 0.966291 0.248710 0.053226 0.085428
0 0.163552 0.137239 0.051407 0.089950
0 0.371000 0.257089 0.051386 0.074995
1 0.442679 0.553039 0.018717 0.059595
1 0.521447 0.761025 0.034315 0.082241
1 0.807274 0.746722 0.047573 0.082241
1 0.778028 0.788439 0.042114 0.084625
1 0.941413 0.657926 0.050692 0.069130
1 0.238350 0.597139 0.037434 0.078665
2 0.048058 0.140048 0.020277 0.032181
2 0.359231 0.519070 0.017157 0.027414