0 0.727200 0.115320 0.050388 0.058718
0 0.003128 0.835159 0.006257 0.058459
0 0.176886 0.009003 0.049781 0.018006
0 0.755920 0.993041 0.033046 0.011409
0 0.004303 0.389833 0.008593 0.065177
0 0.969450 0.992442 0.030973 0.012727
0 0.737068 0.007002 0.034626 0.014005
0 0.689513 0.006877 0.035129 0.013754
0 0.992632 0.022237 0.013315 0.044470
0 0.335765 0.991634 0.041262 0.013961
0 0.993099 0.095380 0.012324 0.063801
0 0.992566 0.295952 0.013270 0.067017
0 0.007308 0.727922 0.014590 0.061808
0 0.992425 0.699203 0.013516 0.062548
0 0.988610 0.963893 0.021171 0.068785
0 0.576160 0.019522 0.040973 0.039043
0 0.837472 0.985262 0.042701 0.026337
0 0.732174 0.058677 0.047192 0.070233
0 0.553739 0.985947 0.042075 0.024991
0 0.648282 0.176589 0.044992 0.066791
0 0.017946 0.969155 0.035893 0.058759
0 0.985691 0.775439 0.026734 0.076497
0 0.016696 0.565576 0.033386 0.083890
0 0.019566 0.660225 0.039132 0.084381
0 0.168667 0.982812 0.044297 0.031341
0 0.707730 0.981130 0.043738 0.034637
0 0.773693 0.027775 0.046198 0.055551
0 0.163348 0.049968 0.047333 0.076863
0 0.516476 0.016770 0.049097 0.033540
0 0.885761 0.017040 0.046808 0.034080
0 0.486723 0.972774 0.051347 0.051236
0 0.613197 0.845334 0.044329 0.075657
0 0.977171 0.428718 0.041172 0.066549
0 0.597962 0.136748 0.043029 0.076025
0 0.173831 0.699410 0.054155 0.078325
0 0.804241 0.793508 0.049471 0.088490
0 0.455247 0.022728 0.055003 0.045399
0 0.538065 0.936790 0.046386 0.084285
0 0.637795 0.904614 0.052949 0.076511
0 0.518082 0.389804 0.043329 0.073784
0 0.974619 0.337159 0.048195 0.081466
0 0.350539 0.155949 0.053135 0.078919
0 0.350440 0.085693 0.047967 0.082170
0 0.022055 0.239362 0.044110 0.086552
0 0.660376 0.965288 0.049442 0.066076
0 0.110935 0.179989 0.048777 0.075987
0 0.044580 0.458650 0.043628 0.071365
0 0.126511 0.966100 0.042100 0.064532
0 0.581566 0.905679 0.046964 0.084850
0 0.418021 0.169949 0.057283 0.072753
0 0.473430 0.482325 0.046899 0.084925
0 0.173101 0.116289 0.052002 0.080118
0 0.074098 0.041063 0.048784 0.082126
0 0.323712 0.022849 0.054178 0.045699
0 0.758025 0.181764 0.045123 0.076823
0 0.179389 0.614071 0.046925 0.075567
0 0.887306 0.964141 0.052006 0.066900
0 0.835878 0.737058 0.051420 0.077588
0 0.071517 0.136391 0.047557 0.080527
0 0.118184 0.098204 0.050023 0.077141
0 0.310592 0.922115 0.046193 0.080160
0 0.450864 0.089939 0.047458 0.079885
0 0.259681 0.028715 0.042246 0.057430
0 0.676380 0.799528 0.048950 0.081275
0 0.333253 0.348203 0.043861 0.075707
0 0.224386 0.636965 0.048021 0.077073
0 0.052034 0.534358 0.044903 0.073376
0 0.572799 0.820661 0.045572 0.075157
0 0.890178 0.864952 0.047289 0.076032
0 0.260854 0.477979 0.044102 0.075348
0 0.213461 0.041662 0.043501 0.083324
0 0.026520 0.875066 0.049645 0.087953
0 0.228233 0.712120 0.047257 0.075205
0 0.306097 0.423859 0.048415 0.081511
0 0.658748 0.739391 0.059098 0.085310
0 0.605318 0.683640 0.040755 0.068423
0 0.212494 0.488820 0.046068 0.072540
0 0.706648 0.378181 0.044863 0.068376
0 0.826328 0.361527 0.048533 0.082580
0 0.791404 0.960868 0.049060 0.074794
0 0.258742 0.098587 0.044014 0.073477
0 0.559944 0.357330 0.043591 0.081653
0 0.972898 0.053319 0.041245 0.079165
0 0.542387 0.447399 0.055148 0.087099
0 0.879342 0.078303 0.052539 0.081163
0 0.352907 0.887009 0.049185 0.081498
0 0.380014 0.668245 0.051859 0.080373
0 0.459857 0.639759 0.050669 0.091375
0 0.087659 0.478106 0.038560 0.092842
0 0.198831 0.925517 0.046817 0.075016
0 0.529223 0.844705 0.047236 0.081411
0 0.086319 0.790117 0.046422 0.087256
0 0.423831 0.470130 0.050089 0.088049
0 0.305103 0.836438 0.043318 0.074264
0 0.415895 0.713399 0.042752 0.070411
0 0.068320 0.257655 0.048280 0.081300
0 0.972839 0.623183 0.048204 0.072630
0 0.730695 0.451765 0.051228 0.084032
0 0.060183 0.695461 0.048551 0.080063
0 0.856609 0.815896 0.049831 0.077790
0 0.913513 0.539938 0.044535 0.089819
0 0.749960 0.347268 0.049756 0.076271
0 0.117391 0.730739 0.046061 0.072794
0 0.136516 0.495635 0.047655 0.078870
0 0.730720 0.814495 0.052235 0.082713
0 0.861041 0.554502 0.051666 0.069237
0 0.379268 0.396667 0.045925 0.078058
0 0.032521 0.368924 0.044185 0.075443
0 0.779324 0.451817 0.046477 0.086703
0 0.864389 0.231271 0.046060 0.076394
0 0.449171 0.251469 0.050625 0.079974
0 0.260892 0.393379 0.050076 0.080857
0 0.132061 0.249160 0.045710 0.076152
0 0.540313 0.763831 0.046111 0.070892
0 0.889514 0.620423 0.055661 0.075158
0 0.372308 0.591847 0.045626 0.076203
0 0.546162 0.125871 0.050087 0.096901
0 0.304804 0.093769 0.042682 0.091280
0 0.605426 0.349368 0.044385 0.074885
0 0.395229 0.239672 0.053920 0.092020
0 0.498166 0.153532 0.047161 0.075462
0 0.671964 0.568539 0.050030 0.084459
0 0.752808 0.529245 0.054901 0.072640
0 0.581413 0.552352 0.050131 0.070379
0 0.264114 0.191511 0.048918 0.080532
0 0.486123 0.804731 0.050010 0.075086
0 0.774639 0.289366 0.048583 0.082218
0 0.912087 0.448894 0.048775 0.074994
0 0.631983 0.526991 0.048122 0.081244
0 0.764198 0.763275 0.044630 0.080060
0 0.399521 0.085468 0.045756 0.098494
0 0.955792 0.555290 0.048382 0.078867
0 0.738716 0.603445 0.049221 0.076618
0 0.923878 0.055488 0.046818 0.079773
0 0.560963 0.656803 0.043197 0.072720
0 0.223493 0.854301 0.052019 0.075173
0 0.819360 0.103180 0.050083 0.085366
0 0.304950 0.619671 0.048774 0.076000
0 0.134859 0.340909 0.044274 0.072762
0 0.703819 0.296503 0.044257 0.076883
0 0.425006 0.324801 0.048894 0.081886
0 0.883721 0.164622 0.052661 0.077737
0 0.793770 0.600648 0.044487 0.067033
0 0.958267 0.708326 0.050351 0.079933
0 0.279577 0.272178 0.049494 0.078218
0 0.335697 0.729993 0.049421 0.077917
0 0.216907 0.318847 0.053056 0.079559
0 0.173951 0.442213 0.048779 0.083008
0 0.509040 0.657557 0.050244 0.082583
0 0.398954 0.849070 0.051038 0.081509
0 0.873410 0.697657 0.051442 0.085475
0 0.826499 0.491193 0.054501 0.086681
0 0.296802 0.535382 0.048155 0.076298
0 0.584724 0.245408 0.053801 0.090369
0 0.604325 0.446521 0.050215 0.085392
0 0.084875 0.361213 0.049054 0.085273
0 0.946708 0.158811 0.048595 0.076425
0 0.425612 0.583941 0.053145 0.092666
0 0.959936 0.238061 0.055420 0.076642
1 0.207544 0.249702 0.050692 0.060787
1 0.025199 0.051251 0.050398 0.081049
1 0.140474 0.581645 0.055372 0.081049
1 0.203645 0.553635 0.055372 0.075089
1 0.188047 0.772348 0.064730 0.095352
1 0.124487 0.877235 0.049912 0.081049
1 0.499610 0.896305 0.053032 0.064362
1 0.597875 0.751490 0.046793 0.070322
1 0.938684 0.787843 0.059271 0.066746
1 0.951942 0.403456 0.054592 0.084625
1 0.677423 0.218713 0.042114 0.058403
1 0.716027 0.170441 0.047573 0.085816
1 0.588127 0.065554 0.042894 0.071514
1 0.832620 0.283671 0.057711 0.081049
1 0.367810 0.309893 0.048353 0.088200
1 0.468025 0.410012 0.063170 0.066746
3 0.654807 0.070918 0.106064 0.141836
2 0.310099 0.172825 0.028076 0.042908
2 0.164261 0.853993 0.032755 0.051251