0 0.267443 0.001745 0.039527 0.003477
0 0.002172 0.340607 0.004334 0.061781
0 0.996668 0.732920 0.005894 0.046432
0 0.131119 0.993348 0.035659 0.011379
0 0.995765 0.219204 0.007965 0.049373
0 0.994337 0.976058 0.009812 0.044864
0 0.141301 0.004128 0.033836 0.008255
0 0.614741 0.298034 0.053989 0.083431
0 0.296571 0.980634 0.043881 0.035548
0 0.586342 0.274183 0.046175 0.083805
0 0.899737 0.005316 0.037611 0.010632
0 0.342232 0.972465 0.051340 0.051575
0 0.557576 0.748167 0.051355 0.079129
0 0.533166 0.719023 0.042368 0.073520
0 0.487960 0.991658 0.040305 0.013927
0 0.417699 0.990512 0.039939 0.016106
0 0.015544 0.650065 0.031089 0.080514
0 0.598984 0.988437 0.043307 0.020032
0 0.981257 0.463704 0.036082 0.077069
0 0.007466 0.102091 0.014932 0.072924
0 0.225463 0.882164 0.054993 0.077613
0 0.483046 0.726778 0.050163 0.070624
0 0.451740 0.753318 0.055572 0.083869
0 0.954540 0.447419 0.048417 0.077731
0 0.209688 0.828929 0.048867 0.072386
0 0.417997 0.850811 0.040804 0.079063
0 0.991529 0.666247 0.015694 0.071574
0 0.010934 0.561972 0.021867 0.086862
0 0.378399 0.852004 0.048302 0.079878
0 0.989526 0.335125 0.019597 0.067949
0 0.989110 0.800091 0.020172 0.074680
0 0.165714 0.491412 0.055141 0.076282
0 0.651152 0.976663 0.052643 0.043334
0 0.023637 0.967229 0.047274 0.062436
0 0.333873 0.590303 0.046575 0.073586
0 0.017788 0.767159 0.035546 0.067149
0 0.982745 0.266741 0.033021 0.072801
0 0.327667 0.013492 0.048387 0.026887
0 0.020731 0.895574 0.041462 0.072646
0 0.182568 0.714803 0.044604 0.075022
0 0.285029 0.643244 0.050174 0.080414
0 0.959429 0.876065 0.053989 0.072499
0 0.071921 0.939143 0.050650 0.080536
0 0.040940 0.677469 0.054766 0.084012
0 0.644250 0.928347 0.048477 0.070045
0 0.370394 0.929909 0.052029 0.073171
0 0.225995 0.745037 0.052641 0.070382
0 0.831438 0.717860 0.055404 0.069800
0 0.188187 0.447585 0.051488 0.079288
0 0.118517 0.954817 0.046184 0.078608
0 0.392709 0.758337 0.053623 0.075002
0 0.321174 0.681284 0.057736 0.084274
0 0.777381 0.973274 0.050063 0.050340
0 0.668767 0.033309 0.057172 0.066517
0 0.691683 0.782408 0.052416 0.072396
0 0.169328 0.938775 0.051261 0.080629
0 0.490235 0.657050 0.054980 0.078564
0 0.699469 0.909867 0.052494 0.075769
0 0.875789 0.751808 0.056812 0.077093
0 0.923955 0.936421 0.051011 0.073908
0 0.279253 0.763954 0.055022 0.086287
0 0.225520 0.672624 0.055839 0.078876
0 0.951066 0.808081 0.049652 0.083320
0 0.104337 0.652635 0.045546 0.083973
0 0.898321 0.818259 0.048974 0.075410
0 0.550360 0.933483 0.053810 0.086219
0 0.732318 0.850498 0.056105 0.079647
0 0.829321 0.645853 0.055748 0.074542
0 0.828237 0.575168 0.048440 0.066083
0 0.372342 0.626633 0.050597 0.080589
0 0.870815 0.908626 0.049402 0.074070
0 0.328733 0.224287 0.049760 0.074736
0 0.464092 0.830334 0.056511 0.082061
0 0.693357 0.701074 0.051090 0.082998
0 0.596201 0.894887 0.051630 0.078929
0 0.150302 0.641654 0.044851 0.083084
0 0.487058 0.458573 0.051845 0.080164
0 0.304825 0.548649 0.053890 0.081399
0 0.978320 0.170968 0.042138 0.077535
0 0.448684 0.036740 0.047172 0.073349
0 0.251152 0.564301 0.046583 0.072329
0 0.550356 0.328621 0.049805 0.078625
0 0.038367 0.590653 0.047687 0.081530
0 0.260162 0.121948 0.051796 0.062944
0 0.024416 0.163908 0.048833 0.078175
0 0.753355 0.774486 0.063617 0.086700
0 0.512800 0.398128 0.055235 0.073985
0 0.885849 0.429817 0.049450 0.073992
0 0.627258 0.697001 0.054523 0.082031
0 0.687475 0.430062 0.047137 0.073636
0 0.067209 0.322138 0.048845 0.089521
0 0.265021 0.428709 0.046078 0.075455
0 0.141334 0.561380 0.048808 0.071759
0 0.189872 0.021142 0.053537 0.042282
0 0.029296 0.279784 0.051186 0.079791
0 0.444759 0.617196 0.048140 0.084955
0 0.087504 0.584215 0.043276 0.074457
0 0.652253 0.630962 0.056137 0.080755
0 0.930553 0.689596 0.050110 0.076738
0 0.033655 0.033018 0.052675 0.066036
0 0.540920 0.184907 0.050453 0.076377
0 0.390577 0.515826 0.046802 0.070560
0 0.564424 0.601278 0.052520 0.077229
0 0.436476 0.376388 0.049712 0.074522
0 0.202116 0.553821 0.047182 0.079418
0 0.305667 0.158684 0.056995 0.085268
0 0.569532 0.516583 0.051982 0.079220
0 0.316516 0.431055 0.052278 0.079588
0 0.586534 0.130459 0.049209 0.071997
0 0.824201 0.135432 0.049214 0.077653
0 0.483776 0.276382 0.059297 0.089483
0 0.949431 0.607811 0.057167 0.088309
0 0.201946 0.274393 0.049923 0.079854
0 0.379303 0.303209 0.054083 0.086971
0 0.725502 0.194491 0.043678 0.072601
0 0.631239 0.529477 0.055473 0.083381
0 0.711835 0.270713 0.047959 0.072171
0 0.251688 0.197480 0.053395 0.078890
0 0.425144 0.262613 0.052382 0.081050
0 0.113953 0.220725 0.057039 0.077640
0 0.514418 0.088690 0.051701 0.081415
0 0.249072 0.046667 0.052461 0.083152
0 0.613865 0.068831 0.055463 0.085662
0 0.738542 0.405643 0.057452 0.078190
0 0.163971 0.186720 0.053973 0.077642
0 0.874427 0.189743 0.052512 0.066928
0 0.800263 0.352220 0.054711 0.084152
0 0.864331 0.355295 0.053118 0.079527
0 0.239653 0.319527 0.055778 0.089834
0 0.821388 0.047951 0.053763 0.087754
0 0.776682 0.527958 0.052071 0.078821
0 0.912870 0.296864 0.058666 0.083854
0 0.187128 0.089845 0.054351 0.075294
0 0.814931 0.244909 0.057047 0.086234
0 0.125894 0.123105 0.055369 0.082244
1 0.306199 0.365316 0.048353 0.048868
2 0.047668 0.468415 0.027296 0.040524
2 0.096411 0.483909 0.026516 0.042908
2 0.021152 0.814064 0.019497 0.033373
2 0.073794 0.769964 0.024956 0.038141
2 0.133845 0.808701 0.014038 0.022646
2 0.317118 0.953516 0.029636 0.038141
2 0.684442 0.958880 0.018717 0.027414
2 0.698480 0.662098 0.020277 0.029797
2 0.919577 0.576877 0.019497 0.030989
2 0.656756 0.359356 0.016378 0.027414
2 0.576818 0.224076 0.026516 0.035757
2 0.359621 0.061979 0.044453 0.052443
2 0.425521 0.728844 0.021837 0.032181
2 0.540554 0.574493 0.019497 0.028605
2 0.723436 0.758641 0.017157 0.022646
1 0.107719 0.290822 0.050692 0.057211
1 0.108717 0.863636 0.044204 0.079233
1 0.155104 0.851960 0.040929 0.079233
1 0.645708 0.461218 0.052935 0.080067
1 0.629609 0.366972 0.052389 0.093411
1 0.569580 0.410759 0.048024 0.080901