0 0.855468 0.004851 0.026926 0.009703
0 0.994844 0.011850 0.009193 0.023700
0 0.002961 0.174603 0.005923 0.056025
0 0.773604 0.992260 0.029477 0.012893
0 0.957901 0.004949 0.036192 0.009897
0 0.185696 0.008427 0.024252 0.016774
0 0.618741 0.989429 0.030321 0.018309
0 0.531281 0.008512 0.038099 0.017025
0 0.014840 0.968664 0.029680 0.059870
0 0.012591 0.907770 0.025181 0.069165
0 0.990630 0.218382 0.017163 0.071987
0 0.732941 0.982444 0.043433 0.032029
0 0.009871 0.595704 0.019731 0.070911
0 0.662860 0.983443 0.048083 0.030003
0 0.990060 0.136423 0.018205 0.074965
0 0.987606 0.492932 0.023073 0.072940
0 0.010904 0.102452 0.021808 0.072567
0 0.812985 0.980999 0.044862 0.034972
0 0.296153 0.895921 0.047239 0.067586
0 0.646114 0.924807 0.054271 0.075307
0 0.708636 0.948949 0.050551 0.065978
0 0.624362 0.012685 0.047545 0.025371
0 0.311345 0.966087 0.047089 0.064693
0 0.576938 0.886909 0.047827 0.071860
0 0.517314 0.963356 0.051254 0.069970
0 0.013888 0.335923 0.027776 0.080602
0 0.698282 0.876999 0.048903 0.072595
0 0.256538 0.937095 0.048566 0.078971
0 0.894159 0.014035 0.047269 0.028070
0 0.976925 0.565948 0.044250 0.078271
0 0.464894 0.936231 0.045845 0.070540
0 0.671335 0.686412 0.050791 0.075948
0 0.248912 0.760742 0.050135 0.078901
0 0.772490 0.017659 0.053455 0.035319
0 0.261106 0.848495 0.050404 0.077259
0 0.625285 0.855485 0.049361 0.076525
0 0.541635 0.828418 0.050494 0.075804
0 0.668646 0.819499 0.047309 0.076191
0 0.018781 0.836744 0.037552 0.066708
0 0.336709 0.014977 0.048035 0.029955
0 0.824529 0.684353 0.043573 0.069575
0 0.350453 0.915490 0.053241 0.072157
0 0.546538 0.667354 0.044763 0.073879
0 0.906344 0.970932 0.049017 0.055093
0 0.483817 0.016690 0.046746 0.033381
0 0.122863 0.938898 0.047168 0.070864
0 0.411270 0.899818 0.048164 0.073339
0 0.352599 0.843247 0.047876 0.075898
0 0.088449 0.899426 0.047532 0.069314
0 0.399266 0.368565 0.051916 0.072228
0 0.713236 0.799228 0.047800 0.079201
0 0.378211 0.568059 0.050089 0.080509
0 0.317435 0.345265 0.048015 0.067088
0 0.217232 0.017046 0.039929 0.034092
0 0.593490 0.759923 0.045267 0.079426
0 0.527441 0.578269 0.043350 0.070678
0 0.771559 0.483137 0.045732 0.066368
0 0.868972 0.656605 0.052948 0.091184
0 0.530913 0.743396 0.051391 0.078857
0 0.272785 0.703593 0.049790 0.079820
0 0.204898 0.942332 0.048811 0.080668
0 0.209377 0.841313 0.047674 0.078256
0 0.103712 0.776291 0.052001 0.065264
0 0.130278 0.609903 0.045049 0.068914
0 0.725382 0.451742 0.048277 0.070601
0 0.419140 0.707477 0.049559 0.080316
0 0.650882 0.610446 0.052750 0.079562
0 0.021665 0.034066 0.043312 0.068132
0 0.318529 0.161919 0.050897 0.084383
0 0.426044 0.548434 0.052753 0.080829
0 0.436932 0.831686 0.050179 0.080390
0 0.909989 0.458413 0.046991 0.072777
0 0.120559 0.842044 0.044658 0.066251
0 0.480495 0.389783 0.052764 0.070643
0 0.841916 0.924131 0.052539 0.075068
0 0.696392 0.377630 0.046262 0.074774
0 0.805728 0.758070 0.047785 0.076091
0 0.033007 0.535752 0.048619 0.080373
0 0.392300 0.301671 0.047113 0.071179
0 0.130917 0.437523 0.046643 0.075528
0 0.344435 0.287784 0.041226 0.082177
0 0.837895 0.372578 0.047029 0.077996
0 0.740678 0.166340 0.044947 0.074022
0 0.478893 0.539833 0.046773 0.075638
0 0.718610 0.650070 0.049423 0.076433
0 0.538718 0.224657 0.050086 0.077288
0 0.377218 0.437998 0.050232 0.080032
0 0.279669 0.033155 0.050304 0.066203
0 0.652281 0.337813 0.048720 0.082225
0 0.540405 0.300296 0.052049 0.078469
0 0.097563 0.388276 0.048866 0.077514
0 0.824702 0.291097 0.049957 0.079650
0 0.167670 0.659803 0.051153 0.076709
0 0.076632 0.309377 0.051252 0.077635
0 0.767861 0.411458 0.048401 0.077797
0 0.195810 0.127454 0.047302 0.078575
0 0.716206 0.101089 0.050143 0.071507
0 0.480534 0.318152 0.049971 0.070765
0 0.264711 0.473019 0.045867 0.070615
0 0.867531 0.225992 0.043802 0.068770
0 0.713138 0.529822 0.047095 0.077211
0 0.430099 0.030858 0.050207 0.061715
0 0.521844 0.494075 0.048531 0.082771
0 0.585192 0.557087 0.056417 0.080219
0 0.852715 0.504813 0.048156 0.072951
0 0.678819 0.036704 0.047849 0.073408
0 0.101808 0.126823 0.051320 0.069556
0 0.054684 0.660592 0.048660 0.073428
0 0.770095 0.224588 0.050498 0.081961
0 0.079166 0.581866 0.045720 0.075422
0 0.342441 0.086977 0.048849 0.079268
0 0.551684 0.115386 0.051856 0.076639
0 0.692354 0.171413 0.042522 0.071329
0 0.644463 0.513761 0.047738 0.076349
0 0.684434 0.266050 0.048146 0.067901
0 0.212851 0.195383 0.047176 0.072335
0 0.640479 0.065122 0.044076 0.069319
0 0.840156 0.042776 0.044513 0.074347
0 0.130183 0.192890 0.055253 0.074358
0 0.213789 0.598108 0.049689 0.076954
0 0.608536 0.302433 0.047721 0.078281
0 0.152746 0.029250 0.047792 0.058499
0 0.222685 0.684729 0.052441 0.080900
0 0.127833 0.537009 0.052016 0.068037
0 0.297370 0.422855 0.050449 0.079454
0 0.806993 0.105592 0.049296 0.079786
0 0.913218 0.369970 0.047692 0.071306
0 0.154020 0.112184 0.044045 0.089646
0 0.243277 0.539094 0.050909 0.076841
0 0.860716 0.145448 0.053829 0.076555
0 0.759037 0.070783 0.043474 0.074500
0 0.873359 0.323332 0.044155 0.080385
0 0.729258 0.318166 0.047217 0.079448
0 0.267159 0.198198 0.053138 0.070258
0 0.300175 0.269990 0.045000 0.079737
0 0.920581 0.117819 0.044220 0.072946
0 0.954117 0.184571 0.047450 0.076292
0 0.459088 0.090229 0.047692 0.076789
0 0.067316 0.063914 0.054258 0.087320
0 0.114068 0.269967 0.051456 0.085992
0 0.414811 0.136080 0.050233 0.079986
0 0.628901 0.198724 0.048349 0.080103
0 0.237012 0.347145 0.050136 0.077025
0 0.961442 0.301037 0.052633 0.080170
0 0.035030 0.173154 0.044350 0.066134
0 0.198456 0.280590 0.050433 0.080294
0 0.590889 0.062890 0.045875 0.091153
1 0.178299 0.359356 0.059271 0.075089
1 0.045719 0.366508 0.045233 0.089392
1 0.354162 0.361144 0.035095 0.069130
1 0.496101 0.250298 0.055372 0.090584
1 0.586957 0.250894 0.051472 0.094160
1 0.881752 0.073897 0.049912 0.088200
1 0.412263 0.631704 0.057711 0.078665
1 0.051958 0.955304 0.049912 0.082241
1 0.074964 0.727056 0.044453 0.069130
2 0.790506 0.936830 0.028076 0.040524
2 0.673524 0.535161 0.021837 0.030989
1 0.523786 0.063170 0.059271 0.066746