0 0.135742 0.003652 0.036282 0.007303
0 0.995619 0.792559 0.007449 0.053959
0 0.996172 0.352221 0.006360 0.055792
0 0.005817 0.722290 0.011634 0.059728
0 0.607918 0.005549 0.033764 0.011098
0 0.323159 0.990818 0.030868 0.015711
0 0.988847 0.979310 0.020585 0.038399
0 0.018777 0.988197 0.037430 0.020720
0 0.991541 0.910557 0.015289 0.071236
0 0.096078 0.986596 0.047706 0.023734
0 0.008554 0.312678 0.017091 0.071870
0 0.895459 0.984802 0.047177 0.027384
0 0.014238 0.920298 0.028476 0.073766
0 0.984334 0.578151 0.029364 0.086961
0 0.013021 0.112074 0.025960 0.072183
0 0.014567 0.395336 0.029107 0.077075
0 0.669871 0.980624 0.046653 0.035486
0 0.081236 0.013948 0.051483 0.027895
0 0.196613 0.013214 0.049029 0.026429
0 0.020356 0.039772 0.040712 0.078495
0 0.743594 0.017695 0.048572 0.035391
0 0.022922 0.765635 0.045284 0.079481
0 0.673955 0.825721 0.047044 0.082409
0 0.985140 0.275034 0.027977 0.079891
0 0.926776 0.562822 0.043628 0.081319
0 0.336764 0.015442 0.035655 0.030844
0 0.178229 0.937561 0.051499 0.074671
0 0.291777 0.965072 0.051609 0.060803
0 0.110960 0.097079 0.055002 0.078215
0 0.945137 0.951564 0.050152 0.071715
0 0.227091 0.893729 0.041048 0.071458
0 0.593414 0.757906 0.049489 0.084429
0 0.784586 0.947596 0.045358 0.069578
0 0.346193 0.558768 0.055628 0.069844
0 0.564740 0.020694 0.045396 0.041359
0 0.735502 0.433295 0.050300 0.068861
0 0.622856 0.968924 0.048984 0.058763
0 0.130756 0.039808 0.045331 0.065924
0 0.429561 0.775326 0.051734 0.071226
0 0.913536 0.711452 0.058727 0.070483
0 0.027187 0.852201 0.048405 0.078294
0 0.830096 0.450242 0.048376 0.064652
0 0.123562 0.783319 0.044422 0.079466
0 0.382308 0.026949 0.047273 0.053867
0 0.962651 0.836650 0.043512 0.076326
0 0.147151 0.899099 0.051260 0.078320
0 0.277333 0.896311 0.052404 0.071197
0 0.369311 0.863162 0.045441 0.066154
0 0.344823 0.951430 0.046058 0.078490
0 0.155423 0.558175 0.045084 0.077982
0 0.313256 0.409010 0.044700 0.071809
0 0.934167 0.782152 0.047211 0.071173
0 0.787981 0.801588 0.055132 0.076420
0 0.751180 0.893148 0.048631 0.077942
0 0.716017 0.830086 0.047647 0.087298
0 0.382962 0.601277 0.050128 0.083039
0 0.237569 0.753987 0.046817 0.071175
0 0.408061 0.459680 0.047659 0.070146
0 0.859029 0.949359 0.049262 0.075845
0 0.809938 0.385075 0.045536 0.072923
0 0.954745 0.670853 0.047461 0.072561
0 0.054044 0.098386 0.046086 0.083079
0 0.213670 0.816387 0.052025 0.081803
0 0.060347 0.933960 0.048975 0.074925
0 0.578263 0.515818 0.045935 0.067342
0 0.188205 0.511015 0.045975 0.088329
0 0.049186 0.246099 0.047820 0.074392
0 0.906522 0.635155 0.049567 0.074360
0 0.493898 0.932613 0.048217 0.075337
0 0.962476 0.518218 0.053887 0.081483
0 0.897256 0.509539 0.049244 0.068848
0 0.045540 0.694732 0.046959 0.075643
0 0.439885 0.702789 0.052775 0.065514
0 0.418835 0.851708 0.047231 0.075118
0 0.432127 0.620256 0.043699 0.077990
0 0.294452 0.780318 0.050044 0.071235
0 0.892546 0.439313 0.056531 0.072554
0 0.189874 0.651939 0.046892 0.086247
0 0.134395 0.390300 0.046792 0.073505
0 0.290809 0.602444 0.045990 0.084658
0 0.213959 0.435571 0.050740 0.073752
0 0.911028 0.901863 0.052853 0.086090
0 0.668237 0.709321 0.044246 0.074676
0 0.581491 0.907770 0.050487 0.079408
0 0.811603 0.620948 0.050119 0.083028
0 0.453347 0.030437 0.044551 0.060873
0 0.348965 0.475554 0.057858 0.086478
0 0.407864 0.538542 0.049436 0.075873
0 0.063833 0.489194 0.047576 0.082730
0 0.483833 0.760958 0.045833 0.072571
0 0.363722 0.784725 0.049038 0.068602
0 0.544628 0.150547 0.048738 0.073565
0 0.151542 0.167033 0.047484 0.079781
0 0.061263 0.579595 0.054795 0.086670
0 0.074050 0.767800 0.049308 0.082409
0 0.772816 0.578628 0.051596 0.078442
0 0.823765 0.753615 0.050069 0.078668
0 0.769595 0.672358 0.047372 0.078129
0 0.840505 0.095650 0.043547 0.077729
0 0.491335 0.295481 0.045572 0.074415
0 0.490984 0.850697 0.045870 0.074909
0 0.840963 0.526344 0.052276 0.087216
0 0.680496 0.629476 0.049255 0.078208
0 0.537703 0.071387 0.043846 0.073907
0 0.689216 0.402404 0.048336 0.082352
0 0.639783 0.286066 0.053075 0.081691
0 0.757807 0.381968 0.048751 0.079812
0 0.329243 0.671842 0.050296 0.077077
0 0.179457 0.063472 0.049583 0.078102
0 0.776220 0.500273 0.058434 0.069457
0 0.661359 0.509744 0.049650 0.079713
0 0.583741 0.355982 0.046338 0.071307
0 0.478238 0.585363 0.045035 0.067729
0 0.239094 0.178150 0.053391 0.082307
0 0.566015 0.430273 0.048744 0.082181
0 0.240805 0.507389 0.050532 0.075954
0 0.614574 0.693809 0.052018 0.081348
0 0.878843 0.143587 0.045142 0.075183
0 0.581082 0.195330 0.051879 0.081824
0 0.827417 0.299525 0.047020 0.082514
0 0.159947 0.744047 0.051527 0.077060
0 0.236791 0.621042 0.049396 0.076358
0 0.228227 0.257296 0.054620 0.071630
0 0.115391 0.488901 0.050134 0.083816
0 0.945096 0.300364 0.046176 0.067722
0 0.525826 0.374749 0.048484 0.078043
0 0.386644 0.145380 0.052482 0.082192
0 0.719855 0.692373 0.047443 0.078365
0 0.251749 0.056430 0.049187 0.081232
0 0.120721 0.306559 0.047918 0.079010
0 0.572699 0.592904 0.050196 0.075829
0 0.769995 0.067770 0.052919 0.080228
0 0.961408 0.430071 0.053265 0.083432
0 0.187157 0.312266 0.048049 0.078137
0 0.698786 0.131016 0.047405 0.079315
0 0.258943 0.373527 0.056252 0.089878
0 0.775976 0.278683 0.055819 0.088693
0 0.387962 0.394326 0.052689 0.083757
0 0.627233 0.569236 0.052094 0.082864
0 0.401083 0.227181 0.051040 0.088437
0 0.442521 0.328765 0.052019 0.079017
0 0.876417 0.364244 0.056920 0.085039
0 0.927494 0.072476 0.051295 0.078959
0 0.506969 0.672063 0.055563 0.083370
0 0.778365 0.158695 0.053763 0.078321
0 0.335669 0.323959 0.053338 0.083224
0 0.292737 0.238357 0.056242 0.089554
1 0.518717 0.221097 0.041334 0.072706
1 0.653247 0.355781 0.067070 0.075089
1 0.879803 0.840286 0.030415 0.076281
1 0.563170 0.679380 0.046013 0.097735
1 0.147883 0.641240 0.038994 0.071514
1 0.271885 0.828367 0.049912 0.057211
1 0.113568 0.611442 0.043673 0.088200
1 0.016230 0.561979 0.032461 0.091776