0 0.710021 0.993493 0.036470 0.010845
0 0.441637 0.946940 0.050772 0.067001
0 0.006683 0.148619 0.013365 0.043273
0 0.754497 0.992640 0.037413 0.012506
0 0.410561 0.601571 0.049031 0.073281
0 0.443310 0.635703 0.051435 0.072455
0 0.621324 0.970217 0.051890 0.056388
0 0.732731 0.829381 0.046804 0.069192
0 0.467883 0.206847 0.044524 0.074988
0 0.662529 0.949678 0.054370 0.085199
0 0.728713 0.892308 0.054914 0.072355
0 0.004314 0.508454 0.008628 0.060370
0 0.135207 0.992642 0.043310 0.012430
0 0.702715 0.738594 0.049101 0.079643
0 0.598110 0.750704 0.059519 0.078658
0 0.007866 0.733611 0.015731 0.066404
0 0.829025 0.758810 0.049494 0.073263
0 0.867305 0.754371 0.043845 0.076240
0 0.727469 0.698324 0.046439 0.073982
0 0.443224 0.166131 0.048484 0.065750
0 0.207475 0.942097 0.048084 0.071349
0 0.009574 0.648656 0.019103 0.072436
0 0.169359 0.577668 0.047120 0.075353
0 0.133846 0.440944 0.053601 0.071031
0 0.446521 0.258170 0.048448 0.074047
0 0.161882 0.638811 0.046367 0.071629
0 0.599713 0.820141 0.052939 0.071853
0 0.401726 0.250137 0.045285 0.077722
0 0.202314 0.983597 0.045740 0.029900
0 0.208145 0.605381 0.048765 0.071478
0 0.569368 0.674452 0.075388 0.113793
0 0.990594 0.979152 0.017017 0.038849
0 0.269300 0.989780 0.040481 0.017815
0 0.282379 0.842322 0.046196 0.077995
0 0.127250 0.008432 0.039615 0.016864
0 0.608600 0.124078 0.049322 0.078790
0 0.030506 0.716200 0.038679 0.068168
0 0.219719 0.666967 0.052801 0.066105
0 0.322475 0.311972 0.048785 0.067483
0 0.077646 0.504401 0.059350 0.076975
0 0.876017 0.963123 0.043236 0.071209
0 0.592719 0.067189 0.051973 0.078620
0 0.419484 0.984132 0.046173 0.028726
0 0.039902 0.640664 0.044503 0.075501
0 0.504312 0.754590 0.076226 0.104973
0 0.371102 0.317077 0.050550 0.080225
0 0.834050 0.684721 0.054066 0.071430
0 0.415808 0.526735 0.053900 0.080840
0 0.558411 0.022244 0.081846 0.044488
0 0.829351 0.960758 0.050048 0.074873
0 0.367910 0.985558 0.047941 0.026050
0 0.327039 0.012983 0.072295 0.025966
0 0.488505 0.845833 0.053380 0.074291
0 0.226253 0.756023 0.051750 0.114498
0 0.023205 0.981703 0.046405 0.033912
0 0.834581 0.616761 0.050974 0.071150
0 0.293407 0.463432 0.049447 0.078842
0 0.326594 0.243910 0.052344 0.070512
0 0.672253 0.789870 0.047457 0.074296
0 0.287525 0.704480 0.049550 0.076386
0 0.331854 0.405051 0.058428 0.099427
0 0.013674 0.269584 0.027318 0.074010
0 0.759287 0.067140 0.045706 0.078110
0 0.833076 0.837186 0.049298 0.074582
0 0.558246 0.119009 0.047189 0.076289
0 0.462180 0.707482 0.045605 0.070695
0 0.013081 0.407500 0.026163 0.080512
0 0.990219 0.078466 0.017776 0.078349
0 0.762674 0.946155 0.047834 0.072151
0 0.529507 0.626109 0.051748 0.072680
0 0.414775 0.456012 0.055294 0.073763
0 0.043510 0.920707 0.072378 0.089313
0 0.638604 0.869249 0.046755 0.072180
0 0.535292 0.870792 0.049950 0.078470
0 0.296720 0.629982 0.050868 0.073558
0 0.236757 0.537918 0.077936 0.085686
0 0.976462 0.338351 0.044714 0.074543
0 0.417967 0.840236 0.046507 0.081160
0 0.727645 0.032593 0.048839 0.065185
0 0.348104 0.697918 0.064497 0.116207
0 0.174048 0.711620 0.047131 0.074532
0 0.161010 0.908721 0.053137 0.078390
0 0.056395 0.109163 0.082372 0.081017
0 0.883066 0.854149 0.049883 0.078006
0 0.067744 0.832725 0.079076 0.088052
0 0.262737 0.940711 0.058771 0.071909
0 0.861245 0.355183 0.050092 0.068402
0 0.312492 0.790064 0.054101 0.078046
0 0.986808 0.479995 0.024292 0.111561
0 0.143882 0.796743 0.066676 0.098769
0 0.191939 0.844683 0.046655 0.072197
0 0.523828 0.164152 0.048936 0.069093
0 0.744633 0.638592 0.054725 0.079427
0 0.379650 0.795973 0.047839 0.069641
0 0.760742 0.311409 0.049358 0.067300
0 0.964134 0.901920 0.056348 0.077997
0 0.023810 0.194266 0.047619 0.080452
0 0.581948 0.528770 0.052544 0.069699
0 0.075671 0.586354 0.048653 0.077221
0 0.772729 0.783672 0.053735 0.073810
0 0.972053 0.830316 0.053150 0.074302
0 0.173790 0.496696 0.052092 0.075526
0 0.648474 0.665316 0.048919 0.078614
0 0.361330 0.050054 0.048362 0.072317
0 0.584293 0.194055 0.045025 0.068220
0 0.075234 0.182381 0.050624 0.063934
0 0.826967 0.543645 0.052701 0.071025
0 0.878472 0.411877 0.056587 0.078888
0 0.676033 0.019250 0.052148 0.038499
0 0.363747 0.931420 0.051035 0.078011
0 0.713722 0.116265 0.048577 0.072332
0 0.751094 0.252003 0.055696 0.070707
0 0.624038 0.232386 0.046439 0.071516
0 0.259868 0.018157 0.049217 0.036315
0 0.604056 0.357128 0.054266 0.076000
0 0.984550 0.163219 0.028924 0.076859
0 0.501272 0.076383 0.054555 0.065119
0 0.110402 0.651410 0.051086 0.087829
0 0.541345 0.476651 0.047663 0.084674
0 0.737582 0.180829 0.055008 0.073040
0 0.983542 0.245311 0.031006 0.077363
0 0.318679 0.101242 0.045083 0.070002
0 0.198929 0.033543 0.050914 0.067087
0 0.243587 0.076709 0.059109 0.074779
0 0.100987 0.345931 0.051536 0.076652
0 0.678411 0.209962 0.044918 0.077752
0 0.154367 0.350126 0.053637 0.083307
0 0.398992 0.023545 0.042034 0.047091
0 0.640072 0.311330 0.048808 0.084164
0 0.602136 0.435490 0.052257 0.078078
0 0.686384 0.286052 0.053787 0.077360
0 0.090966 0.033575 0.050003 0.067151
0 0.917613 0.748927 0.050193 0.085744
0 0.029243 0.338294 0.049786 0.076414
0 0.868482 0.501800 0.050902 0.078378
0 0.768532 0.382550 0.049027 0.072564
0 0.665475 0.584329 0.059460 0.088716
0 0.753898 0.563296 0.054131 0.069237
0 0.888660 0.608092 0.049488 0.069317
0 0.476433 0.025228 0.047676 0.050385
0 0.966992 0.718249 0.054806 0.082591
0 0.434426 0.359328 0.052883 0.120208
0 0.136451 0.113759 0.042159 0.079710
0 0.815310 0.412088 0.049210 0.084017
0 0.770964 0.459633 0.055584 0.070198
0 0.526308 0.281547 0.048780 0.076746
0 0.579652 0.283459 0.054694 0.071239
0 0.945673 0.459192 0.055451 0.078294
0 0.703214 0.521001 0.050051 0.075288
0 0.191006 0.113841 0.051502 0.075565
0 0.841883 0.023769 0.050008 0.047532
0 0.211468 0.261157 0.048069 0.076893
0 0.890364 0.230803 0.059102 0.079164
0 0.828427 0.297159 0.053207 0.068066
0 0.664451 0.435117 0.048193 0.079987
0 0.962069 0.636239 0.057178 0.081784
0 0.080736 0.270882 0.054806 0.072466
0 0.711726 0.378193 0.049204 0.078439
0 0.966320 0.026264 0.054245 0.052456
0 0.907841 0.155595 0.049263 0.079664
0 0.818196 0.161659 0.052366 0.077421
0 0.955019 0.111506 0.050668 0.073809
0 0.911350 0.065087 0.053106 0.080298
0 0.260843 0.173708 0.051918 0.079718
1 0.126047 0.207390 0.037434 0.071514
1 0.233280 0.373659 0.060051 0.098927
1 0.434100 0.089392 0.057711 0.081049
1 0.071845 0.718117 0.038214 0.063170
1 0.243419 0.841478 0.033535 0.047676
1 0.947262 0.382002 0.056152 0.070322
1 0.889941 0.297378 0.050692 0.063170
1 0.534315 0.556615 0.047573 0.059595
3 0.368590 0.173421 0.085787 0.139452