0 0.997381 0.722533 0.004752 0.062698
0 0.458321 0.990534 0.038115 0.016198
0 0.452588 0.007872 0.033354 0.015744
0 0.553063 0.988426 0.041344 0.020153
0 0.329976 0.986192 0.043917 0.024377
0 0.993374 0.255769 0.011741 0.066212
0 0.010158 0.920937 0.020315 0.079126
0 0.988765 0.926349 0.020800 0.073606
0 0.989287 0.412617 0.019638 0.066018
0 0.922299 0.984835 0.042859 0.027278
0 0.987102 0.852318 0.024259 0.064442
0 0.011845 0.283900 0.023690 0.078872
0 0.068292 0.012169 0.054019 0.024331
0 0.973251 0.973888 0.049629 0.049150
0 0.674634 0.976748 0.049012 0.043095
0 0.014282 0.682989 0.028505 0.068606
0 0.014478 0.515915 0.028879 0.080201
0 0.843460 0.018817 0.046840 0.037633
0 0.986217 0.332579 0.025734 0.076096
0 0.562340 0.858229 0.044469 0.078421
0 0.386570 0.972234 0.057286 0.051963
0 0.874012 0.971188 0.046675 0.054135
0 0.980952 0.787928 0.036632 0.070850
0 0.979956 0.546421 0.038231 0.065580
0 0.725549 0.948770 0.051384 0.066361
0 0.280473 0.947527 0.048674 0.083014
0 0.108273 0.966163 0.048954 0.064326
0 0.977043 0.617456 0.043868 0.066641
0 0.264201 0.857139 0.057460 0.076076
0 0.635403 0.906621 0.051864 0.075609
0 0.108241 0.886861 0.043369 0.074150
0 0.488808 0.874402 0.047556 0.068810
0 0.974929 0.689127 0.048867 0.076481
0 0.983152 0.098824 0.031963 0.082516
0 0.042357 0.800638 0.056178 0.067355
0 0.768067 0.024685 0.048094 0.049290
0 0.776822 0.959186 0.051431 0.078229
0 0.612326 0.838516 0.047883 0.078047
0 0.975305 0.473860 0.047561 0.072635
0 0.717274 0.872633 0.046027 0.075974
0 0.055492 0.916502 0.053518 0.086683
0 0.828629 0.966792 0.046665 0.062837
0 0.669241 0.839427 0.049896 0.074120
0 0.337198 0.746167 0.047415 0.077375
0 0.170828 0.019324 0.040860 0.038613
0 0.797050 0.808965 0.048159 0.073625
0 0.683778 0.769813 0.047119 0.076231
0 0.079347 0.556620 0.042721 0.070062
0 0.618979 0.760462 0.046552 0.074803
0 0.651383 0.026472 0.047453 0.052943
0 0.016785 0.203723 0.033567 0.076114
0 0.560637 0.775640 0.048608 0.077660
0 0.877356 0.905193 0.051688 0.078076
0 0.425888 0.817789 0.050949 0.079719
0 0.197950 0.948795 0.054946 0.080114
0 0.708942 0.046356 0.043521 0.080015
0 0.157939 0.899807 0.047417 0.070909
0 0.315351 0.584831 0.047596 0.074276
0 0.442122 0.713883 0.053638 0.062157
0 0.187456 0.407760 0.045486 0.067340
0 0.442527 0.943674 0.054502 0.072713
0 0.491415 0.604508 0.044980 0.071720
0 0.600731 0.688303 0.051913 0.085476
0 0.406605 0.588302 0.044378 0.064603
0 0.144352 0.601459 0.043060 0.069827
0 0.847304 0.842105 0.048354 0.075511
0 0.298293 0.269019 0.054403 0.084715
0 0.218765 0.035752 0.055012 0.070612
0 0.240560 0.727351 0.054403 0.078621
0 0.311410 0.672729 0.051483 0.068212
0 0.062166 0.629476 0.059454 0.070431
0 0.711103 0.610321 0.046223 0.075322
0 0.522935 0.717787 0.052991 0.082126
0 0.223419 0.600380 0.049732 0.076988
0 0.119571 0.759415 0.054478 0.083208
0 0.898199 0.644261 0.046640 0.075205
0 0.256961 0.400120 0.041966 0.065437
0 0.280009 0.033352 0.044144 0.066561
0 0.866005 0.705810 0.050634 0.077776
0 0.390823 0.751487 0.049624 0.082690
0 0.373438 0.270329 0.045479 0.068490
0 0.740767 0.457196 0.045534 0.072187
0 0.640473 0.194406 0.047798 0.075217
0 0.177643 0.785786 0.058065 0.084141
0 0.539084 0.491033 0.044762 0.076407
0 0.659502 0.093545 0.046206 0.072420
0 0.273309 0.483572 0.048398 0.075847
0 0.710250 0.163913 0.049798 0.072470
0 0.046698 0.399971 0.044230 0.073211
0 0.658141 0.533304 0.050495 0.080258
0 0.602639 0.354900 0.052105 0.074439
0 0.636195 0.619968 0.051426 0.085356
0 0.073737 0.710724 0.049959 0.076636
0 0.376974 0.656699 0.050999 0.080343
0 0.763717 0.643781 0.055475 0.085469
0 0.853851 0.588123 0.048580 0.082315
0 0.333016 0.448113 0.051892 0.073145
0 0.383251 0.369304 0.046272 0.073858
0 0.746239 0.088135 0.050038 0.085975
0 0.827046 0.454490 0.050340 0.076210
0 0.539978 0.357235 0.045992 0.072665
0 0.107900 0.494933 0.049056 0.078941
0 0.639083 0.301615 0.046318 0.069760
0 0.489334 0.030260 0.051008 0.060519
0 0.923913 0.485663 0.051883 0.078440
0 0.587525 0.503406 0.047460 0.074468
0 0.730543 0.268281 0.044806 0.072211
0 0.932101 0.370759 0.047386 0.080728
0 0.802096 0.124199 0.047612 0.076511
0 0.919353 0.569369 0.051301 0.084388
0 0.461743 0.541204 0.045704 0.075857
0 0.540359 0.044365 0.052979 0.087759
0 0.571147 0.420860 0.050802 0.075826
0 0.410457 0.027716 0.046286 0.055314
0 0.338790 0.034973 0.052657 0.069537
0 0.562793 0.244905 0.047063 0.074103
0 0.345146 0.524680 0.050422 0.077194
0 0.795453 0.301239 0.049865 0.076917
0 0.331902 0.339754 0.050298 0.081539
0 0.491865 0.380074 0.051147 0.080298
0 0.044259 0.320425 0.046347 0.071490
0 0.277425 0.108343 0.049072 0.076508
0 0.460465 0.187648 0.051663 0.073403
0 0.466242 0.110438 0.048369 0.083030
0 0.051468 0.108308 0.044722 0.071913
0 0.213626 0.324956 0.049665 0.076173
0 0.138176 0.119230 0.044293 0.071109
0 0.081226 0.267468 0.047337 0.071124
0 0.110841 0.185931 0.052216 0.086547
0 0.405902 0.206959 0.048835 0.078257
0 0.847258 0.201685 0.055614 0.082371
0 0.595500 0.140152 0.048320 0.074973
0 0.421867 0.099620 0.041027 0.077832
0 0.108504 0.049582 0.048268 0.079560
0 0.245329 0.239979 0.054690 0.078050
0 0.745268 0.370380 0.053301 0.083131
0 0.229310 0.164569 0.048815 0.079000
0 0.946275 0.291345 0.048995 0.073940
0 0.318700 0.160831 0.045794 0.075276
0 0.417329 0.300622 0.050588 0.076959
0 0.181389 0.245941 0.047925 0.083800
0 0.131937 0.265145 0.047920 0.073728
0 0.521698 0.162731 0.046874 0.079116
0 0.922616 0.218825 0.053148 0.079904
0 0.942020 0.128781 0.050487 0.077480
0 0.059254 0.193694 0.051593 0.080164
0 0.189082 0.108305 0.051445 0.077349
0 0.368002 0.130611 0.051634 0.083183
1 0.141644 0.436234 0.038994 0.085816
1 0.784657 0.530393 0.053812 0.071514
1 0.664165 0.449344 0.048353 0.092968
1 0.810783 0.032181 0.029636 0.064362
3 0.344803 0.874255 0.097485 0.146603
1 0.280853 0.793206 0.049133 0.065554
2 0.059757 0.851013 0.018717 0.028605
2 0.211834 0.851013 0.029636 0.042908
2 0.448918 0.599523 0.026516 0.040524
2 0.163481 0.371871 0.021837 0.030989
2 0.675473 0.232420 0.021057 0.035757
2 0.736694 0.818236 0.020277 0.027414