0 0.002125 0.810183 0.004251 0.052959
0 0.258533 0.002295 0.037040 0.004530
0 0.649396 0.994598 0.036494 0.009085
0 0.004015 0.722165 0.008029 0.058954
0 0.121046 0.004071 0.033675 0.008141
0 0.478717 0.008069 0.041439 0.016138
0 0.789141 0.989327 0.047906 0.018913
0 0.006387 0.969975 0.012773 0.057105
0 0.395571 0.991630 0.038590 0.014064
0 0.006368 0.180958 0.012736 0.074869
0 0.993936 0.647654 0.010382 0.063641
0 0.006952 0.517961 0.013888 0.065005
0 0.007740 0.041077 0.015480 0.081135
0 0.077101 0.020698 0.055526 0.041289
0 0.771398 0.006520 0.042407 0.013040
0 0.074810 0.062053 0.050872 0.069050
0 0.219808 0.990129 0.042970 0.016864
0 0.124821 0.121643 0.045514 0.089463
0 0.012842 0.448205 0.025670 0.074088
0 0.989823 0.402010 0.018577 0.064830
0 0.958151 0.985691 0.047585 0.025466
0 0.163853 0.127387 0.045989 0.087426
0 0.460617 0.976926 0.052215 0.043067
0 0.839417 0.982131 0.049173 0.032369
0 0.940350 0.018601 0.052455 0.037202
0 0.887417 0.784338 0.050105 0.069033
0 0.731807 0.974634 0.050471 0.047466
0 0.908416 0.970294 0.050231 0.056589
0 0.168774 0.862947 0.046148 0.077232
0 0.692044 0.845156 0.047746 0.066546
0 0.038024 0.104973 0.050881 0.072270
0 0.543444 0.809157 0.050454 0.070117
0 0.708379 0.016797 0.047479 0.033594
0 0.015123 0.270991 0.030203 0.074472
0 0.284964 0.969701 0.055276 0.057320
0 0.420863 0.130327 0.046238 0.084798
0 0.090263 0.911807 0.045994 0.075855
0 0.025482 0.597727 0.050963 0.072761
0 0.979965 0.890999 0.038181 0.075662
0 0.777841 0.729225 0.050635 0.069599
0 0.982444 0.550672 0.033199 0.084933
0 0.083564 0.150823 0.044096 0.076332
0 0.589135 0.912036 0.053464 0.070852
0 0.635541 0.445263 0.047274 0.070893
0 0.577873 0.973283 0.052416 0.050090
0 0.041303 0.186168 0.048078 0.079912
0 0.048810 0.879349 0.049624 0.066575
0 0.757623 0.798797 0.049931 0.073244
0 0.038684 0.950959 0.054757 0.074410
0 0.166330 0.036578 0.054596 0.073156
0 0.463187 0.119559 0.049053 0.087600
0 0.660471 0.786390 0.049029 0.077034
0 0.153999 0.570823 0.046785 0.082465
0 0.218330 0.024939 0.048325 0.049878
0 0.429312 0.018308 0.050471 0.036616
0 0.981074 0.045702 0.035989 0.079615
0 0.321354 0.765946 0.049981 0.074479
0 0.272831 0.406675 0.049563 0.072882
0 0.538712 0.735752 0.055130 0.083515
0 0.432910 0.935147 0.055385 0.076608
0 0.361230 0.213167 0.048224 0.079768
0 0.499059 0.029586 0.053369 0.059173
0 0.791950 0.049105 0.045757 0.062624
0 0.355155 0.414852 0.050121 0.073817
0 0.293038 0.709639 0.050377 0.071711
0 0.509966 0.543538 0.043080 0.085528
0 0.504133 0.628087 0.048557 0.072285
0 0.344406 0.846858 0.052256 0.076402
0 0.944267 0.930492 0.055740 0.079237
0 0.509176 0.097874 0.048591 0.077045
0 0.629746 0.728646 0.047932 0.078293
0 0.047677 0.443260 0.048162 0.076801
0 0.311331 0.469406 0.049818 0.078685
0 0.133407 0.958135 0.056194 0.080839
0 0.315800 0.181637 0.049666 0.074019
0 0.982889 0.236107 0.032394 0.077516
0 0.976750 0.340091 0.043578 0.073726
0 0.509381 0.966567 0.046362 0.063534
0 0.209102 0.140491 0.045867 0.078272
0 0.399334 0.467401 0.053724 0.078377
0 0.225459 0.435606 0.053186 0.067408
0 0.043398 0.670161 0.053657 0.077217
0 0.490922 0.704320 0.048272 0.075717
0 0.866191 0.845847 0.051571 0.075679
0 0.623343 0.515841 0.050394 0.070646
0 0.317380 0.917341 0.056521 0.083863
0 0.774683 0.949767 0.054128 0.078530
0 0.591751 0.834409 0.056086 0.081374
0 0.788934 0.875775 0.053883 0.078008
0 0.241207 0.691905 0.049630 0.074481
0 0.973313 0.747213 0.050523 0.078109
0 0.909359 0.634850 0.052064 0.080968
0 0.338736 0.046708 0.047782 0.086733
0 0.691100 0.921481 0.052773 0.080237
0 0.506821 0.374176 0.049089 0.069481
0 0.437208 0.413346 0.048872 0.071391
0 0.721434 0.765322 0.051673 0.084492
0 0.275368 0.524323 0.051662 0.084578
0 0.460412 0.870264 0.054182 0.080636
0 0.074930 0.387187 0.046057 0.074034
0 0.151406 0.408752 0.048156 0.077825
0 0.659252 0.658562 0.049730 0.072603
0 0.399259 0.257713 0.048691 0.073007
0 0.810663 0.285099 0.046114 0.074322
0 0.379613 0.905745 0.050829 0.081890
0 0.623546 0.100571 0.050233 0.077903
0 0.836607 0.741105 0.049842 0.074819
0 0.859844 0.918930 0.058880 0.069882
0 0.858435 0.038912 0.050625 0.077581
0 0.115422 0.547950 0.051212 0.083931
0 0.054699 0.806151 0.055083 0.075579
0 0.523452 0.303823 0.050897 0.074797
0 0.599176 0.033048 0.050002 0.066057
0 0.388795 0.805707 0.046877 0.071730
0 0.896655 0.718946 0.052847 0.078530
0 0.129690 0.260298 0.047403 0.075964
0 0.524125 0.449489 0.050214 0.078817
0 0.051055 0.532439 0.051835 0.079231
0 0.386362 0.053779 0.047961 0.083946
0 0.224208 0.939619 0.049502 0.077336
0 0.514857 0.871576 0.049267 0.080606
0 0.873021 0.315429 0.053060 0.076906
0 0.785492 0.368968 0.045987 0.076698
0 0.378509 0.558851 0.052047 0.077685
0 0.474434 0.479208 0.051630 0.075307
0 0.444216 0.303992 0.050656 0.078309
0 0.097652 0.750585 0.051613 0.080534
0 0.301231 0.345491 0.051492 0.080555
0 0.135577 0.807915 0.055572 0.080852
0 0.305925 0.258463 0.056899 0.089652
0 0.637826 0.945174 0.053312 0.089495
0 0.726849 0.069607 0.045691 0.080941
0 0.944772 0.818671 0.048201 0.075727
0 0.664404 0.042151 0.049394 0.074821
0 0.569022 0.481247 0.054282 0.079750
0 0.727684 0.683661 0.046988 0.075960
0 0.809860 0.667770 0.050821 0.078811
0 0.186048 0.658412 0.049860 0.077476
0 0.727428 0.528188 0.052329 0.079090
0 0.473674 0.201866 0.052612 0.078301
0 0.569571 0.672720 0.049097 0.075205
0 0.827002 0.104218 0.050389 0.078172
0 0.558747 0.382863 0.051083 0.077505
0 0.836341 0.397799 0.047687 0.073504
0 0.773957 0.114834 0.044921 0.070841
0 0.462035 0.567551 0.056315 0.081998
0 0.577701 0.269169 0.049180 0.073804
0 0.554810 0.563040 0.049034 0.079873
0 0.384910 0.700594 0.057259 0.079292
0 0.579036 0.154749 0.049560 0.077304
0 0.784663 0.597187 0.049354 0.078093
0 0.419443 0.633820 0.054508 0.080734
0 0.198362 0.220375 0.052744 0.083288
0 0.684743 0.462265 0.046773 0.078947
0 0.288964 0.629877 0.054227 0.084669
0 0.218965 0.510081 0.058132 0.085847
0 0.613132 0.591383 0.051095 0.078036
0 0.647293 0.206351 0.050732 0.078314
0 0.529203 0.221832 0.052035 0.086428
0 0.878859 0.109355 0.044267 0.076312
0 0.058483 0.274124 0.049246 0.076184
0 0.808320 0.200622 0.048521 0.070952
0 0.204464 0.797354 0.058297 0.085503
0 0.809020 0.465354 0.054081 0.082395
0 0.613574 0.337969 0.050792 0.080196
0 0.691515 0.374904 0.053367 0.080801
0 0.861974 0.603318 0.050619 0.075419
0 0.900588 0.476010 0.047021 0.074435
0 0.933178 0.190193 0.048402 0.075204
0 0.743337 0.416429 0.055712 0.088648
0 0.108836 0.661915 0.053298 0.081618
0 0.233569 0.327619 0.054914 0.084877
0 0.664406 0.306224 0.053711 0.085831
0 0.715760 0.202480 0.051308 0.081957
0 0.950837 0.453673 0.052111 0.074736
0 0.906791 0.553447 0.053430 0.074240
0 0.925265 0.113017 0.045865 0.077602
0 0.940643 0.303064 0.046461 0.073733
0 0.743923 0.272738 0.056136 0.082506
0 0.914951 0.391029 0.059810 0.079087
1 0.395496 0.348033 0.035095 0.064362
1 0.428251 0.771752 0.038214 0.082241
2 0.164651 0.252086 0.016378 0.025030
2 0.252387 0.799762 0.020277 0.030989
2 0.464125 0.781883 0.016378 0.030989
2 0.488302 0.805721 0.016378 0.023838
2 0.468805 0.808105 0.016378 0.019070
2 0.489862 0.831943 0.014818 0.021454
2 0.503899 0.780095 0.027296 0.041716
2 0.543283 0.991061 0.017157 0.017878