0 0.002319 0.247244 0.004639 0.047772
0 0.921835 0.994163 0.031981 0.009273
0 0.996347 0.654371 0.005977 0.054862
0 0.996136 0.109440 0.006205 0.045341
0 0.802157 0.993076 0.034194 0.011280
0 0.435725 0.005066 0.037079 0.010132
0 0.239887 0.991130 0.036017 0.014880
0 0.513330 0.006250 0.033872 0.012501
0 0.924428 0.007680 0.040086 0.015359
0 0.659547 0.009444 0.047721 0.018887
0 0.583619 0.977514 0.046841 0.041575
0 0.194716 0.010361 0.045135 0.020684
0 0.138970 0.983458 0.046459 0.029703
0 0.010164 0.187680 0.020314 0.071754
0 0.859140 0.011149 0.038458 0.022297
0 0.987540 0.033724 0.023233 0.067288
0 0.988140 0.301177 0.021772 0.070112
0 0.015912 0.734835 0.031824 0.079871
0 0.966628 0.975336 0.044414 0.046071
0 0.697606 0.981093 0.050709 0.034400
0 0.337303 0.012994 0.043832 0.025936
0 0.015050 0.644922 0.030100 0.083366
0 0.022373 0.952543 0.044746 0.081919
0 0.021597 0.414570 0.043193 0.075307
0 0.014943 0.338692 0.029876 0.071458
0 0.435199 0.969326 0.053039 0.057698
0 0.809319 0.015049 0.046122 0.030098
0 0.754180 0.965371 0.050885 0.065786
0 0.631613 0.971944 0.044394 0.052501
0 0.278726 0.969409 0.049701 0.057764
0 0.981239 0.429884 0.035481 0.077500
0 0.979643 0.911706 0.038779 0.068384
0 0.867691 0.964585 0.047798 0.067435
0 0.555904 0.949567 0.054887 0.087865
0 0.154172 0.027664 0.047546 0.055328
0 0.030815 0.877565 0.056424 0.072617
0 0.570534 0.758160 0.041869 0.067821
0 0.643021 0.910054 0.052291 0.071533
0 0.469998 0.783435 0.048592 0.068782
0 0.089405 0.839054 0.048501 0.079868
0 0.437510 0.895769 0.044322 0.072535
0 0.341692 0.596303 0.046564 0.067483
0 0.731247 0.388465 0.042708 0.077210
0 0.328831 0.961376 0.044265 0.073346
0 0.488524 0.877087 0.051928 0.079990
0 0.768066 0.890548 0.044990 0.075711
0 0.295628 0.031091 0.047449 0.062177
0 0.246632 0.264677 0.049372 0.072802
0 0.297476 0.446179 0.046705 0.073502
0 0.152409 0.889118 0.051615 0.080469
0 0.445651 0.677110 0.048254 0.079419
0 0.730647 0.735388 0.051663 0.073677
0 0.299400 0.865517 0.048405 0.070385
0 0.974092 0.589458 0.043713 0.076749
0 0.800536 0.765736 0.046912 0.076142
0 0.909564 0.091988 0.045510 0.071849
0 0.275328 0.625983 0.050395 0.068679
0 0.617070 0.770425 0.051019 0.081696
0 0.258826 0.908093 0.055911 0.080334
0 0.683531 0.515743 0.045414 0.074099
0 0.753373 0.806282 0.051830 0.074946
0 0.693581 0.777568 0.048618 0.077466
0 0.640436 0.832294 0.054406 0.075423
0 0.180564 0.959576 0.051712 0.068331
0 0.697319 0.913348 0.046340 0.079187
0 0.841172 0.811085 0.051412 0.076324
0 0.691534 0.438021 0.045783 0.079312
0 0.400655 0.553454 0.050868 0.075359
0 0.474854 0.601068 0.046765 0.070224
0 0.199980 0.552111 0.047503 0.073148
0 0.840692 0.564828 0.047953 0.076367
0 0.955103 0.673269 0.044318 0.068659
0 0.525310 0.469976 0.045177 0.075794
0 0.933436 0.168917 0.044987 0.071987
0 0.344689 0.124096 0.044076 0.071299
0 0.499660 0.662740 0.045647 0.072919
0 0.427242 0.486496 0.043395 0.078001
0 0.131562 0.794517 0.046260 0.074549
0 0.822691 0.074419 0.049759 0.076531
0 0.696639 0.348726 0.048962 0.078421
0 0.709140 0.656312 0.055526 0.080853
0 0.570368 0.492479 0.045532 0.074296
0 0.718875 0.577464 0.053127 0.084277
0 0.135149 0.318287 0.046114 0.075085
0 0.865538 0.137785 0.051963 0.082729
0 0.557449 0.411678 0.043623 0.074295
0 0.104081 0.528093 0.054444 0.074435
0 0.207061 0.886413 0.053804 0.085549
0 0.863901 0.884003 0.052153 0.077074
0 0.963966 0.748036 0.047169 0.071355
0 0.198549 0.628893 0.046761 0.072027
0 0.912935 0.759359 0.046191 0.075567
0 0.882473 0.214447 0.048300 0.076854
0 0.283617 0.097350 0.048578 0.074351
0 0.388978 0.813534 0.050550 0.083489
0 0.514607 0.346977 0.041833 0.069884
0 0.349258 0.757165 0.052981 0.076118
0 0.858530 0.736573 0.054502 0.071748
0 0.639594 0.168891 0.047152 0.076188
0 0.579996 0.039282 0.052148 0.078564
0 0.549833 0.662197 0.045062 0.073340
0 0.041359 0.481132 0.051762 0.072669
0 0.122926 0.467655 0.051648 0.076412
0 0.471008 0.093778 0.045803 0.068213
0 0.186092 0.821383 0.047524 0.078711
0 0.947508 0.044502 0.050265 0.076363
0 0.378623 0.476791 0.046645 0.077766
0 0.084198 0.592610 0.047779 0.069939
0 0.700502 0.036441 0.046168 0.066337
0 0.969456 0.226325 0.048807 0.082552
0 0.781876 0.533034 0.052496 0.072993
0 0.928710 0.903667 0.051989 0.082009
0 0.320661 0.378300 0.049022 0.079862
0 0.921167 0.258902 0.043629 0.077418
0 0.314084 0.258479 0.047905 0.076667
0 0.642873 0.399507 0.049189 0.078956
0 0.797815 0.610941 0.057424 0.079732
0 0.753965 0.046421 0.046457 0.073787
0 0.257972 0.551983 0.056973 0.086115
0 0.866604 0.655514 0.047896 0.074485
0 0.297213 0.785740 0.056731 0.080198
0 0.903014 0.605345 0.044543 0.073640
0 0.154420 0.672077 0.051157 0.085755
0 0.086071 0.315931 0.045944 0.072662
0 0.738528 0.294383 0.044214 0.081408
0 0.936778 0.418610 0.045790 0.070651
0 0.250117 0.467441 0.047284 0.073357
0 0.173800 0.492027 0.047817 0.080375
0 0.064178 0.380476 0.045899 0.074081
0 0.798867 0.424753 0.055258 0.084582
0 0.099398 0.670023 0.049674 0.085094
0 0.757124 0.120033 0.053586 0.074875
0 0.718524 0.192841 0.047577 0.072299
0 0.476648 0.491959 0.046079 0.080400
0 0.284422 0.319917 0.051214 0.075973
0 0.944294 0.338813 0.049242 0.080437
0 0.228843 0.337624 0.048822 0.076564
0 0.356762 0.225379 0.047683 0.081173
0 0.117052 0.386536 0.049817 0.075344
0 0.645537 0.060983 0.051608 0.082809
0 0.654755 0.238665 0.054066 0.072076
0 0.536921 0.261560 0.049740 0.076928
0 0.593648 0.248264 0.048294 0.084158
0 0.164038 0.260696 0.048264 0.078878
0 0.361096 0.323132 0.048184 0.076998
0 0.046341 0.209690 0.046615 0.078954
1 0.427081 0.365912 0.023396 0.061979
1 0.041039 0.811085 0.056152 0.060787
1 0.063656 0.724076 0.053032 0.084625
1 0.342074 0.676996 0.054592 0.076281
1 0.513258 0.743147 0.050692 0.077473
1 0.932835 0.558999 0.039774 0.081049
1 0.863815 0.512515 0.049912 0.078665
1 0.981040 0.502980 0.037920 0.078665
2 0.041819 0.764601 0.018717 0.027414
2 0.144764 0.598331 0.021837 0.035757
2 0.008432 0.557211 0.016863 0.034565
2 0.463735 0.145411 0.031195 0.040524
2 0.949992 0.108462 0.028856 0.047676