0 0.001804 0.829744 0.003597 0.070661
0 0.587262 0.994592 0.027036 0.009526
0 0.995588 0.816574 0.007877 0.060464
0 0.144017 0.993984 0.043021 0.010663
0 0.538401 0.991907 0.043403 0.013877
0 0.991732 0.971075 0.015140 0.055055
0 0.006553 0.231262 0.013107 0.073137
0 0.992068 0.191658 0.014266 0.076925
0 0.988616 0.889659 0.021213 0.080636
0 0.990135 0.521883 0.018061 0.082699
0 0.790454 0.893517 0.044443 0.069808
0 0.373463 0.986125 0.046454 0.025266
0 0.162352 0.755753 0.045797 0.068188
0 0.404265 0.807771 0.043015 0.069697
0 0.702442 0.977168 0.052349 0.042925
0 0.261368 0.966959 0.054250 0.063586
0 0.318276 0.022676 0.045629 0.045352
0 0.914253 0.857739 0.049941 0.080848
0 0.654776 0.913182 0.046583 0.074879
0 0.765830 0.960613 0.045707 0.073451
0 0.220677 0.018242 0.056437 0.036484
0 0.166803 0.569469 0.047578 0.076374
0 0.871110 0.960469 0.047711 0.076000
0 0.446367 0.017685 0.052403 0.035370
0 0.017160 0.111864 0.034320 0.078813
0 0.292032 0.696846 0.043702 0.074187
0 0.734985 0.019652 0.048358 0.039304
0 0.092937 0.966372 0.052883 0.064531
0 0.542698 0.836730 0.047412 0.073501
0 0.622609 0.967984 0.044830 0.061450
0 0.104977 0.821596 0.051385 0.077617
0 0.938360 0.779766 0.048772 0.082184
0 0.175634 0.836352 0.052386 0.081038
0 0.289281 0.801073 0.044264 0.077369
0 0.249392 0.892205 0.053449 0.087738
0 0.655892 0.740502 0.047362 0.074573
0 0.026743 0.515523 0.042988 0.077306
0 0.060498 0.879108 0.051400 0.093090
0 0.149286 0.679751 0.049317 0.079533
0 0.030974 0.038985 0.057778 0.077970
0 0.332305 0.643590 0.047335 0.071583
0 0.525933 0.036115 0.046776 0.072230
0 0.979644 0.284781 0.038820 0.078564
0 0.349798 0.799960 0.051652 0.079956
0 0.242779 0.728981 0.050272 0.080921
0 0.225337 0.487023 0.052480 0.086314
0 0.659015 0.656411 0.047163 0.081617
0 0.468218 0.690864 0.048760 0.074964
0 0.498661 0.618633 0.049776 0.085898
0 0.873971 0.558197 0.052690 0.081516
0 0.355420 0.190246 0.048288 0.084450
0 0.377536 0.049957 0.053932 0.087026
0 0.111991 0.150764 0.047813 0.077331
0 0.606101 0.886628 0.049381 0.090866
0 0.562573 0.737764 0.049225 0.082122
0 0.614068 0.793556 0.055278 0.081797
0 0.216769 0.623579 0.054745 0.083218
0 0.156321 0.050036 0.047497 0.076925
0 0.904512 0.704902 0.056909 0.094181
0 0.032713 0.598805 0.055558 0.077791
0 0.938819 0.565587 0.041329 0.087702
0 0.433795 0.953341 0.047402 0.076431
0 0.369075 0.711915 0.047991 0.086326
0 0.820830 0.417433 0.054247 0.088198
0 0.532183 0.546962 0.052046 0.082645
0 0.275908 0.177066 0.051544 0.078579
0 0.320101 0.097045 0.050021 0.081285
0 0.565132 0.359355 0.049695 0.076787
0 0.952402 0.658423 0.053133 0.087081
0 0.887562 0.029556 0.058901 0.059069
0 0.081768 0.086747 0.053730 0.077881
0 0.264719 0.085159 0.054192 0.078228
0 0.525013 0.436857 0.052304 0.081068
0 0.961753 0.435844 0.057499 0.088137
0 0.738884 0.486853 0.047915 0.082862
0 0.582532 0.634138 0.048235 0.079918
0 0.190442 0.415408 0.058630 0.094111
0 0.211982 0.122238 0.057264 0.083242
0 0.947471 0.346166 0.049627 0.080515
0 0.399890 0.536195 0.056699 0.081533
0 0.313592 0.254547 0.046940 0.075934
0 0.688381 0.043840 0.055307 0.078637
0 0.862121 0.348201 0.052284 0.079810
0 0.972405 0.126942 0.051869 0.091598
0 0.405254 0.155397 0.049822 0.081821
0 0.758624 0.610119 0.052194 0.084778
0 0.649456 0.137287 0.050806 0.090111
0 0.942001 0.054127 0.052450 0.078809
0 0.052460 0.207462 0.048340 0.083251
0 0.949197 0.221401 0.052341 0.078374
0 0.704618 0.248262 0.050254 0.083916
0 0.085021 0.667322 0.058858 0.093480
0 0.307236 0.546946 0.058861 0.090316
0 0.784832 0.092328 0.050013 0.074447
0 0.756625 0.337807 0.055894 0.095085
0 0.867238 0.251796 0.052412 0.090244
0 0.450818 0.850910 0.057972 0.086683
0 0.615179 0.392773 0.052751 0.089757
0 0.080261 0.424580 0.056075 0.089065
0 0.493872 0.110179 0.052588 0.092698
0 0.705833 0.155479 0.049629 0.085267
0 0.459143 0.456955 0.059469 0.093131
0 0.379297 0.287846 0.052105 0.090202
0 0.150526 0.263577 0.052241 0.085349
0 0.588074 0.090831 0.057354 0.090093
0 0.199716 0.213202 0.056991 0.081466
0 0.491180 0.291259 0.055594 0.084757
1 0.418502 0.731228 0.038994 0.079857
1 0.674304 0.415971 0.060831 0.071514
1 0.770229 0.816448 0.070189 0.100119
2 0.099141 0.343862 0.025736 0.036949
2 0.008432 0.402861 0.016863 0.045292
2 0.007652 0.303933 0.015303 0.061979
2 0.278124 0.487485 0.042114 0.066746
2 0.399785 0.857569 0.026516 0.036949
2 0.811563 0.629321 0.021837 0.042908
2 0.901639 0.482718 0.021057 0.038141
2 0.922696 0.460667 0.022617 0.034565
2 0.905539 0.279499 0.022617 0.036949
2 0.827940 0.150179 0.020277 0.035757