0 0.307683 0.994445 0.036353 0.009335
0 0.004485 0.079540 0.008970 0.065632
0 0.762133 0.007651 0.044846 0.015301
0 0.992378 0.388977 0.013446 0.069135
0 0.244593 0.008291 0.046300 0.016582
0 0.162003 0.988506 0.046474 0.020077
0 0.990121 0.719359 0.018012 0.074893
0 0.989143 0.907173 0.020067 0.087339
0 0.928975 0.975772 0.057157 0.045401
0 0.987985 0.481614 0.022059 0.083882
0 0.305647 0.010284 0.048129 0.020568
0 0.012905 0.780001 0.025811 0.091479
0 0.646796 0.023514 0.055258 0.047019
0 0.047186 0.981177 0.058952 0.034122
0 0.458773 0.142087 0.051293 0.071705
0 0.444670 0.091948 0.051116 0.072520
0 0.011345 0.633989 0.022662 0.082940
0 0.462939 0.025720 0.054499 0.051439
0 0.366689 0.036694 0.052723 0.068620
0 0.439713 0.968323 0.054690 0.060085
0 0.692959 0.968571 0.054633 0.059413
0 0.119934 0.801782 0.048175 0.080890
0 0.338963 0.106157 0.059649 0.067890
0 0.267011 0.967418 0.054817 0.061864
0 0.450571 0.885075 0.051270 0.105841
0 0.023495 0.145859 0.046991 0.076624
0 0.693166 0.893113 0.048129 0.073997
0 0.320865 0.890117 0.053629 0.076672
0 0.558729 0.952093 0.049700 0.079792
0 0.392362 0.473509 0.053983 0.082587
0 0.762949 0.427013 0.047885 0.079295
0 0.851213 0.937073 0.046812 0.074131
0 0.063924 0.827513 0.055308 0.078674
0 0.505961 0.890018 0.052803 0.090813
0 0.661099 0.818133 0.050835 0.083672
0 0.158487 0.743895 0.050084 0.074533
0 0.036123 0.899819 0.059062 0.087913
0 0.193527 0.800213 0.048454 0.079596
0 0.181257 0.918708 0.047301 0.077756
0 0.386943 0.924728 0.050790 0.079456
0 0.493369 0.653455 0.053964 0.092495
0 0.377449 0.162381 0.051975 0.086674
0 0.293683 0.643873 0.050400 0.079781
0 0.085385 0.739332 0.057652 0.080333
0 0.613557 0.110352 0.050047 0.075695
0 0.530178 0.771085 0.053523 0.084422
0 0.371767 0.782175 0.051000 0.080970
0 0.965391 0.771357 0.047954 0.079708
0 0.259348 0.740557 0.054787 0.098406
0 0.125969 0.944896 0.059687 0.088691
0 0.744079 0.892676 0.047147 0.083693
0 0.790306 0.954116 0.056577 0.077680
0 0.979429 0.125256 0.039136 0.089283
0 0.156131 0.040647 0.048022 0.081284
0 0.291500 0.158980 0.047747 0.078757
0 0.847669 0.861622 0.059826 0.074561
0 0.338965 0.552116 0.049706 0.088799
0 0.245657 0.610519 0.047575 0.082701
0 0.605295 0.694876 0.048863 0.084603
0 0.806410 0.461839 0.051108 0.080195
0 0.069083 0.025114 0.048800 0.050228
0 0.835944 0.031282 0.052594 0.062565
0 0.584562 0.789593 0.048451 0.081102
0 0.714521 0.763223 0.055625 0.084874
0 0.845508 0.778379 0.051449 0.073813
0 0.269255 0.836683 0.056771 0.084702
0 0.639434 0.222989 0.064578 0.071512
0 0.358271 0.242571 0.051961 0.083718
0 0.699263 0.630873 0.047528 0.082862
0 0.114080 0.193206 0.045743 0.077747
0 0.098870 0.449238 0.051809 0.080501
0 0.642615 0.493487 0.050061 0.067349
0 0.431216 0.626325 0.049533 0.084342
0 0.432996 0.404546 0.062992 0.069882
0 0.051877 0.585503 0.050287 0.084063
0 0.386417 0.686454 0.055891 0.098073
0 0.803891 0.645619 0.048266 0.082463
0 0.040612 0.685194 0.053124 0.076667
0 0.521091 0.233681 0.047408 0.088232
0 0.946942 0.898287 0.058678 0.081343
0 0.455810 0.506912 0.046075 0.079749
0 0.799676 0.181409 0.055521 0.082234
0 0.796284 0.263513 0.048376 0.078284
0 0.156371 0.431165 0.051754 0.081115
0 0.624503 0.376656 0.051969 0.080071
0 0.771812 0.559968 0.055705 0.080531
0 0.870622 0.543018 0.052969 0.076435
0 0.662071 0.578005 0.049582 0.088374
0 0.515513 0.515945 0.051075 0.092368
0 0.217129 0.043931 0.055023 0.071971
0 0.967222 0.275141 0.053756 0.079998
0 0.180528 0.587049 0.051117 0.078688
0 0.036420 0.291237 0.054562 0.087166
0 0.209559 0.400941 0.050873 0.090257
0 0.394458 0.309309 0.051082 0.080271
0 0.347032 0.390934 0.053433 0.095737
0 0.746899 0.685081 0.056136 0.089226
0 0.134929 0.528487 0.054790 0.090703
0 0.254471 0.325181 0.057161 0.086664
0 0.699132 0.408661 0.057407 0.094194
0 0.935150 0.509406 0.053009 0.077955
0 0.239074 0.131630 0.056297 0.089384
0 0.167512 0.214354 0.053518 0.087452
0 0.900443 0.654988 0.054646 0.097445
0 0.476876 0.291328 0.049650 0.081781
0 0.902107 0.390136 0.060612 0.087587
0 0.124040 0.299536 0.058670 0.085976
0 0.855305 0.105590 0.054989 0.093216
0 0.908676 0.088200 0.048979 0.089772
0 0.195066 0.685936 0.050692 0.089392
0 0.858746 0.209178 0.046013 0.098927
1 0.403685 0.032777 0.048353 0.065554
1 0.582278 0.890942 0.059271 0.056019
1 0.742543 0.351609 0.041334 0.042908
1 0.909438 0.797974 0.064730 0.075089
3 0.554592 0.039928 0.138039 0.079857
2 0.141254 0.132896 0.030415 0.046484
2 0.084713 0.612634 0.023396 0.033373
2 0.175569 0.856973 0.019497 0.033373
2 0.308929 0.703218 0.031975 0.042908
2 0.416553 0.544100 0.042894 0.065554
2 0.476993 0.582241 0.032755 0.044100
2 0.441119 0.814660 0.026516 0.039333
2 0.518717 0.827771 0.024176 0.029797
2 0.673914 0.461859 0.027296 0.036949
2 0.626731 0.315256 0.028076 0.029797
2 0.631800 0.281883 0.030415 0.041716
2 0.482063 0.184744 0.025736 0.035757