0 0.578134 0.613193 0.040023 0.069792
0 0.004252 0.645733 0.008504 0.060811
0 0.547430 0.628994 0.048064 0.078409
0 0.071724 0.600390 0.058950 0.074185
0 0.451813 0.005718 0.035800 0.011435
0 0.010852 0.727193 0.021703 0.078404
0 0.340371 0.006767 0.035659 0.013515
0 0.021537 0.006776 0.041907 0.013553
0 0.456654 0.450899 0.046899 0.071590
0 0.433274 0.897333 0.060255 0.079120
0 0.467029 0.861521 0.052518 0.077803
0 0.035394 0.987127 0.052438 0.022780
0 0.392141 0.675580 0.055156 0.077046
0 0.349329 0.692553 0.063597 0.074584
0 0.293419 0.010695 0.044122 0.021382
0 0.299341 0.984570 0.047658 0.028005
0 0.395771 0.014767 0.056492 0.029535
0 0.496047 0.435953 0.047234 0.075896
0 0.300307 0.656972 0.046502 0.082803
0 0.376371 0.572461 0.049396 0.081728
0 0.017795 0.819161 0.035590 0.075904
0 0.366902 0.757778 0.063503 0.075943
0 0.933145 0.981941 0.050765 0.033811
0 0.012444 0.531177 0.024887 0.088888
0 0.559889 0.975540 0.047764 0.045922
0 0.561802 0.816203 0.051691 0.082725
0 0.015774 0.401899 0.031530 0.079299
0 0.572500 0.745496 0.053269 0.085210
0 0.418272 0.968275 0.047408 0.060257
0 0.989253 0.254005 0.020326 0.070874
0 0.987445 0.623504 0.023886 0.082720
0 0.396093 0.433027 0.048490 0.080603
0 0.476988 0.963684 0.051089 0.069377
0 0.354007 0.477085 0.052825 0.083651
0 0.176158 0.355240 0.042929 0.069003
0 0.703117 0.969879 0.054174 0.057531
0 0.620847 0.946176 0.049311 0.081540
0 0.370289 0.213342 0.047787 0.064310
0 0.038974 0.885142 0.050773 0.076648
0 0.317213 0.862027 0.051148 0.081317
0 0.104153 0.547499 0.060334 0.091964
0 0.030540 0.330213 0.048515 0.080757
0 0.169120 0.605856 0.052183 0.078154
0 0.204199 0.171734 0.048531 0.076173
0 0.129193 0.960792 0.050496 0.075236
0 0.350605 0.370804 0.045524 0.082929
0 0.074736 0.018676 0.047251 0.037351
0 0.362251 0.912340 0.054574 0.082501
0 0.525566 0.706444 0.052510 0.074859
0 0.421300 0.059425 0.052004 0.072673
0 0.532300 0.909672 0.051508 0.082291
0 0.160976 0.690072 0.053780 0.074060
0 0.216135 0.732203 0.046623 0.074111
0 0.644094 0.734856 0.047665 0.075213
0 0.510146 0.018651 0.055401 0.037302
0 0.154399 0.033400 0.049819 0.066800
0 0.117532 0.864325 0.056310 0.074088
0 0.684488 0.613620 0.045771 0.068248
0 0.026373 0.051270 0.052618 0.069761
0 0.093475 0.074393 0.044695 0.069348
0 0.646073 0.869025 0.056164 0.082309
0 0.241539 0.121848 0.043058 0.091586
0 0.799493 0.655079 0.047927 0.072975
0 0.091370 0.771840 0.052456 0.080986
0 0.433943 0.758062 0.043432 0.083770
0 0.747190 0.916984 0.050806 0.095387
0 0.165642 0.824209 0.045782 0.078198
0 0.231574 0.905949 0.050136 0.079361
0 0.270589 0.724734 0.051384 0.079564
0 0.214356 0.652837 0.051728 0.073792
0 0.822584 0.735877 0.050864 0.086743
0 0.157372 0.524848 0.055109 0.074114
0 0.955937 0.023761 0.051888 0.047503
0 0.545326 0.460059 0.045464 0.071718
0 0.781538 0.798643 0.059033 0.082398
0 0.917281 0.844345 0.047130 0.073508
0 0.728780 0.687131 0.044187 0.074714
0 0.725685 0.817622 0.051079 0.078036
0 0.402145 0.277379 0.042105 0.072052
0 0.153122 0.123221 0.058429 0.089912
0 0.863811 0.800868 0.055504 0.089194
0 0.859262 0.949874 0.057634 0.088207
0 0.645759 0.397380 0.050086 0.073083
0 0.431985 0.358003 0.048850 0.080438
0 0.139436 0.422047 0.054565 0.089160
0 0.945927 0.913728 0.051720 0.084113
0 0.623951 0.655137 0.048915 0.086805
0 0.267272 0.476204 0.050664 0.091701
0 0.707065 0.543813 0.049086 0.085830
0 0.463108 0.219632 0.051169 0.078383
0 0.044757 0.163064 0.055026 0.085078
0 0.906693 0.704495 0.049859 0.072088
0 0.218713 0.505522 0.051974 0.086770
0 0.227488 0.247466 0.051030 0.077671
0 0.830602 0.026445 0.050413 0.052841
0 0.071613 0.250429 0.052503 0.088362
0 0.599174 0.432076 0.051967 0.088805
0 0.974733 0.338382 0.049769 0.075464
0 0.281119 0.270331 0.049199 0.080368
0 0.857015 0.399880 0.051876 0.077360
0 0.624060 0.531869 0.051895 0.079946
0 0.768832 0.487521 0.051364 0.087357
0 0.752993 0.608574 0.055304 0.087251
0 0.850462 0.096630 0.047859 0.079665
0 0.555469 0.159705 0.048917 0.078710
0 0.731090 0.036890 0.053139 0.073781
0 0.606750 0.188447 0.051533 0.079643
0 0.680118 0.159900 0.060639 0.071445
0 0.971098 0.436781 0.053668 0.084752
0 0.958096 0.537973 0.054071 0.077430
0 0.501331 0.133614 0.049738 0.066631
0 0.812655 0.223701 0.048584 0.088796
0 0.682422 0.331126 0.054200 0.087208
0 0.579402 0.332462 0.052640 0.082685
0 0.801826 0.129856 0.050873 0.083485
0 0.588748 0.048081 0.056840 0.084506
0 0.777050 0.394045 0.061397 0.090961
0 0.856450 0.284411 0.047852 0.081046
0 0.715106 0.224790 0.053329 0.083629
0 0.884901 0.150624 0.046373 0.077235
0 0.939704 0.139324 0.045375 0.067292
0 0.926053 0.307421 0.047868 0.097337
1 0.323357 0.224076 0.029636 0.083433
1 0.418892 0.140048 0.053812 0.084625
1 0.335445 0.613230 0.052252 0.087008
1 0.060536 0.648391 0.062391 0.066746
1 0.051178 0.721692 0.056152 0.067938
1 0.127996 0.298570 0.041334 0.072706
1 0.168160 0.275328 0.042114 0.081049
2 0.305809 0.516091 0.035095 0.052443
2 0.025052 0.764005 0.028856 0.040524
2 0.420452 0.622765 0.036654 0.053635
2 0.396276 0.614422 0.014818 0.032181
2 0.361181 0.809297 0.022617 0.033373
2 0.407194 0.846841 0.021057 0.032181
2 0.488692 0.496424 0.020277 0.029797
2 0.670014 0.424911 0.016378 0.032181
2 0.694191 0.428486 0.028856 0.036949
2 0.834569 0.500596 0.022617 0.033373
2 0.864595 0.500596 0.028076 0.047676
2 0.884482 0.479738 0.022617 0.032181
2 0.969489 0.209774 0.024176 0.038141
2 0.659876 0.207986 0.019497 0.032181
2 0.645838 0.012515 0.028856 0.025030
3 0.328816 0.131704 0.124781 0.153754
3 0.431760 0.522646 0.095146 0.137068