0 0.375468 0.001583 0.047225 0.003123
0 0.996990 0.519542 0.005821 0.065981
0 0.006153 0.722761 0.012306 0.076562
0 0.994257 0.186084 0.010752 0.064026
0 0.241123 0.005799 0.039766 0.011599
0 0.984655 0.981221 0.029568 0.036400
0 0.087433 0.989331 0.048540 0.019442
0 0.990343 0.836652 0.018241 0.078280
0 0.024694 0.972255 0.049279 0.054639
0 0.011417 0.474094 0.022796 0.077980
0 0.415063 0.981042 0.056348 0.035715
0 0.013508 0.367794 0.026976 0.063854
0 0.272936 0.784268 0.048921 0.077435
0 0.659583 0.978392 0.052516 0.041299
0 0.589024 0.015264 0.056694 0.030528
0 0.984856 0.683607 0.029004 0.080121
0 0.188871 0.951375 0.054454 0.091375
0 0.727388 0.868104 0.043772 0.076597
0 0.323781 0.737768 0.052058 0.082954
0 0.822613 0.957062 0.052827 0.083939
0 0.238135 0.873840 0.050027 0.080344
0 0.894097 0.905959 0.054123 0.077304
0 0.328458 0.860971 0.053746 0.087586
0 0.504495 0.018246 0.049590 0.036492
0 0.109796 0.018021 0.055477 0.036041
0 0.093812 0.914141 0.051934 0.089223
0 0.979631 0.600020 0.039890 0.070574
0 0.419179 0.909272 0.052068 0.080553
0 0.024183 0.196708 0.048365 0.084601
0 0.513578 0.563069 0.052515 0.071290
0 0.778414 0.853920 0.051422 0.083828
0 0.960525 0.790906 0.051713 0.085320
0 0.041050 0.039490 0.055168 0.078770
0 0.465712 0.522963 0.050111 0.071443
0 0.094105 0.815022 0.052123 0.082731
0 0.732254 0.782782 0.049591 0.078384
0 0.084692 0.518105 0.049092 0.072165
0 0.388651 0.718463 0.048251 0.080968
0 0.122913 0.457767 0.049601 0.074721
0 0.417294 0.488440 0.048383 0.072559
0 0.732032 0.658158 0.048527 0.081918
0 0.663163 0.815643 0.050112 0.071719
0 0.440293 0.797204 0.051885 0.079526
0 0.175376 0.607699 0.048734 0.069962
0 0.958478 0.032320 0.046048 0.064540
0 0.105450 0.609081 0.052784 0.086397
0 0.175975 0.412000 0.054011 0.082252
0 0.336781 0.551810 0.048346 0.075116
0 0.585777 0.836097 0.056599 0.080570
0 0.056650 0.124489 0.049584 0.081132
0 0.211836 0.473044 0.047453 0.079267
0 0.645581 0.404316 0.052042 0.081170
0 0.276362 0.564259 0.050565 0.080615
0 0.608772 0.733634 0.055775 0.086331
0 0.085090 0.710757 0.049910 0.079782
0 0.805651 0.652320 0.050415 0.091797
0 0.558729 0.624054 0.055604 0.085309
0 0.548246 0.412783 0.053845 0.080328
0 0.583590 0.526611 0.051409 0.079132
0 0.362954 0.477313 0.049937 0.078048
0 0.302114 0.465101 0.053220 0.075386
0 0.325970 0.028015 0.053102 0.056030
0 0.765923 0.573941 0.052500 0.077522
0 0.480920 0.671163 0.057116 0.087467
0 0.647317 0.493566 0.056476 0.083769
0 0.151739 0.121894 0.052915 0.083789
0 0.089672 0.282660 0.052312 0.079544
0 0.132700 0.203892 0.055149 0.078114
0 0.846971 0.539743 0.047603 0.076435
0 0.924976 0.621818 0.063518 0.098342
0 0.695350 0.361369 0.047850 0.076907
0 0.318822 0.222702 0.055120 0.091483
0 0.424803 0.330992 0.051294 0.071045
0 0.819769 0.255266 0.049257 0.075366
0 0.171093 0.321353 0.052337 0.086164
0 0.895964 0.119534 0.050375 0.079447
0 0.518982 0.199009 0.052448 0.080037
0 0.903786 0.037180 0.056049 0.074361
0 0.948452 0.137302 0.050953 0.072124
0 0.392276 0.173370 0.050627 0.082929
0 0.945837 0.214410 0.050913 0.070455
0 0.534463 0.334208 0.051525 0.073371
0 0.327148 0.320152 0.047316 0.075310
0 0.882514 0.409317 0.052031 0.079220
0 0.797026 0.349466 0.053406 0.086689
0 0.460740 0.226498 0.051883 0.071779
0 0.844912 0.148329 0.051456 0.089269
0 0.216178 0.178724 0.057881 0.090744
0 0.938988 0.381042 0.058835 0.078962
0 0.890100 0.234857 0.053104 0.080346
0 0.604356 0.261436 0.049231 0.087368
0 0.432972 0.093771 0.054631 0.084638
0 0.943444 0.295552 0.057990 0.079681
0 0.710945 0.109835 0.057845 0.090697
0 0.719955 0.238969 0.052323 0.084978
2 0.168160 0.695471 0.021837 0.029797
2 0.360791 0.619190 0.021837 0.029797
2 0.460616 0.291418 0.032755 0.051251
2 0.475044 0.926698 0.022617 0.034565
2 0.976118 0.735399 0.020277 0.026222
1 0.327646 0.658522 0.033535 0.065554