0 0.002927 0.791358 0.005855 0.059138
0 0.003513 0.396447 0.007025 0.059278
0 0.005685 0.113222 0.011326 0.066589
0 0.989070 0.662493 0.020218 0.057185
0 0.007732 0.312143 0.015385 0.064432
0 0.903281 0.988896 0.041955 0.019173
0 0.988215 0.599785 0.021995 0.078493
0 0.331769 0.984738 0.045644 0.027227
0 0.322806 0.010264 0.040313 0.020528
0 0.249923 0.416525 0.048269 0.067095
0 0.988855 0.513898 0.020553 0.075501
0 0.129628 0.985209 0.041628 0.026228
0 0.991097 0.329674 0.016115 0.076645
0 0.246427 0.983728 0.046874 0.029257
0 0.120116 0.521311 0.044536 0.073893
0 0.988280 0.851120 0.021731 0.080388
0 0.387142 0.980239 0.056729 0.035881
0 0.545868 0.983357 0.047341 0.030054
0 0.013136 0.204383 0.026201 0.082661
0 0.803586 0.978608 0.043954 0.039357
0 0.093843 0.564918 0.048585 0.073165
0 0.681443 0.981534 0.046848 0.033655
0 0.078882 0.970913 0.051517 0.054625
0 0.347491 0.940760 0.053058 0.062986
0 0.271383 0.474534 0.049614 0.076573
0 0.071847 0.902225 0.045694 0.074246
0 0.023293 0.871069 0.044674 0.075841
0 0.441348 0.436224 0.047738 0.069562
0 0.175461 0.392807 0.051576 0.078312
0 0.022989 0.568312 0.045957 0.077484
0 0.141579 0.736169 0.050020 0.073852
0 0.406303 0.822417 0.046768 0.075037
0 0.112116 0.642486 0.052355 0.071447
0 0.119860 0.805380 0.047957 0.071858
0 0.406541 0.577528 0.048836 0.068930
0 0.740591 0.969959 0.052702 0.056788
0 0.297945 0.910898 0.048072 0.072228
0 0.085267 0.371088 0.044826 0.072509
0 0.122554 0.891236 0.046119 0.073106
0 0.238327 0.246768 0.043449 0.069948
0 0.437894 0.685375 0.041825 0.068132
0 0.212379 0.736089 0.047420 0.076752
0 0.171649 0.827914 0.049116 0.071833
0 0.173008 0.683134 0.045141 0.077215
0 0.288306 0.833940 0.049367 0.072255
0 0.029129 0.698534 0.047787 0.078319
0 0.373984 0.532850 0.048607 0.075734
0 0.284733 0.280235 0.047378 0.073124
0 0.904778 0.016545 0.046204 0.033089
0 0.381797 0.636327 0.044650 0.069027
0 0.888499 0.842431 0.040820 0.067239
0 0.675927 0.524295 0.037465 0.066854
0 0.277526 0.563643 0.044978 0.087262
0 0.397521 0.717340 0.041399 0.079375
0 0.437734 0.764601 0.048883 0.077721
0 0.191495 0.910495 0.048273 0.074471
0 0.775610 0.773350 0.045457 0.071633
0 0.239379 0.343364 0.053111 0.070360
0 0.452791 0.015369 0.053918 0.030738
0 0.560449 0.590091 0.046276 0.072784
0 0.641556 0.624915 0.043035 0.074099
0 0.217050 0.641795 0.051871 0.084622
0 0.848344 0.883698 0.044558 0.068661
0 0.435217 0.509622 0.047954 0.070789
0 0.052447 0.240711 0.044665 0.078296
0 0.165116 0.229061 0.045258 0.070180
0 0.590108 0.770287 0.046096 0.069587
0 0.261550 0.710858 0.049581 0.072145
0 0.957366 0.818299 0.042799 0.072634
0 0.095646 0.291275 0.050041 0.075914
0 0.489705 0.463845 0.046305 0.069705
0 0.323447 0.777635 0.048494 0.078432
0 0.158914 0.311127 0.047532 0.075586
0 0.602366 0.845689 0.045422 0.074719
0 0.054431 0.453843 0.049600 0.077846
0 0.916927 0.772374 0.053909 0.075410
0 0.030795 0.071265 0.048063 0.078785
0 0.602136 0.268594 0.044801 0.066941
0 0.777858 0.852726 0.047379 0.075632
0 0.833123 0.637801 0.048248 0.082633
0 0.482910 0.657892 0.046317 0.076564
0 0.847887 0.962306 0.045659 0.071694
0 0.584478 0.660220 0.047943 0.077348
0 0.229358 0.114379 0.048934 0.073912
0 0.201040 0.178678 0.050903 0.076072
0 0.389516 0.897458 0.051405 0.079059
0 0.562156 0.487381 0.045000 0.071606
0 0.446136 0.328661 0.051406 0.083554
0 0.606923 0.561012 0.045519 0.079641
0 0.332891 0.237992 0.048908 0.082695
0 0.312011 0.148922 0.046488 0.075891
0 0.888098 0.394144 0.047874 0.072766
0 0.746882 0.678481 0.054295 0.080620
0 0.552524 0.051016 0.044583 0.071102
0 0.862037 0.709033 0.045755 0.081025
0 0.181741 0.042115 0.049684 0.076678
0 0.796795 0.301439 0.044455 0.067831
0 0.728942 0.762734 0.045448 0.082717
0 0.782933 0.614439 0.049706 0.084803
0 0.572776 0.141135 0.047072 0.074559
0 0.518214 0.108794 0.048506 0.072420
0 0.810626 0.184683 0.046141 0.073754
0 0.638918 0.746640 0.047129 0.076395
0 0.813042 0.389378 0.049099 0.081753
0 0.138648 0.099362 0.048524 0.078710
0 0.795468 0.481106 0.044762 0.079821
0 0.475970 0.255195 0.048366 0.086046
0 0.912355 0.668600 0.051025 0.079518
0 0.693056 0.411871 0.046914 0.073601
0 0.757758 0.534810 0.052708 0.079167
0 0.250398 0.039741 0.050009 0.077343
0 0.608936 0.343292 0.043134 0.068928
0 0.324594 0.062446 0.045219 0.073312
0 0.583516 0.921535 0.048366 0.076636
0 0.965223 0.735252 0.047963 0.077054
0 0.942840 0.389341 0.044702 0.075945
0 0.980261 0.227252 0.037769 0.084817
0 0.387152 0.159862 0.046664 0.076679
0 0.651377 0.252124 0.043950 0.080825
0 0.849786 0.127796 0.046150 0.075544
0 0.555113 0.222426 0.051645 0.079703
0 0.686479 0.054045 0.048080 0.074163
0 0.724649 0.116906 0.045229 0.076967
0 0.543544 0.308390 0.047986 0.074545
0 0.852247 0.456321 0.048985 0.078243
0 0.870387 0.309775 0.044442 0.069028
0 0.603474 0.029039 0.053861 0.058078
0 0.744431 0.033202 0.052083 0.066404
0 0.845220 0.045316 0.049396 0.076949
0 0.965507 0.462598 0.048262 0.076707
0 0.459061 0.075360 0.048709 0.074050
0 0.637762 0.463602 0.054676 0.092604
0 0.860791 0.217628 0.050412 0.068630
0 0.780672 0.114421 0.046988 0.075322
0 0.957534 0.056657 0.051138 0.079752
0 0.912877 0.239018 0.047338 0.075795
0 0.749439 0.256867 0.048952 0.078336
1 0.312438 0.345054 0.035875 0.082241
2 0.104990 0.174613 0.024956 0.036949
2 0.154122 0.480334 0.020277 0.028605
2 0.177129 0.479738 0.017937 0.029797
2 0.185318 0.499404 0.015598 0.023838
2 0.186877 0.519070 0.014038 0.032181
2 0.170500 0.526818 0.017157 0.026222
2 0.149833 0.507151 0.014818 0.022646
2 0.165431 0.503576 0.013258 0.017878
2 0.317508 0.551847 0.016378 0.023838
2 0.318677 0.584029 0.024956 0.030989
2 0.206374 0.579261 0.017157 0.035757
2 0.476214 0.411204 0.023396 0.038141
2 0.544843 0.362336 0.017157 0.030989
2 0.719537 0.191299 0.037434 0.060787
2 0.903589 0.168653 0.042114 0.067938
2 0.698480 0.345650 0.020277 0.028605
2 0.676253 0.601907 0.024176 0.040524
2 0.648568 0.825983 0.020277 0.033373
2 0.536265 0.830751 0.023396 0.040524
2 0.749562 0.900477 0.021057 0.032181
2 0.936734 0.895709 0.027296 0.039333
2 0.287872 0.391538 0.024176 0.034565
2 0.119418 0.951728 0.019497 0.029797
2 0.047279 0.150775 0.023396 0.039333
1 0.324823 0.513344 0.051844 0.084237
1 0.489086 0.172227 0.049661 0.087573
1 0.407500 0.382402 0.065487 0.085905