0 0.002399 0.299900 0.004798 0.058409
0 0.002555 0.819768 0.005109 0.069949
0 0.034206 0.001705 0.039339 0.003382
0 0.308840 0.002144 0.038392 0.004288
0 0.226670 0.003646 0.040368 0.007292
0 0.003263 0.143291 0.006526 0.057917
0 0.005719 0.728920 0.011439 0.075192
0 0.995593 0.678970 0.008265 0.064806
0 0.006627 0.231341 0.013253 0.068785
0 0.992109 0.961991 0.014339 0.066727
0 0.366240 0.007980 0.040945 0.015960
0 0.241423 0.986103 0.045803 0.025483
0 0.991904 0.231703 0.014771 0.064078
0 0.011220 0.414024 0.022419 0.075469
0 0.402479 0.918554 0.048464 0.082420
0 0.692553 0.969617 0.053483 0.058357
0 0.809915 0.874458 0.046224 0.070151
0 0.986400 0.796443 0.025562 0.080660
0 0.472268 0.858839 0.052099 0.073135
0 0.379304 0.768605 0.048802 0.074999
0 0.017018 0.955192 0.034036 0.077771
0 0.289738 0.951389 0.050481 0.076610
0 0.758097 0.970268 0.054613 0.056599
0 0.555230 0.946775 0.052634 0.081196
0 0.350332 0.955478 0.051283 0.082082
0 0.387126 0.447890 0.048105 0.069989
0 0.599530 0.874474 0.050261 0.076364
0 0.158702 0.647288 0.055817 0.078104
0 0.023574 0.497127 0.047149 0.088949
0 0.190733 0.945652 0.055074 0.079995
0 0.137470 0.960965 0.052892 0.075735
0 0.363326 0.856034 0.054002 0.084090
0 0.306299 0.827744 0.051779 0.079089
0 0.095157 0.018507 0.057030 0.037014
0 0.660795 0.899312 0.052869 0.080765
0 0.240448 0.877048 0.050156 0.074759
0 0.082130 0.953516 0.047895 0.079748
0 0.185566 0.861165 0.051304 0.075683
0 0.541328 0.805869 0.051994 0.080091
0 0.888073 0.959555 0.045287 0.073408
0 0.766877 0.022110 0.048576 0.044215
0 0.980503 0.433311 0.037316 0.070895
0 0.149639 0.764577 0.048633 0.077484
0 0.581176 0.714441 0.051357 0.073268
0 0.030522 0.658900 0.053119 0.063437
0 0.261265 0.659658 0.053596 0.077914
0 0.665379 0.814606 0.048302 0.076030
0 0.104192 0.855452 0.052943 0.087052
0 0.665134 0.608510 0.051893 0.078341
0 0.758406 0.424446 0.048000 0.075613
0 0.030037 0.064548 0.049613 0.076510
0 0.742233 0.688390 0.043894 0.073643
0 0.550409 0.243131 0.046717 0.067922
0 0.633448 0.680452 0.048380 0.077371
0 0.121023 0.588358 0.052915 0.083319
0 0.255966 0.257679 0.053343 0.091748
0 0.780085 0.804594 0.052097 0.084393
0 0.152357 0.025629 0.049537 0.051259
0 0.328261 0.600148 0.052522 0.080292
0 0.964933 0.032135 0.053315 0.064257
0 0.259074 0.110976 0.052776 0.085198
0 0.860652 0.663132 0.051178 0.073483
0 0.915396 0.849475 0.052585 0.072633
0 0.451844 0.255819 0.047612 0.075285
0 0.361463 0.666135 0.050104 0.077911
0 0.076573 0.727933 0.048882 0.076907
0 0.088322 0.083884 0.048339 0.070267
0 0.858138 0.840867 0.052143 0.084179
0 0.719908 0.784453 0.054696 0.085962
0 0.649360 0.206567 0.050214 0.075373
0 0.621339 0.298768 0.052161 0.074549
0 0.964304 0.721268 0.060417 0.096200
0 0.210926 0.612224 0.054993 0.080368
0 0.224781 0.047351 0.054059 0.075912
0 0.401127 0.241844 0.050780 0.090756
0 0.408910 0.148130 0.045979 0.069706
0 0.883909 0.593905 0.057994 0.078252
0 0.561328 0.316750 0.054844 0.080247
0 0.494820 0.302222 0.052230 0.077203
0 0.408050 0.032135 0.048078 0.064271
0 0.475227 0.188116 0.052877 0.080769
0 0.071489 0.539339 0.053669 0.086629
0 0.157467 0.148839 0.053475 0.083570
0 0.529172 0.166858 0.052258 0.079780
0 0.702927 0.257526 0.055810 0.082035
0 0.480433 0.468674 0.060131 0.068496
0 0.656579 0.408290 0.059844 0.086765
0 0.260289 0.451471 0.053708 0.082652
0 0.559164 0.460555 0.051757 0.069815
0 0.304310 0.213104 0.051113 0.082216
0 0.838501 0.527381 0.053432 0.085626
0 0.365295 0.111270 0.051444 0.084872
0 0.959071 0.324896 0.047902 0.098428
0 0.185484 0.231471 0.050834 0.080833
0 0.908298 0.280650 0.055680 0.088603
0 0.579075 0.539248 0.054377 0.085661
0 0.741571 0.334541 0.057328 0.086412
0 0.160231 0.513583 0.055798 0.082106
0 0.780980 0.231469 0.050334 0.080903
0 0.662068 0.081293 0.055227 0.087887
0 0.420324 0.377410 0.055734 0.088029
0 0.944857 0.628745 0.054772 0.084546
0 0.896425 0.515175 0.054334 0.084155
0 0.826946 0.181191 0.049669 0.085490
0 0.549326 0.060840 0.051834 0.081421
0 0.591057 0.173530 0.061882 0.087214
0 0.330105 0.395754 0.055582 0.084606
0 0.119434 0.337692 0.052328 0.078537
0 0.946474 0.210370 0.056638 0.084517
0 0.866173 0.068426 0.053319 0.086130
1 0.237180 0.178784 0.061611 0.071514
1 0.313608 0.060787 0.061611 0.071514
1 0.117858 0.453516 0.053812 0.063170
1 0.277344 0.733015 0.046793 0.066746
3 0.470754 0.947557 0.116982 0.104887
2 0.269545 0.834327 0.017157 0.028605
2 0.431370 0.627533 0.033535 0.053635
2 0.568630 0.637068 0.024176 0.048868
2 0.620492 0.575685 0.032755 0.050060
2 0.876293 0.723480 0.029636 0.038141
2 0.506239 0.016091 0.022617 0.032181
2 0.131116 0.060787 0.014818 0.021454
2 0.269935 0.321216 0.011698 0.027414