0 0.002471 0.067604 0.004942 0.052057
0 0.007166 0.987806 0.014329 0.022081
0 0.138654 0.823274 0.046242 0.075426
0 0.104575 0.836262 0.050611 0.070549
0 0.023812 0.788197 0.047625 0.077671
0 0.006526 0.483123 0.013052 0.070740
0 0.006112 0.254134 0.012224 0.067259
0 0.167391 0.005488 0.040627 0.010976
0 0.993888 0.363938 0.010849 0.067715
0 0.033915 0.861010 0.056471 0.083518
0 0.299848 0.007258 0.041930 0.014516
0 0.993029 0.650417 0.012456 0.068781
0 0.066804 0.981561 0.053971 0.033685
0 0.066531 0.919780 0.048414 0.075136
0 0.013962 0.642935 0.027897 0.095141
0 0.117962 0.951555 0.050990 0.077093
0 0.170162 0.889624 0.049485 0.081306
0 0.922567 0.984358 0.054747 0.028403
0 0.991143 0.129628 0.016136 0.071133
0 0.139215 0.603017 0.048748 0.076827
0 0.080670 0.647132 0.049034 0.077515
0 0.247322 0.978961 0.043957 0.038967
0 0.044032 0.550760 0.053707 0.077583
0 0.182176 0.967313 0.052413 0.062374
0 0.580046 0.982188 0.050254 0.032525
0 0.446406 0.885825 0.042538 0.084810
0 0.357515 0.921920 0.043359 0.067846
0 0.188351 0.643187 0.046608 0.082343
0 0.218396 0.861250 0.046126 0.081406
0 0.299820 0.971802 0.053194 0.053059
0 0.281561 0.669769 0.051433 0.061847
0 0.011393 0.164091 0.022762 0.073025
0 0.288448 0.876017 0.047945 0.086564
0 0.595228 0.018437 0.052092 0.036874
0 0.227643 0.701534 0.053186 0.079610
0 0.231022 0.509852 0.045455 0.075036
0 0.983466 0.238344 0.031247 0.077371
0 0.850315 0.967103 0.048719 0.062610
0 0.981467 0.040433 0.035417 0.080672
0 0.849066 0.021485 0.054426 0.042968
0 0.096697 0.455655 0.048209 0.071964
0 0.713514 0.954365 0.046996 0.077433
0 0.415876 0.959020 0.053956 0.077266
0 0.360887 0.757139 0.056968 0.078071
0 0.261260 0.441001 0.048978 0.080914
0 0.479081 0.958692 0.051282 0.078948
0 0.674552 0.432127 0.047929 0.078274
0 0.237043 0.369312 0.045997 0.067799
0 0.533095 0.943571 0.049609 0.090081
0 0.959378 0.938689 0.054679 0.084754
0 0.817853 0.476114 0.048257 0.070639
0 0.625961 0.398466 0.046537 0.076291
0 0.397014 0.827642 0.053897 0.080119
0 0.565921 0.880050 0.047744 0.077734
0 0.185026 0.553376 0.051287 0.077062
0 0.463332 0.803395 0.048155 0.083316
0 0.768822 0.523458 0.050976 0.085631
0 0.842981 0.772215 0.051621 0.081683
0 0.854224 0.686210 0.053206 0.075581
0 0.956922 0.808528 0.048924 0.080342
0 0.809051 0.615176 0.053382 0.082507
0 0.697352 0.864319 0.052094 0.075975
0 0.524843 0.786279 0.052293 0.081631
0 0.181783 0.312417 0.048135 0.076758
0 0.744006 0.623171 0.052263 0.087482
0 0.851121 0.548470 0.051794 0.089958
0 0.908796 0.428721 0.051373 0.080108
0 0.114376 0.375113 0.049346 0.076920
0 0.963952 0.454708 0.056878 0.073678
0 0.412531 0.189150 0.050694 0.082263
0 0.682187 0.355053 0.049261 0.071519
0 0.970904 0.312124 0.050017 0.077249
0 0.545927 0.214853 0.050084 0.076949
0 0.758069 0.311169 0.054335 0.082631
0 0.588407 0.669377 0.053582 0.080038
0 0.722202 0.238791 0.051402 0.082808
0 0.621255 0.496626 0.047277 0.077613
0 0.651769 0.779727 0.060646 0.088071
0 0.481647 0.035803 0.052208 0.071606
0 0.237871 0.030076 0.051264 0.060123
0 0.727385 0.462217 0.054982 0.090036
0 0.294771 0.367722 0.048413 0.075887
0 0.536426 0.697604 0.052288 0.086599
0 0.671308 0.068600 0.047897 0.079659
0 0.935615 0.732734 0.053928 0.077190
0 0.641955 0.166634 0.051436 0.076807
0 0.447531 0.534607 0.046956 0.071668
0 0.368090 0.029765 0.048341 0.059495
0 0.794598 0.392681 0.053719 0.087414
0 0.522955 0.498760 0.055042 0.086430
0 0.947237 0.625182 0.053853 0.077362
0 0.359455 0.477136 0.060297 0.088578
0 0.962814 0.541024 0.053158 0.085171
0 0.406028 0.372687 0.056332 0.090250
0 0.783106 0.233959 0.050614 0.072755
0 0.381699 0.559733 0.053550 0.077913
0 0.059472 0.321550 0.050825 0.080248
0 0.390024 0.668741 0.054420 0.087565
0 0.557494 0.404511 0.052752 0.085533
0 0.442980 0.109296 0.050431 0.084184
0 0.862277 0.251772 0.050134 0.072664
0 0.407094 0.277818 0.052558 0.079590
0 0.055201 0.216302 0.048824 0.079674
0 0.538872 0.319489 0.049460 0.080181
0 0.287241 0.161088 0.051481 0.083091
0 0.704524 0.146684 0.056692 0.093758
0 0.662992 0.274260 0.055095 0.086136
0 0.878111 0.164479 0.054684 0.071894
0 0.580969 0.150574 0.050713 0.075920
0 0.463889 0.680342 0.058964 0.094955
0 0.368519 0.108463 0.057033 0.079719
0 0.889958 0.065147 0.052677 0.090117
0 0.557601 0.066504 0.054416 0.088499
0 0.137756 0.237373 0.052034 0.082393
0 0.910227 0.339049 0.059682 0.089958
0 0.957896 0.168466 0.056398 0.084721
0 0.202654 0.225633 0.052406 0.085264
2 0.498050 0.339690 0.029636 0.047676
2 0.605674 0.615614 0.034315 0.048868
2 0.884092 0.476162 0.023396 0.034565
2 0.311269 0.789035 0.027296 0.038141
2 0.025442 0.729440 0.028076 0.045292
2 0.008432 0.712157 0.016863 0.034565
2 0.050398 0.385578 0.021837 0.032181
1 0.462176 0.365912 0.048353 0.061979
3 0.133066 0.717521 0.088907 0.154946