0 0.310485 0.995201 0.039479 0.008412
0 0.997634 0.606238 0.004289 0.044488
0 0.416602 0.994228 0.039166 0.009523
0 0.002754 0.071168 0.005508 0.069064
0 0.994995 0.819829 0.008643 0.054927
0 0.994087 0.103209 0.010485 0.054677
0 0.890267 0.005368 0.039500 0.010737
0 0.993381 0.944425 0.011767 0.067161
0 0.992710 0.513709 0.013011 0.063608
0 0.977461 0.987221 0.042627 0.022654
0 0.990590 0.031294 0.017339 0.061957
0 0.460590 0.008042 0.039080 0.016083
0 0.791184 0.986828 0.048008 0.023379
0 0.009082 0.418822 0.018163 0.075547
0 0.703210 0.985751 0.047749 0.025551
0 0.630185 0.980086 0.049882 0.036766
0 0.943222 0.021302 0.050814 0.042604
0 0.020678 0.748385 0.041355 0.095205
0 0.535982 0.016538 0.052981 0.033076
0 0.095622 0.876937 0.046054 0.083865
0 0.018830 0.324497 0.037658 0.078899
0 0.149107 0.875336 0.048837 0.072618
0 0.977494 0.882423 0.043119 0.071009
0 0.919394 0.404635 0.049078 0.065702
0 0.282982 0.267896 0.044598 0.071001
0 0.077075 0.964666 0.055558 0.067338
0 0.106567 0.033443 0.049922 0.066885
0 0.876484 0.965996 0.047084 0.065009
0 0.200019 0.971130 0.048806 0.054912
0 0.573871 0.136786 0.049872 0.068178
0 0.273106 0.056035 0.044280 0.074400
0 0.816981 0.061796 0.044789 0.068043
0 0.423718 0.390728 0.048007 0.077939
0 0.042415 0.855635 0.054277 0.083595
0 0.567145 0.635498 0.049128 0.080664
0 0.723319 0.037908 0.055749 0.075815
0 0.829987 0.486418 0.046398 0.076815
0 0.568791 0.058394 0.047733 0.073934
0 0.042068 0.050941 0.051981 0.083925
0 0.061722 0.175660 0.044678 0.082393
0 0.972880 0.450550 0.052407 0.086045
0 0.476204 0.401635 0.047544 0.079626
0 0.240894 0.135303 0.043610 0.087362
0 0.266452 0.430641 0.050046 0.076899
0 0.886780 0.145334 0.054707 0.079080
0 0.157279 0.600834 0.064552 0.068238
0 0.162705 0.797608 0.046347 0.070888
0 0.674437 0.088385 0.055633 0.077216
0 0.603283 0.930212 0.050617 0.078460
0 0.244527 0.227419 0.052178 0.082199
0 0.902195 0.638065 0.052634 0.079277
0 0.323511 0.122051 0.047604 0.084758
0 0.771628 0.277723 0.047943 0.083025
0 0.732368 0.338246 0.054048 0.084627
0 0.892114 0.057961 0.054981 0.081345
0 0.311060 0.569405 0.047296 0.075556
0 0.180743 0.076987 0.050257 0.076390
0 0.814130 0.168395 0.056065 0.087967
0 0.507400 0.503656 0.047307 0.073590
0 0.306966 0.651984 0.053455 0.081362
0 0.085713 0.788498 0.047494 0.076309
0 0.508713 0.937019 0.052615 0.090973
0 0.233245 0.888391 0.050182 0.077055
0 0.592837 0.743973 0.052572 0.086193
0 0.689022 0.567734 0.051937 0.085027
0 0.920351 0.827593 0.048928 0.084292
0 0.566768 0.344928 0.054318 0.086680
0 0.100676 0.227787 0.049424 0.081452
0 0.382519 0.351032 0.046980 0.081483
0 0.639982 0.470291 0.051491 0.078829
0 0.747699 0.616454 0.050715 0.080786
0 0.967523 0.170971 0.052703 0.080547
0 0.958671 0.599419 0.052358 0.086747
0 0.960463 0.357793 0.053525 0.079762
0 0.600151 0.555318 0.048677 0.081902
0 0.753556 0.423820 0.057431 0.085313
0 0.139394 0.523390 0.058826 0.083099
0 0.177894 0.431037 0.048789 0.077452
0 0.656915 0.169040 0.055367 0.081390
0 0.452970 0.487081 0.055110 0.082570
0 0.173310 0.683029 0.058023 0.092072
0 0.955691 0.741722 0.057602 0.076040
0 0.658342 0.689186 0.050110 0.086375
0 0.384952 0.699540 0.050660 0.081822
0 0.284857 0.350641 0.058899 0.082980
0 0.881309 0.748449 0.055773 0.084302
0 0.647744 0.865984 0.050601 0.089625
0 0.396689 0.546517 0.055459 0.092835
0 0.083400 0.367356 0.057653 0.080979
0 0.090734 0.701757 0.051088 0.073968
0 0.846424 0.364725 0.052081 0.076838
0 0.188894 0.326379 0.058652 0.084819
0 0.854767 0.559570 0.063095 0.076392
0 0.708800 0.482104 0.054111 0.081580
0 0.843513 0.841308 0.054358 0.086026
0 0.428923 0.937729 0.055621 0.088130
0 0.930659 0.278430 0.052065 0.083295
0 0.510132 0.167025 0.051838 0.083355
0 0.710330 0.250900 0.051799 0.086872
0 0.879432 0.229584 0.055184 0.076993
0 0.158705 0.248309 0.057321 0.077519
0 0.385997 0.137409 0.054638 0.085401
0 0.509181 0.323496 0.050602 0.083208
0 0.450464 0.640135 0.057517 0.092033
0 0.580160 0.229151 0.051546 0.086275
1 0.751512 0.112038 0.056152 0.076281
1 0.461396 0.849225 0.068630 0.075089
2 0.278124 0.573897 0.018717 0.034565
2 0.475434 0.794398 0.026516 0.032181
2 0.918797 0.452324 0.027296 0.036949
2 0.962080 0.830155 0.042114 0.053635
2 0.795965 0.236591 0.018717 0.034565
2 0.994688 0.560191 0.010624 0.035757