0 0.881187 0.002641 0.029392 0.005256
0 0.698316 0.005867 0.032427 0.011639
0 0.700873 0.992180 0.047871 0.013074
0 0.085040 0.005577 0.037232 0.011153
0 0.178684 0.990026 0.039073 0.017276
0 0.993447 0.086136 0.011391 0.055701
0 0.008586 0.838772 0.017172 0.069879
0 0.009312 0.270684 0.018596 0.078019
0 0.029300 0.980901 0.050758 0.035154
0 0.988365 0.850246 0.021547 0.077286
0 0.013304 0.934343 0.026608 0.066409
0 0.987255 0.231146 0.023525 0.084072
0 0.136008 0.014086 0.049257 0.028171
0 0.273939 0.466974 0.057305 0.085320
0 0.427822 0.980059 0.048463 0.036515
0 0.983692 0.549140 0.030670 0.083043
0 0.984109 0.025688 0.030358 0.051215
0 0.981615 0.463292 0.034686 0.080106
0 0.475242 0.016343 0.049624 0.032686
0 0.476810 0.944680 0.052269 0.094924
0 0.688765 0.402838 0.048549 0.078152
0 0.680032 0.468571 0.065908 0.077372
0 0.016568 0.112124 0.033136 0.084791
0 0.631142 0.402852 0.055752 0.083712
0 0.909039 0.955971 0.053481 0.083137
0 0.686180 0.949364 0.052260 0.076287
0 0.646676 0.892630 0.053917 0.078907
0 0.055808 0.679224 0.051762 0.082614
0 0.469659 0.594579 0.047554 0.075174
0 0.948808 0.892913 0.055326 0.087183
0 0.032796 0.753357 0.055798 0.086643
0 0.356143 0.879864 0.049941 0.081415
0 0.313032 0.027976 0.051868 0.055952
0 0.680621 0.550344 0.054883 0.078024
0 0.091515 0.611721 0.050705 0.083930
0 0.968397 0.785800 0.053421 0.090111
0 0.425829 0.810894 0.047639 0.079788
0 0.639646 0.800418 0.058908 0.073167
0 0.948268 0.321055 0.045224 0.072915
0 0.521351 0.903767 0.068341 0.099615
0 0.563834 0.026519 0.053398 0.053038
0 0.909091 0.031201 0.047999 0.062346
0 0.289977 0.572595 0.048342 0.083795
0 0.046796 0.177897 0.055512 0.089473
0 0.772740 0.939065 0.055068 0.087491
0 0.371411 0.078250 0.049926 0.074104
0 0.617022 0.483074 0.059206 0.086381
0 0.195720 0.358861 0.055905 0.093480
0 0.209552 0.947518 0.052781 0.082778
0 0.360125 0.499224 0.054874 0.083626
0 0.439156 0.724712 0.054252 0.087007
0 0.492004 0.760186 0.054892 0.096597
0 0.564235 0.813947 0.050633 0.079692
0 0.863104 0.656520 0.058128 0.081865
0 0.926443 0.446134 0.059699 0.094353
0 0.064827 0.937537 0.057305 0.081818
0 0.911830 0.733849 0.052568 0.091077
0 0.784579 0.820219 0.056901 0.090897
0 0.550680 0.395226 0.058386 0.088737
0 0.438113 0.384650 0.049100 0.081001
0 0.410502 0.032156 0.051225 0.064275
0 0.326153 0.801745 0.057031 0.083920
0 0.715301 0.269567 0.053040 0.082631
0 0.046489 0.515191 0.059455 0.092953
0 0.222404 0.856910 0.047798 0.084621
0 0.413738 0.459691 0.051000 0.078271
0 0.631619 0.032100 0.048022 0.064199
0 0.797707 0.496883 0.049933 0.078522
0 0.718677 0.670675 0.057794 0.087606
0 0.795925 0.584875 0.054869 0.081038
0 0.115893 0.460738 0.052413 0.089377
0 0.626119 0.717969 0.054150 0.085043
0 0.636125 0.268281 0.052789 0.082045
0 0.097045 0.358424 0.046559 0.084030
0 0.796501 0.308423 0.054221 0.086601
0 0.656791 0.096211 0.055448 0.075214
0 0.052006 0.289703 0.052512 0.081985
0 0.217351 0.280277 0.050796 0.081008
0 0.871939 0.392480 0.058242 0.095061
0 0.583176 0.325576 0.053201 0.083519
0 0.545046 0.667362 0.062062 0.097229
0 0.290005 0.247141 0.051459 0.075308
0 0.331069 0.375549 0.057765 0.079253
0 0.506055 0.281295 0.049858 0.080872
0 0.560881 0.176398 0.055362 0.090374
0 0.410625 0.153625 0.056795 0.086668
0 0.362503 0.265695 0.049146 0.076911
0 0.262687 0.043506 0.053578 0.086071
0 0.882149 0.288159 0.056912 0.086104
0 0.939904 0.124136 0.050138 0.077791
0 0.388310 0.624296 0.058681 0.094782
0 0.842029 0.220311 0.053187 0.076377
0 0.240514 0.188400 0.046208 0.082007
0 0.731091 0.192947 0.049804 0.076813
0 0.860904 0.143105 0.054166 0.074076
0 0.784538 0.201180 0.046038 0.076847
0 0.854687 0.058619 0.048229 0.081809
0 0.623300 0.179537 0.052233 0.085125
0 0.214222 0.746635 0.056331 0.096091
0 0.414860 0.304260 0.055920 0.086138
0 0.503871 0.099910 0.060498 0.090846
1 0.236400 0.382002 0.052252 0.098927
1 0.285922 0.329559 0.056152 0.084625
1 0.464125 0.534565 0.050692 0.051251
1 0.669624 0.336114 0.062391 0.090584
1 0.671964 0.169249 0.046793 0.066746
2 0.062096 0.030989 0.035875 0.054827
2 0.275004 0.413588 0.023396 0.035757
2 0.251998 0.400477 0.021057 0.026222
2 0.196626 0.794398 0.017937 0.025030
2 0.456717 0.184744 0.028076 0.042908
2 0.482453 0.362932 0.020277 0.034565
2 0.269155 0.150775 0.024176 0.036949
2 0.824821 0.275328 0.021837 0.028605
2 0.948822 0.014303 0.029636 0.028605