0 0.996514 0.375168 0.006901 0.066372
0 0.001925 0.028152 0.003850 0.046982
0 0.743829 0.994686 0.040456 0.009108
0 0.997811 0.601567 0.004317 0.073229
0 0.637204 0.006581 0.049064 0.013162
0 0.364471 0.006134 0.039835 0.012268
0 0.993249 0.697276 0.012823 0.078699
0 0.009138 0.840223 0.018275 0.076813
0 0.010688 0.940175 0.021376 0.083744
0 0.537174 0.009788 0.045026 0.019575
0 0.989794 0.083681 0.019252 0.084636
0 0.068853 0.018572 0.052272 0.037144
0 0.020052 0.358968 0.040105 0.077798
0 0.985397 0.945287 0.028177 0.087423
0 0.200477 0.011984 0.046481 0.023967
0 0.366482 0.981088 0.056715 0.034651
0 0.726355 0.484796 0.052780 0.061070
0 0.025661 0.047678 0.047380 0.078113
0 0.018917 0.259745 0.037835 0.089795
0 0.017666 0.481337 0.035331 0.077225
0 0.644942 0.976284 0.051213 0.045012
0 0.301640 0.976156 0.047858 0.044931
0 0.379779 0.247824 0.045548 0.068477
0 0.025139 0.166817 0.049918 0.081542
0 0.957656 0.033540 0.055210 0.067080
0 0.050941 0.417256 0.051736 0.082022
0 0.702195 0.412872 0.053002 0.081361
0 0.972270 0.790414 0.050185 0.085851
0 0.675251 0.356549 0.044226 0.075817
0 0.567884 0.965908 0.050623 0.065538
0 0.138610 0.969001 0.050890 0.059017
0 0.622336 0.916408 0.049880 0.079086
0 0.667723 0.819003 0.057875 0.091169
0 0.088256 0.133108 0.054576 0.084899
0 0.707074 0.889069 0.051804 0.080807
0 0.345190 0.676856 0.056588 0.078806
0 0.809493 0.340717 0.049388 0.080961
0 0.403647 0.326668 0.047813 0.077777
0 0.916850 0.076929 0.052843 0.082387
0 0.837590 0.532568 0.042924 0.067037
0 0.430320 0.398382 0.052341 0.091310
0 0.305884 0.023966 0.048080 0.047932
0 0.977390 0.305456 0.044768 0.084668
0 0.683194 0.038218 0.050413 0.076435
0 0.324690 0.440497 0.050493 0.082036
0 0.051486 0.946693 0.053629 0.093757
0 0.269065 0.359804 0.057783 0.090891
0 0.414376 0.785865 0.051775 0.084859
0 0.831991 0.436376 0.050558 0.083179
0 0.084713 0.846715 0.049861 0.079556
0 0.409317 0.595361 0.048194 0.082537
0 0.805598 0.620845 0.056085 0.085287
0 0.335438 0.291771 0.052261 0.083835
0 0.455358 0.951675 0.055793 0.088397
0 0.233801 0.795649 0.047846 0.078580
0 0.776260 0.785160 0.048363 0.081616
0 0.711056 0.751102 0.051719 0.088690
0 0.931248 0.489911 0.055534 0.086126
0 0.100938 0.650505 0.050430 0.087093
0 0.671134 0.209612 0.049464 0.077013
0 0.068246 0.757674 0.056103 0.093230
0 0.256777 0.700731 0.053233 0.085785
0 0.276511 0.579914 0.051125 0.086583
0 0.925347 0.744758 0.059563 0.081632
0 0.062108 0.300676 0.056116 0.084398
0 0.895576 0.291720 0.056000 0.080687
0 0.512449 0.907672 0.057003 0.085616
0 0.486095 0.396640 0.052150 0.084654
0 0.593968 0.344301 0.048441 0.079181
0 0.781582 0.049489 0.056580 0.083300
0 0.619481 0.699397 0.053856 0.087592
0 0.203695 0.067764 0.054686 0.080095
0 0.293794 0.762116 0.049375 0.082432
0 0.886723 0.396459 0.048788 0.081594
0 0.157921 0.540840 0.053698 0.082970
0 0.667645 0.607017 0.052536 0.086476
0 0.453571 0.568958 0.050441 0.088788
0 0.542959 0.359130 0.048611 0.084630
0 0.777701 0.939136 0.053912 0.087267
0 0.209394 0.903936 0.049988 0.080827
0 0.704159 0.124668 0.052448 0.092493
0 0.571211 0.081368 0.051126 0.080159
0 0.053596 0.562211 0.050543 0.084269
0 0.269916 0.116940 0.053812 0.087493
0 0.914828 0.655301 0.056827 0.089720
0 0.408877 0.146841 0.053092 0.085249
0 0.275846 0.909797 0.047034 0.083775
0 0.604377 0.169641 0.054594 0.087610
0 0.368166 0.913074 0.053768 0.093845
0 0.159396 0.626319 0.059097 0.081529
0 0.452335 0.722866 0.059546 0.092529
0 0.166060 0.840230 0.061365 0.082733
0 0.365531 0.061537 0.057710 0.089572
0 0.793970 0.131214 0.058995 0.082744
0 0.456186 0.231291 0.053219 0.081521
0 0.767598 0.265652 0.056977 0.079582
0 0.518348 0.212819 0.054366 0.082711
1 0.090562 0.059595 0.063170 0.050060
1 0.976361 0.456496 0.047279 0.066746
1 0.267985 0.491061 0.053032 0.071514
1 0.236010 0.430274 0.054592 0.100119
2 0.190387 0.374851 0.025736 0.046484
1 0.842368 0.259237 0.055372 0.079857
2 0.818192 0.226460 0.022617 0.040524
2 0.888381 0.239571 0.022617 0.033373
2 0.373269 0.476162 0.035875 0.044100
2 0.370150 0.435042 0.026516 0.038141
2 0.510138 0.361144 0.021057 0.033373
2 0.377169 0.651371 0.020277 0.027414