4 0.224702 0.168057 0.100605 0.169249
0 0.359137 0.030464 0.042416 0.060927
0 0.004072 0.329912 0.008118 0.053480
0 0.061465 0.004147 0.035448 0.008293
0 0.219979 0.168108 0.093478 0.164951
0 0.565625 0.005969 0.037838 0.011919
0 0.994744 0.797369 0.009253 0.060012
0 0.063868 0.990707 0.043338 0.016495
0 0.165350 0.010123 0.043615 0.020246
0 0.009409 0.146841 0.018762 0.076291
0 0.405688 0.009771 0.039615 0.019541
0 0.991454 0.418966 0.015651 0.078128
0 0.165406 0.586698 0.054449 0.084733
0 0.146408 0.530730 0.048428 0.093504
0 0.208449 0.986305 0.051913 0.025383
0 0.015680 0.825926 0.031360 0.087018
0 0.302604 0.361492 0.053473 0.078646
0 0.835050 0.981158 0.049384 0.035828
0 0.227908 0.512757 0.046467 0.069822
0 0.281892 0.017234 0.051767 0.034469
0 0.195338 0.463805 0.049255 0.082199
0 0.203435 0.040017 0.047697 0.079788
0 0.290260 0.289876 0.054606 0.085186
0 0.437892 0.980201 0.052133 0.037538
0 0.452484 0.370103 0.046213 0.079639
0 0.051109 0.181575 0.052264 0.078420
0 0.979254 0.864678 0.039839 0.072353
0 0.854518 0.023313 0.052570 0.046574
0 0.271873 0.965599 0.050911 0.066651
0 0.108801 0.156401 0.051411 0.079829
0 0.974754 0.953047 0.048839 0.088761
0 0.047278 0.751861 0.047437 0.083773
0 0.703793 0.860002 0.044877 0.074694
0 0.715815 0.021879 0.052450 0.043758
0 0.409347 0.378937 0.055711 0.089778
0 0.122120 0.441935 0.048800 0.075140
0 0.063128 0.343306 0.053464 0.088244
0 0.172433 0.275390 0.047029 0.066058
0 0.276813 0.736253 0.050567 0.083186
0 0.130330 0.907765 0.052255 0.077222
0 0.258117 0.407158 0.043396 0.090105
0 0.113845 0.308025 0.044983 0.076768
0 0.648270 0.024169 0.047972 0.048338
0 0.838206 0.663823 0.050462 0.068852
0 0.470980 0.443342 0.045705 0.087472
0 0.235745 0.687024 0.044576 0.080375
0 0.799382 0.892100 0.052653 0.073213
0 0.391773 0.464936 0.053819 0.078211
0 0.684015 0.965542 0.053144 0.066914
0 0.169311 0.832471 0.050716 0.078794
0 0.604867 0.966409 0.048115 0.065358
0 0.691129 0.084228 0.045113 0.070766
0 0.852524 0.425371 0.047810 0.080248
0 0.461160 0.828706 0.047081 0.080265
0 0.259190 0.819404 0.057070 0.080005
0 0.658031 0.514077 0.046046 0.074938
0 0.182997 0.935898 0.050571 0.080301
0 0.217294 0.610253 0.049148 0.073156
0 0.903340 0.899272 0.052674 0.084493
0 0.964533 0.758605 0.049284 0.083275
0 0.408297 0.757052 0.047555 0.078648
0 0.978035 0.552431 0.042553 0.082068
0 0.863636 0.819353 0.044528 0.080350
0 0.492153 0.636524 0.058698 0.093350
0 0.075244 0.939467 0.050991 0.080804
0 0.579850 0.883552 0.055985 0.078623
0 0.735646 0.589818 0.049971 0.068709
0 0.978702 0.290205 0.040897 0.089734
0 0.185998 0.702284 0.048060 0.083845
0 0.770155 0.815548 0.052037 0.082917
0 0.658621 0.606161 0.049801 0.074215
0 0.409605 0.068050 0.045390 0.083464
0 0.508062 0.753098 0.054461 0.080606
0 0.625816 0.741103 0.049697 0.078199
0 0.617501 0.660286 0.063274 0.071873
0 0.380137 0.597765 0.045532 0.081290
0 0.596662 0.386689 0.055495 0.080155
0 0.741530 0.496316 0.049323 0.079368
0 0.086337 0.633615 0.052065 0.079652
0 0.335513 0.200956 0.058513 0.084539
0 0.682398 0.776574 0.056927 0.075195
0 0.560953 0.803831 0.053078 0.075946
0 0.496338 0.243609 0.047443 0.075728
0 0.104163 0.741770 0.051649 0.090294
0 0.717835 0.696424 0.052034 0.085182
0 0.791328 0.581429 0.049259 0.080262
0 0.517366 0.560501 0.056816 0.078051
0 0.439907 0.911453 0.052780 0.082717
0 0.315691 0.919131 0.052692 0.085328
0 0.789242 0.046171 0.048995 0.091007
0 0.812229 0.502994 0.054982 0.073644
0 0.318913 0.487138 0.056341 0.087024
0 0.911633 0.768185 0.052211 0.091072
0 0.497988 0.332544 0.050428 0.072072
0 0.633055 0.834773 0.052449 0.086616
0 0.791166 0.731819 0.055365 0.080983
0 0.821512 0.152081 0.056048 0.091064
0 0.452139 0.708015 0.055717 0.085127
0 0.868517 0.207202 0.060364 0.074388
0 0.565756 0.115803 0.053336 0.079377
0 0.883003 0.496254 0.048356 0.079353
0 0.766320 0.402122 0.053110 0.092451
0 0.623184 0.271190 0.047685 0.072108
0 0.884466 0.593649 0.050726 0.089292
0 0.523129 0.048267 0.059712 0.090293
0 0.771845 0.292030 0.049723 0.080989
0 0.564485 0.218682 0.051264 0.081905
0 0.930276 0.079156 0.050058 0.069608
0 0.821607 0.349364 0.055126 0.090843
0 0.632286 0.183089 0.049752 0.092137
0 0.876490 0.307570 0.054347 0.090292
0 0.687722 0.178689 0.054313 0.087869
0 0.919306 0.173152 0.051441 0.073991
1 0.257457 0.077473 0.047573 0.076281
1 0.628291 0.419547 0.054592 0.088200
1 0.517547 0.483313 0.048353 0.075089
2 0.025052 0.697259 0.024176 0.045292
2 0.124877 0.830751 0.030415 0.040524
2 0.554592 0.358164 0.019497 0.032181
2 0.627511 0.337902 0.024956 0.036949
2 0.439949 0.248510 0.022617 0.034565
2 0.476214 0.524434 0.020277 0.033373
2 0.845878 0.090584 0.035875 0.052443
2 0.975728 0.693683 0.036654 0.042908
2 0.753852 0.007747 0.026516 0.015495
2 0.942973 0.011919 0.031975 0.023838