0 0.747291 0.995858 0.031873 0.006548
0 0.996261 0.965269 0.006519 0.050084
0 0.002753 0.304311 0.005507 0.056130
0 0.997814 0.764471 0.003866 0.047935
0 0.523035 0.003600 0.035970 0.007201
0 0.784130 0.004385 0.036398 0.008769
0 0.440852 0.004682 0.043085 0.009363
0 0.288783 0.991590 0.032775 0.014031
0 0.019512 0.007842 0.038954 0.015684
0 0.806455 0.988252 0.045271 0.020770
0 0.007704 0.797901 0.015409 0.070694
0 0.991334 0.436725 0.015772 0.058990
0 0.009208 0.660737 0.018408 0.067571
0 0.009995 0.219597 0.019960 0.085242
0 0.713976 0.011042 0.047568 0.022084
0 0.983680 0.234294 0.030885 0.083273
0 0.552557 0.986093 0.049076 0.024802
0 0.989912 0.682508 0.018609 0.074171
0 0.335160 0.015529 0.049203 0.031059
0 0.151681 0.982035 0.058552 0.032841
0 0.980849 0.899586 0.036880 0.084190
0 0.163895 0.021622 0.048467 0.043243
0 0.941002 0.020368 0.048559 0.040736
0 0.596380 0.786102 0.051058 0.077867
0 0.019421 0.882481 0.038842 0.077893
0 0.237606 0.970013 0.045489 0.056781
0 0.624677 0.466361 0.052060 0.081388
0 0.981977 0.509547 0.034180 0.076168
0 0.678296 0.970176 0.056195 0.056516
0 0.020755 0.587632 0.041510 0.075771
0 0.483006 0.867852 0.046570 0.075788
0 0.856798 0.922451 0.044837 0.083196
0 0.526195 0.324574 0.050473 0.074225
0 0.778460 0.844684 0.044367 0.069926
0 0.678255 0.899566 0.056424 0.070305
0 0.809273 0.908665 0.043982 0.079857
0 0.339512 0.970857 0.054400 0.055172
0 0.261857 0.681338 0.051559 0.085599
0 0.332793 0.794913 0.042064 0.076995
0 0.406156 0.174746 0.045137 0.077020
0 0.643980 0.208206 0.050451 0.082755
0 0.222969 0.805051 0.045662 0.066074
0 0.521310 0.186679 0.052398 0.081660
0 0.255209 0.904055 0.048441 0.075084
0 0.805059 0.039407 0.043134 0.066042
0 0.499218 0.263862 0.056969 0.079889
0 0.314374 0.687584 0.055884 0.094582
0 0.690620 0.825780 0.050162 0.070198
0 0.766515 0.295249 0.055206 0.089988
0 0.031894 0.957528 0.053218 0.076765
0 0.978389 0.362300 0.041470 0.077944
0 0.739921 0.941747 0.052177 0.076796
0 0.619764 0.041591 0.048869 0.078298
0 0.025315 0.734706 0.049372 0.074451
0 0.863102 0.799821 0.051535 0.077149
0 0.618990 0.283161 0.056898 0.073857
0 0.850917 0.721336 0.047620 0.074644
0 0.578990 0.433623 0.050950 0.081437
0 0.381535 0.295897 0.054343 0.073723
0 0.510626 0.567986 0.053838 0.072430
0 0.026512 0.480044 0.050271 0.087665
0 0.928022 0.819607 0.049149 0.074860
0 0.752345 0.056231 0.050656 0.070633
0 0.393099 0.074559 0.053631 0.069967
0 0.349099 0.422564 0.056918 0.069574
0 0.284411 0.183459 0.063476 0.075447
0 0.426292 0.846589 0.051473 0.082248
0 0.529267 0.724283 0.050473 0.068797
0 0.468934 0.495088 0.054659 0.076914
0 0.672623 0.436526 0.054114 0.086540
0 0.461706 0.380141 0.050999 0.068583
0 0.429073 0.758941 0.047060 0.075566
0 0.457550 0.049256 0.051045 0.077572
0 0.442394 0.951814 0.053873 0.079683
0 0.534237 0.928950 0.052954 0.081587
0 0.375804 0.703210 0.049767 0.078158
0 0.263644 0.107564 0.054270 0.075293
0 0.286818 0.350964 0.046223 0.075740
0 0.528619 0.817498 0.058030 0.075522
0 0.536538 0.493333 0.052165 0.080561
0 0.969676 0.059274 0.050877 0.083060
0 0.510865 0.091083 0.051881 0.071208
0 0.043615 0.237360 0.045739 0.075095
0 0.774909 0.158123 0.051810 0.080505
0 0.282047 0.811632 0.050209 0.084653
0 0.345657 0.231287 0.043379 0.080659
0 0.676179 0.047693 0.051212 0.085161
0 0.945202 0.715233 0.051691 0.078560
0 0.620719 0.551857 0.056492 0.083136
0 0.883572 0.026988 0.059092 0.053976
0 0.191857 0.624310 0.049849 0.072188
0 0.582921 0.339795 0.058026 0.090982
0 0.700813 0.129619 0.051684 0.078657
0 0.882475 0.535094 0.049384 0.066718
0 0.045278 0.322746 0.047263 0.080993
0 0.864359 0.635805 0.046646 0.091432
0 0.687923 0.701763 0.055973 0.091063
0 0.405124 0.508159 0.052213 0.083325
0 0.843587 0.428987 0.044645 0.080459
0 0.215841 0.551363 0.054447 0.075256
0 0.113103 0.095502 0.053655 0.083121
0 0.949030 0.618710 0.049825 0.077921
0 0.298799 0.262188 0.048362 0.085182
0 0.103931 0.193331 0.049022 0.083937
0 0.066665 0.856035 0.052485 0.079600
0 0.688292 0.593055 0.053794 0.096603
0 0.450748 0.216412 0.052356 0.086535
0 0.807398 0.543753 0.052914 0.076395
0 0.125597 0.309645 0.048279 0.079910
0 0.938510 0.534522 0.048249 0.077915
0 0.167242 0.753059 0.053139 0.085312
0 0.750253 0.504796 0.055621 0.077973
0 0.032232 0.122451 0.054220 0.086219
0 0.083388 0.647348 0.051712 0.080368
0 0.188944 0.131130 0.054423 0.082975
0 0.202905 0.407897 0.054842 0.080618
0 0.674454 0.309647 0.055726 0.087838
0 0.101834 0.771199 0.055736 0.089411
0 0.263528 0.497120 0.056828 0.089516
0 0.911033 0.106254 0.052423 0.084288
0 0.827862 0.131818 0.056257 0.085700
0 0.919669 0.190470 0.055784 0.076526
0 0.209863 0.301258 0.059775 0.080939
1 0.436830 0.626937 0.061611 0.085816
1 0.752682 0.580453 0.039774 0.057211
1 0.635699 0.752086 0.049133 0.076281
1 0.594756 0.089392 0.056152 0.078665
1 0.626341 0.146007 0.052252 0.063170
3 0.257847 0.039333 0.096705 0.078665
3 0.914117 0.946365 0.097485 0.107271
2 0.202085 0.045888 0.028856 0.048868
2 0.311269 0.138260 0.027296 0.042908
2 0.039870 0.428486 0.017937 0.027414
2 0.352602 0.648391 0.021057 0.028605
2 0.114348 0.921931 0.020277 0.039333
2 0.378728 0.963647 0.023396 0.032181
2 0.726946 0.665077 0.019497 0.040524
2 0.634530 0.839094 0.023396 0.030989
2 0.631020 0.398689 0.027296 0.034565
2 0.795575 0.337306 0.027296 0.047676
2 0.553812 0.157926 0.022617 0.036949
2 0.337395 0.173421 0.026516 0.032181
2 0.752292 0.346841 0.021837 0.028605
1 0.751512 0.226460 0.059271 0.081049