0 0.372098 0.702170 0.056557 0.064930
0 0.391180 0.738968 0.050928 0.075018
0 0.086599 0.007796 0.040458 0.015592
0 0.006128 0.490666 0.012257 0.076958
0 0.994167 0.337118 0.010018 0.062267
0 0.991804 0.796603 0.014779 0.070156
0 0.978560 0.013656 0.041304 0.027312
0 0.009606 0.809886 0.019212 0.075194
0 0.686633 0.986359 0.048193 0.024186
0 0.459253 0.015461 0.051290 0.030923
0 0.012518 0.714262 0.025036 0.076273
0 0.101198 0.231064 0.048895 0.080224
0 0.143350 0.155870 0.049295 0.089512
0 0.123211 0.112522 0.052687 0.084990
0 0.498256 0.044890 0.045547 0.087629
0 0.185137 0.017284 0.046994 0.034567
0 0.848451 0.014426 0.050686 0.028851
0 0.207949 0.356290 0.049392 0.071347
0 0.405646 0.810800 0.053504 0.069875
0 0.556047 0.975837 0.055071 0.045136
0 0.237745 0.030810 0.051075 0.061620
0 0.052444 0.971014 0.052966 0.054771
0 0.022900 0.901884 0.045801 0.079390
0 0.382218 0.382556 0.050597 0.077262
0 0.286574 0.055491 0.049773 0.074810
0 0.022960 0.099009 0.045919 0.082888
0 0.420516 0.084269 0.047318 0.077708
0 0.049865 0.242425 0.049839 0.086005
0 0.456440 0.696984 0.046257 0.077849
0 0.387298 0.031868 0.056774 0.063737
0 0.024326 0.605066 0.048652 0.078097
0 0.973863 0.863587 0.048566 0.080926
0 0.098519 0.350497 0.051728 0.082749
0 0.147147 0.963382 0.047819 0.069789
0 0.450129 0.840861 0.045468 0.071495
0 0.696704 0.927454 0.050179 0.071782
0 0.761918 0.966025 0.056779 0.064760
0 0.168311 0.415915 0.058330 0.084042
0 0.811095 0.372239 0.048142 0.075662
0 0.617485 0.953802 0.047308 0.080345
0 0.690921 0.270952 0.050791 0.083730
0 0.712864 0.208340 0.054042 0.094168
0 0.411179 0.645873 0.059754 0.076238
0 0.769382 0.021586 0.050726 0.043171
0 0.244618 0.960070 0.057117 0.076571
0 0.457086 0.130556 0.045763 0.072463
0 0.383443 0.149834 0.051507 0.080183
0 0.381236 0.939124 0.052504 0.084683
0 0.248965 0.121680 0.058158 0.071785
0 0.469657 0.919926 0.052646 0.087607
0 0.047070 0.741191 0.048316 0.071671
0 0.032991 0.404674 0.047013 0.077283
0 0.185981 0.819059 0.053049 0.077748
0 0.683479 0.618954 0.049940 0.077728
0 0.090866 0.917144 0.052339 0.089591
0 0.104787 0.774749 0.061458 0.085471
0 0.253356 0.540299 0.049127 0.082634
0 0.624433 0.027119 0.051388 0.054239
0 0.692191 0.034536 0.054476 0.069063
0 0.101370 0.456614 0.049225 0.076990
0 0.885360 0.773279 0.044640 0.073977
0 0.071581 0.587984 0.049914 0.079020
0 0.145587 0.274262 0.050729 0.091515
0 0.403717 0.461100 0.052695 0.080021
0 0.468363 0.501084 0.045934 0.073436
0 0.568081 0.033122 0.049511 0.066194
0 0.913367 0.934849 0.053817 0.077902
0 0.324623 0.649716 0.051677 0.089050
0 0.701189 0.545554 0.047953 0.075279
0 0.138177 0.862746 0.051928 0.095995
0 0.448659 0.584924 0.049203 0.079397
0 0.823294 0.905246 0.053077 0.077294
0 0.173592 0.502889 0.050460 0.075658
0 0.679831 0.355111 0.050166 0.076803
0 0.057088 0.505135 0.055975 0.080205
0 0.394760 0.561677 0.054597 0.076029
0 0.972098 0.065629 0.053893 0.071510
0 0.590841 0.445752 0.046266 0.078479
0 0.275877 0.438463 0.055997 0.085853
0 0.612694 0.817021 0.050803 0.090082
0 0.222987 0.466296 0.049330 0.081267
0 0.337929 0.205668 0.054968 0.081742
0 0.738755 0.398893 0.051234 0.077311
0 0.528198 0.779639 0.054182 0.092237
0 0.622960 0.372817 0.045136 0.078735
0 0.522401 0.321169 0.052418 0.065042
0 0.801021 0.744316 0.048960 0.082191
0 0.850052 0.538814 0.055529 0.074524
0 0.261604 0.354183 0.049679 0.076313
0 0.931631 0.747601 0.045817 0.075723
0 0.973673 0.591293 0.050213 0.083770
0 0.960250 0.389463 0.055678 0.078149
0 0.613982 0.102230 0.056458 0.085685
0 0.236924 0.875528 0.059155 0.086986
0 0.693749 0.457095 0.057236 0.089371
0 0.912206 0.633723 0.050995 0.079830
0 0.502333 0.653374 0.049172 0.079845
0 0.632378 0.692425 0.052495 0.071759
0 0.514252 0.457434 0.054158 0.083194
0 0.863868 0.352649 0.051298 0.074276
0 0.426352 0.260113 0.055315 0.079641
0 0.853911 0.691649 0.055932 0.080084
0 0.323188 0.299475 0.057078 0.086001
0 0.327154 0.502015 0.058267 0.077632
0 0.664513 0.785137 0.051449 0.084090
0 0.914305 0.339408 0.051657 0.090857
0 0.537744 0.584314 0.058005 0.087443
0 0.570424 0.666710 0.057453 0.089953
0 0.255960 0.698210 0.054914 0.082435
0 0.745800 0.690576 0.057973 0.085802
0 0.857149 0.455082 0.054596 0.080945
0 0.183536 0.733035 0.055803 0.084291
0 0.628661 0.191545 0.054432 0.079452
0 0.561101 0.205579 0.052971 0.082411
0 0.806591 0.285104 0.053985 0.081723
0 0.849028 0.155928 0.054702 0.083178
0 0.763152 0.143790 0.053589 0.087823
0 0.747468 0.291237 0.053468 0.084679
0 0.619308 0.572873 0.050806 0.084557
0 0.921668 0.545064 0.051709 0.084783
0 0.856788 0.246433 0.055398 0.086537
0 0.904786 0.088813 0.054824 0.082984
1 0.420842 0.355781 0.037434 0.063170
2 0.076524 0.081049 0.042894 0.057211
2 0.318677 0.022050 0.018717 0.029797
2 0.803764 0.433850 0.031195 0.042908
2 0.851727 0.623957 0.024176 0.032181
2 0.722266 0.854589 0.027296 0.038141
2 0.587737 0.935638 0.023396 0.030989