0 0.253552 0.003295 0.041641 0.006500
0 0.996754 0.905217 0.005746 0.069615
0 0.997698 0.343773 0.004451 0.060179
0 0.996461 0.073087 0.006129 0.056940
0 0.005047 0.444830 0.010094 0.060143
0 0.005038 0.650789 0.010076 0.063554
0 0.262607 0.989694 0.039803 0.017919
0 0.007281 0.189505 0.014549 0.067080
0 0.120064 0.006979 0.040208 0.013957
0 0.065558 0.848115 0.044340 0.079703
0 0.084778 0.804842 0.046158 0.073321
0 0.009247 0.552698 0.018474 0.080256
0 0.412017 0.986840 0.044326 0.023189
0 0.719507 0.614852 0.043299 0.084764
0 0.167577 0.987329 0.048812 0.022699
0 0.788536 0.984357 0.049070 0.028390
0 0.748772 0.650946 0.053158 0.082152
0 0.014209 0.872410 0.028419 0.085651
0 0.685896 0.013799 0.047377 0.027509
0 0.829465 0.016955 0.039044 0.033868
0 0.077599 0.970856 0.054666 0.055188
0 0.393185 0.014174 0.048667 0.028287
0 0.641602 0.252032 0.061933 0.078391
0 0.014638 0.769619 0.029276 0.088145
0 0.015548 0.373760 0.031020 0.067463
0 0.312774 0.976972 0.048356 0.043133
0 0.780530 0.722991 0.048079 0.072049
0 0.975118 0.015637 0.047722 0.031125
0 0.550045 0.402265 0.054698 0.076384
0 0.894455 0.849519 0.048926 0.074166
0 0.106209 0.641320 0.050519 0.080062
0 0.621277 0.751903 0.046196 0.067702
0 0.216847 0.957955 0.059019 0.080925
0 0.125271 0.942554 0.050256 0.083592
0 0.216054 0.625617 0.052858 0.086601
0 0.728699 0.852479 0.050656 0.075577
0 0.887832 0.020235 0.043725 0.040470
0 0.469871 0.628414 0.047736 0.075880
0 0.627710 0.514277 0.049870 0.075500
0 0.859812 0.908085 0.049487 0.079742
0 0.805582 0.924453 0.052748 0.082543
0 0.227259 0.539656 0.046943 0.081776
0 0.660760 0.969869 0.051276 0.057157
0 0.830118 0.627855 0.052909 0.085522
0 0.127198 0.850503 0.052672 0.087129
0 0.981476 0.150773 0.035115 0.077173
0 0.371709 0.934280 0.048462 0.074282
0 0.482598 0.539785 0.053711 0.084532
0 0.313957 0.659294 0.048649 0.080956
0 0.851999 0.552920 0.046015 0.078174
0 0.515739 0.338279 0.048011 0.071073
0 0.726517 0.770224 0.052914 0.076471
0 0.773384 0.306653 0.044157 0.079079
0 0.022084 0.276106 0.044145 0.080821
0 0.245481 0.691329 0.049358 0.081211
0 0.463918 0.453407 0.045976 0.076867
0 0.194530 0.874354 0.054123 0.086349
0 0.943554 0.087067 0.051416 0.077778
0 0.332408 0.875467 0.052850 0.081536
0 0.382508 0.401308 0.048106 0.079809
0 0.721725 0.420273 0.051027 0.081708
0 0.290980 0.420864 0.047681 0.072792
0 0.131719 0.507041 0.050054 0.079718
0 0.596974 0.042461 0.046523 0.075616
0 0.521606 0.704039 0.053838 0.073183
0 0.076369 0.035269 0.052855 0.070538
0 0.244208 0.183265 0.049887 0.073414
0 0.317850 0.779755 0.051500 0.082728
0 0.457272 0.958702 0.050046 0.079512
0 0.917024 0.655304 0.047522 0.081528
0 0.050077 0.438664 0.043798 0.081825
0 0.255144 0.897190 0.050003 0.079503
0 0.900474 0.571327 0.049974 0.079096
0 0.759688 0.484782 0.053349 0.082647
0 0.149525 0.373347 0.046451 0.076008
0 0.945907 0.739484 0.054846 0.085967
0 0.548640 0.490315 0.049068 0.081076
0 0.972799 0.508471 0.052566 0.087381
0 0.364170 0.507458 0.051345 0.082378
0 0.275557 0.522028 0.049692 0.080682
0 0.159653 0.655093 0.053028 0.091804
0 0.613058 0.872611 0.059934 0.085780
0 0.554803 0.060121 0.052462 0.073573
0 0.420522 0.728938 0.055030 0.070382
0 0.426661 0.846003 0.056830 0.069480
0 0.839523 0.164235 0.049081 0.075979
0 0.553443 0.177285 0.045802 0.072527
0 0.417420 0.492289 0.047419 0.087729
0 0.504492 0.251312 0.044744 0.071806
0 0.659097 0.444232 0.051582 0.085045
0 0.310705 0.300484 0.052623 0.087023
0 0.618022 0.596028 0.057154 0.079824
0 0.938862 0.183184 0.046857 0.089822
0 0.818004 0.077062 0.054530 0.082206
0 0.935935 0.382384 0.052950 0.080888
0 0.338140 0.040761 0.052517 0.072463
0 0.800331 0.413311 0.057083 0.089439
0 0.881430 0.439836 0.052952 0.081734
0 0.485034 0.158406 0.054576 0.079308
0 0.584086 0.703528 0.053262 0.081792
0 0.684337 0.317451 0.052359 0.080452
0 0.382934 0.091595 0.050588 0.077089
0 0.402957 0.292063 0.048771 0.078284
0 0.547647 0.594284 0.056690 0.082574
0 0.032526 0.154245 0.048395 0.088881
0 0.219242 0.420940 0.059145 0.084940
0 0.346616 0.159393 0.056629 0.080851
0 0.367635 0.611090 0.057608 0.089502
0 0.406838 0.189773 0.047896 0.074306
0 0.256059 0.264931 0.054071 0.086281
0 0.889039 0.115308 0.047718 0.084389
0 0.713921 0.137595 0.051861 0.088183
0 0.578946 0.309503 0.052653 0.084014
0 0.750337 0.223490 0.053072 0.089485
0 0.631121 0.103698 0.054427 0.082091
0 0.216792 0.103891 0.054734 0.083766
0 0.905301 0.252868 0.051868 0.085325
0 0.080855 0.122429 0.055265 0.088038
0 0.194967 0.282194 0.052662 0.082282
0 0.752711 0.048430 0.055301 0.084082
0 0.958840 0.299313 0.052497 0.082205
0 0.099058 0.235133 0.053561 0.083831
1 0.462956 0.353993 0.035875 0.081049
1 0.592026 0.429082 0.035095 0.052443
1 0.355722 0.250894 0.046013 0.087008
1 0.508189 0.813468 0.046793 0.101311
2 0.204035 0.168653 0.031195 0.041716
2 0.092122 0.347437 0.030415 0.044100
2 0.326866 0.597735 0.017937 0.034565
2 0.491031 0.750298 0.023396 0.036949
2 0.510528 0.650775 0.028076 0.045292
2 0.645838 0.836710 0.022617 0.038141
2 0.735524 0.713349 0.027296 0.032181
2 0.855626 0.724076 0.024176 0.034565
2 0.882532 0.651371 0.020277 0.034565
2 0.620102 0.454708 0.017937 0.029797