0 0.135183 0.065689 0.030399 0.048050
0 0.997551 0.717657 0.004338 0.057151
0 0.860157 0.992855 0.030426 0.011801
0 0.446806 0.005586 0.037037 0.011172
0 0.992439 0.032819 0.013707 0.065258
0 0.007572 0.753995 0.015144 0.061093
0 0.069470 0.008919 0.044727 0.017838
0 0.010523 0.903621 0.021015 0.075336
0 0.010983 0.972485 0.021967 0.052144
0 0.991154 0.222181 0.016488 0.079070
0 0.853965 0.011032 0.045472 0.022064
0 0.080557 0.982432 0.053278 0.031932
0 0.368590 0.914741 0.046802 0.070472
0 0.015831 0.828755 0.031661 0.071579
0 0.985505 0.884752 0.027487 0.077938
0 0.391299 0.971498 0.058005 0.053568
0 0.245510 0.963069 0.063482 0.070544
0 0.821969 0.967524 0.048464 0.061845
0 0.116009 0.097126 0.053787 0.085185
0 0.177099 0.844507 0.050943 0.069795
0 0.270458 0.023603 0.057117 0.047207
0 0.396701 0.789256 0.048438 0.077317
0 0.143443 0.948915 0.051558 0.078394
0 0.213312 0.728219 0.042705 0.066510
0 0.211219 0.021956 0.052712 0.043912
0 0.102211 0.853158 0.050303 0.076583
0 0.200169 0.913951 0.054527 0.090320
0 0.273443 0.843453 0.051535 0.071251
0 0.440258 0.174729 0.046077 0.071001
0 0.487395 0.946608 0.049236 0.078570
0 0.170098 0.772919 0.051187 0.074218
0 0.698304 0.029966 0.055618 0.059928
0 0.760647 0.860645 0.047691 0.084991
0 0.859606 0.923848 0.049302 0.073723
0 0.411939 0.875347 0.054836 0.086963
0 0.679105 0.834684 0.061474 0.085225
0 0.059532 0.808607 0.057124 0.084299
0 0.816852 0.175483 0.051027 0.082180
0 0.129437 0.338007 0.047665 0.082196
0 0.791353 0.105204 0.052252 0.082176
0 0.055637 0.067071 0.051679 0.083943
0 0.086583 0.387324 0.053964 0.089567
0 0.584204 0.031474 0.050032 0.062949
0 0.918314 0.623113 0.051647 0.079656
0 0.803482 0.030124 0.050235 0.060241
0 0.684436 0.753278 0.056002 0.082253
0 0.541810 0.091049 0.051256 0.079586
0 0.540025 0.945520 0.048789 0.082255
0 0.923276 0.853817 0.050077 0.086181
0 0.778805 0.772204 0.049766 0.080356
0 0.160657 0.154653 0.057951 0.084284
0 0.774224 0.219507 0.051908 0.083684
0 0.975883 0.148137 0.046319 0.082277
0 0.655733 0.113447 0.048695 0.077359
0 0.617094 0.401826 0.050991 0.078183
0 0.770297 0.383464 0.050144 0.073434
0 0.656217 0.349923 0.049467 0.077340
0 0.054833 0.461424 0.057848 0.090313
0 0.527764 0.861201 0.054148 0.077775
0 0.873931 0.581418 0.047411 0.075553
0 0.216334 0.489628 0.052494 0.080748
0 0.789269 0.304239 0.050275 0.083132
0 0.425464 0.056152 0.047902 0.084209
0 0.321468 0.386440 0.048997 0.086229
0 0.778709 0.682618 0.052926 0.082707
0 0.868095 0.804465 0.050619 0.076440
0 0.293180 0.161682 0.055603 0.074639
0 0.307931 0.060668 0.051607 0.080571
0 0.710776 0.510957 0.060744 0.084504
0 0.845783 0.422693 0.055312 0.077895
0 0.111940 0.252793 0.051462 0.073795
0 0.485213 0.134431 0.061431 0.081092
0 0.867514 0.678367 0.055329 0.088361
0 0.352757 0.561222 0.054877 0.086385
0 0.593007 0.229118 0.050586 0.085203
0 0.535520 0.444444 0.054356 0.078532
0 0.738972 0.600109 0.063651 0.098985
0 0.971505 0.290754 0.052149 0.088320
0 0.587452 0.667350 0.053741 0.083874
0 0.216581 0.289260 0.051936 0.077371
0 0.736906 0.284733 0.054122 0.096460
0 0.157901 0.567763 0.055968 0.089237
0 0.949866 0.529872 0.054078 0.082309
0 0.274024 0.673607 0.059975 0.091583
0 0.469218 0.271220 0.050614 0.078377
0 0.915884 0.054182 0.057669 0.087070
0 0.289973 0.303109 0.046769 0.087327
0 0.676945 0.232655 0.057880 0.081439
0 0.404449 0.608437 0.056865 0.081359
0 0.885707 0.248904 0.056107 0.085441
0 0.218541 0.395308 0.056962 0.094360
0 0.492987 0.612980 0.057117 0.085844
0 0.395323 0.432942 0.062427 0.101868
0 0.464890 0.404453 0.057806 0.086235
1 0.432150 0.734803 0.046013 0.048868
1 0.734744 0.786651 0.047573 0.095352
1 0.865375 0.143623 0.057711 0.089392
1 0.097581 0.166269 0.061611 0.082241
2 0.420062 0.495828 0.029636 0.047676
2 0.522227 0.384982 0.028076 0.045292
2 0.717977 0.166865 0.026516 0.042908
2 0.953111 0.423719 0.031975 0.041716
2 0.960520 0.762217 0.024956 0.034565
2 0.799085 0.867104 0.023396 0.036949
2 0.955841 0.019666 0.031195 0.039333