0 0.872809 0.993636 0.036871 0.010165
0 0.411359 0.944277 0.033065 0.073153
0 0.375786 0.953041 0.049308 0.079490
0 0.082197 0.425870 0.040030 0.083077
0 0.154978 0.383147 0.047638 0.072789
0 0.415696 0.992325 0.035036 0.012611
0 0.160522 0.326775 0.050468 0.074153
0 0.010002 0.982779 0.019952 0.031478
0 0.102804 0.360362 0.046353 0.077199
0 0.008720 0.693345 0.017398 0.082556
0 0.189222 0.008472 0.038159 0.016944
0 0.991975 0.016664 0.014578 0.033321
0 0.704398 0.989398 0.042957 0.018356
0 0.144536 0.021768 0.047354 0.043536
0 0.020948 0.193240 0.041896 0.076933
0 0.418065 0.638630 0.043382 0.070539
0 0.377298 0.640946 0.042793 0.067264
0 0.238030 0.010863 0.039974 0.021727
0 0.712853 0.009518 0.041933 0.018986
0 0.459865 0.461446 0.040615 0.074721
0 0.423544 0.463373 0.048253 0.073244
0 0.989871 0.713453 0.018390 0.072466
0 0.181050 0.861584 0.051302 0.062724
0 0.165386 0.920112 0.047976 0.073434
0 0.314795 0.365319 0.055691 0.075706
0 0.483976 0.982920 0.045166 0.031102
0 0.019944 0.121954 0.039887 0.072578
0 0.890557 0.013190 0.043542 0.026380
0 0.327352 0.950419 0.036893 0.075954
0 0.063232 0.207539 0.048076 0.075388
0 0.842932 0.010514 0.040869 0.021029
0 0.988340 0.212594 0.021404 0.075486
0 0.481257 0.010803 0.045450 0.021579
0 0.639898 0.013974 0.052094 0.027941
0 0.056246 0.340841 0.042393 0.068881
0 0.270407 0.376244 0.053095 0.079167
0 0.081667 0.625995 0.043457 0.069777
0 0.290807 0.953556 0.049540 0.070475
0 0.365329 0.433127 0.041667 0.079851
0 0.317133 0.294922 0.051401 0.072953
0 0.028275 0.268366 0.042205 0.059749
0 0.986159 0.516288 0.025576 0.076490
0 0.431760 0.563743 0.043593 0.068522
0 0.987684 0.109741 0.022869 0.075264
0 0.358478 0.262717 0.044362 0.065046
0 0.104997 0.252263 0.044547 0.081302
0 0.091789 0.517744 0.053905 0.090785
0 0.266991 0.038860 0.050580 0.074808
0 0.077507 0.974562 0.054966 0.047609
0 0.025074 0.860729 0.049821 0.077271
0 0.322207 0.466903 0.053533 0.076132
0 0.221764 0.530600 0.042469 0.068775
0 0.474675 0.531889 0.044990 0.065190
0 0.459858 0.682044 0.043674 0.072116
0 0.296829 0.529412 0.048487 0.070886
0 0.207254 0.965548 0.054782 0.065694
0 0.173752 0.557884 0.044603 0.078858
0 0.199391 0.442267 0.042384 0.078126
0 0.248642 0.912423 0.047615 0.070701
0 0.028253 0.941926 0.045927 0.073424
0 0.030375 0.044925 0.052444 0.078284
0 0.650939 0.557215 0.060357 0.066686
0 0.357264 0.703337 0.052855 0.073964
0 0.086770 0.742643 0.047322 0.070044
0 0.291080 0.085695 0.049974 0.086705
0 0.769244 0.972134 0.045140 0.052518
0 0.111204 0.926894 0.051738 0.072395
0 0.171956 0.789570 0.056055 0.076624
0 0.218284 0.665119 0.044756 0.070675
0 0.508452 0.937086 0.046530 0.062088
0 0.520593 0.871169 0.050767 0.071412
0 0.423545 0.017128 0.041820 0.034232
0 0.824102 0.970399 0.051625 0.055837
0 0.784648 0.401095 0.043652 0.071720
0 0.159505 0.056674 0.048863 0.068448
0 0.126579 0.850121 0.053478 0.081054
0 0.448216 0.757409 0.050140 0.078810
0 0.027785 0.585127 0.054076 0.083691
0 0.630653 0.850090 0.042001 0.083854
0 0.481334 0.607110 0.046462 0.075257
0 0.669841 0.304822 0.052646 0.073184
0 0.976669 0.424812 0.044269 0.080594
0 0.087810 0.140535 0.048645 0.072433
0 0.977228 0.827591 0.043303 0.075810
0 0.050373 0.684600 0.050627 0.083963
0 0.060639 0.806429 0.050108 0.084334
0 0.624869 0.757286 0.048285 0.082807
0 0.796940 0.892693 0.048249 0.076448
0 0.871980 0.734597 0.042094 0.069526
0 0.131316 0.706084 0.047393 0.076581
0 0.602871 0.606204 0.046441 0.061938
0 0.679848 0.949582 0.047468 0.072017
0 0.129071 0.614276 0.052485 0.084267
0 0.232871 0.293776 0.042882 0.075359
0 0.265873 0.592336 0.054060 0.081977
0 0.509363 0.487327 0.047527 0.083449
0 0.457597 0.934572 0.048712 0.083591
0 0.572197 0.919994 0.046349 0.068219
0 0.724081 0.701363 0.042185 0.064602
0 0.670232 0.810044 0.050349 0.078193
0 0.626801 0.669809 0.045106 0.075359
0 0.871510 0.888903 0.052031 0.074947
0 0.804895 0.281954 0.051219 0.071599
0 0.291286 0.812704 0.045239 0.078246
0 0.936223 0.876301 0.056474 0.074710
0 0.101737 0.054363 0.044276 0.072855
0 0.199499 0.110466 0.047533 0.070045
0 0.560398 0.828332 0.048959 0.072907
0 0.373611 0.168538 0.046404 0.079360
0 0.899505 0.953433 0.052712 0.078190
0 0.237330 0.813785 0.046228 0.074783
0 0.828313 0.363974 0.044899 0.073465
0 0.561412 0.197091 0.049695 0.085847
0 0.719356 0.839207 0.041974 0.072755
0 0.828391 0.780868 0.053804 0.082883
0 0.737873 0.355666 0.044889 0.072207
0 0.740892 0.441614 0.052220 0.092932
0 0.901135 0.518227 0.048585 0.073996
0 0.381028 0.036654 0.046465 0.073301
0 0.327643 0.021931 0.047195 0.043862
0 0.960628 0.350301 0.055377 0.071367
0 0.937926 0.778564 0.043964 0.069939
0 0.577256 0.695258 0.052408 0.085812
0 0.834480 0.454880 0.049773 0.078392
0 0.775966 0.495255 0.050751 0.078843
0 0.887756 0.808767 0.048932 0.075924
0 0.389265 0.367062 0.049316 0.083712
0 0.605270 0.173855 0.046020 0.080736
0 0.673820 0.045840 0.052705 0.084374
0 0.551248 0.441395 0.053062 0.075131
0 0.438826 0.349569 0.048604 0.082504
0 0.603168 0.474229 0.050553 0.076525
0 0.448617 0.166049 0.053244 0.083853
0 0.343819 0.095912 0.047346 0.075847
0 0.594380 0.276800 0.047112 0.075824
0 0.626937 0.369521 0.051651 0.084019
0 0.790622 0.696451 0.055173 0.082014
0 0.909230 0.601846 0.050306 0.082957
0 0.938135 0.699279 0.045513 0.074766
0 0.849153 0.656177 0.050849 0.075050
0 0.861013 0.294477 0.047761 0.075847
0 0.434864 0.263598 0.044629 0.073041
0 0.799113 0.609492 0.058509 0.082811
0 0.721430 0.551606 0.050780 0.077770
0 0.685285 0.137796 0.050081 0.080848
0 0.683799 0.225986 0.050414 0.080681
0 0.498491 0.202458 0.051132 0.079067
0 0.887126 0.359913 0.054850 0.081173
0 0.530789 0.030531 0.047770 0.061062
0 0.959596 0.271144 0.052888 0.078985
0 0.500285 0.283569 0.050122 0.073567
0 0.855246 0.105419 0.048309 0.075278
0 0.548683 0.106918 0.052832 0.084813
0 0.747125 0.186138 0.050362 0.075847
0 0.803003 0.203120 0.051874 0.079530
0 0.731562 0.087996 0.051229 0.085849
0 0.879247 0.180509 0.049564 0.081064
0 0.951127 0.099244 0.044850 0.078543
1 0.391596 0.250298 0.036654 0.085816
1 0.692241 0.349821 0.054592 0.053635
1 0.215343 0.741955 0.052252 0.072706
1 0.344803 0.784267 0.064730 0.088200
3 0.383018 0.842670 0.091246 0.150179
3 0.176349 0.224076 0.100605 0.169249
2 0.654417 0.181168 0.024176 0.038141
2 0.930105 0.254470 0.015598 0.032181
2 0.314388 0.703814 0.017937 0.029797
2 0.263306 0.867104 0.021837 0.032181
2 0.473094 0.873063 0.018717 0.027414
2 0.601385 0.882002 0.019497 0.035757
2 0.588517 0.960072 0.017157 0.029797
2 0.714857 0.912992 0.017157 0.028605
2 0.993518 0.951132 0.012964 0.028605
1 0.865088 0.559216 0.047478 0.079233
1 0.943399 0.477898 0.048024 0.086739
1 0.685000 0.733111 0.048569 0.088407
1 0.779683 0.827356 0.055664 0.073394