0 0.996256 0.635366 0.006433 0.052780
0 0.004816 0.250639 0.009623 0.069006
0 0.146655 0.004277 0.040186 0.008553
0 0.991388 0.980215 0.015454 0.036557
0 0.008900 0.683479 0.017795 0.074722
0 0.949573 0.981959 0.050337 0.032955
0 0.011643 0.455433 0.023262 0.076544
0 0.987420 0.714340 0.023282 0.085167
0 0.354918 0.974784 0.058169 0.046956
0 0.013445 0.947133 0.026890 0.071029
0 0.615632 0.975095 0.047542 0.046362
0 0.117112 0.977817 0.044068 0.041076
0 0.063693 0.978396 0.053954 0.039903
0 0.089102 0.017021 0.055738 0.034042
0 0.986458 0.506314 0.025130 0.079943
0 0.242544 0.806976 0.055244 0.067367
0 0.971324 0.929027 0.055091 0.086005
0 0.549104 0.725050 0.042765 0.075870
0 0.557199 0.969857 0.058710 0.056848
0 0.597993 0.730177 0.049366 0.073952
0 0.187538 0.967241 0.043966 0.062329
0 0.667159 0.955876 0.051641 0.077485
0 0.257812 0.634160 0.050327 0.082709
0 0.296977 0.688494 0.052369 0.070483
0 0.035370 0.041222 0.052206 0.080905
0 0.460943 0.508560 0.051662 0.074191
0 0.193291 0.411348 0.054961 0.092914
0 0.474924 0.036678 0.052478 0.073227
0 0.443961 0.438516 0.051779 0.073117
0 0.975424 0.592523 0.043568 0.083274
0 0.627150 0.289498 0.050028 0.082411
0 0.562600 0.563437 0.055490 0.085072
0 0.613336 0.897819 0.054475 0.093320
0 0.639132 0.645661 0.047217 0.075162
0 0.827119 0.907840 0.048157 0.077285
0 0.145357 0.921305 0.054341 0.074891
0 0.231318 0.569704 0.058771 0.086414
0 0.298690 0.480222 0.040930 0.064152
0 0.649970 0.741301 0.048867 0.078674
0 0.832694 0.796568 0.059985 0.078110
0 0.879001 0.040170 0.063288 0.080276
0 0.110123 0.469854 0.043028 0.080982
0 0.611627 0.527300 0.056245 0.089085
0 0.718000 0.911763 0.052582 0.085114
0 0.545751 0.641613 0.055652 0.078846
0 0.468474 0.372359 0.055509 0.075213
0 0.399505 0.658276 0.061201 0.084507
0 0.354285 0.434269 0.043098 0.069023
0 0.845187 0.576705 0.057251 0.077982
0 0.184814 0.758143 0.055253 0.090817
0 0.728710 0.392843 0.051925 0.073873
0 0.147028 0.833752 0.056770 0.087992
0 0.596800 0.354580 0.058939 0.080018
0 0.651236 0.374622 0.055702 0.085062
0 0.714860 0.320006 0.061382 0.083305
0 0.674168 0.270801 0.054422 0.083679
0 0.432306 0.311897 0.051897 0.078766
0 0.725859 0.480284 0.050600 0.085377
0 0.063987 0.493339 0.053801 0.083290
0 0.403971 0.954592 0.055554 0.083966
0 0.461058 0.919165 0.055837 0.083884
0 0.237223 0.730482 0.052849 0.079232
0 0.108512 0.349865 0.048798 0.075071
0 0.649323 0.463999 0.053163 0.081454
0 0.726184 0.812260 0.049938 0.076087
0 0.810511 0.409169 0.054958 0.076452
0 0.118086 0.628257 0.052038 0.087795
0 0.433299 0.583498 0.058542 0.089660
0 0.808493 0.495613 0.056146 0.078543
0 0.207131 0.067412 0.045606 0.071632
0 0.922513 0.846964 0.053093 0.083366
0 0.528538 0.350797 0.046318 0.083176
0 0.138747 0.207574 0.051663 0.083664
0 0.902274 0.498249 0.049569 0.081928
0 0.916632 0.097195 0.045037 0.074703
0 0.191308 0.655075 0.052758 0.088315
0 0.776199 0.754719 0.050934 0.077367
0 0.164939 0.135078 0.045730 0.085002
0 0.266923 0.874050 0.057488 0.086839
0 0.754767 0.610846 0.058945 0.093008
0 0.924154 0.582586 0.049429 0.083461
0 0.456874 0.230834 0.052235 0.082500
0 0.101651 0.266252 0.058661 0.077490
0 0.871791 0.731941 0.054097 0.077412
0 0.924195 0.678706 0.050892 0.082175
0 0.342954 0.533241 0.050982 0.084661
0 0.785815 0.340616 0.065715 0.083974
0 0.224677 0.343446 0.044658 0.073086
0 0.248155 0.421796 0.045277 0.067885
0 0.162291 0.332725 0.052111 0.080387
0 0.912179 0.182887 0.058912 0.081516
0 0.428658 0.149393 0.047792 0.087741
0 0.231828 0.139282 0.050429 0.081770
0 0.882741 0.280169 0.051105 0.083628
0 0.567045 0.195159 0.044804 0.088778
0 0.942256 0.403576 0.053321 0.080870
0 0.667132 0.181669 0.054762 0.083327
0 0.945710 0.312309 0.048581 0.081902
1 0.280853 0.280095 0.046013 0.071514
1 0.373269 0.365912 0.070189 0.057211
1 0.255507 0.501788 0.056152 0.076281
2 0.149833 0.282479 0.022617 0.026222
2 0.299960 0.635876 0.021837 0.032181
2 0.752682 0.873659 0.036654 0.042908
2 0.755411 0.021454 0.024956 0.033373