0 0.262946 0.002064 0.040169 0.004002
0 0.339692 0.011871 0.044156 0.023625
0 0.996063 0.088872 0.006860 0.051862
0 0.589869 0.994778 0.034826 0.008740
0 0.900888 0.003174 0.036001 0.006262
0 0.992533 0.990054 0.013123 0.017176
0 0.088675 0.003356 0.030603 0.006713
0 0.002908 0.280089 0.005815 0.054066
0 0.216842 0.994529 0.033323 0.009181
0 0.271642 0.268948 0.053649 0.072724
0 0.004975 0.730307 0.009950 0.064107
0 0.271395 0.212750 0.054121 0.069267
0 0.995755 0.482960 0.007759 0.059331
0 0.742642 0.990236 0.035215 0.016761
0 0.686199 0.007009 0.034625 0.013988
0 0.053588 0.763092 0.053856 0.076073
0 0.007171 0.547141 0.014336 0.069242
0 0.017763 0.988556 0.035145 0.020232
0 0.992825 0.188845 0.012800 0.075134
0 0.579641 0.017964 0.052004 0.035885
0 0.049944 0.835969 0.051463 0.075313
0 0.070859 0.907406 0.051925 0.081022
0 0.675436 0.137907 0.050450 0.068197
0 0.140747 0.852462 0.053742 0.087153
0 0.312555 0.783280 0.049321 0.076597
0 0.569978 0.049146 0.047114 0.066537
0 0.314765 0.988696 0.041895 0.019516
0 0.684743 0.076503 0.049137 0.079366
0 0.063228 0.969685 0.055947 0.057413
0 0.179697 0.234533 0.043312 0.070462
0 0.010275 0.357227 0.020486 0.072315
0 0.652317 0.987469 0.045646 0.022131
0 0.037687 0.010533 0.044581 0.021067
0 0.013929 0.874424 0.027858 0.088553
0 0.497798 0.356577 0.047841 0.077814
0 0.123672 0.787999 0.053118 0.086064
0 0.325628 0.856176 0.049813 0.080787
0 0.258259 0.806818 0.054454 0.080346
0 0.212070 0.195257 0.047864 0.072462
0 0.299952 0.345274 0.048015 0.073752
0 0.961662 0.012627 0.042808 0.025229
0 0.401356 0.758995 0.050881 0.072672
0 0.163617 0.971104 0.051193 0.054673
0 0.174187 0.898958 0.051487 0.079038
0 0.428141 0.810806 0.050914 0.086425
0 0.259090 0.719890 0.052027 0.088786
0 0.459852 0.370081 0.049180 0.078935
0 0.418909 0.324159 0.047094 0.076145
0 0.984538 0.821286 0.029108 0.072176
0 0.981427 0.918089 0.035285 0.090022
0 0.166387 0.136702 0.050831 0.073982
0 0.014892 0.182714 0.029762 0.076091
0 0.189787 0.078797 0.049847 0.070419
0 0.077383 0.559500 0.047952 0.073707
0 0.463179 0.975786 0.049307 0.045084
0 0.849581 0.012971 0.041468 0.025869
0 0.132802 0.653310 0.046560 0.073862
0 0.894756 0.118051 0.041188 0.087816
0 0.744667 0.483697 0.042667 0.070536
0 0.018902 0.060278 0.037804 0.087001
0 0.404722 0.267476 0.047853 0.070359
0 0.255271 0.966255 0.048702 0.064399
0 0.432928 0.938283 0.042576 0.075783
0 0.074781 0.490397 0.050124 0.080731
0 0.540126 0.972150 0.049039 0.052336
0 0.252113 0.445349 0.041693 0.076017
0 0.208881 0.733109 0.045492 0.075771
0 0.026528 0.592600 0.041044 0.068400
0 0.678818 0.900628 0.043124 0.076112
0 0.085335 0.702239 0.046386 0.075946
0 0.241256 0.891381 0.050347 0.079054
0 0.883816 0.965151 0.048393 0.066581
0 0.213187 0.444073 0.042272 0.082082
0 0.382199 0.869936 0.043185 0.076607
0 0.207191 0.659128 0.047236 0.066306
0 0.336825 0.674484 0.047281 0.074595
0 0.303969 0.935721 0.047911 0.079529
0 0.983876 0.372321 0.030302 0.072220
0 0.524957 0.605834 0.046934 0.074971
0 0.124036 0.098635 0.047338 0.070333
0 0.390495 0.958771 0.045255 0.078955
0 0.305575 0.614647 0.047194 0.072489
0 0.180854 0.021341 0.047653 0.042682
0 0.837838 0.933642 0.050489 0.078591
0 0.977642 0.726508 0.042690 0.069164
0 0.914175 0.167627 0.054597 0.081099
0 0.712682 0.960778 0.049039 0.072525
0 0.557316 0.583007 0.046366 0.081856
0 0.508954 0.687533 0.044740 0.069206
0 0.270221 0.568158 0.047121 0.072352
0 0.588863 0.691501 0.043488 0.073233
0 0.763095 0.780419 0.042583 0.067665
0 0.022563 0.490479 0.043824 0.068558
0 0.437742 0.510829 0.040859 0.070948
0 0.860852 0.857372 0.047000 0.078948
0 0.599054 0.526386 0.042227 0.073317
0 0.130249 0.028601 0.046724 0.057201
0 0.235292 0.372786 0.049903 0.068892
0 0.767486 0.444118 0.051669 0.073220
0 0.476516 0.893623 0.049043 0.083702
0 0.471636 0.636711 0.048580 0.087417
0 0.414288 0.678636 0.054509 0.079555
0 0.633217 0.725298 0.044586 0.073943
0 0.528889 0.763731 0.044876 0.077431
0 0.757274 0.915051 0.046987 0.075198
0 0.173147 0.492517 0.050362 0.074185
0 0.129931 0.463973 0.050011 0.078466
0 0.694132 0.617537 0.041348 0.071898
0 0.490379 0.807360 0.053464 0.077431
0 0.642421 0.032885 0.051926 0.065771
0 0.426056 0.434001 0.050067 0.068889
0 0.106648 0.327093 0.048558 0.063470
0 0.176536 0.594332 0.052393 0.084965
0 0.575618 0.902884 0.045588 0.076787
0 0.525156 0.904889 0.051091 0.084540
0 0.124782 0.195003 0.051682 0.080434
0 0.427803 0.595284 0.046520 0.081602
0 0.039887 0.422980 0.049638 0.075773
0 0.344962 0.523068 0.043985 0.070717
0 0.371645 0.399245 0.045312 0.074048
0 0.594995 0.197189 0.047156 0.071854
0 0.806552 0.028829 0.040874 0.057658
0 0.210192 0.298690 0.046526 0.072185
0 0.393348 0.524339 0.041637 0.071791
0 0.795411 0.845724 0.048998 0.085989
0 0.711203 0.546347 0.044363 0.070738
0 0.675642 0.211902 0.049796 0.066213
0 0.080247 0.134945 0.050071 0.075724
0 0.587376 0.119480 0.048227 0.071517
0 0.738270 0.637136 0.044462 0.073644
0 0.610470 0.270806 0.043685 0.075495
0 0.155425 0.298735 0.048299 0.070550
0 0.844438 0.776517 0.053008 0.081546
0 0.296397 0.146422 0.047234 0.075003
0 0.382350 0.210029 0.055789 0.077376
0 0.540767 0.311160 0.050264 0.078684
0 0.754155 0.034386 0.046661 0.068713
0 0.355150 0.119246 0.041985 0.074270
0 0.454957 0.028211 0.047956 0.056340
0 0.851266 0.148591 0.042511 0.073577
0 0.483945 0.161525 0.048034 0.081409
0 0.731071 0.153614 0.051585 0.098227
0 0.497078 0.523707 0.054399 0.079846
0 0.091332 0.258912 0.052771 0.067445
0 0.572263 0.821096 0.047338 0.076930
0 0.777272 0.105250 0.044630 0.075096
0 0.855543 0.067173 0.044921 0.068402
0 0.513727 0.043118 0.046160 0.073021
0 0.093007 0.405742 0.047870 0.079794
0 0.626179 0.632914 0.048639 0.089396
0 0.734545 0.368499 0.043745 0.067680
0 0.541052 0.228542 0.046880 0.074861
0 0.694526 0.721888 0.046429 0.074876
0 0.360380 0.322164 0.050509 0.081314
0 0.667626 0.298555 0.043883 0.071474
0 0.917222 0.833740 0.050578 0.088592
0 0.924170 0.720492 0.048464 0.076560
0 0.448095 0.218934 0.049963 0.076350
0 0.403679 0.130945 0.048552 0.079603
0 0.583464 0.444028 0.052793 0.084101
0 0.401119 0.044792 0.052821 0.086561
0 0.675949 0.813660 0.048544 0.083772
0 0.940551 0.097730 0.048198 0.069788
0 0.781715 0.704068 0.046299 0.080650
0 0.141197 0.381327 0.047930 0.077233
0 0.835979 0.422355 0.048139 0.078160
0 0.674584 0.485118 0.048641 0.079132
0 0.492453 0.261979 0.051798 0.083567
0 0.328275 0.250693 0.049678 0.079554
0 0.970739 0.234932 0.046290 0.070611
0 0.971054 0.540080 0.050833 0.082608
0 0.833107 0.541713 0.047006 0.080359
0 0.713701 0.263523 0.043097 0.071937
0 0.681725 0.401738 0.049293 0.077265
0 0.951194 0.621752 0.049326 0.083703
0 0.846785 0.689617 0.049552 0.082282
0 0.765417 0.229079 0.049672 0.069717
0 0.873399 0.226351 0.047654 0.070876
0 0.934113 0.277566 0.047249 0.070330
0 0.936070 0.354144 0.046255 0.071870
0 0.819447 0.208956 0.048399 0.079368
0 0.942459 0.439744 0.051280 0.082845
0 0.875299 0.472033 0.056064 0.090485
0 0.830472 0.342445 0.051548 0.071733
0 0.770583 0.310061 0.057390 0.079554
0 0.884549 0.316936 0.051129 0.082733
1 0.270715 0.337306 0.042894 0.061979
1 0.283583 0.498808 0.043673 0.082241
1 0.519497 0.435042 0.038214 0.081049
1 0.624391 0.809893 0.046793 0.067938
3 0.318287 0.439213 0.085007 0.129917
1 0.984550 0.063766 0.030901 0.094160
2 0.839639 0.293802 0.021837 0.025030
2 0.747223 0.548272 0.019497 0.033373