0 0.009742 0.546057 0.019384 0.070476
0 0.914549 0.867477 0.039564 0.065143
0 0.003832 0.640001 0.007663 0.056350
0 0.625400 0.994638 0.029620 0.008664
0 0.913409 0.920070 0.048954 0.063130
0 0.792115 0.992380 0.036347 0.012520
0 0.004653 0.190408 0.009295 0.061336
0 0.961182 0.990085 0.040874 0.017081
0 0.008856 0.883507 0.017713 0.073320
0 0.256853 0.010072 0.042591 0.020144
0 0.374951 0.791605 0.049974 0.068382
0 0.339001 0.783301 0.041941 0.073164
0 0.057335 0.011637 0.046655 0.023250
0 0.988701 0.896034 0.020874 0.058866
0 0.011304 0.455767 0.022574 0.073697
0 0.987217 0.193504 0.023692 0.068975
0 0.106454 0.985406 0.048566 0.025953
0 0.177120 0.908836 0.045123 0.075402
0 0.826471 0.608239 0.041266 0.067471
0 0.287296 0.982680 0.045009 0.031384
0 0.985869 0.628401 0.026209 0.073087
0 0.545206 0.011876 0.046417 0.023725
0 0.142355 0.891061 0.048367 0.073218
0 0.979745 0.026900 0.038690 0.053801
0 0.624740 0.024179 0.053821 0.048258
0 0.531722 0.979548 0.042033 0.037416
0 0.353681 0.109480 0.050650 0.079136
0 0.424102 0.400455 0.059243 0.085999
0 0.967333 0.949314 0.043826 0.061203
0 0.091049 0.413342 0.037301 0.068330
0 0.022557 0.315276 0.045115 0.076366
0 0.985340 0.537537 0.027289 0.082145
0 0.331587 0.022752 0.049656 0.045504
0 0.226289 0.536415 0.041179 0.068636
0 0.402311 0.238599 0.050926 0.084833
0 0.149302 0.014916 0.051104 0.029832
0 0.984434 0.737626 0.029081 0.068157
0 0.899843 0.357046 0.045783 0.079554
0 0.966153 0.133217 0.060711 0.101310
0 0.825173 0.245918 0.051961 0.076806
0 0.403194 0.970444 0.056575 0.055575
0 0.372675 0.183374 0.058280 0.080718
0 0.158510 0.976439 0.046270 0.043936
0 0.032297 0.961621 0.053845 0.073415
0 0.982152 0.311321 0.033729 0.075981
0 0.581739 0.971643 0.050176 0.053309
0 0.859727 0.201587 0.050488 0.073568
0 0.252088 0.309937 0.051804 0.076256
0 0.469099 0.020833 0.054582 0.041616
0 0.750175 0.482947 0.055078 0.078577
0 0.269705 0.242312 0.052357 0.079053
0 0.790370 0.615900 0.050583 0.082825
0 0.877558 0.965762 0.043394 0.065346
0 0.751748 0.967991 0.045216 0.060799
0 0.521873 0.909142 0.044301 0.070124
0 0.967475 0.412329 0.042582 0.071874
0 0.211633 0.973754 0.050222 0.049128
0 0.803710 0.716484 0.042402 0.070078
0 0.046392 0.244965 0.049798 0.075806
0 0.869772 0.316476 0.050561 0.080941
0 0.648945 0.675839 0.044012 0.065308
0 0.375278 0.050303 0.050422 0.087285
0 0.275233 0.737856 0.043712 0.069896
0 0.950940 0.475117 0.046569 0.077267
0 0.032730 0.604410 0.047717 0.071164
0 0.076807 0.922955 0.047496 0.073788
0 0.330972 0.709551 0.042812 0.063697
0 0.978236 0.812800 0.041177 0.074400
0 0.830953 0.863648 0.048038 0.070485
0 0.652575 0.422328 0.050032 0.068776
0 0.682171 0.606159 0.041500 0.065218
0 0.911715 0.023550 0.055057 0.047098
0 0.643801 0.937625 0.051273 0.080437
0 0.890690 0.797701 0.044441 0.089994
0 0.373972 0.682470 0.047070 0.070370
0 0.891013 0.712490 0.046080 0.066569
0 0.186121 0.434482 0.047243 0.077825
0 0.503975 0.726640 0.057842 0.070737
0 0.248310 0.091490 0.048370 0.070026
0 0.808543 0.326808 0.042051 0.077795
0 0.706568 0.028073 0.052810 0.056123
0 0.777937 0.405568 0.057390 0.089492
0 0.028669 0.061635 0.051871 0.088045
0 0.118966 0.628036 0.044032 0.076532
0 0.835836 0.432709 0.043599 0.069883
0 0.635454 0.078080 0.052594 0.078115
0 0.048053 0.383188 0.051306 0.079320
0 0.909530 0.529954 0.041246 0.065601
0 0.541414 0.673830 0.054697 0.074898
0 0.827657 0.961079 0.045919 0.073198
0 0.312209 0.584914 0.046079 0.076275
0 0.289059 0.054186 0.057468 0.077362
0 0.732763 0.888525 0.041916 0.074576
0 0.369760 0.924360 0.048782 0.079357
0 0.399892 0.856608 0.051764 0.076055
0 0.677681 0.879869 0.051849 0.082667
0 0.082659 0.495406 0.050260 0.077877
0 0.583153 0.266086 0.046385 0.075182
0 0.675515 0.795471 0.045472 0.071667
0 0.223696 0.612053 0.045415 0.070669
0 0.193800 0.077018 0.042793 0.075497
0 0.096909 0.849411 0.048881 0.073365
0 0.320101 0.376231 0.049302 0.076736
0 0.705650 0.525349 0.043625 0.070729
0 0.506173 0.620022 0.048393 0.072260
0 0.230288 0.470195 0.055167 0.075364
0 0.457079 0.886633 0.053693 0.089112
0 0.351379 0.440582 0.048408 0.071446
0 0.139633 0.464410 0.045122 0.072293
0 0.100093 0.043292 0.056739 0.078288
0 0.787891 0.788420 0.045555 0.067319
0 0.536995 0.298412 0.046473 0.075647
0 0.838377 0.034376 0.054405 0.068751
0 0.633794 0.748545 0.047611 0.080130
0 0.256503 0.940103 0.048402 0.071631
0 0.642394 0.574985 0.043445 0.076958
0 0.475808 0.795371 0.048621 0.078839
0 0.564180 0.598339 0.045131 0.073387
0 0.128992 0.545597 0.053260 0.078297
0 0.688340 0.095877 0.045860 0.077824
0 0.839760 0.791959 0.048969 0.074009
0 0.754820 0.695694 0.051381 0.078610
0 0.914142 0.269701 0.043014 0.072688
0 0.427423 0.065377 0.045609 0.082180
0 0.402525 0.617645 0.052175 0.080773
0 0.248675 0.168034 0.052697 0.074255
0 0.779298 0.907490 0.046718 0.080529
0 0.132653 0.381679 0.045978 0.073043
0 0.639100 0.490488 0.046049 0.069641
0 0.042091 0.800381 0.054810 0.082191
0 0.562200 0.816608 0.045290 0.071285
0 0.080283 0.303741 0.051070 0.079222
0 0.726703 0.628243 0.049003 0.080149
0 0.600535 0.656775 0.046850 0.079511
0 0.735735 0.127662 0.043784 0.072138
0 0.504513 0.415649 0.049042 0.076316
0 0.213353 0.687466 0.046651 0.071947
0 0.572216 0.901503 0.049218 0.076608
0 0.281126 0.654527 0.054161 0.082508
0 0.092283 0.201782 0.051479 0.079709
0 0.935924 0.750398 0.052638 0.075685
0 0.557977 0.404114 0.041714 0.076046
0 0.462655 0.170485 0.052183 0.074317
0 0.323290 0.951949 0.045156 0.073373
0 0.739979 0.205026 0.045158 0.069619
0 0.311399 0.496312 0.055108 0.080241
0 0.793523 0.534491 0.047744 0.070992
0 0.598331 0.337269 0.057968 0.066855
0 0.030510 0.710549 0.049634 0.084232
0 0.465809 0.278484 0.047736 0.076213
0 0.119738 0.125013 0.055219 0.084339
0 0.653204 0.250109 0.048799 0.079047
0 0.230430 0.382277 0.050648 0.081201
0 0.849470 0.119029 0.052334 0.080486
0 0.546412 0.147872 0.052385 0.071199
0 0.415146 0.322254 0.049288 0.075336
0 0.423768 0.485822 0.049557 0.073659
0 0.690136 0.204711 0.040709 0.078672
0 0.789870 0.182955 0.049055 0.076570
0 0.374410 0.368219 0.050820 0.082260
0 0.495845 0.100021 0.050314 0.083987
0 0.512544 0.223052 0.051458 0.080359
0 0.176590 0.789905 0.049401 0.075015
0 0.541544 0.068494 0.046188 0.077254
0 0.198087 0.215491 0.048936 0.085752
0 0.163184 0.660963 0.049470 0.079724
0 0.483796 0.494338 0.048332 0.075509
0 0.728404 0.768287 0.052691 0.089294
0 0.360565 0.540646 0.052356 0.084222
0 0.712240 0.423795 0.049661 0.081999
0 0.240452 0.853046 0.058538 0.084825
0 0.434447 0.712315 0.045136 0.076136
0 0.960852 0.244109 0.048287 0.075006
0 0.438902 0.562233 0.047378 0.074395
0 0.532015 0.535786 0.053471 0.082748
0 0.229468 0.765957 0.048620 0.075822
0 0.763427 0.290143 0.045986 0.075041
0 0.597671 0.533462 0.050306 0.076495
0 0.950780 0.571569 0.049016 0.076959
0 0.655584 0.343131 0.050212 0.076677
0 0.782231 0.061369 0.050355 0.085923
0 0.859921 0.539578 0.049625 0.084383
0 0.909959 0.624505 0.056236 0.080928
0 0.624907 0.173597 0.048594 0.080249
0 0.702814 0.292103 0.050607 0.080560
0 0.909938 0.106810 0.058867 0.095788
1 0.318287 0.213945 0.025736 0.096544
1 0.484792 0.343862 0.034315 0.051251
1 0.312438 0.825983 0.051472 0.076281
1 0.854846 0.666269 0.039774 0.081049
2 0.190387 0.855781 0.024176 0.030989
2 0.201695 0.564958 0.018717 0.030989
2 0.071065 0.761025 0.016378 0.027414