0 0.996567 0.708842 0.005633 0.042817
0 0.170712 0.993882 0.036431 0.009864
0 0.985960 0.271692 0.026365 0.051666
0 0.949347 0.990115 0.035850 0.016788
0 0.422530 0.007157 0.038746 0.014313
0 0.080483 0.988737 0.038194 0.019558
0 0.992546 0.102389 0.013177 0.065630
0 0.008221 0.545580 0.016443 0.073682
0 0.176937 0.008462 0.044100 0.016888
0 0.010077 0.216671 0.020144 0.071531
0 0.009299 0.801716 0.018583 0.082832
0 0.009297 0.461469 0.018568 0.080656
0 0.987767 0.617899 0.022466 0.062805
0 0.988644 0.885872 0.020910 0.076534
0 0.026153 0.980415 0.051927 0.035834
0 0.084403 0.112434 0.044612 0.073230
0 0.382098 0.649548 0.048285 0.066841
0 0.016454 0.925164 0.032907 0.083562
0 0.987348 0.343231 0.023196 0.081984
0 0.849452 0.018758 0.044447 0.037516
0 0.012076 0.137048 0.024126 0.072235
0 0.943663 0.013727 0.042237 0.027455
0 0.871311 0.975586 0.048307 0.045353
0 0.708042 0.018110 0.044470 0.036136
0 0.374371 0.971738 0.054851 0.053105
0 0.214149 0.649645 0.041672 0.067936
0 0.621001 0.972441 0.049470 0.051596
0 0.674900 0.679539 0.042307 0.076901
0 0.016081 0.631309 0.032161 0.087465
0 0.894604 0.920328 0.046850 0.077949
0 0.654726 0.867342 0.053168 0.070672
0 0.700933 0.734699 0.053542 0.081728
0 0.682207 0.964162 0.046279 0.068237
0 0.849964 0.913395 0.050517 0.088606
0 0.553452 0.970153 0.053483 0.056321
0 0.617118 0.730485 0.047108 0.072562
0 0.681689 0.194226 0.040798 0.074935
0 0.606653 0.897718 0.047841 0.075570
0 0.492110 0.655534 0.051465 0.085106
0 0.430929 0.766098 0.047321 0.078417
0 0.164564 0.926192 0.044933 0.084921
0 0.532139 0.607004 0.050713 0.090189
0 0.980984 0.036460 0.036270 0.072882
0 0.016382 0.372678 0.032742 0.076136
0 0.278497 0.745791 0.047384 0.074694
0 0.019212 0.295810 0.038424 0.077868
0 0.235141 0.762889 0.046361 0.079083
0 0.800945 0.951654 0.053878 0.085802
0 0.654142 0.475470 0.049361 0.096749
0 0.647000 0.793238 0.048802 0.075525
0 0.578181 0.610956 0.049568 0.091750
0 0.724233 0.898439 0.048971 0.075901
0 0.184568 0.844833 0.044648 0.073614
0 0.972715 0.479408 0.052123 0.064117
0 0.020883 0.063243 0.041703 0.078509
0 0.576757 0.831737 0.049710 0.076676
0 0.573325 0.752845 0.047874 0.073171
0 0.120431 0.958814 0.051401 0.079225
0 0.444581 0.954090 0.048274 0.070426
0 0.710731 0.819726 0.051221 0.078279
0 0.216794 0.574134 0.044906 0.072704
0 0.399470 0.828282 0.051998 0.074994
0 0.696013 0.444733 0.047031 0.080286
0 0.897845 0.844347 0.054108 0.078749
0 0.814320 0.824555 0.046840 0.087478
0 0.399771 0.592341 0.050864 0.077555
0 0.263070 0.680108 0.059769 0.077328
0 0.762697 0.026823 0.053515 0.053647
0 0.508048 0.932079 0.050234 0.081009
0 0.283711 0.872976 0.048262 0.084135
0 0.399466 0.913218 0.047204 0.079010
0 0.759317 0.790244 0.048054 0.086635
0 0.208566 0.937446 0.048005 0.083063
0 0.676567 0.561563 0.046415 0.076778
0 0.838459 0.684782 0.045011 0.073311
0 0.856997 0.801239 0.044659 0.095847
0 0.262327 0.945662 0.052151 0.078748
0 0.385172 0.728901 0.052311 0.080516
0 0.750390 0.577255 0.047804 0.076878
0 0.141096 0.812367 0.047416 0.087315
0 0.349305 0.575018 0.045950 0.070971
0 0.889028 0.033291 0.053049 0.066483
0 0.741792 0.660166 0.048251 0.076101
0 0.974293 0.762137 0.049123 0.082506
0 0.348596 0.084280 0.041992 0.065105
0 0.363258 0.281086 0.041564 0.072169
0 0.339006 0.915178 0.049444 0.080998
0 0.957224 0.836345 0.053686 0.076078
0 0.575685 0.022443 0.054800 0.044886
0 0.193611 0.723926 0.047242 0.074833
0 0.370726 0.493305 0.053525 0.071593
0 0.746218 0.482083 0.043082 0.075354
0 0.627937 0.643854 0.053314 0.095023
0 0.584567 0.523326 0.048491 0.075596
0 0.270249 0.599441 0.056086 0.074521
0 0.955559 0.912857 0.046168 0.080124
0 0.095326 0.749724 0.056094 0.082278
0 0.058658 0.029136 0.047153 0.058271
0 0.975882 0.554054 0.045928 0.082406
0 0.469282 0.452175 0.047287 0.079450
0 0.610946 0.424143 0.048485 0.072958
0 0.574481 0.267648 0.051128 0.080279
0 0.325723 0.441836 0.046430 0.075440
0 0.317439 0.794083 0.048659 0.078009
0 0.505453 0.509702 0.049952 0.080983
0 0.089441 0.636494 0.050554 0.074542
0 0.278872 0.457748 0.048086 0.076235
0 0.306638 0.533465 0.047628 0.088863
0 0.637357 0.151295 0.052805 0.079423
0 0.515086 0.393231 0.046849 0.078314
0 0.471428 0.829999 0.060049 0.082823
0 0.743234 0.276869 0.047217 0.080620
0 0.622130 0.227529 0.054796 0.082555
0 0.498805 0.136359 0.044891 0.073750
0 0.484052 0.029420 0.050761 0.058831
0 0.788229 0.522581 0.049887 0.073948
0 0.127114 0.517011 0.046873 0.075158
0 0.793835 0.387651 0.050039 0.090238
0 0.857182 0.088372 0.053966 0.071736
0 0.777253 0.206478 0.047787 0.081829
0 0.319866 0.258491 0.048100 0.075845
0 0.858774 0.164578 0.044913 0.069009
0 0.459973 0.088044 0.052267 0.080752
0 0.794623 0.610010 0.045624 0.079712
0 0.304281 0.109391 0.049124 0.081014
0 0.634587 0.067337 0.052191 0.079401
0 0.454744 0.175386 0.048800 0.082453
0 0.227581 0.306281 0.046472 0.077700
0 0.965236 0.225602 0.047322 0.067080
0 0.580557 0.356827 0.049999 0.090054
0 0.339335 0.175824 0.051298 0.082678
0 0.825116 0.459689 0.052405 0.080352
0 0.447234 0.551652 0.050799 0.085642
0 0.324364 0.023190 0.051539 0.046380
0 0.706893 0.133243 0.049652 0.076833
0 0.581695 0.160500 0.053994 0.078917
0 0.207442 0.388007 0.049444 0.090002
0 0.885331 0.715354 0.053110 0.081292
0 0.693254 0.357506 0.051146 0.076750
0 0.075621 0.561054 0.049135 0.072114
0 0.807592 0.132393 0.044624 0.066771
0 0.133848 0.697208 0.049506 0.086021
0 0.796320 0.297741 0.051998 0.078700
0 0.838505 0.552517 0.048097 0.085315
0 0.375338 0.411953 0.050655 0.080954
0 0.631957 0.314364 0.052151 0.080352
0 0.552930 0.087095 0.053290 0.090705
0 0.527690 0.228483 0.049902 0.079566
0 0.932579 0.275025 0.046957 0.075355
0 0.948345 0.684220 0.049062 0.087413
0 0.079191 0.301377 0.046404 0.066797
0 0.407334 0.217251 0.051521 0.077430
0 0.903751 0.603115 0.040073 0.091486
0 0.404026 0.335144 0.050916 0.083032
0 0.216078 0.230636 0.043365 0.072603
0 0.464125 0.353401 0.053911 0.087484
0 0.924108 0.186835 0.045952 0.074583
0 0.152918 0.595195 0.052767 0.088775
0 0.470452 0.263818 0.049303 0.079012
0 0.323168 0.342655 0.043549 0.077453
0 0.881728 0.467206 0.050951 0.082926
0 0.176370 0.270801 0.050001 0.083005
0 0.054552 0.234207 0.052243 0.081584
0 0.134449 0.176127 0.046397 0.070195
0 0.386927 0.136487 0.051079 0.086001
0 0.120559 0.410601 0.047341 0.076806
0 0.072599 0.372106 0.053252 0.071023
0 0.950874 0.417462 0.048057 0.088254
0 0.872745 0.373341 0.051622 0.080282
0 0.179498 0.474844 0.046891 0.076726
0 0.123580 0.270825 0.047311 0.078663
0 0.854752 0.293219 0.051738 0.085797
1 0.090562 0.165077 0.044453 0.051251
1 0.253167 0.538141 0.037434 0.032181