0 0.665092 0.001566 0.053265 0.003058
0 0.961154 0.004362 0.047855 0.008674
0 0.002153 0.019884 0.004278 0.039419
0 0.808633 0.994983 0.044853 0.009453
0 0.002486 0.368327 0.004922 0.074980
0 0.010967 0.774982 0.021934 0.071260
0 0.250985 0.987034 0.044734 0.023879
0 0.013224 0.197174 0.026447 0.078047
0 0.743898 0.984512 0.045171 0.028708
0 0.077161 0.976426 0.043240 0.044725
0 0.778452 0.012037 0.047832 0.024074
0 0.158689 0.012002 0.046817 0.024004
0 0.197858 0.861854 0.049906 0.086571
0 0.975111 0.960305 0.047423 0.063298
0 0.038201 0.936574 0.051273 0.074004
0 0.205434 0.700879 0.058833 0.079339
0 0.234497 0.776236 0.049239 0.085840
0 0.271903 0.836828 0.044399 0.076670
0 0.118149 0.740092 0.050828 0.080236
0 0.324044 0.794830 0.052651 0.085603
0 0.137144 0.948843 0.049821 0.075258
0 0.030171 0.846087 0.052192 0.092061
0 0.174173 0.769656 0.053623 0.092133
0 0.981245 0.759107 0.036332 0.085798
0 0.345439 0.974485 0.053623 0.049052
0 0.133368 0.867418 0.055111 0.074610
0 0.354666 0.018146 0.057431 0.036292
0 0.283925 0.943274 0.050967 0.080742
0 0.023105 0.703177 0.046210 0.089135
0 0.091302 0.615210 0.045888 0.080533
0 0.496854 0.870112 0.044072 0.074251
0 0.240971 0.505285 0.043932 0.068554
0 0.520168 0.968858 0.056799 0.059508
0 0.673381 0.950381 0.056172 0.081611
0 0.964461 0.878229 0.054179 0.086543
0 0.311137 0.711620 0.053440 0.065951
0 0.455124 0.945985 0.050177 0.075368
0 0.072734 0.691644 0.048579 0.078541
0 0.186453 0.459612 0.054823 0.090468
0 0.331525 0.894462 0.047759 0.083564
0 0.027977 0.525556 0.055954 0.098335
0 0.170386 0.632288 0.051534 0.079999
0 0.548747 0.809519 0.043950 0.074029
0 0.774394 0.944316 0.050885 0.080912
0 0.618844 0.858989 0.055773 0.085853
0 0.430535 0.808679 0.049645 0.078600
0 0.029632 0.133346 0.051875 0.071403
0 0.131061 0.568973 0.046851 0.086391
0 0.825671 0.901939 0.056314 0.090398
0 0.258704 0.663521 0.049858 0.084560
0 0.257554 0.577493 0.049927 0.067611
0 0.695453 0.832023 0.047069 0.074283
0 0.416902 0.727594 0.051790 0.081642
0 0.939863 0.723758 0.046031 0.072185
0 0.264279 0.347026 0.045741 0.072739
0 0.606597 0.772851 0.045742 0.079150
0 0.770800 0.797992 0.053312 0.086138
0 0.349701 0.647619 0.048041 0.077704
0 0.563542 0.457135 0.043517 0.080588
0 0.952438 0.645506 0.044750 0.072407
0 0.810950 0.625837 0.052205 0.080578
0 0.889202 0.494093 0.047262 0.076970
0 0.818267 0.748855 0.052987 0.080714
0 0.242923 0.423957 0.048109 0.078111
0 0.766361 0.536240 0.049971 0.077970
0 0.699414 0.279431 0.050963 0.078416
0 0.057910 0.324468 0.050076 0.082283
0 0.637608 0.630245 0.047913 0.082662
0 0.402501 0.135740 0.048569 0.076462
0 0.401304 0.219350 0.048725 0.075090
0 0.345222 0.556080 0.046568 0.079968
0 0.122625 0.465870 0.053210 0.089705
0 0.183918 0.187475 0.050120 0.081040
0 0.246734 0.256496 0.046916 0.075151
0 0.440763 0.075842 0.052792 0.084786
0 0.676035 0.402355 0.045347 0.079701
0 0.110257 0.133213 0.053627 0.080725
0 0.506125 0.434798 0.053026 0.077462
0 0.559271 0.030136 0.050789 0.060272
0 0.686776 0.713968 0.054580 0.086044
0 0.781768 0.317483 0.050962 0.081818
0 0.592059 0.585649 0.049050 0.082785
0 0.537876 0.572704 0.054305 0.081778
0 0.881829 0.307734 0.047771 0.085056
0 0.381547 0.298894 0.049189 0.077245
0 0.975679 0.289464 0.047921 0.082015
0 0.956288 0.557222 0.055559 0.087896
0 0.798047 0.408952 0.048077 0.086702
0 0.204823 0.064670 0.055853 0.074958
0 0.585280 0.373886 0.054008 0.082641
0 0.923182 0.375946 0.055665 0.081314
0 0.507010 0.048002 0.047535 0.078884
0 0.296304 0.185276 0.052004 0.084401
0 0.337653 0.463231 0.047028 0.077252
0 0.857189 0.228237 0.054309 0.071621
0 0.595742 0.281367 0.051835 0.087264
0 0.736229 0.228311 0.048378 0.086110
0 0.436732 0.285435 0.053049 0.085290
0 0.538272 0.322581 0.054079 0.088020
0 0.596444 0.135864 0.052157 0.085464
0 0.537468 0.130361 0.053389 0.083358
0 0.800058 0.195649 0.055263 0.086837
0 0.714635 0.506462 0.051003 0.086975
2 0.278514 0.762813 0.024176 0.038141
2 0.023492 0.982718 0.025736 0.034565
2 0.063266 0.095352 0.027296 0.040524
2 0.439169 0.393921 0.021057 0.036949
2 0.560831 0.265793 0.017937 0.026222
2 0.651687 0.178188 0.020277 0.029797
1 0.370540 0.768772 0.050692 0.057211