0 0.905964 0.994291 0.033849 0.009201
0 0.003784 0.537683 0.007569 0.054849
0 0.885415 0.005737 0.037242 0.011475
0 0.991434 0.431964 0.015319 0.065895
0 0.008504 0.463479 0.017006 0.070082
0 0.989523 0.652146 0.019097 0.072610
0 0.501777 0.982739 0.043831 0.031572
0 0.014213 0.023445 0.028415 0.046831
0 0.986150 0.795376 0.025921 0.070144
0 0.699585 0.977756 0.056980 0.041272
0 0.959894 0.976363 0.047215 0.044444
0 0.980084 0.721977 0.037837 0.070528
0 0.980636 0.879734 0.036834 0.084895
0 0.783185 0.967536 0.052608 0.061696
0 0.319493 0.970477 0.050262 0.055650
0 0.170684 0.972717 0.047296 0.051633
0 0.020914 0.869536 0.041828 0.080764
0 0.255468 0.302395 0.054225 0.082320
0 0.599702 0.892031 0.046118 0.078508
0 0.628816 0.718015 0.046393 0.068585
0 0.526144 0.929150 0.041922 0.063499
0 0.697594 0.759223 0.049269 0.072663
0 0.689336 0.686606 0.045737 0.070339
0 0.270362 0.877719 0.052547 0.079629
0 0.650731 0.904750 0.051893 0.080818
0 0.808205 0.821463 0.058516 0.078197
0 0.774056 0.893431 0.053461 0.074487
0 0.863955 0.869244 0.048728 0.074578
0 0.016112 0.261274 0.032223 0.081635
0 0.983370 0.340693 0.031218 0.074285
0 0.450283 0.019681 0.047040 0.039305
0 0.185574 0.876839 0.049397 0.076512
0 0.150825 0.477693 0.050011 0.062890
0 0.101401 0.799452 0.053280 0.078168
0 0.024447 0.714313 0.048175 0.072740
0 0.971386 0.031532 0.047227 0.062997
0 0.745843 0.399082 0.046490 0.086854
0 0.916979 0.738735 0.038614 0.081620
0 0.557679 0.831902 0.052088 0.082851
0 0.322125 0.901790 0.055497 0.073226
0 0.219787 0.797118 0.046413 0.069619
0 0.037158 0.601658 0.058465 0.071816
0 0.105777 0.533961 0.049132 0.076187
0 0.920327 0.572415 0.049539 0.069264
0 0.540573 0.753500 0.047518 0.072686
0 0.492265 0.589436 0.046929 0.074705
0 0.743695 0.629902 0.053325 0.077538
0 0.625219 0.334692 0.050365 0.075643
0 0.306278 0.739374 0.048246 0.069798
0 0.826771 0.320571 0.044198 0.076662
0 0.126365 0.618257 0.056281 0.074790
0 0.166709 0.789235 0.052775 0.076524
0 0.084729 0.037212 0.049339 0.074424
0 0.932958 0.905091 0.049883 0.076791
0 0.402214 0.409427 0.049795 0.075147
0 0.834663 0.519904 0.051914 0.083620
0 0.647502 0.577009 0.051499 0.077369
0 0.809154 0.597716 0.055108 0.079777
0 0.459881 0.774272 0.052103 0.084974
0 0.780188 0.722666 0.049995 0.080561
0 0.970953 0.494235 0.052597 0.077566
0 0.746353 0.546476 0.052415 0.078912
0 0.180536 0.676463 0.048499 0.070258
0 0.899543 0.639827 0.047938 0.077145
0 0.582254 0.528231 0.050424 0.077330
0 0.290739 0.631622 0.046641 0.071872
0 0.420724 0.713263 0.047795 0.080406
0 0.456106 0.650537 0.049783 0.079302
0 0.123981 0.299509 0.051952 0.076245
0 0.786515 0.361843 0.046702 0.073490
0 0.596865 0.266476 0.050942 0.082640
0 0.768089 0.032051 0.049423 0.064101
0 0.093220 0.709618 0.050844 0.073986
0 0.352063 0.693295 0.051182 0.080914
0 0.422459 0.337636 0.056215 0.077929
0 0.552046 0.598953 0.049339 0.085473
0 0.672458 0.370879 0.048566 0.079033
0 0.934645 0.369635 0.046954 0.074858
0 0.211876 0.436970 0.048273 0.082208
0 0.240004 0.041062 0.049067 0.077284
0 0.963787 0.104892 0.043865 0.072200
0 0.062922 0.420143 0.051078 0.081928
0 0.306803 0.554654 0.048627 0.074335
0 0.397748 0.520925 0.049493 0.080667
0 0.714980 0.475814 0.054693 0.087731
0 0.158658 0.546188 0.052987 0.073765
0 0.857470 0.383290 0.046962 0.081328
0 0.610920 0.105205 0.050687 0.075949
0 0.873514 0.463763 0.050109 0.077181
0 0.791908 0.102347 0.052609 0.070365
0 0.962694 0.278684 0.047062 0.073832
0 0.448211 0.550784 0.049924 0.079795
0 0.037479 0.325706 0.052130 0.083079
0 0.958460 0.202451 0.044722 0.068356
0 0.094894 0.197196 0.047208 0.077197
0 0.296006 0.235424 0.042242 0.072748
0 0.306926 0.327753 0.046045 0.079132
0 0.739798 0.238092 0.052056 0.076701
0 0.292955 0.474712 0.053168 0.074339
0 0.807419 0.223520 0.046362 0.075456
0 0.503854 0.252990 0.055885 0.087386
0 0.768237 0.171435 0.047924 0.079109
0 0.330838 0.407179 0.052371 0.083340
0 0.687801 0.209411 0.048478 0.077733
0 0.923352 0.151412 0.049890 0.078186
0 0.573027 0.046638 0.050872 0.079794
0 0.657268 0.272225 0.048390 0.072193
0 0.727133 0.314397 0.058701 0.075766
0 0.153690 0.404348 0.052636 0.076530
0 0.359072 0.307398 0.053923 0.080926
0 0.874964 0.290056 0.050405 0.079948
0 0.878773 0.206667 0.055254 0.076503
0 0.169743 0.321302 0.052980 0.080764
0 0.269979 0.120037 0.054111 0.083268
0 0.142534 0.221235 0.049394 0.083685
0 0.537025 0.188952 0.052746 0.077905
0 0.245853 0.205821 0.051085 0.082760
0 0.480261 0.156629 0.046040 0.073398
0 0.538586 0.104382 0.051870 0.080377
0 0.427555 0.102266 0.048376 0.083095
0 0.363345 0.127013 0.051717 0.080956
0 0.350077 0.224069 0.048905 0.077477
0 0.687205 0.107168 0.049874 0.085013
0 0.147458 0.135155 0.052655 0.077818
0 0.590499 0.175173 0.051383 0.081684
1 0.282803 0.800358 0.057711 0.067938
1 0.585007 0.690107 0.050692 0.064362
1 0.662215 0.506555 0.042894 0.050060
2 0.359621 0.633492 0.024176 0.036949
2 0.063656 0.796782 0.018717 0.029797
2 0.341684 0.820620 0.022617 0.029797
2 0.385747 0.712157 0.017157 0.029797
2 0.497270 0.746722 0.020277 0.032181
2 0.736304 0.945769 0.021057 0.029797
2 0.889941 0.918951 0.017937 0.026222
2 0.766330 0.439809 0.014038 0.026222
2 0.716807 0.556615 0.017937 0.033373
2 0.417333 0.218117 0.017937 0.026222