0 0.852702 0.002098 0.031994 0.004175
0 0.002090 0.498746 0.004181 0.059691
0 0.735351 0.993515 0.036059 0.010474
0 0.948392 0.992208 0.039105 0.012874
0 0.005294 0.025377 0.010549 0.050753
0 0.119110 0.990303 0.040401 0.016533
0 0.502673 0.005879 0.041420 0.011759
0 0.580292 0.007560 0.038724 0.015119
0 0.895874 0.988849 0.044182 0.019255
0 0.007959 0.255499 0.015901 0.070780
0 0.989993 0.221283 0.018289 0.076949
0 0.011186 0.410188 0.022349 0.067103
0 0.274562 0.009000 0.046445 0.018000
0 0.048740 0.982419 0.043635 0.031888
0 0.068062 0.011818 0.045905 0.023635
0 0.300702 0.983380 0.050360 0.029921
0 0.014107 0.578013 0.028193 0.075877
0 0.985331 0.419946 0.027299 0.076743
0 0.274983 0.809188 0.042344 0.065999
0 0.831561 0.979968 0.048163 0.036647
0 0.016867 0.856174 0.033734 0.072513
0 0.632866 0.980663 0.049842 0.035342
0 0.229250 0.585901 0.038326 0.071434
0 0.563142 0.769282 0.050047 0.077110
0 0.210251 0.976681 0.051822 0.043299
0 0.531851 0.974328 0.053057 0.047823
0 0.799922 0.016732 0.045954 0.033465
0 0.048346 0.919782 0.046751 0.079581
0 0.293082 0.687486 0.048019 0.066718
0 0.558425 0.841411 0.047804 0.059492
0 0.182168 0.707028 0.049951 0.057869
0 0.637238 0.017243 0.048383 0.034487
0 0.128273 0.919780 0.045280 0.072538
0 0.977025 0.106524 0.043068 0.067940
0 0.348798 0.014821 0.046912 0.029642
0 0.476467 0.815347 0.048928 0.078093
0 0.454814 0.970488 0.047942 0.055478
0 0.381479 0.970747 0.061721 0.054943
0 0.608196 0.929066 0.047970 0.079941
0 0.041799 0.358498 0.047553 0.085605
0 0.205258 0.019986 0.037384 0.039972
0 0.126033 0.834418 0.052239 0.076066
0 0.171567 0.777503 0.049734 0.074459
0 0.360849 0.799535 0.051221 0.072288
0 0.663062 0.651033 0.054022 0.061868
0 0.314666 0.938370 0.053174 0.069350
0 0.377984 0.732007 0.052479 0.068582
0 0.103167 0.709903 0.044135 0.071582
0 0.820254 0.069211 0.046483 0.067438
0 0.970557 0.274657 0.049818 0.067938
0 0.968360 0.033484 0.056851 0.066969
0 0.182421 0.929040 0.054927 0.083964
0 0.951570 0.168115 0.047196 0.071206
0 0.088921 0.310334 0.048224 0.079084
0 0.601765 0.738047 0.045077 0.078600
0 0.203842 0.836441 0.049147 0.086874
0 0.316743 0.756660 0.051413 0.082004
0 0.976085 0.662108 0.045658 0.082316
0 0.366463 0.658088 0.049175 0.079562
0 0.322671 0.623549 0.044897 0.081029
0 0.311722 0.860769 0.053632 0.075378
0 0.948761 0.444259 0.043694 0.073220
0 0.745091 0.948229 0.051016 0.081482
0 0.912952 0.875228 0.045754 0.064572
0 0.640317 0.778788 0.046702 0.071825
0 0.273520 0.597859 0.048750 0.075889
0 0.703157 0.866526 0.048144 0.064707
0 0.192453 0.640612 0.047145 0.072387
0 0.059291 0.813991 0.047979 0.072286
0 0.495835 0.407038 0.044319 0.068764
0 0.743748 0.472372 0.047782 0.069254
0 0.781941 0.803089 0.047233 0.072821
0 0.697691 0.792523 0.043881 0.077118
0 0.893147 0.939225 0.052243 0.072702
0 0.704700 0.432323 0.051575 0.076413
0 0.188074 0.372803 0.048511 0.075141
0 0.484805 0.908256 0.051247 0.076252
0 0.840340 0.180333 0.055077 0.072477
0 0.802188 0.881029 0.043630 0.089112
0 0.457508 0.735853 0.050064 0.080761
0 0.135563 0.622903 0.051673 0.078472
0 0.034162 0.679640 0.051135 0.074533
0 0.881486 0.224460 0.045067 0.073181
0 0.877015 0.738538 0.045239 0.072312
0 0.867752 0.120784 0.042514 0.065159
0 0.754062 0.868671 0.047112 0.077586
0 0.242040 0.422096 0.047847 0.076064
0 0.247809 0.245585 0.046087 0.065349
0 0.404307 0.904250 0.054297 0.079164
0 0.919149 0.697338 0.047657 0.067195
0 0.464227 0.348810 0.046082 0.073720
0 0.793882 0.131057 0.046277 0.065882
0 0.370275 0.570287 0.052998 0.084699
0 0.283254 0.492561 0.049307 0.073982
0 0.529015 0.060880 0.047520 0.074284
0 0.956896 0.950647 0.046075 0.066051
0 0.101647 0.425567 0.053004 0.076690
0 0.071841 0.234433 0.051752 0.076964
0 0.967365 0.349374 0.051106 0.074320
0 0.922609 0.803100 0.053895 0.075528
0 0.852449 0.890265 0.048696 0.081434
0 0.433927 0.661947 0.044668 0.072465
0 0.550185 0.914932 0.057175 0.082750
0 0.193487 0.289331 0.047195 0.077833
0 0.573200 0.202229 0.045122 0.071714
0 0.250501 0.328681 0.046767 0.070309
0 0.811143 0.307658 0.047739 0.071564
0 0.731093 0.124872 0.047200 0.070803
0 0.725467 0.042288 0.045512 0.065244
0 0.152298 0.129127 0.048322 0.072907
0 0.308490 0.405267 0.051203 0.078011
0 0.578536 0.542736 0.048118 0.072375
0 0.964846 0.751850 0.055897 0.074701
0 0.510894 0.730855 0.050366 0.084859
0 0.526534 0.538841 0.048199 0.078604
0 0.832271 0.380408 0.051507 0.082596
0 0.361581 0.197410 0.051251 0.066530
0 0.283061 0.055797 0.044077 0.068213
0 0.647727 0.099865 0.054377 0.071406
0 0.673755 0.277169 0.051542 0.076219
0 0.809199 0.582156 0.046967 0.076111
0 0.479185 0.476114 0.050560 0.075227
0 0.551472 0.627007 0.053744 0.082629
0 0.655786 0.510971 0.051236 0.073140
0 0.917149 0.080880 0.050515 0.078545
0 0.930687 0.619797 0.044947 0.077426
0 0.745951 0.761394 0.053364 0.085949
0 0.650126 0.877367 0.052878 0.081420
0 0.672723 0.584767 0.051166 0.072930
0 0.621764 0.360686 0.044475 0.078668
0 0.484831 0.642167 0.047579 0.075355
0 0.765729 0.533925 0.052792 0.073555
0 0.062316 0.152821 0.052869 0.073061
0 0.140415 0.515019 0.048823 0.075100
0 0.651724 0.192288 0.049735 0.075920
0 0.561108 0.282441 0.045034 0.072521
0 0.863309 0.649344 0.053644 0.081958
0 0.604093 0.441954 0.050668 0.077764
0 0.749121 0.241896 0.050640 0.080407
0 0.503317 0.282123 0.051300 0.080429
0 0.753483 0.644322 0.052602 0.074181
0 0.220959 0.164430 0.049514 0.075318
0 0.414386 0.494547 0.052282 0.076710
0 0.701022 0.349492 0.057048 0.079111
0 0.331921 0.072571 0.047452 0.074872
0 0.923206 0.533747 0.052089 0.079473
0 0.411855 0.248111 0.049489 0.081955
0 0.277275 0.139053 0.054204 0.082665
1 0.382238 0.322408 0.055372 0.048868
1 0.662215 0.717521 0.046013 0.057211
1 0.935564 0.232420 0.043673 0.064362
2 0.025832 0.200238 0.021057 0.030989
2 0.177129 0.173421 0.014818 0.022646
2 0.470364 0.282479 0.016378 0.033373
2 0.448528 0.475566 0.017937 0.028605
2 0.755411 0.320024 0.026516 0.041716
2 0.682882 0.743743 0.021837 0.028605
2 0.176739 0.584625 0.018717 0.027414