0 0.998033 0.249098 0.003829 0.051173
0 0.575126 0.002547 0.037092 0.005076
0 0.240065 0.002488 0.037599 0.004976
0 0.445264 0.993785 0.034640 0.010044
0 0.004762 0.659255 0.009524 0.069252
0 0.993200 0.085406 0.012036 0.067596
0 0.993929 0.470365 0.011033 0.064368
0 0.490175 0.008368 0.029720 0.016721
0 0.098861 0.007111 0.044354 0.014222
0 0.312879 0.007961 0.037956 0.015921
0 0.991947 0.697290 0.014607 0.058999
0 0.009804 0.375942 0.019579 0.073583
0 0.009380 0.219865 0.018743 0.076367
0 0.691851 0.983442 0.046520 0.030211
0 0.490482 0.983373 0.040520 0.030125
0 0.988524 0.324697 0.021390 0.074475
0 0.017160 0.900532 0.034320 0.069186
0 0.873752 0.976657 0.049228 0.043366
0 0.141905 0.977582 0.050416 0.041544
0 0.771718 0.969920 0.051117 0.056830
0 0.019659 0.496083 0.039317 0.076073
0 0.019234 0.776847 0.038468 0.082680
0 0.641300 0.080260 0.043587 0.084208
0 0.822123 0.023933 0.045822 0.047797
0 0.656479 0.954797 0.047279 0.075169
0 0.637995 0.885258 0.049784 0.072553
0 0.745395 0.029024 0.047824 0.057962
0 0.410134 0.744881 0.047736 0.069130
0 0.083080 0.971561 0.048060 0.053461
0 0.352216 0.065485 0.044377 0.070290
0 0.405988 0.959033 0.042557 0.078556
0 0.530091 0.964660 0.047353 0.067265
0 0.205245 0.033775 0.046020 0.067549
0 0.798191 0.910523 0.049501 0.075279
0 0.976347 0.529714 0.045429 0.076376
0 0.717152 0.931052 0.046418 0.082110
0 0.219056 0.969676 0.048828 0.057478
0 0.027038 0.031204 0.046074 0.062409
0 0.063584 0.636061 0.049519 0.076323
0 0.039070 0.431548 0.048263 0.072049
0 0.588044 0.936718 0.053155 0.076214
0 0.319530 0.538456 0.055390 0.058311
0 0.675224 0.036880 0.053809 0.073759
0 0.114337 0.136699 0.038929 0.069503
0 0.481554 0.174469 0.043959 0.077983
0 0.835341 0.745946 0.047855 0.080792
0 0.386619 0.027887 0.046073 0.055774
0 0.687268 0.802734 0.052400 0.088818
0 0.161600 0.325060 0.042324 0.065505
0 0.673212 0.600551 0.042531 0.074609
0 0.972044 0.948186 0.051865 0.082929
0 0.805523 0.638741 0.051990 0.080156
0 0.781909 0.079579 0.052101 0.075288
0 0.725792 0.745845 0.050665 0.080651
0 0.356395 0.339273 0.044817 0.071139
0 0.595133 0.423463 0.044299 0.080720
0 0.386748 0.670264 0.046263 0.083832
0 0.550250 0.345619 0.045121 0.065311
0 0.629507 0.807510 0.052193 0.076951
0 0.587620 0.294271 0.046958 0.073078
0 0.304274 0.213828 0.049015 0.080041
0 0.718297 0.665124 0.052330 0.074718
0 0.619648 0.236797 0.046544 0.072834
0 0.516331 0.891601 0.049085 0.075474
0 0.159286 0.152245 0.044217 0.076227
0 0.563938 0.730636 0.052642 0.073325
0 0.138709 0.736808 0.055528 0.067774
0 0.867185 0.048076 0.051051 0.076425
0 0.208330 0.202003 0.050081 0.078783
0 0.545402 0.424131 0.046632 0.078117
0 0.664344 0.460234 0.053166 0.071924
0 0.701970 0.400690 0.049602 0.079410
0 0.792012 0.451052 0.054906 0.076048
0 0.779863 0.717267 0.047348 0.075889
0 0.870361 0.890457 0.050584 0.079741
0 0.898555 0.111703 0.046495 0.072924
0 0.470028 0.047932 0.046092 0.073948
0 0.455542 0.489470 0.046544 0.078498
0 0.446636 0.118433 0.046330 0.071609
0 0.293854 0.478315 0.049664 0.073743
0 0.306075 0.361072 0.049901 0.073772
0 0.849519 0.559213 0.049658 0.070267
0 0.094817 0.058069 0.048344 0.076273
0 0.956581 0.628576 0.049176 0.069889
0 0.634398 0.161648 0.051650 0.071972
0 0.887656 0.788009 0.048357 0.074122
0 0.541437 0.086647 0.047370 0.072282
0 0.503429 0.520217 0.045859 0.074857
0 0.324358 0.286738 0.048534 0.073192
0 0.518441 0.681264 0.051732 0.076611
0 0.152213 0.919801 0.052311 0.073054
0 0.070004 0.141644 0.041632 0.080276
0 0.484446 0.617169 0.045701 0.077910
0 0.426271 0.419467 0.049697 0.079849
0 0.114367 0.669068 0.048444 0.077012
0 0.406492 0.601198 0.048541 0.074530
0 0.914871 0.945141 0.047809 0.076353
0 0.441678 0.858454 0.052025 0.070561
0 0.256101 0.245832 0.048080 0.078424
0 0.634120 0.678189 0.054290 0.084365
0 0.375839 0.176589 0.049841 0.079501
0 0.266166 0.051358 0.052324 0.079084
0 0.063279 0.525801 0.046688 0.084207
0 0.567677 0.498875 0.051177 0.083676
0 0.839669 0.149460 0.048139 0.076108
0 0.329973 0.133065 0.049256 0.076892
0 0.465262 0.360662 0.048155 0.073463
0 0.028731 0.313194 0.049784 0.075283
0 0.636340 0.313587 0.050899 0.075876
0 0.688490 0.205448 0.048817 0.073361
0 0.148948 0.600747 0.045961 0.075829
0 0.294222 0.845153 0.051627 0.077888
0 0.083220 0.396224 0.047857 0.074994
0 0.155437 0.807557 0.050926 0.073574
0 0.936507 0.049371 0.047782 0.080801
0 0.826675 0.356638 0.048396 0.082955
0 0.343419 0.695962 0.046675 0.078597
0 0.265288 0.772803 0.046660 0.074565
0 0.453297 0.283266 0.045702 0.077053
0 0.949866 0.450526 0.049401 0.074817
0 0.100921 0.580496 0.048234 0.081299
0 0.546597 0.170963 0.048000 0.082987
0 0.513271 0.240837 0.051725 0.081833
0 0.880621 0.694287 0.049313 0.076700
0 0.341535 0.811467 0.045110 0.072530
0 0.719544 0.320853 0.048550 0.074084
0 0.943692 0.700638 0.048164 0.071872
0 0.844836 0.476901 0.051596 0.082381
0 0.958397 0.233680 0.050316 0.071561
0 0.766277 0.578574 0.050634 0.080067
0 0.554149 0.603794 0.050575 0.084127
0 0.136799 0.242586 0.047172 0.078336
0 0.781788 0.268281 0.047016 0.075012
0 0.346702 0.605413 0.047050 0.077151
0 0.134780 0.511683 0.052964 0.071226
0 0.219931 0.811546 0.051055 0.076958
0 0.202695 0.892097 0.049858 0.082129
0 0.959643 0.371212 0.051577 0.076665
0 0.773676 0.373021 0.049421 0.078795
0 0.334125 0.431105 0.052591 0.081137
0 0.896557 0.603815 0.050334 0.079147
0 0.870850 0.283849 0.050735 0.081885
0 0.197239 0.477820 0.053412 0.078096
0 0.284985 0.664447 0.051551 0.080946
0 0.214245 0.712434 0.052216 0.079013
0 0.249016 0.574336 0.053115 0.087216
1 0.182978 0.091776 0.073309 0.038141
1 0.741373 0.865912 0.046793 0.063170
2 0.225092 0.517878 0.026516 0.034565
2 0.207934 0.656734 0.017157 0.028605
2 0.328426 0.755662 0.027296 0.038141
2 0.239519 0.936234 0.016378 0.025030
2 0.609183 0.021454 0.017937 0.026222