0 0.249272 0.001606 0.036173 0.003187
0 0.996203 0.226520 0.006501 0.054724
0 0.994843 0.315294 0.008922 0.056358
0 0.236868 0.769618 0.049566 0.074351
0 0.008358 0.892022 0.016715 0.068111
0 0.007645 0.628216 0.015271 0.064632
0 0.792405 0.990375 0.045925 0.016424
0 0.187121 0.987723 0.039716 0.021669
0 0.501595 0.988069 0.046428 0.020808
0 0.267030 0.969786 0.049541 0.056961
0 0.353192 0.815452 0.048885 0.068626
0 0.832828 0.011431 0.045543 0.022861
0 0.989598 0.932861 0.019023 0.076406
0 0.317743 0.936080 0.048995 0.069940
0 0.988834 0.715381 0.020516 0.080490
0 0.334788 0.863936 0.047046 0.082618
0 0.216891 0.892434 0.048448 0.074287
0 0.335518 0.968818 0.052344 0.059015
0 0.955520 0.985248 0.051429 0.026451
0 0.223863 0.963312 0.051177 0.069012
0 0.773319 0.765151 0.053450 0.084360
0 0.078924 0.010491 0.045809 0.020982
0 0.038501 0.982781 0.046548 0.031089
0 0.447184 0.982607 0.045011 0.031344
0 0.186507 0.802145 0.053924 0.091249
0 0.851205 0.980534 0.055795 0.035803
0 0.014285 0.478392 0.028562 0.077593
0 0.095162 0.896035 0.048832 0.106319
0 0.020333 0.826040 0.040665 0.082890
0 0.119726 0.971013 0.051861 0.055037
0 0.377471 0.014350 0.048935 0.028670
0 0.017363 0.553993 0.034725 0.072795
0 0.017394 0.387588 0.034789 0.068598
0 0.325141 0.763835 0.048755 0.074508
0 0.983516 0.533943 0.030963 0.078884
0 0.457892 0.651479 0.058941 0.073605
0 0.026656 0.747778 0.053312 0.075932
0 0.045316 0.918830 0.049142 0.084518
0 0.656435 0.966185 0.052756 0.064257
0 0.682256 0.029869 0.044267 0.059739
0 0.491518 0.698346 0.046244 0.079343
0 0.129203 0.763074 0.052099 0.088589
0 0.369965 0.716205 0.051869 0.089644
0 0.637708 0.025934 0.048227 0.051867
0 0.382251 0.882092 0.051638 0.086305
0 0.671782 0.893458 0.053805 0.074184
0 0.074017 0.810188 0.052521 0.071148
0 0.347741 0.648885 0.047697 0.076982
0 0.458983 0.530198 0.055922 0.069898
0 0.323479 0.533879 0.043477 0.079319
0 0.983941 0.449097 0.030052 0.078029
0 0.174883 0.716263 0.053832 0.080832
0 0.942338 0.939485 0.047554 0.070567
0 0.401280 0.957144 0.051884 0.081989
0 0.382165 0.508693 0.055537 0.067000
0 0.156675 0.634218 0.044988 0.082387
0 0.116802 0.601603 0.049113 0.083107
0 0.440688 0.883332 0.056531 0.073137
0 0.584926 0.019307 0.048743 0.038608
0 0.016122 0.054801 0.032231 0.096723
0 0.976407 0.845149 0.045037 0.074018
0 0.491581 0.854525 0.045132 0.079917
0 0.078160 0.733860 0.048228 0.077296
0 0.567280 0.953313 0.053874 0.079986
0 0.204843 0.646227 0.049407 0.086653
0 0.292330 0.670069 0.051494 0.080817
0 0.978668 0.368224 0.040728 0.076602
0 0.020636 0.231289 0.041272 0.072930
0 0.416942 0.737229 0.046409 0.083608
0 0.783121 0.645284 0.050926 0.079979
0 0.471446 0.774201 0.050105 0.076343
0 0.859435 0.547709 0.054541 0.068045
0 0.585097 0.379125 0.054956 0.069904
0 0.796812 0.868839 0.051571 0.084042
0 0.645701 0.257355 0.046279 0.078583
0 0.511339 0.932526 0.053149 0.087280
0 0.963934 0.775943 0.052858 0.068384
0 0.585267 0.745279 0.053034 0.081292
0 0.607112 0.834552 0.055271 0.085982
0 0.878692 0.602410 0.053980 0.068890
0 0.214340 0.472484 0.043520 0.077300
0 0.614270 0.922037 0.052339 0.084485
0 0.765872 0.237390 0.040750 0.085795
0 0.019062 0.311738 0.038095 0.077330
0 0.690823 0.811955 0.051173 0.083303
0 0.917086 0.878381 0.049877 0.077698
0 0.625712 0.695720 0.056971 0.079398
0 0.491770 0.474721 0.046550 0.085184
0 0.261140 0.595405 0.049531 0.079820
0 0.847782 0.481004 0.050883 0.068274
0 0.273653 0.417045 0.048334 0.082646
0 0.962730 0.597106 0.048222 0.080145
0 0.957174 0.686809 0.044941 0.078174
0 0.915018 0.652441 0.050544 0.092739
0 0.590612 0.453480 0.048152 0.076563
0 0.531570 0.788437 0.053486 0.078132
0 0.864569 0.921436 0.056784 0.085409
0 0.048759 0.664764 0.053476 0.085022
0 0.500381 0.587851 0.052479 0.083031
0 0.817260 0.061540 0.046130 0.072161
0 0.721637 0.743205 0.048277 0.081961
0 0.596005 0.220715 0.045150 0.086472
0 0.877710 0.824027 0.052388 0.077373
0 0.868939 0.739340 0.054579 0.086848
0 0.549813 0.248244 0.046051 0.075874
0 0.854075 0.161206 0.042524 0.086413
0 0.076160 0.554048 0.048876 0.079512
0 0.458459 0.377758 0.049141 0.081506
0 0.639083 0.429412 0.049050 0.081670
0 0.709162 0.498805 0.048549 0.076881
0 0.307256 0.354170 0.042207 0.080608
0 0.150785 0.416887 0.050399 0.080343
0 0.343754 0.451131 0.053259 0.082608
0 0.407423 0.327678 0.048368 0.080799
0 0.479157 0.301642 0.048958 0.075058
0 0.180487 0.248840 0.049201 0.076829
0 0.694743 0.659107 0.052222 0.079532
0 0.833198 0.675553 0.051114 0.085183
0 0.574181 0.653914 0.053523 0.079796
0 0.546733 0.166158 0.049933 0.077802
0 0.542649 0.482385 0.047544 0.075583
0 0.533054 0.401606 0.049062 0.079933
0 0.810519 0.164589 0.047960 0.083378
0 0.601128 0.311275 0.053250 0.082976
0 0.879698 0.095029 0.047751 0.083661
0 0.398954 0.421200 0.050004 0.079606
0 0.842162 0.413325 0.049680 0.076276
0 0.420406 0.135811 0.058903 0.066990
0 0.531155 0.320271 0.048503 0.077778
0 0.822222 0.243290 0.053756 0.072405
0 0.575978 0.572854 0.052057 0.069930
0 0.515332 0.112482 0.050089 0.074061
0 0.129116 0.502373 0.053637 0.085784
0 0.208080 0.376361 0.049116 0.075567
0 0.152848 0.076369 0.048459 0.076364
0 0.465580 0.229123 0.051597 0.075212
0 0.553470 0.060923 0.046577 0.071758
0 0.896615 0.471776 0.046853 0.077932
0 0.788825 0.391667 0.053383 0.084083
0 0.786866 0.311086 0.051118 0.072596
0 0.733852 0.340711 0.052054 0.080132
0 0.284885 0.234617 0.049995 0.079345
0 0.258082 0.307226 0.048737 0.085058
0 0.127293 0.146123 0.051789 0.077061
0 0.363437 0.195545 0.047524 0.077878
0 0.691708 0.291174 0.052928 0.088871
0 0.027324 0.142851 0.046541 0.076674
0 0.772722 0.104757 0.052124 0.080249
0 0.305374 0.110311 0.051196 0.078358
0 0.858126 0.340022 0.050460 0.075190
0 0.284565 0.037501 0.054906 0.075003
0 0.279486 0.500792 0.054731 0.079371
0 0.157832 0.324774 0.057170 0.084091
0 0.243452 0.096898 0.048189 0.073500
0 0.629794 0.531298 0.056091 0.083432
0 0.409240 0.050211 0.053692 0.073339
0 0.949181 0.288947 0.047969 0.078593
0 0.078307 0.193019 0.044112 0.071250
0 0.077293 0.426216 0.051577 0.089654
0 0.189000 0.138949 0.051170 0.075392
0 0.363297 0.285617 0.054248 0.090279
0 0.926327 0.360738 0.057466 0.077032
0 0.888292 0.276183 0.050561 0.085143
0 0.930822 0.188157 0.048637 0.083497
0 0.474859 0.051692 0.057537 0.073621
0 0.072641 0.066771 0.055771 0.085562
0 0.925929 0.061174 0.051282 0.086418
1 0.606064 0.133492 0.039774 0.073897
1 0.226261 0.200834 0.050692 0.060787
1 0.276954 0.751490 0.044453 0.070322
2 0.222362 0.690703 0.021057 0.034565
2 0.231721 0.716329 0.013258 0.028605
2 0.248488 0.716925 0.017157 0.027414
2 0.635310 0.797974 0.020277 0.034565
2 0.434490 0.092372 0.016378 0.025030
3 0.270715 0.846246 0.085007 0.145411