0 0.002224 0.463357 0.004402 0.053811
0 0.737223 0.991826 0.038993 0.013673
0 0.627545 0.989165 0.043186 0.018789
0 0.008852 0.671236 0.017667 0.067791
0 0.010240 0.386863 0.020441 0.075848
0 0.984526 0.959330 0.029158 0.075213
0 0.983091 0.030366 0.032302 0.060612
0 0.812670 0.180674 0.046105 0.076500
0 0.859171 0.016285 0.056027 0.032570
0 0.842930 0.146170 0.053638 0.077736
0 0.422614 0.016557 0.053390 0.033114
0 0.613933 0.018798 0.047736 0.037595
0 0.372022 0.967417 0.052424 0.061605
0 0.497018 0.022891 0.047134 0.045781
0 0.482433 0.905414 0.053293 0.070292
0 0.228775 0.570775 0.054759 0.067352
0 0.058731 0.028878 0.052270 0.057756
0 0.102387 0.068050 0.048213 0.077548
0 0.658194 0.895842 0.047347 0.078897
0 0.776520 0.966049 0.050968 0.064752
0 0.096402 0.849510 0.053637 0.082012
0 0.070733 0.926188 0.053423 0.082653
0 0.334468 0.078350 0.046444 0.069934
0 0.544321 0.962292 0.051081 0.072099
0 0.176436 0.029207 0.053018 0.058413
0 0.153808 0.108725 0.046685 0.085377
0 0.295258 0.034801 0.049752 0.069602
0 0.195940 0.950950 0.053914 0.080129
0 0.296475 0.880968 0.054029 0.083462
0 0.849740 0.925785 0.047224 0.077886
0 0.968571 0.318541 0.040984 0.073774
0 0.633041 0.206823 0.047582 0.077659
0 0.369000 0.761651 0.047613 0.079218
0 0.550171 0.765076 0.050750 0.076758
0 0.253229 0.628425 0.052085 0.071509
0 0.945140 0.387864 0.047514 0.072388
0 0.710215 0.945379 0.046944 0.076526
0 0.902955 0.928756 0.047767 0.088624
0 0.219815 0.750423 0.047092 0.077691
0 0.135757 0.735702 0.049499 0.077041
0 0.142183 0.480423 0.046050 0.084068
0 0.843890 0.740132 0.059327 0.070881
0 0.040721 0.159187 0.050251 0.077697
0 0.156163 0.559835 0.043684 0.080724
0 0.854111 0.071616 0.049727 0.074612
0 0.545698 0.158673 0.047351 0.068845
0 0.176417 0.790882 0.050196 0.081404
0 0.815801 0.619549 0.054604 0.086575
0 0.613254 0.857393 0.047640 0.074873
0 0.040183 0.474134 0.047376 0.072597
0 0.536441 0.082646 0.048648 0.080238
0 0.317234 0.715375 0.048908 0.076609
0 0.522224 0.853975 0.051502 0.077097
0 0.553978 0.460274 0.046465 0.074269
0 0.029828 0.311999 0.050098 0.068751
0 0.896162 0.829817 0.049029 0.077116
0 0.332100 0.324725 0.045010 0.074198
0 0.418961 0.796125 0.053976 0.084704
0 0.049133 0.587012 0.051804 0.081053
0 0.186914 0.164392 0.047447 0.078131
0 0.101156 0.539842 0.051463 0.089316
0 0.787819 0.822674 0.052019 0.079188
0 0.822330 0.278011 0.049400 0.092523
0 0.748751 0.882314 0.051658 0.088990
0 0.525197 0.700375 0.057013 0.075652
0 0.647920 0.792086 0.047523 0.076186
0 0.587684 0.068726 0.049906 0.077939
0 0.625004 0.287071 0.048790 0.068208
0 0.911370 0.536638 0.055426 0.079144
0 0.677952 0.239526 0.049780 0.075789
0 0.970327 0.471979 0.052572 0.081854
0 0.654334 0.666993 0.050942 0.082769
0 0.072901 0.760895 0.048672 0.078814
0 0.122482 0.354409 0.049665 0.076383
0 0.607175 0.745817 0.052891 0.075024
0 0.326491 0.812007 0.050673 0.086555
0 0.426010 0.953389 0.053319 0.084704
0 0.969408 0.185756 0.051613 0.079908
0 0.153123 0.641948 0.051948 0.077966
0 0.426515 0.712966 0.053342 0.082378
0 0.382511 0.323256 0.051575 0.076404
0 0.390754 0.158039 0.050959 0.080550
0 0.409137 0.635768 0.053635 0.083037
0 0.245699 0.500676 0.051723 0.078178
0 0.484928 0.215606 0.052234 0.082135
0 0.574414 0.238624 0.052148 0.074273
0 0.711821 0.302401 0.047962 0.076095
0 0.361960 0.446611 0.051953 0.082107
0 0.934652 0.097870 0.059615 0.077740
0 0.710467 0.048527 0.051751 0.089333
0 0.843175 0.417569 0.050142 0.084410
0 0.389875 0.557692 0.055158 0.077569
0 0.792505 0.454593 0.049272 0.081219
0 0.528065 0.305266 0.051893 0.085380
0 0.793274 0.541175 0.053019 0.081593
0 0.182019 0.425316 0.051398 0.078808
0 0.281701 0.314396 0.052165 0.079465
0 0.443407 0.522759 0.051189 0.077856
0 0.730164 0.704434 0.053132 0.080251
0 0.908522 0.452740 0.047794 0.082138
0 0.603964 0.508256 0.051713 0.077344
0 0.910567 0.253910 0.052073 0.073081
0 0.533319 0.622610 0.053214 0.079535
0 0.171497 0.241481 0.051129 0.082078
0 0.747929 0.365184 0.048616 0.078108
0 0.474369 0.630713 0.053851 0.075769
0 0.288467 0.422971 0.057614 0.090900
0 0.469360 0.429808 0.052084 0.082185
0 0.599208 0.616731 0.052473 0.082245
0 0.730452 0.520630 0.049195 0.073851
0 0.313326 0.601246 0.052391 0.079976
0 0.672799 0.493159 0.052240 0.079193
0 0.222702 0.351129 0.053970 0.083702
1 0.662605 0.116806 0.053032 0.040524
1 0.862255 0.649583 0.046793 0.073897
2 0.527686 0.530989 0.028076 0.048868
2 0.468025 0.706794 0.024176 0.033373
2 0.388867 0.831943 0.015598 0.028605
2 0.643108 0.536353 0.020277 0.028605
2 0.891891 0.637068 0.015598 0.029797