0 0.982480 0.992467 0.030430 0.012302
0 0.003078 0.576720 0.006157 0.052979
0 0.149083 0.003027 0.037012 0.006055
0 0.005287 0.441480 0.010571 0.060350
0 0.993977 0.536685 0.010343 0.066748
0 0.733821 0.473265 0.049117 0.064695
0 0.731773 0.525139 0.050075 0.060938
0 0.009828 0.012186 0.019605 0.024350
0 0.092222 0.006944 0.038146 0.013887
0 0.240730 0.989110 0.041326 0.018719
0 0.641917 0.988383 0.045426 0.020201
0 0.007739 0.285593 0.015442 0.079374
0 0.906875 0.009831 0.038857 0.019662
0 0.761514 0.987421 0.043651 0.021939
0 0.345702 0.009388 0.047203 0.018775
0 0.437153 0.008985 0.044942 0.017969
0 0.478035 0.976875 0.056221 0.042797
0 0.857367 0.016213 0.054303 0.032385
0 0.223517 0.436247 0.048018 0.070066
0 0.012378 0.811323 0.024719 0.079543
0 0.083250 0.984080 0.048421 0.028419
0 0.846318 0.043348 0.042558 0.075215
0 0.984344 0.705168 0.029226 0.080193
0 0.014277 0.728219 0.028523 0.080112
0 0.379777 0.977843 0.052350 0.040715
0 0.644494 0.015213 0.053772 0.030413
0 0.979317 0.906164 0.039309 0.080876
0 0.978829 0.614880 0.040067 0.081335
0 0.040921 0.014278 0.048360 0.028556
0 0.779996 0.888018 0.051496 0.082403
0 0.062305 0.417965 0.048184 0.078430
0 0.202804 0.967345 0.044598 0.061885
0 0.521306 0.746995 0.047464 0.075580
0 0.177051 0.904993 0.050078 0.076455
0 0.980856 0.074709 0.036286 0.073798
0 0.228927 0.494222 0.045221 0.069813
0 0.468205 0.935946 0.061769 0.079398
0 0.891863 0.965678 0.054016 0.065092
0 0.613023 0.954118 0.049839 0.076594
0 0.560470 0.023924 0.043846 0.047848
0 0.315668 0.963457 0.050386 0.069365
0 0.031329 0.370641 0.050692 0.075073
0 0.144272 0.969651 0.047283 0.057279
0 0.501401 0.867188 0.047263 0.075680
0 0.506019 0.662979 0.053983 0.078866
0 0.947677 0.963655 0.052455 0.069308
0 0.248525 0.922809 0.053251 0.072333
0 0.545651 0.953710 0.049990 0.071706
0 0.583335 0.802511 0.052170 0.074339
0 0.766785 0.023784 0.045714 0.047568
0 0.458688 0.197081 0.047153 0.071601
0 0.256751 0.414078 0.046962 0.084174
0 0.716167 0.866493 0.047492 0.071081
0 0.071837 0.776395 0.044740 0.072286
0 0.561376 0.665830 0.050060 0.073558
0 0.685652 0.961484 0.050625 0.073353
0 0.915060 0.884856 0.051414 0.076879
0 0.111786 0.905673 0.049339 0.083490
0 0.487404 0.788702 0.054476 0.078830
0 0.924635 0.642593 0.045779 0.068183
0 0.176114 0.813625 0.048421 0.075519
0 0.118745 0.375613 0.044880 0.070101
0 0.919892 0.752328 0.054816 0.089904
0 0.387548 0.618878 0.047678 0.075601
0 0.663741 0.886004 0.053376 0.082312
0 0.039154 0.288883 0.042162 0.081286
0 0.973502 0.823234 0.050354 0.080552
0 0.532425 0.508379 0.043946 0.068060
0 0.113125 0.817969 0.048251 0.074673
0 0.117781 0.196570 0.047309 0.082325
0 0.251068 0.639394 0.049912 0.079547
0 0.789782 0.079755 0.045153 0.068978
0 0.048454 0.861884 0.050467 0.079787
0 0.636903 0.619100 0.055686 0.087808
0 0.816995 0.848592 0.051163 0.090431
0 0.354827 0.558278 0.051356 0.076296
0 0.414433 0.556024 0.045380 0.075824
0 0.481655 0.136934 0.054468 0.064807
0 0.670654 0.702182 0.052853 0.082992
0 0.511908 0.579619 0.050795 0.072659
0 0.326847 0.881003 0.050685 0.085437
0 0.376240 0.854356 0.047545 0.080615
0 0.497521 0.031334 0.053410 0.062668
0 0.026300 0.213006 0.052600 0.076796
0 0.218583 0.854327 0.050609 0.084325
0 0.648175 0.780002 0.050097 0.077621
0 0.298909 0.289036 0.048521 0.077799
0 0.265130 0.229766 0.046612 0.073397
0 0.549819 0.871524 0.047477 0.075798
0 0.861376 0.698701 0.052203 0.083111
0 0.451521 0.064098 0.056359 0.085999
0 0.671489 0.063343 0.050298 0.078269
0 0.701675 0.787157 0.049012 0.078194
0 0.638669 0.142248 0.050965 0.072867
0 0.717462 0.029883 0.046352 0.059765
0 0.607299 0.871820 0.056828 0.082011
0 0.598480 0.511538 0.051480 0.073925
0 0.879220 0.831781 0.049005 0.075093
0 0.036460 0.069013 0.052322 0.071945
0 0.927906 0.046057 0.051943 0.076695
0 0.037586 0.497307 0.052384 0.084202
0 0.666005 0.397488 0.053576 0.082408
0 0.761319 0.410724 0.047320 0.076258
0 0.803249 0.606631 0.049707 0.078391
0 0.811365 0.443571 0.052188 0.075753
0 0.183187 0.518157 0.045294 0.071578
0 0.134002 0.665000 0.045331 0.072413
0 0.868069 0.475553 0.052141 0.084361
0 0.600505 0.198305 0.051586 0.080957
0 0.917403 0.495838 0.043677 0.071559
0 0.112895 0.462821 0.048674 0.073610
0 0.533619 0.104232 0.046913 0.084622
0 0.271360 0.029760 0.051299 0.059519
0 0.237720 0.083374 0.044838 0.080345
0 0.648916 0.533518 0.051457 0.080612
0 0.596641 0.721754 0.048218 0.082587
0 0.342699 0.328998 0.049237 0.075656
0 0.343734 0.127976 0.051669 0.087332
0 0.285133 0.819950 0.052586 0.079103
0 0.369765 0.053614 0.056018 0.082948
0 0.575611 0.584057 0.054590 0.083470
0 0.590519 0.352197 0.047546 0.069524
0 0.309669 0.414317 0.051610 0.077975
0 0.805151 0.714514 0.054261 0.081989
0 0.839047 0.122227 0.052795 0.079316
0 0.768122 0.784120 0.052256 0.079049
0 0.166095 0.425771 0.047411 0.075036
0 0.423047 0.131325 0.054816 0.080133
0 0.952016 0.559188 0.043777 0.077785
0 0.339260 0.475941 0.048454 0.081454
0 0.429682 0.870827 0.055693 0.082237
0 0.254435 0.320751 0.048602 0.089519
0 0.858542 0.391808 0.048454 0.076183
0 0.220774 0.571943 0.052681 0.079675
0 0.850945 0.583282 0.046474 0.083979
0 0.885887 0.182347 0.048858 0.082718
0 0.714851 0.251654 0.048173 0.080352
0 0.153834 0.045746 0.054903 0.074068
0 0.586139 0.432343 0.053874 0.079364
0 0.392951 0.774733 0.052798 0.079450
0 0.070208 0.164797 0.048713 0.082393
0 0.160511 0.331648 0.046829 0.072109
0 0.777872 0.288124 0.047380 0.076465
0 0.902285 0.575746 0.050464 0.077291
0 0.142733 0.744808 0.053549 0.079960
0 0.345093 0.731976 0.051746 0.071551
0 0.418250 0.686518 0.054107 0.082682
0 0.842632 0.279573 0.071050 0.087138
0 0.303918 0.184132 0.050674 0.082556
0 0.942269 0.427661 0.052585 0.074297
0 0.924181 0.122525 0.066160 0.071978
0 0.800324 0.172848 0.056092 0.075709
0 0.146470 0.127275 0.053335 0.080741
0 0.194718 0.730889 0.049049 0.091542
0 0.389294 0.489939 0.048591 0.076302
0 0.674289 0.309638 0.054082 0.082939
0 0.390982 0.393206 0.050010 0.077924
0 0.606490 0.067338 0.053445 0.078226
0 0.159561 0.238858 0.052697 0.073239
0 0.547272 0.219123 0.053584 0.079934
0 0.954555 0.317419 0.053167 0.078716
0 0.674262 0.202679 0.051618 0.087440
0 0.730975 0.129898 0.053164 0.084445
0 0.212308 0.262795 0.049593 0.085956
0 0.547040 0.305713 0.054274 0.083115
0 0.270077 0.723202 0.052280 0.081107
0 0.129629 0.549104 0.054582 0.081517
0 0.481672 0.268020 0.053569 0.084558
0 0.389720 0.268671 0.051877 0.083590
0 0.074926 0.587623 0.050042 0.083495
0 0.427382 0.333119 0.051724 0.082623
0 0.228802 0.174065 0.052623 0.085301
0 0.069822 0.694197 0.051725 0.079169
0 0.481876 0.475988 0.050710 0.083824
0 0.902670 0.341962 0.048933 0.085931
1 0.470364 0.662694 0.041334 0.071514
2 0.310489 0.365316 0.017937 0.027414
2 0.451647 0.730036 0.025736 0.032181
1 0.745302 0.942035 0.049115 0.074229