0 0.990017 0.993001 0.018190 0.011515
0 0.010207 0.441007 0.020401 0.069874
0 0.189816 0.001585 0.036789 0.003087
0 0.995180 0.960749 0.008199 0.045297
0 0.995931 0.840160 0.006795 0.055929
0 0.113997 0.992947 0.034001 0.011911
0 0.059368 0.005543 0.034751 0.011074
0 0.788661 0.005771 0.040103 0.011542
0 0.386100 0.007035 0.042390 0.014071
0 0.061117 0.989204 0.042734 0.018657
0 0.007642 0.363873 0.015277 0.074909
0 0.010424 0.761077 0.020800 0.075676
0 0.009972 0.684139 0.019926 0.072084
0 0.874027 0.985876 0.052714 0.024977
0 0.286763 0.985046 0.049421 0.026702
0 0.463474 0.381322 0.047867 0.088774
0 0.454736 0.971072 0.058201 0.054440
0 0.442610 0.444980 0.043569 0.075296
0 0.012757 0.567988 0.025504 0.083911
0 0.981993 0.905857 0.034116 0.078555
0 0.019979 0.842818 0.039958 0.075929
0 0.312220 0.615019 0.048945 0.065141
0 0.659163 0.971876 0.048434 0.052609
0 0.500390 0.654946 0.051019 0.085937
0 0.459548 0.918226 0.054647 0.073662
0 0.455556 0.140999 0.051341 0.082355
0 0.464273 0.614593 0.053647 0.076328
0 0.351962 0.372033 0.056909 0.077634
0 0.669170 0.015338 0.048331 0.030676
0 0.525696 0.973627 0.050359 0.049402
0 0.825682 0.970514 0.048054 0.055481
0 0.224200 0.371940 0.045404 0.086699
0 0.705421 0.954885 0.049327 0.086397
0 0.376501 0.965810 0.049367 0.064846
0 0.248249 0.929135 0.047901 0.071815
0 0.980044 0.700932 0.037891 0.084217
0 0.978465 0.556459 0.041083 0.084117
0 0.247685 0.329496 0.050381 0.078182
0 0.940074 0.883372 0.051857 0.082630
0 0.755762 0.966720 0.050361 0.063043
0 0.586706 0.378088 0.049696 0.066091
0 0.319766 0.015450 0.048670 0.030900
0 0.444867 0.691510 0.054015 0.078300
0 0.950913 0.023100 0.051186 0.046201
0 0.357736 0.885510 0.053308 0.076694
0 0.300116 0.934283 0.050544 0.076444
0 0.372673 0.307598 0.050038 0.088296
0 0.870185 0.936733 0.047149 0.065645
0 0.947851 0.811236 0.049320 0.066685
0 0.124459 0.501082 0.049768 0.072362
0 0.267880 0.681670 0.053560 0.084010
0 0.265882 0.856556 0.051091 0.079404
0 0.602610 0.523589 0.043354 0.089673
0 0.692424 0.586642 0.050671 0.073908
0 0.563725 0.562164 0.048542 0.075870
0 0.260842 0.530731 0.049426 0.081947
0 0.029994 0.042668 0.048403 0.083674
0 0.374600 0.809979 0.045438 0.080514
0 0.360681 0.586877 0.051735 0.086238
0 0.467546 0.513691 0.053189 0.075750
0 0.142721 0.846289 0.051057 0.076979
0 0.613904 0.624106 0.048309 0.075979
0 0.633923 0.779893 0.047677 0.071968
0 0.345202 0.449599 0.056660 0.077727
0 0.104540 0.943339 0.057080 0.076075
0 0.816875 0.891078 0.053035 0.083362
0 0.681189 0.840348 0.047792 0.079189
0 0.760550 0.429378 0.048682 0.081480
0 0.381447 0.669122 0.052311 0.087766
0 0.160110 0.772103 0.053624 0.075277
0 0.855940 0.827113 0.048596 0.072683
0 0.850662 0.752214 0.047741 0.075013
0 0.387374 0.506551 0.052139 0.082573
0 0.069561 0.867522 0.055729 0.086049
0 0.540833 0.266390 0.048168 0.080452
0 0.976836 0.404952 0.044167 0.078056
0 0.511064 0.571091 0.057054 0.088866
0 0.425837 0.309393 0.051825 0.082639
0 0.519998 0.335725 0.047100 0.076143
0 0.090776 0.030419 0.039934 0.060837
0 0.615231 0.917029 0.055922 0.089685
0 0.646831 0.553025 0.050770 0.083101
0 0.822528 0.298668 0.043102 0.073397
0 0.732129 0.810651 0.051333 0.077711
0 0.804543 0.454925 0.049846 0.080860
0 0.170445 0.548419 0.055239 0.081195
0 0.065212 0.767193 0.059827 0.075404
0 0.213599 0.591232 0.049704 0.081062
0 0.710356 0.460832 0.052175 0.077739
0 0.333790 0.256338 0.052065 0.083138
0 0.217536 0.488209 0.054341 0.081464
0 0.695483 0.699187 0.050782 0.079290
0 0.880555 0.680368 0.056493 0.082522
0 0.042341 0.478073 0.046274 0.078628
0 0.584446 0.304762 0.047170 0.071514
0 0.561355 0.446351 0.055668 0.084345
0 0.636770 0.700138 0.051882 0.078764
0 0.183230 0.422706 0.056982 0.088381
0 0.513693 0.811085 0.056672 0.091408
0 0.798590 0.760023 0.049582 0.080242
0 0.124179 0.243383 0.044772 0.071103
0 0.482148 0.210765 0.048735 0.079033
0 0.768218 0.669930 0.049871 0.084098
0 0.835527 0.025532 0.049729 0.051063
0 0.735352 0.288512 0.050269 0.071746
0 0.300889 0.324045 0.049545 0.084907
0 0.111302 0.098567 0.049711 0.077123
0 0.233097 0.026668 0.045374 0.053328
0 0.126341 0.690274 0.051147 0.093935
0 0.466599 0.069554 0.052260 0.074891
0 0.084057 0.164092 0.048553 0.073697
0 0.054952 0.591781 0.043207 0.085103
0 0.671229 0.389626 0.051965 0.090703
0 0.505763 0.030600 0.051495 0.061199
0 0.961106 0.483352 0.051372 0.076804
0 0.072748 0.235789 0.055825 0.070018
0 0.114462 0.587365 0.051710 0.078339
0 0.585506 0.222958 0.053124 0.080747
0 0.201705 0.703360 0.054456 0.088645
0 0.658755 0.272701 0.045919 0.083320
0 0.895671 0.580209 0.047551 0.075742
0 0.365484 0.186719 0.051390 0.082400
0 0.770290 0.344175 0.052973 0.081355
0 0.534946 0.155420 0.053311 0.077797
0 0.042190 0.358985 0.050419 0.077973
0 0.378889 0.056330 0.049290 0.077920
0 0.625705 0.167123 0.053847 0.081686
0 0.783452 0.249024 0.051762 0.080413
0 0.976330 0.077138 0.045309 0.080314
0 0.036412 0.132828 0.049779 0.087480
0 0.858985 0.487940 0.051589 0.080666
0 0.088825 0.307440 0.055406 0.072546
0 0.759010 0.151196 0.046884 0.074360
0 0.711786 0.205262 0.049528 0.089272
0 0.955790 0.335309 0.049670 0.069483
0 0.848690 0.193368 0.053765 0.081796
0 0.322093 0.072811 0.055759 0.078298
0 0.672681 0.074127 0.054128 0.080785
0 0.868032 0.117991 0.048924 0.076922
0 0.162751 0.152800 0.050326 0.085482
0 0.156412 0.064845 0.046624 0.084872
0 0.727364 0.066433 0.051821 0.086686
0 0.902572 0.297254 0.052328 0.081527
0 0.232355 0.233233 0.053928 0.084182
0 0.917359 0.098556 0.052954 0.083669
1 0.466855 0.308105 0.043673 0.067938
1 0.318287 0.677592 0.055372 0.056019
1 0.774129 0.584625 0.056152 0.070322
2 0.574869 0.613826 0.016378 0.023838