0 0.707126 0.001379 0.043312 0.002702
0 0.996639 0.185702 0.006143 0.068322
0 0.891211 0.004752 0.038734 0.009504
0 0.654590 0.992903 0.035777 0.012096
0 0.823975 0.992806 0.035987 0.011934
0 0.897773 0.322052 0.046342 0.062690
0 0.860359 0.331286 0.048322 0.079131
0 0.489440 0.190056 0.048992 0.070054
0 0.499010 0.251463 0.056961 0.073541
0 0.992328 0.471174 0.013679 0.067109
0 0.115132 0.378943 0.043763 0.089828
0 0.629647 0.009742 0.038969 0.019481
0 0.009142 0.130048 0.018279 0.067885
0 0.982109 0.016669 0.034249 0.033338
0 0.146938 0.351012 0.045510 0.077170
0 0.010493 0.439378 0.020986 0.081863
0 0.105519 0.987832 0.045000 0.022191
0 0.976799 0.949894 0.044360 0.071225
0 0.987254 0.375838 0.023640 0.079611
0 0.130874 0.014517 0.054870 0.029035
0 0.299398 0.247749 0.055371 0.080758
0 0.567483 0.472022 0.053212 0.071645
0 0.769373 0.354714 0.050934 0.072440
0 0.535355 0.429419 0.048644 0.079858
0 0.561199 0.016169 0.051919 0.032338
0 0.181324 0.984010 0.050009 0.029032
0 0.200036 0.445640 0.044700 0.071829
0 0.292189 0.400709 0.048967 0.080504
0 0.021088 0.895125 0.042176 0.084624
0 0.580727 0.220496 0.047758 0.094420
0 0.303580 0.328443 0.049963 0.071785
0 0.725496 0.962827 0.050766 0.071320
0 0.892309 0.398300 0.050666 0.077910
0 0.730985 0.884585 0.049237 0.083753
0 0.024893 0.758915 0.049786 0.078700
0 0.399903 0.980256 0.049957 0.036285
0 0.132352 0.122830 0.049252 0.075868
0 0.474111 0.029475 0.050051 0.058948
0 0.948249 0.919590 0.048217 0.080803
0 0.787303 0.907804 0.052539 0.087770
0 0.028167 0.064481 0.056214 0.077536
0 0.449595 0.442161 0.048457 0.082945
0 0.355401 0.439776 0.049252 0.090038
0 0.087388 0.143925 0.045953 0.082927
0 0.406980 0.024693 0.049112 0.049357
0 0.631979 0.395121 0.046363 0.077411
0 0.579853 0.394090 0.049445 0.084844
0 0.128058 0.280056 0.051855 0.074549
0 0.903210 0.960230 0.053283 0.075909
0 0.600140 0.303524 0.047093 0.073582
0 0.600431 0.142160 0.054159 0.076264
0 0.978598 0.120372 0.040898 0.073348
0 0.057335 0.393661 0.048959 0.078396
0 0.337959 0.835627 0.051619 0.069081
0 0.413578 0.288621 0.047500 0.078148
0 0.454023 0.347329 0.050912 0.092030
0 0.793690 0.425293 0.054207 0.073365
0 0.141317 0.474406 0.050775 0.074005
0 0.975806 0.828306 0.046383 0.070300
0 0.039037 0.165441 0.046012 0.072854
0 0.163628 0.072354 0.053447 0.074961
0 0.565374 0.550498 0.044606 0.074961
0 0.144890 0.205152 0.048911 0.073297
0 0.627274 0.886159 0.048687 0.080872
0 0.654107 0.304597 0.052859 0.083518
0 0.156805 0.593317 0.045370 0.082333
0 0.545117 0.320940 0.049915 0.089583
0 0.817960 0.854947 0.045637 0.085687
0 0.944620 0.356690 0.049760 0.075572
0 0.117569 0.792957 0.049531 0.076761
0 0.374986 0.694760 0.049875 0.078246
0 0.546822 0.622098 0.050931 0.076170
0 0.113510 0.547115 0.052747 0.078993
0 0.574663 0.687656 0.052202 0.077126
0 0.411850 0.201982 0.051463 0.083399
0 0.261208 0.485878 0.047337 0.078686
0 0.025046 0.261912 0.048605 0.079465
0 0.971155 0.249355 0.050751 0.079825
0 0.229200 0.070077 0.047853 0.077785
0 0.193433 0.021232 0.049806 0.042465
0 0.079657 0.321617 0.051873 0.079523
0 0.761386 0.194995 0.052833 0.072856
0 0.941850 0.177663 0.047869 0.082011
0 0.821604 0.745017 0.051873 0.075274
0 0.711210 0.123532 0.049372 0.080967
0 0.351900 0.233202 0.050085 0.084850
0 0.736189 0.297231 0.050941 0.084930
0 0.434327 0.878384 0.048968 0.074468
0 0.363816 0.069714 0.057004 0.086394
0 0.959727 0.453882 0.050670 0.080929
0 0.552235 0.927292 0.051525 0.082637
0 0.904446 0.246146 0.053862 0.080725
0 0.796321 0.253930 0.050821 0.086726
0 0.408728 0.115134 0.051063 0.077356
0 0.605588 0.798043 0.045386 0.073120
0 0.675709 0.930830 0.061421 0.074755
0 0.235887 0.391073 0.055646 0.085613
0 0.448100 0.960378 0.053767 0.075442
0 0.685124 0.384902 0.052174 0.080778
0 0.255494 0.146741 0.049966 0.079520
0 0.268698 0.688787 0.050662 0.088189
0 0.873411 0.118473 0.056040 0.075410
0 0.470302 0.755852 0.057096 0.080029
0 0.060990 0.485178 0.044781 0.079434
0 0.304288 0.932699 0.049916 0.087387
0 0.688220 0.810889 0.049594 0.073169
0 0.686919 0.729191 0.051869 0.074356
0 0.307578 0.135915 0.048881 0.080097
0 0.759576 0.815481 0.049180 0.084034
0 0.876919 0.891767 0.051637 0.072634
0 0.350084 0.913091 0.054845 0.076178
0 0.720493 0.473405 0.048154 0.079347
0 0.956378 0.049448 0.047410 0.070160
0 0.645555 0.219070 0.055321 0.076779
0 0.868084 0.040042 0.049544 0.073998
0 0.302564 0.619948 0.051790 0.075246
0 0.282059 0.046719 0.053997 0.083425
0 0.254494 0.796036 0.054822 0.080388
0 0.077386 0.725824 0.056753 0.082375
0 0.459490 0.677295 0.051996 0.075434
0 0.673507 0.064920 0.053649 0.090762
0 0.661570 0.646589 0.051982 0.080922
0 0.462012 0.529262 0.051354 0.088048
0 0.398337 0.624506 0.054840 0.075761
0 0.930572 0.559441 0.050140 0.092118
0 0.186033 0.251937 0.050695 0.079808
0 0.724654 0.628185 0.050565 0.078444
0 0.312579 0.772897 0.052278 0.083830
0 0.481129 0.853037 0.044971 0.082346
0 0.702913 0.228714 0.051119 0.079244
0 0.770540 0.733461 0.052431 0.076702
0 0.167072 0.922257 0.056136 0.087298
0 0.533157 0.843634 0.052552 0.087877
0 0.201813 0.709645 0.053352 0.078778
0 0.243572 0.250348 0.050681 0.080600
0 0.402519 0.786462 0.055010 0.082592
0 0.943367 0.704060 0.052583 0.085535
2 0.256287 0.547080 0.020277 0.033373
2 0.224702 0.826579 0.013258 0.020262
2 0.863425 0.990465 0.025736 0.019070
1 0.408364 0.407032 0.059271 0.087008
1 0.946482 0.780691 0.034315 0.061979