0 0.002403 0.946486 0.004806 0.044988
0 0.834750 0.002083 0.035011 0.004139
0 0.006120 0.281597 0.012239 0.036694
0 0.226845 0.003245 0.041548 0.006477
0 0.004023 0.140587 0.008045 0.058136
0 0.997406 0.267117 0.005000 0.049889
0 0.738436 0.991653 0.036495 0.014021
0 0.760935 0.005722 0.036481 0.011445
0 0.953840 0.005918 0.039121 0.011835
0 0.008293 0.879604 0.016569 0.069257
0 0.360184 0.988538 0.045382 0.019720
0 0.641972 0.020254 0.050205 0.040509
0 0.024274 0.978221 0.048548 0.040530
0 0.451787 0.983544 0.045404 0.029695
0 0.596365 0.019499 0.044507 0.038960
0 0.986901 0.848133 0.024499 0.077258
0 0.986627 0.097563 0.024928 0.083702
0 0.013654 0.788914 0.027273 0.067285
0 0.326630 0.017602 0.050976 0.035145
0 0.169178 0.977689 0.044883 0.041356
0 0.331938 0.068442 0.048532 0.070493
0 0.015619 0.670821 0.031219 0.083445
0 0.233498 0.976766 0.048837 0.043340
0 0.600104 0.969651 0.046023 0.057253
0 0.981957 0.328784 0.034436 0.080099
0 0.649966 0.914462 0.049634 0.072900
0 0.465179 0.026790 0.049242 0.053579
0 0.017957 0.352278 0.035914 0.080494
0 0.092296 0.020305 0.045999 0.040601
0 0.380989 0.038391 0.050059 0.076626
0 0.981417 0.191663 0.035500 0.078448
0 0.533486 0.028757 0.050687 0.057444
0 0.397256 0.448990 0.040338 0.071777
0 0.523379 0.166188 0.053769 0.071942
0 0.812372 0.968508 0.052355 0.060313
0 0.937688 0.968533 0.052714 0.060161
0 0.502080 0.445365 0.047287 0.069300
0 0.029721 0.040334 0.051493 0.080619
0 0.831419 0.904489 0.053167 0.076918
0 0.276635 0.042290 0.049998 0.083870
0 0.066088 0.096088 0.044278 0.083196
0 0.121346 0.973767 0.044453 0.049398
0 0.373219 0.138254 0.044317 0.076472
0 0.150865 0.042050 0.048514 0.080134
0 0.308113 0.133194 0.052604 0.077848
0 0.025555 0.241324 0.051109 0.080707
0 0.029759 0.430947 0.049559 0.079080
0 0.871996 0.027855 0.050377 0.055711
0 0.311077 0.965070 0.054310 0.066790
0 0.472556 0.168626 0.043708 0.079021
0 0.041635 0.169141 0.051680 0.077618
0 0.501974 0.093750 0.055028 0.080867
0 0.666183 0.069298 0.047309 0.075283
0 0.300655 0.812084 0.039170 0.069404
0 0.962163 0.907402 0.059224 0.083974
0 0.370296 0.558346 0.049464 0.080105
0 0.122555 0.397071 0.052600 0.080553
0 0.803238 0.406247 0.051775 0.059364
0 0.776497 0.324841 0.046951 0.073689
0 0.700387 0.155364 0.056402 0.087277
0 0.978099 0.662832 0.042224 0.073620
0 0.246403 0.231760 0.046878 0.073232
0 0.409810 0.961018 0.050450 0.074597
0 0.976713 0.743874 0.044771 0.078347
0 0.629978 0.184346 0.047925 0.074735
0 0.226751 0.800209 0.052090 0.077194
0 0.063299 0.921621 0.050432 0.077467
0 0.528218 0.960103 0.054570 0.075931
0 0.865812 0.536086 0.054468 0.067472
0 0.423229 0.161537 0.050266 0.088197
0 0.082284 0.439553 0.045888 0.077044
0 0.197924 0.461653 0.048148 0.077273
0 0.691282 0.956527 0.052090 0.080546
0 0.655610 0.587955 0.049095 0.068277
0 0.812486 0.188826 0.047853 0.081766
0 0.179011 0.695587 0.049263 0.082842
0 0.562054 0.846748 0.049225 0.073364
0 0.978525 0.462241 0.041583 0.068900
0 0.602382 0.082634 0.050340 0.076525
0 0.731135 0.556626 0.044763 0.071288
0 0.887097 0.190125 0.054576 0.075819
0 0.449039 0.873837 0.045920 0.069441
0 0.039060 0.841386 0.044923 0.076605
0 0.256427 0.305460 0.044013 0.068090
0 0.099422 0.210792 0.048431 0.070504
0 0.773633 0.059214 0.044306 0.072537
0 0.847596 0.474062 0.047535 0.071163
0 0.723698 0.080555 0.050037 0.074728
0 0.920780 0.625322 0.044131 0.071719
0 0.399367 0.663438 0.044690 0.071595
0 0.523199 0.373810 0.049685 0.078115
0 0.669011 0.236615 0.053443 0.082342
0 0.827203 0.061185 0.050948 0.078173
0 0.589323 0.244841 0.051484 0.076027
0 0.852852 0.132058 0.050903 0.081281
0 0.202957 0.141414 0.050411 0.084644
0 0.899257 0.364972 0.050904 0.078936
0 0.639547 0.838000 0.048638 0.073008
0 0.342154 0.240772 0.051543 0.082803
0 0.662348 0.396647 0.048688 0.077072
0 0.357014 0.480259 0.050675 0.076375
0 0.505023 0.251351 0.050616 0.079606
0 0.465684 0.347002 0.050189 0.078053
0 0.418023 0.580420 0.047913 0.073924
0 0.442231 0.458190 0.047378 0.075765
0 0.712174 0.368021 0.051596 0.081023
0 0.800790 0.841732 0.058581 0.080627
0 0.889122 0.682887 0.048760 0.069697
0 0.676937 0.521386 0.049540 0.075858
0 0.291198 0.409581 0.047753 0.076454
0 0.291284 0.639985 0.050455 0.081125
0 0.364633 0.332913 0.049651 0.069565
0 0.788311 0.761074 0.052754 0.081023
0 0.286028 0.897963 0.049976 0.075862
0 0.738424 0.436345 0.048407 0.079319
0 0.169993 0.519704 0.049026 0.072867
0 0.346073 0.852902 0.049690 0.079194
0 0.533946 0.779292 0.049704 0.076058
0 0.234600 0.544941 0.048656 0.073582
0 0.873738 0.607604 0.045659 0.070802
0 0.560785 0.426961 0.055658 0.088512
0 0.123508 0.884099 0.053188 0.081084
0 0.658713 0.764263 0.053767 0.081263
0 0.236944 0.418285 0.047857 0.076971
0 0.505104 0.884556 0.055749 0.078371
0 0.557308 0.525085 0.044033 0.073812
0 0.752874 0.253107 0.052277 0.074920
0 0.947471 0.064833 0.056894 0.085494
0 0.687887 0.858655 0.045059 0.080121
0 0.327479 0.592853 0.045152 0.075078
0 0.930062 0.303819 0.048813 0.075659
0 0.762223 0.640535 0.050259 0.076148
0 0.089696 0.299741 0.048527 0.081690
0 0.802490 0.505609 0.048280 0.075022
0 0.893878 0.444784 0.050824 0.077622
0 0.899662 0.759389 0.050987 0.079748
0 0.735575 0.702778 0.050994 0.074478
0 0.564283 0.318540 0.054186 0.084182
0 0.856159 0.263884 0.054736 0.085203
0 0.822087 0.700889 0.051177 0.080490
0 0.485257 0.711792 0.049258 0.075440
0 0.928120 0.839719 0.053137 0.076327
0 0.801625 0.585931 0.049940 0.073508
0 0.627276 0.321696 0.052422 0.083698
0 0.441805 0.760749 0.053983 0.085537
0 0.485811 0.629848 0.054056 0.066813
0 0.939216 0.220929 0.053207 0.083024
0 0.736866 0.856591 0.045962 0.074942
0 0.349500 0.673991 0.049563 0.074024
0 0.453646 0.530131 0.049439 0.072035
0 0.877198 0.864351 0.050896 0.074544
0 0.152544 0.181303 0.057017 0.091876
0 0.598059 0.639955 0.049088 0.076497
0 0.068530 0.577301 0.049789 0.072233
0 0.623228 0.475117 0.048622 0.078184
0 0.560033 0.701207 0.056468 0.083732
0 0.125366 0.697579 0.051520 0.071910
0 0.104495 0.513899 0.051040 0.076008
0 0.213508 0.907731 0.051141 0.090019
0 0.943800 0.542572 0.051525 0.085973
0 0.076880 0.675175 0.049098 0.084115
0 0.508335 0.522342 0.049239 0.080968
0 0.682498 0.650672 0.057354 0.073417
0 0.330395 0.750674 0.053627 0.082766
0 0.156880 0.294238 0.053148 0.086486
0 0.233406 0.670706 0.055812 0.077390
0 0.159403 0.814813 0.049820 0.083721
1 0.258237 0.165077 0.058491 0.046484
1 0.766720 0.181764 0.039774 0.077473
1 0.390037 0.893921 0.058491 0.083433
2 0.120197 0.747318 0.021057 0.033373
2 0.682492 0.703814 0.021057 0.027414
2 0.759311 0.819428 0.015598 0.022646