0 0.004167 0.427829 0.008334 0.067022
0 0.004452 0.655698 0.008905 0.067180
0 0.947506 0.988325 0.046119 0.020744
0 0.008869 0.520261 0.017738 0.067866
0 0.867817 0.985938 0.052325 0.025471
0 0.638792 0.987519 0.050413 0.022175
0 0.163216 0.009825 0.047195 0.019649
0 0.843378 0.015054 0.054885 0.030108
0 0.520041 0.980975 0.049783 0.035427
0 0.230009 0.963644 0.047172 0.069944
0 0.067935 0.019340 0.047415 0.038681
0 0.024738 0.048756 0.049474 0.089180
0 0.814213 0.428071 0.049384 0.067728
0 0.898715 0.933732 0.048365 0.083822
0 0.980384 0.036356 0.037779 0.072711
0 0.275150 0.933463 0.047993 0.078940
0 0.103807 0.960428 0.052101 0.071219
0 0.652979 0.036090 0.045523 0.071580
0 0.292388 0.850094 0.047789 0.074491
0 0.062845 0.855556 0.051126 0.078317
0 0.391298 0.957688 0.054450 0.081360
0 0.732660 0.752902 0.050492 0.082173
0 0.653804 0.821639 0.055938 0.080992
0 0.662018 0.928094 0.053068 0.090166
0 0.156060 0.659121 0.046821 0.072150
0 0.752316 0.942444 0.052472 0.082896
0 0.050028 0.703627 0.048547 0.082168
0 0.907271 0.766253 0.053235 0.082334
0 0.214498 0.680755 0.049103 0.071096
0 0.291213 0.764021 0.048787 0.080003
0 0.385421 0.243685 0.048561 0.076535
0 0.845200 0.849274 0.049018 0.083264
0 0.780113 0.641405 0.050478 0.086732
0 0.741887 0.263608 0.044594 0.072837
0 0.459220 0.816128 0.051899 0.092770
0 0.032189 0.146148 0.049553 0.079712
0 0.832841 0.747671 0.053011 0.082055
0 0.742477 0.847087 0.053753 0.086730
0 0.782532 0.328969 0.050965 0.085868
0 0.691671 0.687879 0.053131 0.082224
0 0.925732 0.855019 0.053861 0.080436
0 0.425103 0.744399 0.055835 0.081977
0 0.607185 0.760193 0.048684 0.083281
0 0.068861 0.608002 0.060412 0.072151
0 0.027263 0.239478 0.053597 0.083547
0 0.187376 0.184230 0.050916 0.080095
0 0.697890 0.445259 0.056251 0.084349
0 0.727831 0.605074 0.057141 0.087938
0 0.964341 0.704429 0.049130 0.084229
0 0.736213 0.379546 0.054711 0.081365
0 0.367843 0.602395 0.051911 0.079805
0 0.978447 0.392709 0.041671 0.089183
0 0.358009 0.461587 0.047189 0.084389
0 0.092783 0.504145 0.055743 0.092632
0 0.202175 0.592471 0.050784 0.076077
0 0.865699 0.454965 0.051930 0.082000
0 0.217348 0.422960 0.051768 0.089518
0 0.428884 0.373099 0.054615 0.082766
0 0.679578 0.532665 0.055599 0.083027
0 0.482112 0.441122 0.057058 0.088416
0 0.893722 0.583004 0.054417 0.080000
0 0.234025 0.326985 0.046031 0.089098
0 0.730371 0.177440 0.056373 0.083972
0 0.433508 0.285366 0.051924 0.077894
0 0.172039 0.518614 0.052018 0.082120
0 0.101287 0.161665 0.054246 0.075175
0 0.812682 0.165224 0.051948 0.088418
0 0.507999 0.261965 0.057702 0.093033
0 0.630872 0.134400 0.053125 0.089843
0 0.083785 0.269971 0.051716 0.082886
0 0.381186 0.148778 0.050080 0.092423
0 0.269162 0.177981 0.057002 0.092945
0 0.936737 0.184357 0.047220 0.082601
1 0.796745 0.539928 0.059271 0.085816
2 0.129166 0.710965 0.029636 0.046484
2 0.169720 0.735399 0.026516 0.042908
2 0.264476 0.029201 0.021057 0.032181
2 0.301520 0.013111 0.029636 0.026222
2 0.375999 0.078665 0.021057 0.038141
2 0.381848 0.747318 0.017157 0.030989
2 0.973388 0.088796 0.017937 0.032181