0 0.997105 0.029983 0.005568 0.059149
0 0.919269 0.003063 0.032321 0.005960
0 0.517395 0.002756 0.044737 0.005479
0 0.858472 0.004474 0.046122 0.008936
0 0.354993 0.993814 0.041831 0.011061
0 0.931295 0.944323 0.048970 0.075269
0 0.180847 0.979056 0.053076 0.040269
0 0.896388 0.959067 0.052380 0.079281
0 0.631915 0.012477 0.044179 0.024899
0 0.007847 0.291672 0.015694 0.074184
0 0.994269 0.128317 0.010607 0.068419
0 0.164223 0.941618 0.052744 0.085002
0 0.009252 0.196250 0.018477 0.068346
0 0.051366 0.908615 0.069668 0.109472
0 0.664033 0.025370 0.042992 0.050741
0 0.990275 0.773897 0.018004 0.066740
0 0.042600 0.981019 0.057185 0.035401
0 0.712214 0.982585 0.058587 0.032318
0 0.487082 0.984436 0.046319 0.028412
0 0.983395 0.855349 0.031560 0.072203
0 0.303035 0.880952 0.052031 0.080256
0 0.792601 0.019175 0.057571 0.038351
0 0.322563 0.307483 0.050739 0.076937
0 0.955962 0.016523 0.049043 0.033045
0 0.313527 0.379731 0.049796 0.085168
0 0.733594 0.926921 0.048849 0.076822
0 0.018534 0.796592 0.037069 0.078801
0 0.083828 0.014690 0.048260 0.029380
0 0.827188 0.944393 0.050430 0.082201
0 0.575943 0.965859 0.046516 0.066202
0 0.475605 0.498483 0.048439 0.075886
0 0.794375 0.850073 0.050001 0.085075
0 0.206114 0.893394 0.047293 0.080414
0 0.250720 0.955653 0.053455 0.080011
0 0.872996 0.838521 0.048286 0.074602
0 0.473444 0.742080 0.050228 0.079345
0 0.562862 0.026024 0.051103 0.052049
0 0.907868 0.750004 0.044570 0.072470
0 0.214745 0.384797 0.048815 0.078183
0 0.840514 0.760016 0.058273 0.087112
0 0.154833 0.417791 0.052047 0.088857
0 0.947057 0.803003 0.049187 0.087326
0 0.267723 0.826080 0.054533 0.079523
0 0.414377 0.022710 0.056375 0.045420
0 0.234233 0.667443 0.045323 0.071603
0 0.510596 0.579147 0.054175 0.079299
0 0.294487 0.210418 0.051751 0.077502
0 0.499140 0.822336 0.055073 0.077103
0 0.500999 0.431201 0.051452 0.079444
0 0.245417 0.033398 0.052048 0.066740
0 0.483090 0.910702 0.054931 0.082467
0 0.316961 0.031334 0.052073 0.062668
0 0.852100 0.635883 0.055047 0.086061
0 0.033298 0.490916 0.052176 0.083956
0 0.652046 0.566640 0.050795 0.087018
0 0.626409 0.901965 0.057416 0.079407
0 0.203096 0.475418 0.044916 0.083956
0 0.251733 0.744392 0.054195 0.073822
0 0.592042 0.823404 0.046624 0.072509
0 0.201811 0.233822 0.053611 0.081112
0 0.700924 0.174774 0.051153 0.081362
0 0.667039 0.102384 0.053757 0.070176
0 0.518676 0.672068 0.057627 0.083212
0 0.073581 0.818902 0.050298 0.071837
0 0.179229 0.658551 0.048092 0.085012
0 0.901010 0.577678 0.050246 0.079607
0 0.164432 0.321773 0.054523 0.071885
0 0.208678 0.573465 0.053649 0.084832
0 0.866964 0.049430 0.055914 0.088197
0 0.456064 0.348727 0.055351 0.083975
0 0.130860 0.071824 0.045647 0.075211
0 0.733865 0.556237 0.050026 0.087737
0 0.445061 0.562817 0.046673 0.084694
0 0.070317 0.375272 0.052936 0.083458
0 0.156675 0.532040 0.051288 0.083490
0 0.371880 0.702723 0.051254 0.082182
0 0.354402 0.919811 0.054638 0.083155
0 0.029072 0.610726 0.055811 0.081105
0 0.067314 0.098692 0.054530 0.085192
0 0.327219 0.649226 0.054279 0.079282
0 0.792847 0.524676 0.051060 0.080378
0 0.492395 0.194287 0.044943 0.068449
0 0.346816 0.798005 0.048655 0.082239
0 0.636863 0.216208 0.050762 0.073944
0 0.422330 0.650728 0.051419 0.086867
0 0.272599 0.597748 0.052831 0.076941
0 0.575766 0.700054 0.050108 0.088037
0 0.605273 0.466410 0.050778 0.081889
0 0.681601 0.410386 0.046243 0.082243
0 0.242286 0.303112 0.055310 0.079055
0 0.691718 0.732641 0.055844 0.088954
0 0.128584 0.745818 0.050076 0.075701
0 0.396361 0.321561 0.044672 0.073437
0 0.283883 0.465668 0.051829 0.082897
0 0.496969 0.284798 0.052306 0.087137
0 0.750418 0.375656 0.051813 0.082738
0 0.466613 0.123084 0.054085 0.071119
0 0.858989 0.301757 0.048900 0.073070
0 0.866549 0.219357 0.050084 0.075043
0 0.919784 0.181989 0.047160 0.077280
0 0.945785 0.484911 0.050811 0.080645
0 0.383161 0.102466 0.050902 0.080203
0 0.362542 0.245799 0.054223 0.081127
0 0.842290 0.408500 0.053777 0.085265
0 0.610856 0.311397 0.054555 0.081685
0 0.562792 0.127170 0.050712 0.074983
0 0.746006 0.111951 0.060876 0.093352
1 0.170500 0.148987 0.042114 0.088200
2 0.324916 0.568534 0.028076 0.047676
2 0.634140 0.745530 0.022617 0.039333
2 0.754631 0.867700 0.031195 0.047676
2 0.802594 0.594756 0.027296 0.035757
2 0.795575 0.182360 0.033535 0.054827
2 0.309319 0.139452 0.037434 0.057211