0 0.996471 0.788090 0.006191 0.051472
0 0.684948 0.995926 0.035981 0.006829
0 0.310636 0.002756 0.042106 0.005512
0 0.002847 0.402949 0.005694 0.056622
0 0.002577 0.124774 0.005155 0.044762
0 0.003111 0.932836 0.006223 0.054163
0 0.996039 0.661444 0.006731 0.060816
0 0.003347 0.252348 0.006695 0.057824
0 0.003642 0.554429 0.007283 0.055735
0 0.004181 0.799426 0.008324 0.061116
0 0.928461 0.870553 0.044474 0.072240
0 0.992572 0.977614 0.013225 0.042188
0 0.544087 0.168011 0.075675 0.076521
0 0.992853 0.183549 0.012764 0.075193
0 0.955434 0.841633 0.046270 0.066891
0 0.120341 0.007850 0.042509 0.015700
0 0.461824 0.523322 0.051245 0.081245
0 0.239685 0.989543 0.043092 0.018561
0 0.011766 0.674797 0.023531 0.075562
0 0.544790 0.825797 0.044861 0.075719
0 0.432847 0.483040 0.057761 0.078868
0 0.590169 0.892581 0.046857 0.060809
0 0.510847 0.871986 0.045582 0.074455
0 0.093493 0.719320 0.046408 0.065154
0 0.986375 0.579559 0.025288 0.070730
0 0.457155 0.788201 0.051644 0.078905
0 0.093186 0.657771 0.054958 0.075172
0 0.875540 0.979419 0.056164 0.038296
0 0.422097 0.769533 0.052734 0.069417
0 0.986544 0.331631 0.024920 0.073766
0 0.704389 0.366894 0.054891 0.075029
0 0.634226 0.020507 0.047660 0.040962
0 0.769332 0.021972 0.051863 0.043943
0 0.743573 0.418316 0.052629 0.081682
0 0.061355 0.938076 0.051625 0.075466
0 0.978964 0.733803 0.040272 0.067115
0 0.334423 0.745667 0.048561 0.075101
0 0.030492 0.745159 0.047746 0.076800
0 0.478298 0.951766 0.045737 0.066236
0 0.292396 0.960205 0.047143 0.072808
0 0.558784 0.965979 0.049260 0.064810
0 0.169048 0.886090 0.045711 0.075704
0 0.641977 0.924692 0.051520 0.081712
0 0.691653 0.456444 0.049094 0.074254
0 0.313936 0.820933 0.055911 0.070351
0 0.054479 0.819495 0.045163 0.068527
0 0.457675 0.880101 0.046350 0.075441
0 0.143359 0.967771 0.048414 0.061367
0 0.109277 0.886289 0.047294 0.080390
0 0.152686 0.808809 0.054073 0.067142
0 0.422574 0.592310 0.048660 0.071972
0 0.023518 0.185900 0.047036 0.077928
0 0.898915 0.916768 0.054872 0.079282
0 0.423274 0.684907 0.048606 0.072058
0 0.208780 0.694294 0.052517 0.078023
0 0.146417 0.728010 0.044304 0.072166
0 0.243614 0.901273 0.050819 0.082143
0 0.388319 0.026107 0.044748 0.052125
0 0.386623 0.849998 0.050081 0.079687
0 0.623143 0.819908 0.070592 0.106669
0 0.547067 0.028028 0.055822 0.056054
0 0.570427 0.745996 0.051898 0.076910
0 0.208596 0.182679 0.048266 0.068763
0 0.820600 0.929914 0.049865 0.070512
0 0.632373 0.325748 0.064909 0.066956
0 0.280710 0.720206 0.051269 0.080516
0 0.498724 0.579277 0.049239 0.073858
0 0.888695 0.719418 0.051481 0.082509
0 0.236763 0.810925 0.058258 0.072819
0 0.066413 0.072084 0.051914 0.083073
0 0.368115 0.679302 0.047378 0.074401
0 0.956388 0.657224 0.051012 0.075652
0 0.596259 0.233839 0.059795 0.064820
0 0.904302 0.365304 0.047536 0.066256
0 0.975413 0.435771 0.047122 0.073404
0 0.263745 0.538908 0.051051 0.079304
0 0.074724 0.218351 0.047704 0.064388
0 0.418553 0.095824 0.049362 0.078765
0 0.853435 0.790119 0.049139 0.074108
0 0.708473 0.942129 0.054408 0.081220
0 0.265953 0.622488 0.061404 0.069618
0 0.686649 0.541931 0.050965 0.071894
0 0.687826 0.771077 0.052234 0.075972
0 0.830803 0.104471 0.055616 0.068548
0 0.756279 0.147238 0.047488 0.076661
0 0.938818 0.488193 0.057143 0.073031
0 0.957864 0.044536 0.053071 0.076178
0 0.704803 0.107034 0.046687 0.077157
0 0.917455 0.292932 0.053145 0.067052
0 0.186088 0.108720 0.048604 0.074491
0 0.161729 0.628589 0.051228 0.074093
0 0.637140 0.646802 0.054409 0.084971
0 0.397827 0.335012 0.048245 0.069309
0 0.803321 0.717282 0.051426 0.081654
0 0.754353 0.821258 0.053172 0.067437
0 0.304201 0.063626 0.052813 0.080211
0 0.805684 0.195271 0.047936 0.071790
0 0.131561 0.111226 0.048771 0.078974
0 0.652135 0.201954 0.050354 0.075377
0 0.738348 0.248277 0.049488 0.071797
0 0.603053 0.400336 0.055877 0.072099
0 0.857818 0.410073 0.055036 0.072458
0 0.834151 0.598343 0.051534 0.080306
0 0.858300 0.493534 0.051012 0.075855
0 0.063723 0.468734 0.051214 0.072180
0 0.460081 0.157910 0.057581 0.081362
0 0.253227 0.133939 0.051869 0.083057
0 0.604891 0.118878 0.059076 0.073310
0 0.090613 0.292389 0.052482 0.066936
0 0.538345 0.314351 0.048507 0.068012
0 0.065586 0.375882 0.054522 0.086127
0 0.878711 0.228415 0.049368 0.077844
0 0.481117 0.376965 0.055428 0.077163
0 0.946530 0.221550 0.051929 0.074491
0 0.197408 0.264889 0.057460 0.081320
0 0.303722 0.269267 0.051494 0.066628
0 0.315041 0.191555 0.052982 0.078176
0 0.448719 0.280396 0.047162 0.077900
0 0.275423 0.384422 0.046028 0.072370
0 0.225858 0.400374 0.046275 0.078881
0 0.189586 0.511246 0.049942 0.081120
0 0.345329 0.568326 0.057088 0.085732
0 0.563918 0.566880 0.048391 0.088279
0 0.903165 0.136028 0.058794 0.086722
0 0.131794 0.395138 0.056287 0.089941
1 0.384188 0.423719 0.065510 0.041716
1 0.690291 0.266985 0.033535 0.102503
2 0.436440 0.216925 0.035875 0.050060
2 0.068725 0.875447 0.028856 0.041716
2 0.324137 0.876043 0.029636 0.038141