0 0.704148 0.678884 0.054216 0.078721
0 0.004114 0.352227 0.008228 0.053621
0 0.544430 0.681730 0.051529 0.069256
0 0.540147 0.743012 0.052032 0.076033
0 0.631860 0.006433 0.042820 0.012866
0 0.007888 0.446774 0.015736 0.059959
0 0.006898 0.774933 0.013759 0.068942
0 0.945312 0.991019 0.042184 0.015428
0 0.012747 0.134413 0.025495 0.067523
0 0.135720 0.008367 0.047174 0.016733
0 0.599874 0.761574 0.046752 0.069785
0 0.626124 0.801855 0.052079 0.079084
0 0.928550 0.879532 0.047775 0.085687
0 0.881861 0.983957 0.053655 0.029091
0 0.951702 0.935072 0.052291 0.074880
0 0.861544 0.010415 0.046794 0.020830
0 0.031408 0.188824 0.053503 0.063840
0 0.309307 0.983869 0.054976 0.029307
0 0.209738 0.984132 0.049575 0.029030
0 0.549685 0.392985 0.048314 0.077801
0 0.338983 0.407189 0.050618 0.084718
0 0.356126 0.867831 0.047778 0.073838
0 0.429336 0.978850 0.044668 0.039177
0 0.593828 0.881994 0.046969 0.071054
0 0.708664 0.979450 0.044468 0.038138
0 0.091538 0.977866 0.053647 0.041208
0 0.484920 0.530332 0.072220 0.107897
0 0.683910 0.769482 0.052972 0.083819
0 0.316128 0.876872 0.049890 0.072685
0 0.601007 0.963184 0.051944 0.070025
0 0.853819 0.938867 0.049463 0.072130
0 0.811076 0.891928 0.046012 0.082235
0 0.529135 0.317650 0.048766 0.082990
0 0.375688 0.355365 0.048116 0.085630
0 0.697099 0.420829 0.044929 0.064222
0 0.516736 0.887776 0.049230 0.079988
0 0.339926 0.652227 0.046979 0.070704
0 0.773328 0.848028 0.037045 0.069274
0 0.725359 0.017657 0.056646 0.035314
0 0.063806 0.017715 0.048201 0.035431
0 0.616835 0.313661 0.049312 0.079650
0 0.556784 0.488110 0.053172 0.077312
0 0.025686 0.899955 0.051370 0.083931
0 0.808432 0.789647 0.049060 0.070592
0 0.417454 0.425961 0.051668 0.073784
0 0.346937 0.750483 0.057041 0.092165
0 0.034772 0.401351 0.056239 0.074150
0 0.974491 0.800656 0.049358 0.080126
0 0.099765 0.800076 0.053511 0.076860
0 0.372750 0.950085 0.047634 0.078660
0 0.485556 0.649989 0.055939 0.079471
0 0.859936 0.850602 0.043067 0.063609
0 0.135256 0.747465 0.045243 0.069417
0 0.029116 0.062808 0.052450 0.075095
0 0.732994 0.789364 0.045817 0.073545
0 0.134400 0.329439 0.049187 0.071366
0 0.673271 0.612225 0.048479 0.063552
0 0.659759 0.360815 0.053843 0.076411
0 0.930517 0.021730 0.052392 0.043460
0 0.727815 0.878455 0.048101 0.075200
0 0.475833 0.952844 0.051468 0.076650
0 0.393367 0.506339 0.055987 0.088333
0 0.658602 0.934119 0.053571 0.086553
0 0.162427 0.264199 0.049331 0.076912
0 0.370611 0.021692 0.051915 0.043381
0 0.387150 0.693451 0.048249 0.075548
0 0.830323 0.456102 0.047663 0.066679
0 0.582985 0.624448 0.051498 0.076524
0 0.470671 0.793748 0.052351 0.081224
0 0.751358 0.582989 0.049317 0.067947
0 0.793352 0.707253 0.047067 0.082258
0 0.146997 0.411484 0.043760 0.084451
0 0.573763 0.262634 0.046943 0.077252
0 0.453859 0.044324 0.049518 0.088195
0 0.159092 0.916630 0.051154 0.078629
0 0.055429 0.325587 0.057153 0.068933
0 0.100742 0.885525 0.050021 0.071275
0 0.978597 0.474956 0.041084 0.083962
0 0.041279 0.718979 0.056297 0.084340
0 0.256395 0.893181 0.052504 0.080576
0 0.071133 0.241913 0.047019 0.075355
0 0.281416 0.640067 0.048564 0.071764
0 0.252815 0.290729 0.048182 0.073707
0 0.728235 0.511101 0.053747 0.072269
0 0.409922 0.835512 0.054983 0.085172
0 0.122977 0.658584 0.053448 0.081952
0 0.198914 0.031256 0.057921 0.062512
0 0.511873 0.038037 0.044653 0.076075
0 0.921294 0.289358 0.046822 0.071185
0 0.873647 0.772297 0.048960 0.075480
0 0.232957 0.558590 0.046962 0.074395
0 0.231646 0.687460 0.055862 0.074569
0 0.421646 0.251110 0.055868 0.076596
0 0.821036 0.289285 0.046154 0.074811
0 0.137915 0.090901 0.052163 0.076280
0 0.965177 0.623909 0.049587 0.075807
0 0.202343 0.810427 0.052661 0.072774
0 0.313129 0.325371 0.050959 0.071781
0 0.738417 0.081189 0.050171 0.075716
0 0.082580 0.445827 0.049931 0.076180
0 0.193293 0.361329 0.049168 0.074396
0 0.944243 0.544418 0.052970 0.076939
0 0.128773 0.528195 0.043694 0.085266
0 0.389514 0.181474 0.045946 0.079034
0 0.210457 0.125793 0.043189 0.064685
0 0.678083 0.062196 0.055279 0.083466
0 0.878229 0.067056 0.048687 0.069930
0 0.038010 0.601832 0.048709 0.073614
0 0.115029 0.181848 0.055904 0.085529
0 0.553366 0.091105 0.046458 0.080485
0 0.589702 0.156819 0.056738 0.079072
0 0.289214 0.534641 0.054285 0.079534
0 0.682294 0.239866 0.051378 0.079691
0 0.839101 0.539143 0.047155 0.075952
0 0.228691 0.207724 0.053620 0.087312
0 0.182854 0.515668 0.050037 0.083757
0 0.295001 0.235061 0.048913 0.067556
0 0.848383 0.382636 0.050407 0.070982
0 0.739401 0.226446 0.049950 0.078135
0 0.847525 0.213811 0.051429 0.077767
0 0.738581 0.337091 0.049325 0.075502
0 0.413446 0.103884 0.052476 0.072469
0 0.308798 0.068752 0.045882 0.071726
0 0.479660 0.220310 0.050708 0.073872
0 0.938236 0.095382 0.042994 0.079151
0 0.901340 0.181055 0.050411 0.077850
0 0.259451 0.096689 0.047249 0.073719
0 0.780178 0.129139 0.055252 0.076996
0 0.968523 0.249562 0.049024 0.074656
1 0.261746 0.396901 0.060831 0.066746
1 0.169720 0.754470 0.023396 0.042908
1 0.558491 0.828963 0.047573 0.051251
2 0.439559 0.604887 0.038994 0.063170
2 0.581498 0.430274 0.032755 0.047676
2 0.410704 0.306317 0.023396 0.030989
2 0.479333 0.458880 0.021837 0.033373
2 0.921526 0.777712 0.021837 0.039333
2 0.769059 0.657330 0.038214 0.053635