0 0.479701 0.683183 0.035948 0.070276
0 0.944116 0.691231 0.046448 0.076985
0 0.574927 0.814614 0.049352 0.062144
0 0.441804 0.684762 0.053655 0.079057
0 0.573183 0.873594 0.045668 0.072122
0 0.516062 0.733773 0.045788 0.070361
0 0.560650 0.735491 0.049154 0.076176
0 0.924004 0.728183 0.054697 0.083423
0 0.006031 0.270809 0.012062 0.066695
0 0.005106 0.750234 0.010212 0.061149
0 0.023541 0.005968 0.035665 0.011937
0 0.770091 0.259421 0.050706 0.060512
0 0.211533 0.786623 0.082368 0.069672
0 0.758717 0.205359 0.058725 0.073940
0 0.007392 0.476157 0.014783 0.069884
0 0.486919 0.922441 0.051496 0.083985
0 0.989197 0.738871 0.019839 0.070570
0 0.128147 0.011715 0.037622 0.023430
0 0.470172 0.970139 0.050063 0.056508
0 0.957569 0.008949 0.049423 0.017897
0 0.415201 0.986243 0.048009 0.024390
0 0.900947 0.555478 0.050491 0.075743
0 0.634936 0.980691 0.047088 0.035501
0 0.989025 0.292870 0.020018 0.079688
0 0.613383 0.108863 0.046408 0.073995
0 0.326156 0.980131 0.057538 0.036484
0 0.777333 0.014693 0.047125 0.029367
0 0.653109 0.831621 0.063580 0.098024
0 0.595420 0.175965 0.054108 0.080073
0 0.934962 0.524835 0.051800 0.078833
0 0.180522 0.011628 0.046791 0.023255
0 0.695126 0.965436 0.051235 0.065721
0 0.389071 0.448349 0.052280 0.075669
0 0.348218 0.473958 0.056673 0.074000
0 0.557559 0.958732 0.052194 0.079146
0 0.979245 0.906892 0.039565 0.071846
0 0.760502 0.592213 0.048950 0.090049
0 0.930935 0.965135 0.048437 0.066758
0 0.974069 0.813913 0.044829 0.066168
0 0.288777 0.853908 0.044062 0.064459
0 0.813200 0.578497 0.057916 0.082719
0 0.090660 0.026970 0.049967 0.053939
0 0.018885 0.635747 0.037742 0.076801
0 0.483129 0.182137 0.052674 0.078061
0 0.411353 0.567305 0.047197 0.074351
0 0.021406 0.089746 0.042811 0.067775
0 0.798183 0.666425 0.049813 0.078276
0 0.221117 0.930036 0.055315 0.074730
0 0.238001 0.857588 0.056061 0.072049
0 0.039903 0.225994 0.047075 0.066983
0 0.382342 0.738734 0.046937 0.074911
0 0.877798 0.933950 0.055536 0.082561
0 0.792731 0.416572 0.045536 0.067874
0 0.966177 0.599510 0.049571 0.078667
0 0.577470 0.031690 0.055113 0.063380
0 0.817571 0.896665 0.055434 0.073181
0 0.165363 0.894879 0.052096 0.085864
0 0.358839 0.915410 0.053214 0.080943
0 0.671932 0.243268 0.048459 0.068143
0 0.632425 0.680218 0.047071 0.087495
0 0.445601 0.127220 0.049409 0.079214
0 0.847175 0.787136 0.051631 0.081110
0 0.814980 0.055311 0.059260 0.071731
0 0.813392 0.490291 0.052366 0.072654
0 0.718430 0.668681 0.044458 0.074044
0 0.899093 0.090546 0.050150 0.090640
0 0.667997 0.144941 0.053379 0.076895
0 0.419400 0.806866 0.053872 0.087025
0 0.080921 0.887433 0.050482 0.075712
0 0.037733 0.721964 0.049818 0.076032
0 0.784640 0.335986 0.055582 0.074819
0 0.731435 0.477510 0.043435 0.081051
0 0.126473 0.753147 0.046367 0.080177
0 0.695193 0.315920 0.050207 0.077760
0 0.747575 0.915086 0.052266 0.071001
0 0.752071 0.762897 0.059686 0.097396
0 0.162082 0.073528 0.046982 0.085946
0 0.702753 0.074758 0.048387 0.078966
0 0.334973 0.690018 0.045387 0.076594
0 0.901241 0.419988 0.053940 0.084748
0 0.714738 0.394180 0.051291 0.070666
0 0.269487 0.518160 0.055083 0.088787
0 0.060793 0.152060 0.048497 0.066696
0 0.903447 0.176611 0.049594 0.071103
0 0.062522 0.602307 0.042525 0.077400
0 0.180778 0.701359 0.045975 0.072212
0 0.510293 0.062347 0.051899 0.076757
0 0.129010 0.190770 0.049943 0.077049
0 0.850638 0.237313 0.045002 0.075359
0 0.415715 0.041201 0.048499 0.069916
0 0.956003 0.106133 0.054183 0.076065
0 0.313705 0.572800 0.057752 0.074004
0 0.682819 0.525676 0.054376 0.077233
0 0.044429 0.474342 0.046220 0.075251
0 0.183609 0.603963 0.048069 0.072843
0 0.538514 0.176174 0.046945 0.084346
0 0.103236 0.526273 0.050693 0.073424
0 0.300980 0.205168 0.052098 0.078784
0 0.615232 0.411943 0.050464 0.089299
0 0.589498 0.624379 0.049553 0.081775
0 0.061568 0.320659 0.046155 0.075056
0 0.225129 0.454965 0.054361 0.078725
0 0.315393 0.380020 0.049945 0.071928
0 0.548585 0.509614 0.046953 0.076424
0 0.369627 0.334525 0.048226 0.069584
0 0.122656 0.276105 0.050474 0.073852
0 0.383428 0.123013 0.049362 0.079099
0 0.195278 0.148728 0.051732 0.077558
0 0.494389 0.448564 0.052464 0.081177
0 0.356191 0.253178 0.050931 0.075147
0 0.247074 0.298351 0.053063 0.084204
0 0.495721 0.343669 0.052457 0.074770
0 0.142486 0.431135 0.053200 0.083361
0 0.430526 0.384982 0.049763 0.077702
1 0.248098 0.602503 0.060051 0.067938
1 0.441899 0.606079 0.056152 0.056019
1 0.340514 0.808701 0.053032 0.056019
1 0.518717 0.635876 0.053812 0.072706
1 0.636479 0.909416 0.039774 0.073897
2 0.599435 0.339094 0.034315 0.051251
2 0.917237 0.022646 0.035095 0.045292
2 0.166990 0.552443 0.022617 0.034565
2 0.292161 0.692491 0.026516 0.045292