0 0.490179 0.412444 0.041180 0.078275
0 0.456915 0.412397 0.044420 0.071947
0 0.662078 0.003001 0.037023 0.006001
0 0.441938 0.005761 0.038057 0.011465
0 0.010820 0.409371 0.021641 0.077085
0 0.019659 0.453503 0.039319 0.069772
0 0.601680 0.144854 0.046857 0.069957
0 0.994878 0.844976 0.008817 0.052552
0 0.578757 0.181761 0.051808 0.067003
0 0.994255 0.943322 0.009962 0.064067
0 0.674650 0.139411 0.051114 0.067721
0 0.140129 0.949638 0.069125 0.097830
0 0.008034 0.776391 0.016069 0.079732
0 0.790769 0.007976 0.043068 0.015952
0 0.589116 0.422516 0.048475 0.080335
0 0.602020 0.367968 0.046975 0.061651
0 0.092825 0.014071 0.049713 0.028143
0 0.067437 0.985195 0.054153 0.027200
0 0.313217 0.627355 0.048460 0.072669
0 0.349555 0.819765 0.047772 0.075366
0 0.332806 0.876219 0.051976 0.084856
0 0.782252 0.982365 0.053412 0.032474
0 0.554867 0.105827 0.047460 0.068678
0 0.476415 0.019273 0.046404 0.038546
0 0.722577 0.979684 0.051668 0.037551
0 0.017635 0.690875 0.035270 0.077866
0 0.560498 0.980955 0.054127 0.035091
0 0.290513 0.580964 0.049972 0.070534
0 0.026357 0.901527 0.052714 0.079310
0 0.130935 0.855039 0.049521 0.088526
0 0.021553 0.591127 0.043105 0.066523
0 0.463491 0.974823 0.053344 0.047263
0 0.687755 0.040638 0.048126 0.071844
0 0.983845 0.449087 0.030452 0.075651
0 0.133929 0.756079 0.045525 0.089142
0 0.117427 0.631383 0.051921 0.078468
0 0.121390 0.088067 0.047994 0.081121
0 0.087199 0.690315 0.052929 0.077968
0 0.060609 0.201431 0.058207 0.090850
0 0.885264 0.893654 0.052206 0.069112
0 0.734999 0.018681 0.046082 0.037362
0 0.041342 0.297697 0.043115 0.060501
0 0.057674 0.379029 0.052231 0.075748
0 0.914161 0.961892 0.052194 0.072996
0 0.314796 0.020664 0.051977 0.041315
0 0.296166 0.745532 0.050866 0.079851
0 0.533219 0.039791 0.051336 0.073504
0 0.294483 0.960629 0.050167 0.075851
0 0.529433 0.255973 0.045826 0.071768
0 0.975264 0.781439 0.047770 0.081577
0 0.347258 0.703427 0.052125 0.089838
0 0.747345 0.108462 0.054765 0.074118
0 0.776067 0.815682 0.064122 0.084600
0 0.161571 0.603695 0.048179 0.079618
0 0.098391 0.450079 0.051041 0.077430
0 0.068598 0.797140 0.055294 0.076149
0 0.974734 0.036448 0.048801 0.072896
0 0.969920 0.525785 0.050591 0.068266
0 0.859529 0.029440 0.047491 0.058880
0 0.469710 0.333083 0.053668 0.064388
0 0.939812 0.855822 0.056909 0.085753
0 0.976090 0.627134 0.045266 0.080169
0 0.560102 0.322141 0.048345 0.072922
0 0.110902 0.249031 0.046770 0.083015
0 0.848327 0.837287 0.052411 0.079485
0 0.664973 0.697080 0.052464 0.077708
0 0.674328 0.545590 0.051916 0.082548
0 0.826610 0.685649 0.059825 0.091410
0 0.218509 0.583802 0.055726 0.074745
0 0.344677 0.434225 0.052228 0.067535
0 0.509708 0.907081 0.052334 0.077089
0 0.630596 0.235753 0.055219 0.079295
0 0.205820 0.807067 0.052838 0.080481
0 0.236235 0.666561 0.054510 0.084523
0 0.275472 0.060271 0.054304 0.083234
0 0.477705 0.091950 0.046722 0.077601
0 0.607660 0.511465 0.052778 0.086053
0 0.456577 0.565585 0.049075 0.078251
0 0.640831 0.804501 0.051225 0.071433
0 0.547476 0.690033 0.055281 0.081578
0 0.203220 0.083980 0.054751 0.075251
0 0.698392 0.623120 0.064341 0.070404
0 0.798656 0.583070 0.050502 0.078256
0 0.922086 0.596180 0.054951 0.084275
0 0.168882 0.178272 0.048040 0.069371
0 0.866173 0.569521 0.048126 0.080525
0 0.703309 0.880297 0.050206 0.074297
0 0.297139 0.495992 0.051180 0.079599
0 0.571209 0.587812 0.053973 0.079034
0 0.711202 0.215355 0.060095 0.086304
0 0.341224 0.256628 0.045552 0.081807
0 0.509098 0.512755 0.053359 0.085580
0 0.133549 0.521033 0.046333 0.074496
0 0.840069 0.489179 0.047725 0.075670
0 0.559228 0.824655 0.058328 0.079857
0 0.382412 0.501241 0.053002 0.086411
0 0.427479 0.849237 0.052765 0.083510
0 0.312820 0.341611 0.046459 0.072660
0 0.610986 0.719941 0.051710 0.083774
0 0.733162 0.300255 0.045586 0.075727
0 0.929106 0.450608 0.053397 0.074024
0 0.439198 0.166350 0.049198 0.078284
0 0.794442 0.157862 0.048509 0.072076
0 0.710101 0.419504 0.050445 0.089137
0 0.737387 0.545761 0.054711 0.078441
0 0.269630 0.411570 0.055245 0.080839
0 0.810073 0.395873 0.046643 0.090554
0 0.359877 0.129808 0.045025 0.070080
0 0.946187 0.103033 0.042720 0.069115
0 0.394962 0.632555 0.060172 0.085737
0 0.832167 0.289181 0.049019 0.076781
0 0.847965 0.191280 0.051847 0.083787
0 0.398820 0.238682 0.056349 0.076429
0 0.960461 0.289366 0.055816 0.081361
0 0.889961 0.302055 0.048656 0.083923
0 0.206704 0.329281 0.056384 0.083908
1 0.645448 0.095948 0.048353 0.058403
1 0.371709 0.363528 0.049912 0.073897
1 0.408754 0.739571 0.041334 0.079857
1 0.818972 0.778308 0.044453 0.083433
1 0.974168 0.960072 0.028856 0.070322
3 0.051958 0.081645 0.102944 0.163290
3 0.157632 0.040524 0.085007 0.081049
2 0.266035 0.828963 0.022617 0.039333