0 0.978284 0.991060 0.041497 0.015523
0 0.589008 0.665116 0.057741 0.079889
0 0.889246 0.979809 0.036190 0.037558
0 0.307074 0.754365 0.045714 0.071226
0 0.856751 0.961796 0.051021 0.072821
0 0.274911 0.771867 0.049056 0.076850
0 0.551888 0.564034 0.052693 0.073092
0 0.995091 0.292123 0.008309 0.050066
0 0.639664 0.626149 0.047002 0.083823
0 0.538733 0.512820 0.049889 0.079705
0 0.861540 0.006010 0.038544 0.012020
0 0.987942 0.499344 0.022385 0.069098
0 0.121826 0.420231 0.047892 0.061281
0 0.956085 0.501820 0.048805 0.072987
0 0.010098 0.351362 0.020196 0.072058
0 0.988959 0.662212 0.020216 0.076374
0 0.119929 0.478820 0.050398 0.075354
0 0.271153 0.690235 0.042684 0.062664
0 0.504489 0.877915 0.037428 0.066495
0 0.297943 0.011872 0.047687 0.023744
0 0.018387 0.266333 0.036775 0.080426
0 0.525294 0.024648 0.050688 0.049213
0 0.902313 0.914567 0.054550 0.079727
0 0.987530 0.187476 0.023026 0.070106
0 0.506547 0.764910 0.049723 0.076055
0 0.975800 0.409893 0.046057 0.079248
0 0.927253 0.847063 0.048613 0.072666
0 0.542853 0.829007 0.051596 0.074412
0 0.819450 0.750497 0.050210 0.077808
0 0.025249 0.901652 0.050490 0.085699
0 0.019951 0.490593 0.039902 0.076527
0 0.656496 0.967175 0.051376 0.062412
0 0.796424 0.890921 0.049838 0.078623
0 0.517923 0.680492 0.052057 0.080068
0 0.677391 0.817720 0.051813 0.078028
0 0.736869 0.567328 0.053387 0.067724
0 0.072659 0.972001 0.055071 0.052766
0 0.203373 0.851838 0.050197 0.077611
0 0.114108 0.699257 0.043206 0.071000
0 0.865871 0.783944 0.050670 0.075201
0 0.250441 0.970370 0.052025 0.055884
0 0.919726 0.449651 0.052986 0.080102
0 0.028495 0.690975 0.051640 0.070908
0 0.253561 0.888369 0.049893 0.076789
0 0.593062 0.937146 0.051844 0.081978
0 0.052977 0.406634 0.050010 0.077057
0 0.024378 0.579355 0.048741 0.076655
0 0.071765 0.646543 0.048552 0.071968
0 0.186799 0.936512 0.056226 0.072548
0 0.178477 0.778990 0.053463 0.076979
0 0.448517 0.829994 0.050932 0.070873
0 0.450008 0.741307 0.049752 0.079248
0 0.700384 0.902051 0.051874 0.076821
0 0.439148 0.919723 0.047444 0.076940
0 0.062405 0.798723 0.047968 0.067691
0 0.320567 0.963256 0.054259 0.070117
0 0.101700 0.882575 0.048261 0.072135
0 0.232250 0.641612 0.045454 0.068396
0 0.097076 0.566605 0.045358 0.068544
0 0.789678 0.456564 0.047176 0.074303
0 0.308531 0.633121 0.046725 0.083754
0 0.434684 0.658745 0.051809 0.076719
0 0.457379 0.128450 0.049041 0.069268
0 0.210860 0.566692 0.048994 0.077406
0 0.286992 0.403651 0.046658 0.078224
0 0.405266 0.225681 0.045965 0.070058
0 0.479647 0.049418 0.055217 0.079519
0 0.159234 0.607196 0.052869 0.069721
0 0.863706 0.477457 0.047224 0.072195
0 0.385624 0.295498 0.044627 0.068300
0 0.732301 0.484899 0.053102 0.072720
0 0.912940 0.021278 0.044224 0.042555
0 0.166753 0.698142 0.044659 0.070254
0 0.591831 0.466052 0.051733 0.076589
0 0.276566 0.481648 0.048118 0.070867
0 0.754851 0.713187 0.053419 0.081676
0 0.377805 0.895500 0.052940 0.080180
0 0.475900 0.539590 0.053374 0.077016
0 0.332300 0.254007 0.044636 0.073062
0 0.425860 0.469048 0.049103 0.072633
0 0.328632 0.456930 0.044553 0.073808
0 0.831260 0.360995 0.053686 0.082520
0 0.269200 0.565429 0.048884 0.073477
0 0.383718 0.583290 0.050767 0.078663
0 0.181652 0.484684 0.047548 0.073860
0 0.085911 0.343631 0.050147 0.087624
0 0.952504 0.322646 0.041371 0.069010
0 0.175539 0.373648 0.049489 0.084253
0 0.102521 0.035164 0.048885 0.070329
0 0.145196 0.196657 0.042673 0.085053
0 0.410190 0.036711 0.045184 0.073422
0 0.710817 0.292639 0.046403 0.069428
0 0.340220 0.335468 0.049232 0.072900
0 0.668329 0.250335 0.049935 0.075565
0 0.834906 0.189670 0.049175 0.077755
0 0.739346 0.382502 0.048602 0.075375
0 0.761766 0.115698 0.044402 0.074819
0 0.559284 0.131051 0.055439 0.074976
0 0.343702 0.065334 0.048597 0.076044
0 0.385032 0.392834 0.054408 0.072789
0 0.647178 0.170909 0.049959 0.077891
0 0.224659 0.328843 0.053268 0.076985
0 0.189976 0.253529 0.051999 0.076256
0 0.119140 0.118550 0.045913 0.075756
0 0.823768 0.038713 0.048116 0.077177
0 0.870705 0.250567 0.050826 0.073758
0 0.478289 0.403594 0.049696 0.080827
0 0.925225 0.649027 0.048982 0.095713
0 0.780002 0.204355 0.051978 0.077467
0 0.288353 0.200753 0.045533 0.081634
0 0.064872 0.248555 0.049157 0.071403
0 0.043568 0.052958 0.051238 0.076644
0 0.600674 0.066591 0.056459 0.088249
0 0.233942 0.034066 0.052502 0.068133
0 0.720589 0.067655 0.045898 0.075012
0 0.876576 0.099191 0.051038 0.076651
0 0.481873 0.215062 0.067443 0.107731
0 0.357348 0.145435 0.050844 0.074293
0 0.969189 0.079399 0.050429 0.083292
0 0.922420 0.182081 0.049522 0.078400
0 0.202935 0.103456 0.054243 0.084650
0 0.559864 0.276409 0.054767 0.080536
1 0.084323 0.734803 0.039774 0.048868
1 0.775688 0.807509 0.040554 0.077473
1 0.855236 0.672229 0.062391 0.069130
1 0.902809 0.383790 0.038994 0.057211
1 0.575259 0.698451 0.045233 0.073897
1 0.678203 0.616806 0.045233 0.070322
2 0.394326 0.654350 0.021837 0.035757
2 0.049618 0.742551 0.018717 0.026222
2 0.960520 0.794398 0.029636 0.039333
2 0.435270 0.081049 0.017937 0.026222