0 0.123278 0.001531 0.031765 0.003035
0 0.470958 0.995520 0.037479 0.007285
0 0.917372 0.004041 0.024783 0.008082
0 0.287412 0.992996 0.031244 0.011441
0 0.005028 0.119099 0.010055 0.061415
0 0.975483 0.989673 0.042784 0.017857
0 0.600527 0.989767 0.035272 0.017613
0 0.986828 0.010371 0.024898 0.020708
0 0.993277 0.332184 0.011684 0.058031
0 0.992622 0.548147 0.013031 0.070667
0 0.082169 0.986024 0.044969 0.024833
0 0.014540 0.508153 0.029055 0.061107
0 0.338453 0.985277 0.047452 0.026223
0 0.986687 0.872928 0.024818 0.074035
0 0.019399 0.882630 0.038798 0.076504
0 0.535645 0.405164 0.037415 0.081424
0 0.013161 0.590588 0.026313 0.073612
0 0.012216 0.437744 0.024427 0.073254
0 0.572811 0.411840 0.043522 0.082916
0 0.796838 0.012291 0.046973 0.024568
0 0.417130 0.294474 0.046417 0.083638
0 0.390623 0.979302 0.049876 0.038017
0 0.985021 0.405743 0.027885 0.072495
0 0.567378 0.239881 0.048154 0.078521
0 0.359887 0.015301 0.052284 0.030602
0 0.857439 0.980593 0.048525 0.035487
0 0.022072 0.033161 0.044125 0.066321
0 0.548000 0.197602 0.045442 0.076118
0 0.182949 0.471478 0.062357 0.100745
0 0.469330 0.900461 0.051128 0.067992
0 0.983273 0.664500 0.031470 0.079448
0 0.398419 0.365886 0.050421 0.075591
0 0.626726 0.017860 0.044539 0.035720
0 0.357966 0.937040 0.046849 0.074181
0 0.543933 0.313585 0.046651 0.071644
0 0.146704 0.974625 0.045641 0.047469
0 0.212127 0.569797 0.048206 0.073719
0 0.121486 0.459725 0.044624 0.072582
0 0.024577 0.665903 0.048701 0.074945
0 0.678458 0.967357 0.047912 0.061894
0 0.807497 0.967409 0.047347 0.061839
0 0.660354 0.180017 0.043798 0.078602
0 0.359557 0.428741 0.051428 0.075298
0 0.218537 0.420568 0.048179 0.074085
0 0.214694 0.033656 0.039675 0.067312
0 0.074564 0.080763 0.055059 0.080373
0 0.406065 0.459069 0.042225 0.066296
0 0.687396 0.028359 0.048767 0.056717
0 0.042199 0.782312 0.046625 0.074999
0 0.041796 0.946891 0.049402 0.079990
0 0.494250 0.178505 0.047006 0.069847
0 0.500138 0.778029 0.043049 0.077776
0 0.667591 0.894419 0.043259 0.068038
0 0.069029 0.019586 0.049425 0.039172
0 0.792372 0.896035 0.054285 0.075984
0 0.265854 0.824878 0.046089 0.071857
0 0.980618 0.262770 0.036550 0.075139
0 0.574243 0.945368 0.047883 0.073612
0 0.432644 0.024694 0.049841 0.049388
0 0.462606 0.827051 0.049680 0.070926
0 0.246096 0.644857 0.047471 0.082960
0 0.572320 0.534165 0.052317 0.080460
0 0.786218 0.820358 0.055756 0.068965
0 0.507246 0.033870 0.047545 0.067693
0 0.249933 0.753043 0.049794 0.075766
0 0.928064 0.963130 0.049277 0.070236
0 0.343157 0.065953 0.051005 0.074534
0 0.667999 0.562196 0.047028 0.073369
0 0.112819 0.374630 0.051674 0.083238
0 0.578091 0.037794 0.054152 0.075588
0 0.285771 0.697666 0.047236 0.080229
0 0.416848 0.117371 0.045663 0.076487
0 0.359593 0.153585 0.050011 0.074416
0 0.569545 0.865208 0.049502 0.076839
0 0.730605 0.372239 0.051471 0.080884
0 0.514515 0.626245 0.051060 0.090304
0 0.127855 0.913134 0.048299 0.073343
0 0.803093 0.615232 0.046803 0.075044
0 0.384438 0.809628 0.051064 0.077891
0 0.358862 0.563736 0.041980 0.077162
0 0.561897 0.113016 0.046944 0.073530
0 0.811737 0.750809 0.049974 0.079781
0 0.650243 0.076903 0.049623 0.076674
0 0.907680 0.575906 0.049070 0.077989
0 0.759956 0.759496 0.047174 0.073315
0 0.619205 0.884338 0.047798 0.087673
0 0.478069 0.519980 0.048213 0.078545
0 0.833916 0.485719 0.045133 0.076486
0 0.465555 0.639562 0.049371 0.081812
0 0.461079 0.720713 0.049747 0.074473
0 0.258296 0.543738 0.048129 0.073570
0 0.625719 0.614586 0.049823 0.074915
0 0.973702 0.483673 0.049995 0.082040
0 0.801910 0.438395 0.055102 0.076988
0 0.256815 0.265225 0.042908 0.073560
0 0.033422 0.324555 0.045579 0.074150
0 0.166204 0.028984 0.050246 0.057893
0 0.103821 0.835866 0.049367 0.075648
0 0.218161 0.310564 0.048189 0.078886
0 0.886391 0.037607 0.053917 0.075215
0 0.159812 0.121102 0.047141 0.077088
0 0.637706 0.330221 0.049989 0.076535
0 0.642640 0.251464 0.047721 0.071402
0 0.882624 0.659767 0.054521 0.079262
0 0.267683 0.351966 0.046281 0.078332
0 0.935881 0.285197 0.048744 0.071851
0 0.059062 0.542551 0.045604 0.074873
0 0.892937 0.420050 0.050945 0.069301
0 0.210067 0.163072 0.050253 0.079549
0 0.632531 0.795444 0.048671 0.072932
0 0.552417 0.702685 0.053086 0.079956
0 0.114734 0.639800 0.048144 0.073162
0 0.883200 0.498908 0.048357 0.077003
0 0.730410 0.613555 0.046967 0.074471
0 0.260332 0.079224 0.051220 0.079770
0 0.097586 0.260627 0.049957 0.078395
0 0.804609 0.082188 0.046313 0.075030
0 0.755858 0.072049 0.046919 0.082702
0 0.742310 0.146691 0.044686 0.067562
0 0.863196 0.109424 0.055421 0.076033
0 0.692920 0.123410 0.048105 0.078524
0 0.865700 0.737956 0.051344 0.078219
0 0.159988 0.214289 0.051350 0.081073
0 0.849564 0.291800 0.045661 0.064244
0 0.290671 0.466017 0.053241 0.080647
0 0.770424 0.307908 0.048677 0.082573
0 0.812287 0.213479 0.047976 0.074615
0 0.758690 0.228349 0.047591 0.073424
0 0.824755 0.362981 0.049546 0.086264
0 0.882076 0.183846 0.049485 0.078618
0 0.782934 0.531467 0.055538 0.087297
0 0.934344 0.364627 0.049078 0.078406
0 0.709411 0.505845 0.050653 0.080075
0 0.885253 0.345124 0.044138 0.075221
0 0.943160 0.129625 0.052258 0.071082
1 0.604114 0.272944 0.031195 0.073897
2 0.248488 0.151371 0.020277 0.028605
2 0.246148 0.026222 0.021837 0.030989
2 0.149443 0.351609 0.021837 0.028605
2 0.140474 0.535161 0.019497 0.028605
2 0.313998 0.566746 0.014038 0.025030
2 0.388087 0.551847 0.021837 0.035757
2 0.599435 0.823600 0.018717 0.028605
2 0.961300 0.914779 0.017157 0.027414
2 0.929325 0.452920 0.020277 0.030989
2 0.697310 0.357569 0.014818 0.021454
3 0.478553 0.353397 0.116982 0.153754
1 0.018204 0.816514 0.036409 0.070058
1 0.021479 0.727273 0.042958 0.073394
1 0.144462 0.303586 0.062212 0.073394
1 0.556755 0.606339 0.049661 0.071726
1 0.525922 0.494579 0.049115 0.061718
1 0.440516 0.201418 0.054027 0.095913
1 0.478444 0.246872 0.055664 0.065054
1 0.349381 0.862385 0.057301 0.073394
1 0.469712 0.962886 0.055664 0.057548