0 0.256135 0.001044 0.045044 0.002087
0 0.673882 0.001669 0.041895 0.003338
0 0.002601 0.595153 0.005200 0.052169
0 0.677726 0.993792 0.040575 0.010358
0 0.442172 0.003146 0.041731 0.006291
0 0.606296 0.276425 0.051302 0.067870
0 0.606724 0.227362 0.050371 0.055849
0 0.732365 0.005984 0.038244 0.011938
0 0.630548 0.408835 0.043504 0.068998
0 0.006754 0.129456 0.013475 0.058546
0 0.988366 0.941777 0.021582 0.091634
0 0.601110 0.444129 0.053004 0.079652
0 0.990486 0.321000 0.017283 0.077061
0 0.616004 0.987870 0.043551 0.021199
0 0.474172 0.988559 0.043521 0.019928
0 0.384802 0.987782 0.041539 0.021274
0 0.988642 0.772925 0.020869 0.075025
0 0.317416 0.985569 0.041240 0.025700
0 0.653978 0.102028 0.051255 0.071118
0 0.987313 0.523650 0.023415 0.077569
0 0.013176 0.675129 0.026322 0.080723
0 0.651628 0.165865 0.048799 0.076457
0 0.138546 0.846243 0.050272 0.069699
0 0.159074 0.798806 0.052781 0.081930
0 0.015565 0.222711 0.031130 0.082939
0 0.100293 0.980995 0.046416 0.034866
0 0.978852 0.855648 0.040455 0.075743
0 0.384173 0.017534 0.046475 0.035067
0 0.930911 0.019294 0.045764 0.038556
0 0.868366 0.962534 0.050857 0.071619
0 0.030125 0.847897 0.050029 0.074913
0 0.603245 0.017760 0.050508 0.035521
0 0.630294 0.926328 0.049687 0.074088
0 0.103896 0.771885 0.051484 0.070210
0 0.307475 0.911222 0.048642 0.073415
0 0.586543 0.938520 0.045716 0.077830
0 0.807147 0.942282 0.045719 0.069036
0 0.025755 0.499272 0.051510 0.085261
0 0.191249 0.036432 0.054569 0.072850
0 0.478399 0.866514 0.052128 0.079181
0 0.977349 0.663361 0.043156 0.073639
0 0.247199 0.959898 0.056681 0.076402
0 0.083901 0.904509 0.047880 0.079750
0 0.035306 0.761266 0.051509 0.073090
0 0.639154 0.538466 0.047282 0.080241
0 0.494984 0.454344 0.051606 0.073301
0 0.502484 0.767796 0.055884 0.082789
0 0.359327 0.938486 0.050456 0.077803
0 0.546457 0.850916 0.049802 0.079307
0 0.968704 0.381202 0.047999 0.072482
0 0.118341 0.697749 0.049759 0.073030
0 0.787516 0.862975 0.053451 0.081495
0 0.706997 0.760699 0.042469 0.069133
0 0.647934 0.333007 0.046337 0.070607
0 0.722551 0.940765 0.048946 0.083599
0 0.747013 0.811329 0.044085 0.076530
0 0.430955 0.819435 0.049186 0.077319
0 0.045401 0.045268 0.057178 0.084151
0 0.215746 0.811985 0.045515 0.084679
0 0.196341 0.909620 0.051703 0.085285
0 0.435011 0.638114 0.047115 0.081233
0 0.525426 0.950867 0.048137 0.081581
0 0.977837 0.109755 0.042276 0.080098
0 0.904764 0.521345 0.042390 0.068626
0 0.555398 0.494947 0.049304 0.074222
0 0.492286 0.679024 0.057626 0.075997
0 0.173911 0.567245 0.043756 0.070086
0 0.872599 0.836014 0.051976 0.092793
0 0.427484 0.934167 0.051158 0.084642
0 0.772718 0.179025 0.050524 0.070616
0 0.787807 0.572591 0.048621 0.077892
0 0.398804 0.737920 0.049602 0.077014
0 0.549359 0.231292 0.045738 0.063982
0 0.929409 0.824384 0.052205 0.074392
0 0.742895 0.702493 0.045984 0.076165
0 0.730988 0.081500 0.047512 0.079170
0 0.101805 0.586100 0.051387 0.084021
0 0.862051 0.044262 0.058791 0.076351
0 0.241306 0.711256 0.047432 0.074793
0 0.315670 0.822721 0.051208 0.079307
0 0.453693 0.275657 0.054298 0.078341
0 0.770559 0.493817 0.045523 0.066206
0 0.863865 0.678227 0.049902 0.083428
0 0.491352 0.562364 0.045567 0.070707
0 0.647804 0.680887 0.052488 0.085489
0 0.747213 0.618355 0.047737 0.072108
0 0.654286 0.771600 0.048657 0.078055
0 0.600319 0.793037 0.049947 0.077877
0 0.518854 0.352764 0.052456 0.078418
0 0.725779 0.453173 0.050498 0.065980
0 0.341652 0.045503 0.048833 0.076764
0 0.046740 0.134808 0.054431 0.074961
0 0.822800 0.104569 0.052000 0.069658
0 0.834398 0.526347 0.045378 0.068343
0 0.287478 0.135979 0.047754 0.074493
0 0.125418 0.429472 0.054464 0.069755
0 0.936567 0.594089 0.048633 0.075343
0 0.812539 0.242918 0.046293 0.077179
0 0.480334 0.198262 0.052310 0.065543
0 0.808096 0.424332 0.052595 0.074785
0 0.067757 0.448283 0.045918 0.081614
0 0.144614 0.352649 0.052996 0.070217
0 0.830516 0.320539 0.050228 0.068553
0 0.415164 0.339183 0.049326 0.075976
0 0.960541 0.461649 0.052193 0.070229
0 0.528761 0.134772 0.047210 0.074886
0 0.115833 0.191391 0.053364 0.077898
0 0.779863 0.350794 0.047010 0.076420
0 0.173693 0.682022 0.052727 0.079048
0 0.159411 0.130775 0.056200 0.086889
0 0.345034 0.293438 0.047838 0.072336
0 0.745981 0.275429 0.049760 0.084655
0 0.583293 0.150424 0.049705 0.076098
0 0.387638 0.239825 0.051114 0.078522
0 0.874101 0.440989 0.054699 0.083333
0 0.450711 0.118388 0.049699 0.075960
0 0.925988 0.202627 0.046575 0.088848
0 0.179511 0.297353 0.050043 0.067650
0 0.870681 0.251851 0.047873 0.072032
0 0.214495 0.505109 0.054953 0.082822
0 0.336296 0.172974 0.046915 0.077439
0 0.241335 0.290691 0.048949 0.076748
0 0.252077 0.616173 0.054602 0.094027
0 0.392665 0.460587 0.051683 0.080153
0 0.229466 0.203321 0.054534 0.074492
0 0.272086 0.461347 0.054224 0.082953
1 0.031681 0.297974 0.059271 0.059595
1 0.131116 0.513111 0.046013 0.075089
1 0.411093 0.162694 0.033535 0.065554
1 0.188047 0.126341 0.003899 0.009535
2 0.795965 0.029797 0.020277 0.038141
1 0.452037 0.407032 0.054592 0.079857