0 0.345048 0.931423 0.050703 0.083090
0 0.003865 0.934617 0.007730 0.061332
0 0.230515 0.394118 0.042924 0.071234
0 0.200266 0.421021 0.047005 0.077935
0 0.017180 0.003317 0.034217 0.006596
0 0.151532 0.993478 0.033988 0.010970
0 0.292885 0.828703 0.053341 0.077022
0 0.315819 0.787035 0.044478 0.071215
0 0.382821 0.721663 0.040989 0.080723
0 0.257462 0.808827 0.050647 0.078536
0 0.346546 0.713482 0.043255 0.079190
0 0.649676 0.006709 0.036304 0.013396
0 0.008423 0.630894 0.016813 0.066874
0 0.993031 0.347062 0.012174 0.060296
0 0.474086 0.790660 0.052196 0.069922
0 0.877662 0.007326 0.040060 0.014638
0 0.176836 0.676886 0.042396 0.075288
0 0.473373 0.853904 0.048774 0.079480
0 0.206402 0.240853 0.051198 0.081264
0 0.696975 0.028015 0.045512 0.055929
0 0.459344 0.009429 0.035765 0.018858
0 0.806711 0.008033 0.039154 0.016048
0 0.149914 0.717487 0.046194 0.081051
0 0.989648 0.876325 0.018955 0.110962
0 0.529750 0.041281 0.051792 0.079055
0 0.980761 0.011347 0.036738 0.022693
0 0.952513 0.840932 0.042624 0.064334
0 0.669279 0.055187 0.048641 0.069823
0 0.215034 0.315828 0.049732 0.073574
0 0.639686 0.135147 0.052338 0.075859
0 0.616070 0.176681 0.049861 0.070942
0 0.428503 0.069361 0.050902 0.069828
0 0.219578 0.186024 0.055345 0.076497
0 0.938079 0.894799 0.048589 0.078864
0 0.084788 0.978150 0.054684 0.040690
0 0.139421 0.010577 0.042854 0.021154
0 0.411722 0.121917 0.055539 0.078680
0 0.216141 0.507271 0.046449 0.071506
0 0.538902 0.127576 0.055297 0.084106
0 0.987342 0.433485 0.023265 0.078380
0 0.022564 0.866167 0.045099 0.080966
0 0.256820 0.012477 0.048231 0.024953
0 0.294229 0.967125 0.052424 0.062399
0 0.928770 0.973252 0.052237 0.050255
0 0.362777 0.819933 0.042843 0.081952
0 0.321020 0.636177 0.055060 0.075681
0 0.272597 0.702509 0.049004 0.086194
0 0.545115 0.581483 0.056843 0.084303
0 0.880447 0.465687 0.041703 0.072977
0 0.057748 0.933672 0.052991 0.082511
0 0.234845 0.898597 0.053475 0.092351
0 0.407016 0.014713 0.044801 0.029426
0 0.025965 0.700305 0.044512 0.087335
0 0.342945 0.557778 0.042389 0.087502
0 0.869563 0.977909 0.046944 0.040938
0 0.210722 0.970425 0.047664 0.056108
0 0.444353 0.960320 0.052033 0.075714
0 0.254825 0.564974 0.054647 0.082041
0 0.054766 0.773954 0.046187 0.072635
0 0.105135 0.665231 0.053325 0.079736
0 0.228872 0.651917 0.046177 0.082174
0 0.611007 0.882827 0.056764 0.064751
0 0.083825 0.588129 0.049815 0.070878
0 0.984599 0.073172 0.028946 0.071723
0 0.124944 0.916885 0.046152 0.077474
0 0.554394 0.506248 0.051064 0.078207
0 0.492315 0.932917 0.043835 0.074326
0 0.087696 0.856826 0.050111 0.080991
0 0.590181 0.688443 0.045344 0.066929
0 0.077942 0.019931 0.044772 0.039861
0 0.846386 0.439883 0.054938 0.083685
0 0.131924 0.802410 0.049658 0.079665
0 0.597771 0.947433 0.047835 0.062159
0 0.754114 0.038101 0.047858 0.076201
0 0.142151 0.495170 0.043895 0.079194
0 0.437657 0.730562 0.052455 0.078896
0 0.021459 0.160858 0.042917 0.078664
0 0.776679 0.847952 0.051989 0.073795
0 0.699584 0.869903 0.047825 0.070999
0 0.979371 0.637029 0.039138 0.075505
0 0.414191 0.831720 0.050750 0.082239
0 0.396962 0.584268 0.058117 0.086705
0 0.929985 0.019847 0.044207 0.039693
0 0.696717 0.958634 0.051225 0.079171
0 0.044681 0.077831 0.052970 0.075439
0 0.104049 0.079465 0.042121 0.073699
0 0.534675 0.737637 0.053542 0.082473
0 0.085022 0.499663 0.061495 0.089744
0 0.541076 0.942389 0.042871 0.080073
0 0.148738 0.166473 0.052823 0.076540
0 0.859630 0.891434 0.053728 0.084142
0 0.873325 0.377693 0.048251 0.073014
0 0.152641 0.062720 0.046643 0.066024
0 0.566667 0.810458 0.052344 0.080790
0 0.959593 0.755812 0.057017 0.080531
0 0.632157 0.789096 0.051236 0.080440
0 0.652975 0.538285 0.044624 0.073679
0 0.051514 0.421343 0.050878 0.086240
0 0.916493 0.221382 0.056830 0.079807
0 0.278066 0.224018 0.049047 0.083062
0 0.487285 0.518478 0.054019 0.081143
0 0.701606 0.784190 0.056240 0.079304
0 0.848012 0.792179 0.055229 0.078805
0 0.623785 0.624978 0.050975 0.080192
0 0.614757 0.260257 0.049494 0.073222
0 0.799572 0.603838 0.045213 0.094458
0 0.248606 0.095759 0.049749 0.082564
0 0.331546 0.443597 0.051693 0.087818
0 0.749249 0.630089 0.047705 0.080763
0 0.897991 0.537935 0.049390 0.072799
0 0.788253 0.733531 0.053683 0.078921
0 0.887830 0.701470 0.057614 0.090338
0 0.725066 0.555785 0.054755 0.065865
0 0.339048 0.030789 0.052975 0.061573
0 0.316328 0.103370 0.047876 0.074268
0 0.341824 0.277400 0.053278 0.074254
0 0.548888 0.258397 0.052312 0.078224
0 0.114672 0.349583 0.051992 0.073443
0 0.133498 0.258584 0.046970 0.071481
0 0.527894 0.399905 0.053792 0.081237
0 0.351148 0.194914 0.050148 0.074803
0 0.884316 0.613035 0.052414 0.070142
0 0.693480 0.689796 0.055706 0.079271
0 0.505379 0.313948 0.045497 0.071427
0 0.951969 0.529883 0.048582 0.078944
0 0.455794 0.229078 0.050702 0.082328
0 0.889064 0.278262 0.051315 0.085430
0 0.695574 0.468760 0.055998 0.082043
0 0.878470 0.060137 0.048080 0.072982
0 0.416224 0.409353 0.054977 0.085104
0 0.932308 0.450640 0.050027 0.081328
0 0.608049 0.469631 0.049785 0.079488
0 0.791941 0.106653 0.052534 0.079426
0 0.692574 0.375722 0.048458 0.077590
0 0.420105 0.303402 0.049103 0.075674
0 0.645697 0.329759 0.052986 0.080147
0 0.579945 0.343423 0.052248 0.082106
0 0.949437 0.291865 0.051294 0.074257
0 0.769955 0.390447 0.050462 0.077968
0 0.939317 0.117670 0.052242 0.076099
0 0.767837 0.302309 0.049182 0.076391
0 0.831771 0.299383 0.051284 0.081692
1 0.562781 0.078665 0.035875 0.057211
1 0.381458 0.492849 0.038214 0.077473
1 0.805324 0.482122 0.056152 0.087008
2 0.180638 0.322408 0.021837 0.029797
2 0.574869 0.171037 0.022617 0.032181
2 0.006872 0.774136 0.013744 0.034565
1 0.770619 0.932062 0.060051 0.083433