0 0.018979 0.070143 0.037770 0.073382
0 0.995423 0.128646 0.007715 0.055030
0 0.343335 0.005090 0.033023 0.010163
0 0.047307 0.057924 0.042763 0.076370
0 0.223117 0.312916 0.039872 0.074086
0 0.196347 0.333202 0.044874 0.072209
0 0.993666 0.027350 0.011204 0.052144
0 0.994161 0.704789 0.010037 0.059232
0 0.993251 0.838098 0.011868 0.064331
0 0.425793 0.578029 0.046638 0.066869
0 0.410489 0.622864 0.042597 0.076556
0 0.209653 0.007797 0.039572 0.015594
0 0.912294 0.009769 0.038491 0.019538
0 0.684322 0.010502 0.048364 0.020984
0 0.109149 0.265920 0.048263 0.072014
0 0.473955 0.011870 0.037246 0.023681
0 0.012340 0.882035 0.024680 0.087251
0 0.632582 0.981008 0.053593 0.034885
0 0.145524 0.018535 0.043925 0.037070
0 0.422509 0.125050 0.046375 0.074069
0 0.505421 0.339592 0.044506 0.071930
0 0.138782 0.294626 0.046721 0.073836
0 0.016680 0.752606 0.033347 0.068664
0 0.127302 0.529025 0.050039 0.081581
0 0.017133 0.665756 0.034265 0.077971
0 0.467928 0.312141 0.048888 0.076022
0 0.838694 0.974474 0.053649 0.047851
0 0.887164 0.310251 0.041054 0.073458
0 0.386828 0.142822 0.048564 0.074108
0 0.939576 0.975495 0.047788 0.045853
0 0.413129 0.975681 0.050416 0.045324
0 0.015858 0.573096 0.031716 0.073947
0 0.052848 0.970756 0.051529 0.055218
0 0.521640 0.021809 0.046773 0.043617
0 0.059111 0.156412 0.047069 0.072211
0 0.120708 0.452911 0.048319 0.078971
0 0.023445 0.246444 0.046890 0.068103
0 0.794269 0.938091 0.049770 0.085212
0 0.499248 0.246101 0.050483 0.071445
0 0.285117 0.961644 0.049309 0.073373
0 0.096007 0.080474 0.046341 0.070704
0 0.837524 0.603601 0.047183 0.076959
0 0.958638 0.030448 0.041211 0.060896
0 0.063263 0.315008 0.051935 0.073461
0 0.258533 0.020688 0.042676 0.041376
0 0.133944 0.125979 0.043842 0.076033
0 0.286540 0.075381 0.050492 0.076203
0 0.342620 0.090842 0.048208 0.069985
0 0.484482 0.078168 0.043320 0.067799
0 0.117881 0.367458 0.056176 0.070962
0 0.467556 0.444978 0.046685 0.075639
0 0.848859 0.260144 0.057431 0.073725
0 0.049353 0.804513 0.047997 0.078124
0 0.434937 0.041950 0.051299 0.076368
0 0.251745 0.148832 0.046749 0.078655
0 0.959873 0.286713 0.050590 0.087172
0 0.593908 0.440474 0.048103 0.069108
0 0.896885 0.167105 0.047325 0.068652
0 0.381081 0.438134 0.054791 0.072940
0 0.312894 0.159075 0.048630 0.072833
0 0.098938 0.825165 0.051475 0.072575
0 0.876785 0.554886 0.048625 0.068594
0 0.462800 0.946586 0.053151 0.081359
0 0.281545 0.231535 0.046124 0.076681
0 0.587501 0.042984 0.054207 0.085753
0 0.874769 0.403459 0.052586 0.078171
0 0.967320 0.892203 0.041248 0.068506
0 0.864446 0.033165 0.052848 0.066329
0 0.150949 0.212201 0.054100 0.079040
0 0.737363 0.874763 0.045148 0.072758
0 0.266950 0.355168 0.055841 0.065803
0 0.412045 0.502193 0.047155 0.067468
0 0.593648 0.614022 0.045458 0.086332
0 0.763464 0.690506 0.051660 0.064835
0 0.579942 0.524865 0.051314 0.078691
0 0.886940 0.861448 0.047104 0.069490
0 0.071099 0.894897 0.051128 0.073023
0 0.832299 0.869777 0.051619 0.077199
0 0.188770 0.107719 0.046170 0.074166
0 0.429884 0.374708 0.046742 0.074721
0 0.801239 0.207537 0.048616 0.076526
0 0.550689 0.163915 0.041225 0.070097
0 0.643607 0.485816 0.052020 0.075061
0 0.849098 0.117798 0.053412 0.076331
0 0.365174 0.548819 0.049881 0.072825
0 0.667317 0.935061 0.048456 0.081569
0 0.618662 0.800754 0.053047 0.078446
0 0.596368 0.130602 0.046434 0.072286
0 0.291914 0.860359 0.050062 0.076362
0 0.488672 0.162926 0.051182 0.075092
0 0.035049 0.420684 0.049917 0.073999
0 0.403414 0.880185 0.051505 0.082157
0 0.821230 0.377845 0.049557 0.080631
0 0.464828 0.644479 0.047177 0.072835
0 0.897390 0.685355 0.050608 0.076286
0 0.232804 0.901212 0.047135 0.073996
0 0.509594 0.506401 0.048817 0.070394
0 0.902161 0.483005 0.052826 0.078907
0 0.646097 0.574627 0.050454 0.080270
0 0.349894 0.930788 0.057095 0.084774
0 0.752910 0.772049 0.054975 0.076938
0 0.486366 0.862304 0.051579 0.080950
0 0.245605 0.531479 0.047692 0.079134
0 0.954078 0.717998 0.045617 0.067438
0 0.542437 0.691496 0.045701 0.072040
0 0.211142 0.597483 0.052899 0.074894
0 0.321420 0.284044 0.049304 0.078674
0 0.174346 0.482113 0.050183 0.072299
0 0.957632 0.797844 0.050014 0.074811
0 0.685825 0.094714 0.047791 0.082733
0 0.092963 0.740472 0.049593 0.075768
0 0.779963 0.599753 0.045951 0.076831
0 0.765040 0.457525 0.055002 0.076836
0 0.232811 0.771594 0.053174 0.079505
0 0.376923 0.787271 0.044614 0.082335
0 0.646002 0.281673 0.054338 0.072745
0 0.171981 0.679695 0.049484 0.074086
0 0.667971 0.754934 0.053535 0.081309
0 0.098972 0.653092 0.048866 0.076308
0 0.727972 0.366083 0.051564 0.077839
0 0.288630 0.471456 0.056044 0.077493
0 0.307627 0.570958 0.053405 0.079777
0 0.236118 0.678958 0.054144 0.080803
1 0.402905 0.280095 0.053032 0.066746
1 0.595146 0.216329 0.041334 0.060787
1 0.485572 0.715137 0.059271 0.064362
1 0.552252 0.891538 0.058491 0.052443
2 0.325696 0.798570 0.028076 0.040524
2 0.638819 0.707986 0.030415 0.040524
2 0.936734 0.570918 0.019497 0.035757