0 0.002052 0.377204 0.004094 0.064488
0 0.997396 0.013047 0.004708 0.026095
0 0.772637 0.002251 0.040225 0.004439
0 0.457128 0.003423 0.030817 0.006847
0 0.384517 0.993380 0.038072 0.010791
0 0.090525 0.003399 0.030813 0.006797
0 0.971905 0.004727 0.034199 0.009453
0 0.234278 0.007630 0.039319 0.015256
0 0.012373 0.633034 0.024732 0.079370
0 0.011221 0.134619 0.022409 0.075810
0 0.586310 0.985459 0.049834 0.025774
0 0.015018 0.971292 0.030036 0.054366
0 0.734492 0.981342 0.051029 0.034179
0 0.019842 0.853619 0.039684 0.072284
0 0.645119 0.979686 0.052485 0.037238
0 0.101522 0.983205 0.048840 0.030444
0 0.019217 0.495960 0.038434 0.072284
0 0.503909 0.978561 0.051589 0.039381
0 0.019215 0.736630 0.038430 0.073564
0 0.984433 0.759823 0.029250 0.070709
0 0.866681 0.978325 0.053684 0.040298
0 0.800908 0.763095 0.048193 0.064594
0 0.477015 0.909534 0.046675 0.076669
0 0.980215 0.854109 0.037922 0.088274
0 0.982554 0.316945 0.033020 0.075529
0 0.752818 0.575359 0.052555 0.071400
0 0.980050 0.682256 0.038021 0.072473
0 0.385986 0.909671 0.047851 0.072417
0 0.290006 0.905608 0.053610 0.076090
0 0.633297 0.683817 0.051744 0.071832
0 0.701721 0.026387 0.046951 0.052773
0 0.536343 0.661731 0.046964 0.070548
0 0.737165 0.640373 0.053966 0.075301
0 0.757462 0.860546 0.051301 0.067540
0 0.496137 0.115021 0.047886 0.074689
0 0.517991 0.027621 0.045556 0.055116
0 0.568327 0.029914 0.046425 0.059828
0 0.980518 0.602579 0.037046 0.072692
0 0.843268 0.918745 0.053144 0.080259
0 0.329281 0.960381 0.055548 0.075737
0 0.430254 0.958921 0.052426 0.078096
0 0.038119 0.559012 0.048718 0.068879
0 0.585573 0.395057 0.048836 0.061722
0 0.615978 0.754647 0.052382 0.076518
0 0.288077 0.329227 0.045140 0.068100
0 0.327334 0.858781 0.047109 0.067528
0 0.098056 0.718024 0.049896 0.071023
0 0.237562 0.963581 0.048628 0.069584
0 0.181006 0.024128 0.050529 0.048252
0 0.329203 0.669676 0.046566 0.073061
0 0.044429 0.437941 0.047701 0.069227
0 0.746996 0.929204 0.051081 0.072747
0 0.356927 0.115409 0.052124 0.077711
0 0.130109 0.582542 0.046914 0.070626
0 0.029970 0.080998 0.045346 0.072657
0 0.590226 0.525692 0.050825 0.076072
0 0.466455 0.048974 0.056193 0.084706
0 0.430779 0.616462 0.048054 0.071310
0 0.132863 0.108212 0.050998 0.073292
0 0.103719 0.644992 0.050370 0.070858
0 0.724016 0.296732 0.046808 0.076176
0 0.440724 0.337528 0.049508 0.081797
0 0.436179 0.731755 0.047199 0.073058
0 0.597437 0.084405 0.048050 0.073164
0 0.111838 0.857783 0.052746 0.082250
0 0.282022 0.219287 0.045487 0.074296
0 0.629724 0.146518 0.048992 0.072524
0 0.817906 0.831255 0.046785 0.068999
0 0.920755 0.198745 0.046406 0.073467
0 0.249823 0.107772 0.051931 0.083830
0 0.127293 0.033281 0.050405 0.066562
0 0.540815 0.177798 0.045159 0.074451
0 0.423756 0.143763 0.050253 0.074555
0 0.050384 0.629942 0.051657 0.075911
0 0.821024 0.404094 0.043534 0.065723
0 0.422836 0.412013 0.047104 0.070520
0 0.236885 0.444117 0.052486 0.077253
0 0.323654 0.038116 0.051152 0.076177
0 0.960070 0.939834 0.050419 0.077388
0 0.533075 0.772452 0.047819 0.071845
0 0.492961 0.824099 0.054742 0.087925
0 0.359403 0.497744 0.047074 0.070504
0 0.906217 0.748333 0.049699 0.078046
0 0.269928 0.805780 0.051691 0.067938
0 0.733276 0.794246 0.045989 0.071244
0 0.854109 0.680175 0.045945 0.072239
0 0.676711 0.395872 0.048028 0.071654
0 0.575169 0.932734 0.051186 0.074351
0 0.655174 0.905493 0.048611 0.077562
0 0.393015 0.686011 0.047822 0.070173
0 0.726720 0.198872 0.051083 0.082160
0 0.870476 0.826552 0.046319 0.074519
0 0.174748 0.153857 0.050066 0.079645
0 0.541549 0.439188 0.049466 0.075762
0 0.648058 0.055563 0.052101 0.080684
0 0.401806 0.075486 0.048413 0.077091
0 0.323154 0.785422 0.049262 0.072029
0 0.663033 0.471470 0.047443 0.075987
0 0.131772 0.937192 0.052877 0.078201
0 0.619283 0.223434 0.048358 0.069172
0 0.776032 0.702011 0.053233 0.080436
0 0.103274 0.502793 0.052910 0.072605
0 0.232006 0.357628 0.053900 0.076291
0 0.661921 0.801815 0.053863 0.082306
0 0.479718 0.419381 0.045944 0.069108
0 0.809212 0.216727 0.052251 0.084499
0 0.466054 0.212564 0.047411 0.074972
0 0.915289 0.028231 0.049762 0.056426
0 0.613872 0.452433 0.050559 0.076342
0 0.330479 0.214001 0.046979 0.072964
0 0.478219 0.290663 0.044322 0.068945
0 0.578200 0.622165 0.048976 0.073940
0 0.233682 0.869964 0.053040 0.081037
0 0.803925 0.629389 0.048309 0.073510
0 0.530142 0.328172 0.047487 0.074926
0 0.040889 0.340915 0.043354 0.068452
0 0.780842 0.295347 0.053947 0.074348
0 0.234856 0.190257 0.055553 0.078409
0 0.392707 0.778795 0.051320 0.075628
0 0.204437 0.694718 0.046574 0.074997
0 0.154134 0.818123 0.050601 0.072008
0 0.255137 0.515696 0.052656 0.079860
0 0.309894 0.519810 0.047704 0.075319
0 0.568154 0.268796 0.049006 0.075430
0 0.907434 0.465882 0.049988 0.070772
0 0.065249 0.153210 0.046885 0.073017
0 0.224784 0.275362 0.051772 0.078564
0 0.693299 0.558260 0.048793 0.076735
0 0.051886 0.802899 0.049055 0.073754
0 0.684487 0.128101 0.053383 0.084346
0 0.334704 0.588810 0.049132 0.073937
0 0.754350 0.370372 0.046005 0.078658
0 0.350260 0.379133 0.049689 0.074931
0 0.079598 0.386869 0.049652 0.071341
0 0.451586 0.547168 0.050135 0.070778
0 0.932683 0.610338 0.049261 0.062407
0 0.739540 0.450501 0.048365 0.075209
0 0.060369 0.234786 0.054630 0.077751
0 0.332632 0.293904 0.047697 0.073698
0 0.752689 0.086048 0.049101 0.075692
0 0.100251 0.291676 0.047436 0.073157
0 0.282918 0.730797 0.054746 0.079035
0 0.800037 0.542832 0.047106 0.072031
0 0.138627 0.345530 0.045097 0.069295
0 0.507665 0.550500 0.049770 0.077757
0 0.165824 0.489672 0.052641 0.074619
0 0.634173 0.590424 0.062562 0.087788
0 0.969860 0.485695 0.052284 0.079604
0 0.134264 0.425664 0.058491 0.079268
0 0.269980 0.650005 0.060133 0.077171
0 0.861630 0.505279 0.048526 0.076016
0 0.642679 0.330990 0.051680 0.078706
0 0.923153 0.403740 0.063410 0.062205
0 0.807272 0.469158 0.052303 0.068581
0 0.930843 0.538599 0.050278 0.073098
0 0.935234 0.814790 0.053387 0.079086
0 0.845066 0.145727 0.051460 0.078675
0 0.868322 0.282983 0.051185 0.079129
0 0.203172 0.590988 0.050499 0.076719
0 0.851398 0.593702 0.049011 0.084476
0 0.393830 0.560561 0.049137 0.078162
0 0.959097 0.121689 0.048567 0.078823
0 0.151802 0.736235 0.051735 0.079828
0 0.906224 0.122058 0.048508 0.074828
0 0.915465 0.332739 0.051974 0.072851
1 0.333105 0.446365 0.031975 0.060787
1 0.269155 0.035161 0.055372 0.070322
2 0.667285 0.644815 0.028076 0.040524
2 0.279683 0.857569 0.024956 0.032181
2 0.625171 0.277116 0.020277 0.027414