0 0.997474 0.410825 0.004219 0.042640
0 0.457852 0.001894 0.039406 0.003739
0 0.013521 0.176018 0.027042 0.026175
0 0.631532 0.005799 0.047153 0.011599
0 0.286443 0.002835 0.035196 0.005650
0 0.749128 0.993000 0.035927 0.011678
0 0.305906 0.992730 0.034816 0.011877
0 0.929170 0.006253 0.034737 0.012507
0 0.993438 0.942044 0.011634 0.067651
0 0.992918 0.792154 0.012530 0.063003
0 0.126688 0.007522 0.038091 0.015043
0 0.008310 0.863920 0.016615 0.064841
0 0.191767 0.011006 0.043768 0.022012
0 0.024140 0.986367 0.048099 0.024193
0 0.986813 0.596131 0.024405 0.084618
0 0.281076 0.407696 0.051599 0.077860
0 0.016084 0.469007 0.032167 0.085932
0 0.983792 0.159180 0.030405 0.062976
0 0.758719 0.880166 0.052598 0.072689
0 0.197967 0.979580 0.054483 0.037628
0 0.014486 0.790768 0.028973 0.069473
0 0.373406 0.982767 0.050521 0.031048
0 0.930932 0.980723 0.048773 0.035185
0 0.764206 0.811464 0.047348 0.069570
0 0.415867 0.380657 0.053883 0.076779
0 0.979535 0.096356 0.038978 0.075558
0 0.206740 0.920005 0.048398 0.077797
0 0.518798 0.354817 0.049260 0.071947
0 0.021534 0.930992 0.043068 0.073606
0 0.675476 0.533643 0.049003 0.073083
0 0.846151 0.973041 0.050827 0.050611
0 0.299092 0.355060 0.049119 0.072642
0 0.379217 0.021522 0.051389 0.043044
0 0.637011 0.508934 0.051463 0.070363
0 0.046767 0.426037 0.047020 0.074586
0 0.249022 0.919257 0.044391 0.087895
0 0.096073 0.973428 0.047820 0.049855
0 0.206869 0.843342 0.045627 0.064308
0 0.301520 0.699324 0.055941 0.075460
0 0.793537 0.021640 0.047835 0.043281
0 0.297561 0.926977 0.045629 0.074406
0 0.432164 0.884082 0.044996 0.079928
0 0.550372 0.967238 0.050661 0.062333
0 0.268505 0.479089 0.045762 0.066551
0 0.452605 0.962934 0.051037 0.070033
0 0.438108 0.798705 0.042545 0.068032
0 0.065136 0.909711 0.047082 0.078148
0 0.023950 0.274743 0.047899 0.073252
0 0.499346 0.312371 0.049929 0.078454
0 0.820362 0.728735 0.044065 0.065071
0 0.812419 0.796559 0.045870 0.070778
0 0.976950 0.488395 0.043822 0.078471
0 0.308795 0.772089 0.053304 0.075535
0 0.628226 0.435798 0.055931 0.078720
0 0.357123 0.675245 0.045807 0.072661
0 0.301961 0.624778 0.056731 0.065269
0 0.941736 0.926852 0.042992 0.070430
0 0.432283 0.457114 0.056181 0.073443
0 0.286800 0.840076 0.048878 0.076143
0 0.122126 0.714166 0.046915 0.074350
0 0.802840 0.914201 0.049332 0.080223
0 0.057457 0.027566 0.054559 0.055131
0 0.421357 0.255134 0.048096 0.072953
0 0.971249 0.031929 0.052248 0.063858
0 0.856333 0.839678 0.051606 0.072443
0 0.730064 0.020906 0.047429 0.041812
0 0.333134 0.873099 0.045768 0.072153
0 0.535715 0.712925 0.047029 0.084873
0 0.029674 0.713116 0.047182 0.081819
0 0.231057 0.110252 0.050937 0.073218
0 0.109447 0.875255 0.051489 0.085241
0 0.328841 0.440349 0.049338 0.075408
0 0.434960 0.330692 0.053113 0.071981
0 0.395446 0.934447 0.054107 0.076274
0 0.421085 0.527572 0.049838 0.078827
0 0.872595 0.916378 0.047228 0.080153
0 0.246221 0.616392 0.049961 0.079741
0 0.682296 0.838267 0.049180 0.077685
0 0.715060 0.664742 0.047138 0.077855
0 0.030147 0.084207 0.045052 0.086730
0 0.954583 0.628495 0.050614 0.081340
0 0.480423 0.835028 0.047976 0.074238
0 0.877744 0.762917 0.053806 0.082921
0 0.064673 0.802849 0.049658 0.073847
0 0.207530 0.434935 0.053631 0.078499
0 0.041427 0.624557 0.050439 0.076458
0 0.698961 0.757706 0.053978 0.081131
0 0.033085 0.543446 0.053777 0.077020
0 0.676025 0.612940 0.055538 0.079780
0 0.427123 0.103105 0.042672 0.072946
0 0.636818 0.882183 0.048585 0.070768
0 0.189628 0.773208 0.051425 0.072352
0 0.379903 0.068637 0.051956 0.069410
0 0.584373 0.875810 0.047686 0.075484
0 0.410580 0.730838 0.048774 0.078385
0 0.755643 0.711645 0.046710 0.079875
0 0.651429 0.197372 0.047627 0.081248
0 0.511884 0.524050 0.040371 0.067271
0 0.964755 0.715272 0.046011 0.080300
0 0.471217 0.131934 0.047531 0.072313
0 0.028315 0.350268 0.050003 0.074304
0 0.222428 0.039899 0.054978 0.075848
0 0.134642 0.790190 0.047418 0.070730
0 0.615263 0.036545 0.050504 0.066534
0 0.584521 0.401191 0.050396 0.074759
0 0.752260 0.622346 0.043814 0.070430
0 0.521476 0.788451 0.049467 0.079916
0 0.452074 0.199348 0.054897 0.082362
0 0.911963 0.382041 0.056124 0.066459
0 0.844610 0.335005 0.049335 0.071033
0 0.383180 0.312128 0.045220 0.071128
0 0.599657 0.205871 0.047477 0.074861
0 0.580733 0.764637 0.051124 0.076986
0 0.679706 0.411855 0.049745 0.079641
0 0.499867 0.923237 0.049959 0.079877
0 0.691202 0.052552 0.046775 0.067336
0 0.428234 0.648741 0.052593 0.082642
0 0.915499 0.714276 0.046333 0.082783
0 0.263025 0.265250 0.042460 0.069947
0 0.377796 0.578766 0.050980 0.076583
0 0.062485 0.229052 0.047361 0.071923
0 0.911813 0.540085 0.049400 0.079668
0 0.830677 0.504296 0.052164 0.079225
0 0.106551 0.371907 0.055649 0.071591
0 0.214921 0.176361 0.049002 0.075642
0 0.376778 0.230171 0.049012 0.074070
0 0.862646 0.583636 0.060471 0.081324
0 0.547803 0.273577 0.047415 0.074623
0 0.724736 0.383634 0.045660 0.070568
0 0.566677 0.653661 0.050655 0.076705
0 0.177537 0.559646 0.049368 0.076656
0 0.288794 0.550511 0.052382 0.077722
0 0.677038 0.127835 0.044605 0.067553
0 0.688292 0.325795 0.047623 0.072868
0 0.876975 0.660901 0.047684 0.075593
0 0.119735 0.118551 0.048629 0.071349
0 0.499037 0.616624 0.048816 0.076742
0 0.129142 0.194592 0.053477 0.074567
0 0.616314 0.692288 0.046725 0.075436
0 0.564379 0.565706 0.046165 0.070882
0 0.332273 0.177262 0.044807 0.067866
0 0.173568 0.693649 0.050835 0.086641
0 0.685655 0.245696 0.046076 0.071737
0 0.099100 0.612566 0.047036 0.075436
0 0.285177 0.046068 0.048729 0.072267
0 0.638630 0.306541 0.051224 0.063677
0 0.923684 0.323920 0.045160 0.069925
0 0.927514 0.454807 0.051009 0.078302
0 0.582453 0.323640 0.048940 0.074156
0 0.133480 0.475286 0.053242 0.087228
0 0.719050 0.501361 0.045045 0.073233
0 0.187213 0.339523 0.053020 0.083101
0 0.063533 0.147798 0.052359 0.075577
0 0.972691 0.336899 0.043055 0.080060
0 0.560003 0.041906 0.051682 0.078048
0 0.101047 0.279301 0.052545 0.074559
0 0.386343 0.150364 0.055740 0.078365
0 0.858200 0.415239 0.050676 0.082311
0 0.330154 0.305247 0.047809 0.067672
0 0.878706 0.282926 0.046039 0.071964
0 0.164927 0.258904 0.053483 0.086094
0 0.758798 0.086985 0.051578 0.083399
0 0.322137 0.099485 0.052582 0.076095
0 0.724722 0.160666 0.053578 0.083480
0 0.150888 0.052892 0.051680 0.076031
0 0.915515 0.057786 0.052393 0.084100
0 0.771121 0.471633 0.051166 0.078860
0 0.618922 0.128109 0.049589 0.078699
0 0.452766 0.044680 0.050767 0.075335
0 0.815725 0.164024 0.050177 0.080108
0 0.266050 0.173110 0.046339 0.074342
0 0.563423 0.122971 0.051645 0.077680
0 0.752822 0.229953 0.047712 0.076951
0 0.805980 0.249143 0.050790 0.079700
0 0.508548 0.072718 0.048595 0.076631
0 0.896533 0.187062 0.054046 0.084345
1 0.805324 0.637664 0.049912 0.054827
2 0.537824 0.427890 0.043673 0.071514
2 0.752682 0.356973 0.022617 0.036949
2 0.982747 0.671037 0.021057 0.033373