0 0.289931 0.002615 0.049029 0.005230
0 0.003859 0.667301 0.007714 0.057741
0 0.063138 0.992782 0.037298 0.011831
0 0.433613 0.991738 0.038643 0.013706
0 0.009354 0.980966 0.018691 0.035348
0 0.609177 0.991226 0.041382 0.014534
0 0.089291 0.006290 0.048776 0.012580
0 0.992633 0.415568 0.013143 0.065887
0 0.992085 0.562518 0.014241 0.068663
0 0.167649 0.987840 0.043019 0.021556
0 0.990786 0.775771 0.016848 0.080638
0 0.681869 0.987591 0.043577 0.021821
0 0.989062 0.213477 0.020220 0.083714
0 0.989858 0.121687 0.018736 0.070805
0 0.980262 0.969105 0.037652 0.058493
0 0.019104 0.811091 0.038207 0.076194
0 0.354128 0.979622 0.046133 0.037418
0 0.471117 0.897380 0.040643 0.063064
0 0.017976 0.185106 0.035952 0.079528
0 0.015442 0.471206 0.030884 0.071727
0 0.791057 0.976413 0.045521 0.044640
0 0.311935 0.932619 0.045623 0.069609
0 0.984821 0.041232 0.028706 0.080362
0 0.139096 0.957546 0.050842 0.072705
0 0.164127 0.893708 0.049793 0.071067
0 0.809447 0.587039 0.042964 0.061128
0 0.534568 0.966623 0.047675 0.063307
0 0.401987 0.796207 0.049171 0.076810
0 0.982554 0.303174 0.033120 0.073263
0 0.977614 0.626461 0.042784 0.072611
0 0.732112 0.636237 0.052195 0.067053
0 0.462336 0.585748 0.053756 0.070937
0 0.441231 0.655549 0.048400 0.075011
0 0.602981 0.835651 0.049652 0.073990
0 0.593332 0.032350 0.043343 0.064608
0 0.611678 0.675110 0.050370 0.080441
0 0.076921 0.923893 0.052632 0.078820
0 0.254914 0.955169 0.052341 0.079602
0 0.489477 0.677253 0.049192 0.079836
0 0.820699 0.854173 0.049168 0.073179
0 0.087137 0.050483 0.049512 0.071604
0 0.554889 0.060192 0.048511 0.079065
0 0.435237 0.027699 0.052533 0.055399
0 0.644250 0.875313 0.048041 0.073933
0 0.211656 0.912543 0.047415 0.083661
0 0.964197 0.866975 0.048745 0.072677
0 0.978393 0.482664 0.041257 0.074094
0 0.182446 0.414931 0.052127 0.074629
0 0.061301 0.197732 0.046289 0.072769
0 0.568405 0.699186 0.046957 0.072331
0 0.024616 0.082846 0.049094 0.081017
0 0.445828 0.836399 0.055078 0.083770
0 0.060501 0.709283 0.048716 0.071334
0 0.368030 0.481341 0.047561 0.070284
0 0.701519 0.937191 0.053639 0.077999
0 0.171759 0.034586 0.043734 0.069173
0 0.867951 0.725382 0.051670 0.074511
0 0.120729 0.747932 0.046995 0.074490
0 0.426086 0.942051 0.050135 0.081996
0 0.888357 0.959382 0.049306 0.076006
0 0.790308 0.914597 0.047544 0.069062
0 0.131070 0.089425 0.050988 0.079535
0 0.063601 0.632888 0.048522 0.072899
0 0.258080 0.666854 0.048797 0.073029
0 0.299050 0.232572 0.048774 0.077158
0 0.618887 0.593062 0.057991 0.080481
0 0.483092 0.057853 0.041834 0.065860
0 0.155120 0.604894 0.048898 0.076706
0 0.026558 0.576035 0.048346 0.072320
0 0.570566 0.778039 0.050491 0.076312
0 0.742677 0.255514 0.042142 0.071966
0 0.050350 0.280696 0.048420 0.076200
0 0.148397 0.190542 0.055315 0.070551
0 0.969799 0.695167 0.047999 0.077365
0 0.393233 0.539659 0.048083 0.077873
0 0.134912 0.331595 0.048529 0.069639
0 0.468891 0.127869 0.047770 0.072775
0 0.171024 0.806679 0.049664 0.071243
0 0.221570 0.173073 0.045306 0.067546
0 0.743309 0.571412 0.053582 0.068650
0 0.404170 0.714007 0.051581 0.077808
0 0.049822 0.366387 0.050368 0.080373
0 0.257014 0.759749 0.051273 0.075794
0 0.177144 0.133411 0.048733 0.076803
0 0.815706 0.657004 0.049602 0.071760
0 0.531543 0.118395 0.046936 0.079380
0 0.435471 0.186498 0.048970 0.078446
0 0.551928 0.868942 0.051792 0.079144
0 0.665947 0.799624 0.046336 0.077399
0 0.795042 0.810904 0.048434 0.071581
0 0.687371 0.079208 0.049209 0.080826
0 0.244633 0.841108 0.058872 0.084816
0 0.639752 0.055441 0.047009 0.081401
0 0.441753 0.520103 0.048868 0.073639
0 0.132523 0.538004 0.053450 0.076587
0 0.347563 0.875815 0.051239 0.080888
0 0.309659 0.088466 0.048287 0.087961
0 0.732067 0.777608 0.057632 0.085845
0 0.586541 0.532049 0.047126 0.075507
0 0.253828 0.266164 0.047842 0.079742
0 0.359802 0.110877 0.049992 0.084628
0 0.178496 0.276120 0.052732 0.077586
0 0.944361 0.797402 0.056030 0.081203
0 0.275951 0.156767 0.055727 0.086982
0 0.869452 0.650465 0.049898 0.069187
0 0.215806 0.354145 0.053783 0.082756
0 0.851601 0.910384 0.048953 0.079561
0 0.182174 0.724839 0.051695 0.084335
0 0.112448 0.259615 0.054120 0.080262
0 0.688669 0.690449 0.049818 0.076445
0 0.664798 0.227111 0.047028 0.072032
0 0.663941 0.149979 0.049946 0.074230
0 0.718392 0.860188 0.053253 0.076743
0 0.292066 0.496488 0.049568 0.079886
0 0.206032 0.642463 0.047189 0.080928
0 0.504678 0.454614 0.049398 0.071635
0 0.751309 0.700760 0.050922 0.073441
0 0.834599 0.442252 0.047940 0.075793
0 0.946517 0.539836 0.045306 0.075251
0 0.922053 0.724562 0.050262 0.081344
0 0.511824 0.367633 0.049430 0.070624
0 0.498879 0.535601 0.052632 0.080813
0 0.347384 0.209220 0.049199 0.080893
0 0.768420 0.512385 0.052606 0.075820
0 0.660121 0.551620 0.051565 0.074864
0 0.718789 0.478024 0.050424 0.079341
0 0.665769 0.386756 0.050304 0.069044
0 0.081482 0.507869 0.049200 0.071918
0 0.710427 0.186385 0.048322 0.080831
0 0.579597 0.228011 0.051958 0.080456
0 0.524080 0.202663 0.048205 0.079650
0 0.850660 0.370578 0.045327 0.070828
0 0.831432 0.297881 0.045604 0.068043
0 0.609221 0.387361 0.053741 0.081988
0 0.441925 0.330841 0.046972 0.070235
0 0.296160 0.592583 0.052276 0.082609
0 0.662065 0.471949 0.053591 0.078114
0 0.886423 0.581271 0.051807 0.075213
0 0.791002 0.142007 0.047147 0.073757
0 0.329509 0.389736 0.055276 0.081394
0 0.463927 0.256480 0.051701 0.083626
0 0.789458 0.056579 0.051695 0.079222
0 0.184599 0.492837 0.048915 0.071935
0 0.900973 0.499216 0.049970 0.080112
0 0.753738 0.414697 0.049949 0.072945
0 0.594730 0.306994 0.054437 0.080797
0 0.933732 0.030186 0.050716 0.060372
0 0.687752 0.308660 0.054379 0.088664
0 0.837430 0.159693 0.045189 0.078234
0 0.912810 0.186471 0.039000 0.086316
0 0.959265 0.178941 0.047753 0.081622
0 0.918927 0.096039 0.049016 0.072784
0 0.399449 0.380275 0.054676 0.076217
0 0.783503 0.221849 0.048153 0.074154
0 0.326689 0.304175 0.052183 0.075310
0 0.534692 0.304360 0.049769 0.074718
0 0.754861 0.331119 0.050639 0.079071
0 0.869419 0.050637 0.055474 0.089971
0 0.886419 0.292620 0.052333 0.079333
1 0.549523 0.493445 0.029636 0.061979
1 0.911778 0.358164 0.044453 0.067938
1 0.843928 0.548272 0.052252 0.073897
2 0.217293 0.300954 0.014038 0.025030
2 0.344803 0.443385 0.021057 0.026222
2 0.694191 0.021454 0.024176 0.038141
2 0.640769 0.648391 0.024956 0.033373