0 0.852482 0.003264 0.034935 0.006529
0 0.383767 0.003285 0.031039 0.006552
0 0.996581 0.890831 0.005717 0.051125
0 0.330797 0.993577 0.030764 0.010344
0 0.004562 0.971215 0.009124 0.054508
0 0.995363 0.739466 0.007931 0.056129
0 0.005131 0.740955 0.010246 0.066346
0 0.993560 0.183555 0.011252 0.060634
0 0.567335 0.990804 0.036675 0.015591
0 0.984932 0.009913 0.028453 0.019805
0 0.006476 0.145652 0.012953 0.066887
0 0.990055 0.813908 0.018120 0.070296
0 0.986386 0.965290 0.025562 0.066211
0 0.440866 0.009017 0.044977 0.018034
0 0.282692 0.983932 0.046073 0.028868
0 0.680672 0.981823 0.052557 0.033303
0 0.017291 0.901349 0.034583 0.083422
0 0.018410 0.818068 0.036819 0.074238
0 0.227620 0.975356 0.058141 0.045727
0 0.396521 0.982365 0.047271 0.031973
0 0.404648 0.923697 0.035511 0.054610
0 0.657496 0.948019 0.060708 0.071983
0 0.986564 0.252348 0.024931 0.070861
0 0.060077 0.830826 0.040881 0.067735
0 0.768416 0.974663 0.048414 0.047312
0 0.830911 0.969007 0.051136 0.058573
0 0.661111 0.873375 0.054226 0.075340
0 0.656059 0.799381 0.050684 0.064334
0 0.684693 0.747864 0.043641 0.067915
0 0.256825 0.930114 0.046610 0.079920
0 0.539969 0.018308 0.048677 0.036616
0 0.709302 0.920941 0.047419 0.075654
0 0.523587 0.952791 0.051270 0.072831
0 0.766297 0.883162 0.047880 0.075795
0 0.363496 0.696850 0.047004 0.064969
0 0.063403 0.036765 0.057490 0.073530
0 0.109121 0.955118 0.048604 0.077950
0 0.879659 0.825114 0.049511 0.074213
0 0.022133 0.370189 0.044266 0.075303
0 0.486455 0.898681 0.054275 0.085497
0 0.161406 0.773166 0.044035 0.070422
0 0.105180 0.847498 0.045600 0.077516
0 0.738912 0.814237 0.048547 0.075837
0 0.056515 0.752175 0.055397 0.079915
0 0.811268 0.852871 0.045340 0.074641
0 0.782169 0.776991 0.047272 0.076377
0 0.953821 0.755622 0.044712 0.071936
0 0.020018 0.232730 0.040036 0.087523
0 0.830395 0.598144 0.044769 0.071030
0 0.421528 0.802998 0.046936 0.073282
0 0.165711 0.686733 0.046420 0.066694
0 0.346918 0.563126 0.054581 0.072465
0 0.255269 0.763571 0.048934 0.075155
0 0.912897 0.934773 0.052301 0.080212
0 0.165838 0.952672 0.051664 0.070950
0 0.352298 0.636016 0.063231 0.073876
0 0.154470 0.211855 0.049122 0.075928
0 0.477185 0.820314 0.053285 0.068947
0 0.154266 0.871636 0.051944 0.080238
0 0.206267 0.734449 0.048557 0.078169
0 0.906073 0.766566 0.051435 0.083214
0 0.115299 0.737141 0.053049 0.078774
0 0.146964 0.319045 0.045295 0.067794
0 0.656193 0.683233 0.048387 0.081766
0 0.552294 0.485987 0.048351 0.076137
0 0.455732 0.751273 0.044843 0.067479
0 0.785035 0.475485 0.045007 0.072328
0 0.297498 0.024566 0.057135 0.049121
0 0.554272 0.695912 0.047639 0.083064
0 0.564028 0.868540 0.051905 0.080017
0 0.260637 0.845588 0.050717 0.075377
0 0.353602 0.830751 0.052492 0.075704
0 0.492179 0.224601 0.054049 0.074828
0 0.972492 0.617458 0.047727 0.085319
0 0.410452 0.555507 0.046846 0.077383
0 0.320803 0.893271 0.050009 0.076609
0 0.377401 0.766500 0.053106 0.078393
0 0.549614 0.785799 0.051717 0.078082
0 0.524123 0.292425 0.042772 0.075318
0 0.520857 0.544483 0.050406 0.077303
0 0.404923 0.044690 0.045558 0.069488
0 0.325353 0.182618 0.048112 0.073330
0 0.536098 0.415375 0.054425 0.079964
0 0.151810 0.081239 0.046706 0.079815
0 0.455028 0.176014 0.047505 0.070745
0 0.556275 0.596905 0.049783 0.077920
0 0.450930 0.651976 0.050398 0.074620
0 0.597505 0.455483 0.048473 0.078312
0 0.773508 0.660993 0.046087 0.068176
0 0.674696 0.604382 0.048424 0.076532
0 0.212381 0.649964 0.049080 0.077227
0 0.122402 0.146204 0.050950 0.083082
0 0.512885 0.062621 0.046078 0.074830
0 0.714006 0.558611 0.047919 0.075216
0 0.836911 0.321619 0.045772 0.064388
0 0.463468 0.581331 0.057378 0.069440
0 0.071057 0.364714 0.048216 0.077393
0 0.380499 0.386530 0.046694 0.075549
0 0.120177 0.644045 0.051115 0.076014
0 0.126476 0.564586 0.051381 0.076104
0 0.278298 0.238278 0.048420 0.078291
0 0.653731 0.254231 0.046296 0.101476
0 0.501399 0.360483 0.055539 0.080054
0 0.627853 0.029921 0.053027 0.059842
0 0.621090 0.296446 0.052577 0.085933
0 0.218032 0.198154 0.050079 0.078419
0 0.118493 0.422672 0.050896 0.080166
0 0.111946 0.255902 0.051324 0.085240
0 0.399465 0.125343 0.047019 0.068733
0 0.832850 0.453514 0.051867 0.078343
0 0.857020 0.387725 0.046150 0.072742
0 0.245727 0.587912 0.050902 0.078279
0 0.372332 0.497336 0.052219 0.082916
0 0.300539 0.418561 0.052605 0.082628
0 0.500928 0.711508 0.050682 0.081134
0 0.144866 0.491708 0.050842 0.073222
0 0.975929 0.071980 0.044779 0.074712
0 0.275196 0.138238 0.046251 0.078440
0 0.807456 0.389602 0.052910 0.083570
0 0.237396 0.380377 0.049020 0.074376
0 0.310642 0.756580 0.052258 0.082820
0 0.451148 0.329400 0.048768 0.071907
0 0.620478 0.613053 0.052321 0.076082
0 0.185164 0.272905 0.050912 0.077665
0 0.388303 0.302422 0.048373 0.069120
0 0.251586 0.303765 0.049947 0.075027
0 0.469851 0.101164 0.054688 0.079303
0 0.839369 0.039531 0.043926 0.070434
0 0.368409 0.237968 0.051983 0.079951
0 0.061929 0.287381 0.053403 0.071203
0 0.333718 0.104313 0.052753 0.075676
0 0.321482 0.272251 0.049211 0.071844
0 0.322828 0.352344 0.055236 0.081579
0 0.196666 0.125331 0.052294 0.079017
0 0.288879 0.502199 0.049818 0.076096
0 0.869011 0.664296 0.054801 0.083311
0 0.927220 0.088311 0.051843 0.075072
0 0.049325 0.162006 0.047580 0.074471
0 0.556801 0.232286 0.049104 0.074652
0 0.684782 0.193596 0.048583 0.070868
0 0.861148 0.534423 0.053205 0.089144
0 0.768515 0.031046 0.053241 0.062092
0 0.619646 0.183376 0.052844 0.077812
0 0.635920 0.383053 0.052115 0.084481
0 0.929873 0.165688 0.048452 0.072133
0 0.889753 0.039665 0.048058 0.077485
0 0.894651 0.272742 0.044673 0.073518
0 0.792858 0.245307 0.045254 0.080545
0 0.943857 0.290053 0.049720 0.076022
0 0.739913 0.346301 0.051998 0.082955
0 0.779391 0.098157 0.057567 0.079974
0 0.701905 0.270190 0.049901 0.082253
0 0.563786 0.131625 0.055120 0.079818
0 0.820056 0.163717 0.053779 0.077992
1 0.425131 0.481526 0.042894 0.047676
1 0.755411 0.722884 0.049912 0.053635
2 0.611913 0.126341 0.023396 0.042908
2 0.773349 0.297378 0.021837 0.034565
2 0.356892 0.363528 0.015598 0.026222
2 0.505069 0.790822 0.018717 0.029797
2 0.903979 0.876639 0.021057 0.029797
2 0.864985 0.963051 0.016378 0.026222