0 0.002359 0.110677 0.004702 0.046850
0 0.439011 0.994692 0.029181 0.008580
0 0.461021 0.004328 0.030211 0.008656
0 0.890980 0.008911 0.027692 0.017821
0 0.995731 0.434778 0.007309 0.061276
0 0.163818 0.236066 0.068597 0.105256
0 0.008157 0.610419 0.016313 0.058499
0 0.511813 0.989904 0.037907 0.017381
0 0.311940 0.991644 0.037252 0.013891
0 0.993282 0.548182 0.011901 0.066079
0 0.617888 0.990143 0.037567 0.016703
0 0.990438 0.666894 0.017483 0.079720
0 0.113307 0.990795 0.044280 0.015460
0 0.669752 0.487182 0.048157 0.078856
0 0.009467 0.782200 0.018919 0.069771
0 0.639038 0.513109 0.047281 0.075524
0 0.647788 0.797711 0.046613 0.071275
0 0.148316 0.449170 0.046793 0.081337
0 0.645884 0.731478 0.046069 0.072148
0 0.570625 0.464815 0.053296 0.073304
0 0.839151 0.986886 0.042793 0.023015
0 0.088352 0.608374 0.046335 0.075870
0 0.183715 0.417800 0.045544 0.080136
0 0.020045 0.670394 0.040091 0.085610
0 0.529048 0.853029 0.051436 0.074888
0 0.947478 0.918306 0.043911 0.066492
0 0.209007 0.983255 0.039449 0.030407
0 0.571233 0.394916 0.045378 0.071615
0 0.924783 0.959493 0.041963 0.069172
0 0.526289 0.921928 0.043849 0.070170
0 0.130617 0.578623 0.049182 0.079765
0 0.400200 0.979012 0.049021 0.038827
0 0.531267 0.789512 0.049179 0.070086
0 0.155228 0.134380 0.040190 0.063136
0 0.019086 0.046295 0.038063 0.080651
0 0.216915 0.280867 0.053905 0.105753
0 0.317368 0.351042 0.041467 0.074310
0 0.236992 0.924606 0.044576 0.072442
0 0.772229 0.979819 0.048392 0.037212
0 0.053853 0.042890 0.040122 0.073186
0 0.716916 0.012942 0.044176 0.025885
0 0.435314 0.476890 0.047020 0.075559
0 0.257055 0.976878 0.048190 0.043161
0 0.711093 0.437064 0.051997 0.081628
0 0.236216 0.854892 0.046546 0.076405
0 0.324122 0.927974 0.042918 0.066903
0 0.977936 0.615869 0.042172 0.078252
0 0.161371 0.653011 0.047976 0.076095
0 0.366185 0.361939 0.045171 0.076761
0 0.474129 0.437124 0.048790 0.070354
0 0.286853 0.298290 0.049189 0.078090
0 0.317169 0.730720 0.054007 0.081741
0 0.709739 0.978017 0.049701 0.040875
0 0.276608 0.638530 0.043123 0.073771
0 0.457543 0.858435 0.046489 0.067944
0 0.470770 0.779612 0.049142 0.078220
0 0.180784 0.099428 0.040638 0.071250
0 0.254596 0.784102 0.042619 0.070641
0 0.110676 0.502968 0.045454 0.072333
0 0.659465 0.387234 0.050813 0.076236
0 0.433770 0.232412 0.075489 0.079348
0 0.467911 0.684752 0.045675 0.078856
0 0.342935 0.857026 0.048551 0.075676
0 0.564231 0.970450 0.048865 0.055925
0 0.034312 0.969975 0.048056 0.056946
0 0.395831 0.436150 0.045379 0.065531
0 0.511913 0.720294 0.047915 0.071740
0 0.601391 0.691306 0.049946 0.080414
0 0.863818 0.029373 0.042214 0.058654
0 0.262527 0.424448 0.044779 0.069479
0 0.482361 0.958326 0.048332 0.076449
0 0.657275 0.876333 0.049443 0.077185
0 0.377563 0.292934 0.047266 0.076202
0 0.015532 0.376452 0.031033 0.079957
0 0.379646 0.914498 0.047536 0.078286
0 0.411087 0.556067 0.046416 0.071121
0 0.202402 0.017162 0.043505 0.034323
0 0.029610 0.808026 0.047913 0.080788
0 0.666793 0.657517 0.051108 0.080518
0 0.811429 0.949065 0.044479 0.068894
0 0.232295 0.479783 0.047122 0.076038
0 0.297466 0.821007 0.046023 0.075118
0 0.984580 0.165364 0.028956 0.079936
0 0.368317 0.497296 0.047772 0.079503
0 0.187091 0.934785 0.047162 0.079131
0 0.433422 0.932358 0.049456 0.082410
0 0.191903 0.601573 0.051851 0.080284
0 0.758447 0.814496 0.050481 0.082488
0 0.365279 0.768241 0.048756 0.087445
0 0.868650 0.896357 0.045756 0.075115
0 0.833182 0.826333 0.045431 0.072354
0 0.794640 0.755761 0.048050 0.076327
0 0.587155 0.545596 0.050172 0.074111
0 0.584517 0.771446 0.048724 0.071387
0 0.077271 0.924313 0.048258 0.079590
0 0.796335 0.507058 0.044751 0.074199
0 0.236758 0.690447 0.047804 0.074315
0 0.725891 0.896317 0.052181 0.082242
0 0.021018 0.198064 0.042037 0.077148
0 0.744175 0.390488 0.049698 0.077877
0 0.735868 0.547047 0.053743 0.085696
0 0.254451 0.553984 0.049127 0.075606
0 0.695973 0.358231 0.046963 0.075624
0 0.424671 0.741059 0.049250 0.080490
0 0.471258 0.372891 0.045843 0.072395
0 0.974392 0.848201 0.049037 0.079981
0 0.137137 0.949332 0.044063 0.073755
0 0.721643 0.753703 0.046443 0.080720
0 0.177138 0.822941 0.044827 0.077676
0 0.502128 0.029465 0.047654 0.058931
0 0.916847 0.757780 0.046673 0.071822
0 0.329503 0.437899 0.052181 0.084463
0 0.095379 0.322037 0.047666 0.074531
0 0.896677 0.533777 0.042220 0.071038
0 0.350114 0.652290 0.044702 0.076698
0 0.132306 0.372424 0.049897 0.082082
0 0.619128 0.613526 0.048165 0.075591
0 0.109582 0.771338 0.044099 0.071812
0 0.307302 0.574837 0.046838 0.075721
0 0.079709 0.836805 0.048509 0.077467
0 0.753457 0.478540 0.045155 0.074658
0 0.026656 0.554826 0.049341 0.072477
0 0.225896 0.374177 0.045812 0.071497
0 0.462157 0.304026 0.048086 0.064400
0 0.577815 0.146551 0.043170 0.068911
0 0.059064 0.374981 0.043937 0.068969
0 0.982982 0.079963 0.032104 0.079637
0 0.698149 0.257045 0.045754 0.079244
0 0.559750 0.637377 0.046904 0.077091
0 0.229221 0.062269 0.044034 0.075539
0 0.900035 0.833498 0.048689 0.077713
0 0.519562 0.376740 0.041585 0.074139
0 0.880830 0.600630 0.049726 0.077557
0 0.979643 0.256472 0.038692 0.073675
0 0.583579 0.325607 0.046558 0.069163
0 0.340587 0.246549 0.049079 0.080910
0 0.788410 0.633000 0.050898 0.079357
0 0.087929 0.096455 0.050892 0.080207
0 0.633095 0.324690 0.045191 0.069074
0 0.547032 0.186727 0.043886 0.081833
0 0.048841 0.451539 0.047605 0.075037
0 0.550458 0.272957 0.046225 0.072490
0 0.256116 0.237945 0.043924 0.080572
0 0.831784 0.565910 0.049493 0.078128
0 0.137196 0.069501 0.045999 0.077583
0 0.506213 0.624723 0.046723 0.079637
0 0.833144 0.451247 0.046574 0.082162
0 0.497425 0.134800 0.046267 0.070063
0 0.874655 0.473493 0.042377 0.073618
0 0.269695 0.055823 0.045290 0.075890
0 0.469413 0.078407 0.044105 0.069296
0 0.097376 0.228324 0.043398 0.072042
0 0.796263 0.380847 0.047070 0.075017
0 0.956297 0.713677 0.046123 0.069569
0 0.299447 0.211880 0.044306 0.075156
0 0.844791 0.709871 0.054623 0.089507
0 0.419681 0.375379 0.047278 0.079930
0 0.751006 0.046821 0.045328 0.071827
0 0.284752 0.133351 0.043231 0.073865
0 0.931196 0.601186 0.044143 0.078137
0 0.225418 0.139098 0.046055 0.064184
0 0.924425 0.359308 0.044257 0.066549
0 0.353372 0.160640 0.046259 0.075570
0 0.744312 0.297487 0.048950 0.070344
0 0.797389 0.054621 0.048037 0.071351
0 0.659448 0.034702 0.047987 0.068242
0 0.588072 0.070230 0.042389 0.077742
0 0.321797 0.064182 0.048434 0.075754
0 0.690458 0.111855 0.042562 0.070760
0 0.537882 0.070456 0.052544 0.081494
0 0.721685 0.174764 0.047613 0.072418
0 0.869686 0.098889 0.049160 0.073174
0 0.834488 0.334180 0.045552 0.076683
0 0.768768 0.219721 0.045381 0.081289
0 0.924750 0.280583 0.042638 0.073667
0 0.776859 0.122579 0.047230 0.077780
0 0.824715 0.174071 0.043237 0.072713
0 0.943032 0.151070 0.044857 0.076356
0 0.883281 0.318689 0.047192 0.076918
0 0.932903 0.483438 0.047393 0.075100
0 0.393872 0.055077 0.048768 0.074353
0 0.640948 0.141651 0.054819 0.080113
0 0.873683 0.181917 0.044742 0.070147
0 0.826740 0.251177 0.045704 0.068942
0 0.921008 0.085343 0.048067 0.072797
1 0.498440 0.228248 0.042894 0.065554
1 0.645838 0.233611 0.058491 0.088200
1 0.397835 0.625745 0.049133 0.054827
0 0.422792 0.647795 0.046013 0.077473
2 0.142424 0.719905 0.021837 0.038141
2 0.167770 0.762813 0.024176 0.033373
2 0.009601 0.849821 0.019203 0.035757
2 0.505069 0.466627 0.029636 0.046484
2 0.546403 0.692491 0.017157 0.033373
2 0.936344 0.872467 0.028076 0.038141
2 0.971829 0.340882 0.016378 0.026222
2 0.592416 0.193683 0.018717 0.029797
2 0.535485 0.321216 0.017157 0.029797
2 0.488302 0.187128 0.013258 0.023838
2 0.354552 0.047080 0.017157 0.029797
1 0.464515 0.527414 0.048353 0.082241
1 0.500780 0.532777 0.047573 0.076281
2 0.553422 0.504768 0.018717 0.027414
2 0.659096 0.992253 0.022617 0.015495