0 0.997381 0.023889 0.004640 0.047583
0 0.806475 0.004605 0.037473 0.009209
0 0.006131 0.472737 0.012262 0.059278
0 0.973172 0.989412 0.045979 0.018494
0 0.528434 0.006413 0.042614 0.012826
0 0.561081 0.991062 0.043166 0.015312
0 0.007767 0.806762 0.015535 0.073736
0 0.993024 0.843406 0.012440 0.072267
0 0.992526 0.399094 0.013519 0.070427
0 0.009424 0.198054 0.018808 0.080816
0 0.989002 0.575648 0.020133 0.068943
0 0.280782 0.983094 0.052483 0.030753
0 0.028381 0.982204 0.047309 0.032781
0 0.014067 0.405802 0.028124 0.069478
0 0.920103 0.014373 0.047896 0.028726
0 0.014992 0.297246 0.029965 0.079761
0 0.044194 0.036688 0.052597 0.073376
0 0.982154 0.086064 0.033967 0.077383
0 0.030429 0.716183 0.039660 0.065272
0 0.807237 0.869642 0.053554 0.076535
0 0.268798 0.723164 0.041547 0.066940
0 0.982132 0.487005 0.033808 0.080356
0 0.174080 0.023275 0.051920 0.046550
0 0.470003 0.930480 0.049881 0.078888
0 0.826327 0.943824 0.056508 0.081922
0 0.381964 0.135820 0.043611 0.084120
0 0.128609 0.852120 0.049189 0.070906
0 0.703687 0.691372 0.046304 0.069200
0 0.631614 0.023903 0.051275 0.047805
0 0.607561 0.511149 0.043788 0.067559
0 0.981295 0.206646 0.035631 0.077234
0 0.665157 0.522337 0.048012 0.082140
0 0.227344 0.959306 0.053975 0.078347
0 0.939174 0.948470 0.054370 0.091076
0 0.754842 0.846216 0.049414 0.075348
0 0.318520 0.773315 0.047179 0.076313
0 0.564163 0.695124 0.051541 0.067715
0 0.085349 0.080283 0.045056 0.062487
0 0.368710 0.026997 0.051357 0.053988
0 0.640852 0.935430 0.058791 0.090171
0 0.152712 0.950590 0.049963 0.077717
0 0.318366 0.662050 0.054782 0.088067
0 0.338642 0.912922 0.052140 0.073212
0 0.739621 0.749228 0.048274 0.072819
0 0.417377 0.041623 0.047192 0.073511
0 0.446507 0.192841 0.052423 0.059020
0 0.195249 0.720281 0.051071 0.077630
0 0.259079 0.578645 0.056246 0.070784
0 0.554915 0.323550 0.044883 0.073147
0 0.341652 0.113755 0.050772 0.082907
0 0.237548 0.190281 0.049010 0.074520
0 0.213710 0.641512 0.050748 0.076537
0 0.712174 0.027437 0.059378 0.054875
0 0.230124 0.027126 0.051172 0.054253
0 0.028675 0.526058 0.052169 0.083480
0 0.949474 0.828881 0.049263 0.070065
0 0.695823 0.092226 0.047087 0.076233
0 0.939531 0.480623 0.045783 0.073738
0 0.898422 0.717704 0.049146 0.083938
0 0.108426 0.346042 0.043494 0.066017
0 0.174483 0.434793 0.050721 0.076496
0 0.400825 0.699905 0.057635 0.086415
0 0.662225 0.850362 0.048850 0.080861
0 0.407294 0.933041 0.055608 0.087209
0 0.255224 0.115082 0.052394 0.079845
0 0.183761 0.823625 0.054402 0.081957
0 0.779273 0.594965 0.053973 0.078980
0 0.524658 0.875792 0.055836 0.082679
0 0.821991 0.354615 0.052542 0.072897
0 0.120640 0.418302 0.047105 0.069481
0 0.574361 0.779337 0.060099 0.088676
0 0.059161 0.636807 0.057227 0.083035
0 0.430871 0.131252 0.050982 0.083196
0 0.297195 0.068575 0.050250 0.078607
0 0.956983 0.746215 0.053064 0.079781
0 0.111149 0.778775 0.054235 0.076395
0 0.148210 0.117514 0.046266 0.078564
0 0.059776 0.346818 0.046689 0.066376
0 0.678380 0.431990 0.058069 0.095411
0 0.716994 0.562838 0.055281 0.077436
0 0.789068 0.496437 0.058977 0.082353
0 0.087070 0.253799 0.050788 0.075772
0 0.454128 0.763008 0.055203 0.083590
0 0.864418 0.826062 0.051454 0.084030
0 0.045249 0.178988 0.045394 0.073986
0 0.282539 0.504046 0.053280 0.078610
0 0.890647 0.075528 0.050671 0.080393
0 0.123915 0.609489 0.054904 0.082625
0 0.211214 0.499976 0.053029 0.082026
0 0.878378 0.572597 0.047377 0.072836
0 0.616653 0.660676 0.055948 0.074623
0 0.562799 0.038915 0.051220 0.076362
0 0.911741 0.632497 0.051906 0.076365
0 0.126709 0.521144 0.051821 0.078271
0 0.775045 0.213397 0.050804 0.076797
0 0.510227 0.096616 0.056491 0.081708
0 0.539395 0.456885 0.052139 0.084591
0 0.499978 0.181068 0.045178 0.076992
0 0.745825 0.116850 0.052774 0.080471
0 0.477459 0.342510 0.063495 0.068492
0 0.357479 0.474461 0.050605 0.076185
0 0.814275 0.053063 0.055997 0.086950
0 0.504303 0.559888 0.051536 0.080127
0 0.642922 0.362836 0.055079 0.083315
0 0.569113 0.136707 0.054635 0.079602
0 0.278538 0.236685 0.054186 0.077853
0 0.823177 0.273454 0.053125 0.076803
0 0.662694 0.262050 0.048641 0.076369
0 0.954358 0.401987 0.053115 0.079829
0 0.361056 0.385255 0.052964 0.081504
0 0.396485 0.310910 0.051370 0.075595
0 0.558038 0.233881 0.048771 0.074296
0 0.145891 0.288708 0.055983 0.086249
0 0.919859 0.175163 0.048044 0.080654
0 0.716398 0.239225 0.052148 0.081832
0 0.836195 0.174462 0.057875 0.083778
1 0.363911 0.575089 0.038994 0.067938
1 0.393546 0.625745 0.048353 0.047676
2 0.277344 0.352801 0.024956 0.038141
2 0.520277 0.331943 0.019497 0.029797