0 0.005262 0.030489 0.010524 0.060726
0 0.005376 0.228766 0.010752 0.067241
0 0.238104 0.975357 0.044497 0.046358
0 0.079732 0.989572 0.047608 0.018060
0 0.194895 0.976040 0.051265 0.044922
0 0.993649 0.202641 0.011126 0.066036
0 0.981228 0.978441 0.035721 0.040173
0 0.991972 0.417050 0.014345 0.069754
0 0.990709 0.517318 0.016794 0.071967
0 0.434842 0.985294 0.050039 0.026298
0 0.931713 0.985958 0.046377 0.025238
0 0.016910 0.971289 0.033820 0.054480
0 0.011315 0.535056 0.022583 0.089503
0 0.984806 0.022873 0.028786 0.045665
0 0.012535 0.781925 0.025070 0.077581
0 0.141308 0.137133 0.060712 0.085010
0 0.014018 0.345331 0.028035 0.091867
0 0.188515 0.911122 0.050377 0.065877
0 0.154453 0.850060 0.044547 0.064232
0 0.018586 0.154034 0.037171 0.072823
0 0.982845 0.602596 0.032333 0.086813
0 0.438799 0.887490 0.049742 0.073292
0 0.569210 0.021484 0.045959 0.042968
0 0.030208 0.869447 0.060417 0.095956
0 0.516580 0.024107 0.047988 0.048137
0 0.883868 0.928467 0.049019 0.072233
0 0.894707 0.020482 0.051046 0.040962
0 0.193231 0.193703 0.051103 0.086804
0 0.031826 0.446888 0.049505 0.074564
0 0.704470 0.953942 0.052334 0.081910
0 0.805323 0.549112 0.042101 0.056424
0 0.708053 0.655808 0.042817 0.064306
0 0.927526 0.706917 0.040472 0.064839
0 0.102052 0.887962 0.049495 0.076002
0 0.309484 0.028024 0.050242 0.055934
0 0.746660 0.866524 0.046769 0.064219
0 0.170145 0.345097 0.052222 0.078385
0 0.027947 0.704975 0.046961 0.074888
0 0.518003 0.409072 0.040627 0.084481
0 0.413045 0.515583 0.050307 0.081703
0 0.651941 0.908077 0.052395 0.085569
0 0.886275 0.585990 0.052962 0.069384
0 0.040411 0.082645 0.053688 0.090240
0 0.979686 0.119042 0.038747 0.082630
0 0.890845 0.845664 0.057277 0.068278
0 0.396429 0.839714 0.065495 0.090554
0 0.331706 0.317070 0.044927 0.063809
0 0.515800 0.778042 0.051748 0.074370
0 0.802533 0.024822 0.052764 0.049644
0 0.281499 0.860557 0.054529 0.085031
0 0.616942 0.590041 0.046502 0.074901
0 0.935461 0.635120 0.052936 0.071087
0 0.317848 0.433014 0.045226 0.073646
0 0.362016 0.606551 0.051232 0.072480
0 0.664550 0.028856 0.054593 0.057603
0 0.382496 0.756101 0.051223 0.077032
0 0.475056 0.474677 0.054320 0.079020
0 0.276825 0.745211 0.051402 0.074813
0 0.589223 0.528398 0.049971 0.074406
0 0.061041 0.773240 0.045782 0.085734
0 0.928155 0.553114 0.044458 0.079332
0 0.221653 0.840845 0.053469 0.080559
0 0.513532 0.863107 0.056272 0.083652
0 0.874675 0.676963 0.051636 0.088580
0 0.700967 0.730142 0.047295 0.071740
0 0.837366 0.904115 0.048492 0.073843
0 0.836427 0.077915 0.049404 0.069465
0 0.214409 0.392503 0.051182 0.075448
0 0.161050 0.424844 0.054725 0.074593
0 0.093401 0.029122 0.052114 0.058243
0 0.175528 0.033065 0.047569 0.066019
0 0.758388 0.437899 0.054099 0.067716
0 0.896370 0.761362 0.046213 0.084316
0 0.330675 0.721861 0.048671 0.089518
0 0.838013 0.609986 0.049749 0.078860
0 0.360613 0.037092 0.048877 0.074184
0 0.604172 0.850622 0.053321 0.082207
0 0.428179 0.433726 0.047374 0.076436
0 0.897890 0.485601 0.045368 0.077111
0 0.360672 0.527614 0.045830 0.075123
0 0.669042 0.605027 0.052602 0.079363
0 0.791714 0.220676 0.052720 0.084247
0 0.512007 0.696217 0.053530 0.077874
0 0.474243 0.569513 0.061981 0.073167
0 0.817270 0.813047 0.048917 0.076445
0 0.757403 0.541074 0.044085 0.066841
0 0.075919 0.250751 0.057130 0.098013
0 0.653273 0.455376 0.052971 0.075872
0 0.231488 0.491717 0.057302 0.087220
0 0.396829 0.673900 0.059919 0.079607
0 0.458438 0.670887 0.051631 0.081163
0 0.720869 0.048596 0.049250 0.084300
0 0.052919 0.539867 0.056372 0.087844
0 0.550516 0.476406 0.051374 0.084009
0 0.112466 0.802679 0.052374 0.080751
0 0.649204 0.749910 0.056101 0.096404
0 0.314392 0.244801 0.056300 0.074284
0 0.208693 0.097689 0.051401 0.081407
0 0.347778 0.122613 0.042040 0.079279
0 0.766786 0.626180 0.050031 0.078590
0 0.589142 0.192574 0.050018 0.074189
0 0.510717 0.323874 0.051704 0.070047
0 0.877890 0.404408 0.052765 0.082875
0 0.361025 0.384338 0.048730 0.076848
0 0.264971 0.056927 0.048439 0.088238
0 0.659971 0.366878 0.050316 0.082735
0 0.560709 0.273179 0.056605 0.084216
0 0.843882 0.473817 0.052908 0.082539
0 0.713089 0.343732 0.051066 0.079778
0 0.748604 0.261851 0.053267 0.096760
0 0.091443 0.682238 0.054711 0.079875
0 0.943744 0.047352 0.051226 0.078163
0 0.243094 0.243890 0.056412 0.089116
0 0.693225 0.138041 0.053649 0.079315
0 0.821298 0.151673 0.061676 0.081689
0 0.890506 0.107882 0.052669 0.088955
0 0.384611 0.283338 0.051611 0.083492
0 0.274461 0.352211 0.056392 0.089674
0 0.794489 0.364466 0.049609 0.081886
0 0.825639 0.285724 0.051093 0.081811
0 0.700533 0.512130 0.057204 0.096129
0 0.421377 0.349272 0.055534 0.082322
0 0.693080 0.235829 0.054599 0.096205
0 0.299419 0.162241 0.058915 0.085298
0 0.102757 0.440745 0.051958 0.078402
0 0.930307 0.181050 0.056663 0.093824
0 0.906980 0.292638 0.056642 0.087733
0 0.491722 0.108028 0.057246 0.083925
0 0.571959 0.110931 0.052936 0.080314
0 0.398026 0.132101 0.053553 0.086250
1 0.112789 0.095352 0.054592 0.066746
1 0.279683 0.476758 0.035875 0.057211
1 0.351822 0.941597 0.041334 0.071514
2 0.519887 0.595352 0.024956 0.041716
2 0.441509 0.949940 0.025736 0.035757