0 0.585383 0.993241 0.025811 0.011100
0 0.685599 0.991777 0.027058 0.013816
0 0.995428 0.610642 0.007721 0.065025
0 0.414155 0.004651 0.032317 0.009303
0 0.004127 0.098690 0.008254 0.055079
0 0.836129 0.991247 0.039057 0.014687
0 0.504405 0.976881 0.040209 0.043058
0 0.285010 0.008276 0.038889 0.016552
0 0.723496 0.983855 0.044855 0.029027
0 0.048283 0.986180 0.045007 0.024656
0 0.609540 0.898439 0.049399 0.074976
0 0.942183 0.023915 0.038980 0.047806
0 0.987278 0.488848 0.023350 0.080749
0 0.628093 0.837402 0.049601 0.068747
0 0.898573 0.014953 0.043784 0.029905
0 0.469613 0.932471 0.044820 0.075086
0 0.658118 0.769619 0.046254 0.074138
0 0.424372 0.971210 0.049874 0.054225
0 0.767616 0.964684 0.049529 0.067640
0 0.018896 0.879227 0.037792 0.074153
0 0.982076 0.697148 0.033877 0.082900
0 0.979395 0.039616 0.039358 0.079191
0 0.758837 0.790846 0.050913 0.077405
0 0.155678 0.883385 0.047206 0.077329
0 0.542180 0.011880 0.050030 0.023756
0 0.735245 0.868815 0.050035 0.088564
0 0.598202 0.673228 0.046987 0.077623
0 0.226370 0.967479 0.050083 0.061806
0 0.611098 0.740563 0.051675 0.077088
0 0.191980 0.927000 0.046423 0.082764
0 0.685160 0.841816 0.050291 0.088628
0 0.309519 0.891977 0.049671 0.080564
0 0.973660 0.958888 0.048474 0.070513
0 0.015802 0.551541 0.031603 0.079672
0 0.694215 0.499412 0.051948 0.078343
0 0.015689 0.287834 0.031377 0.082959
0 0.721523 0.630323 0.047353 0.071486
0 0.873704 0.936875 0.050203 0.077506
0 0.467991 0.853557 0.057418 0.077072
0 0.848990 0.687413 0.045208 0.076963
0 0.147635 0.716125 0.045364 0.070964
0 0.726416 0.554537 0.046488 0.073107
0 0.738111 0.708440 0.055727 0.084816
0 0.340989 0.952709 0.046723 0.073863
0 0.821278 0.386071 0.048414 0.075907
0 0.679542 0.417706 0.046716 0.084625
0 0.325181 0.537161 0.046442 0.073207
0 0.391177 0.916953 0.046314 0.075970
0 0.199585 0.841052 0.042834 0.078853
0 0.801110 0.744513 0.049726 0.082904
0 0.563713 0.624061 0.054449 0.087162
0 0.040189 0.754891 0.046369 0.075813
0 0.120915 0.375851 0.045384 0.078477
0 0.580168 0.428819 0.047624 0.083446
0 0.180278 0.547709 0.048080 0.073247
0 0.965672 0.875336 0.045244 0.084927
0 0.436013 0.599160 0.046927 0.086383
0 0.857510 0.801296 0.047630 0.079560
0 0.426474 0.687284 0.052077 0.084452
0 0.192967 0.737531 0.048326 0.081077
0 0.453801 0.395272 0.048290 0.084326
0 0.203090 0.619537 0.046667 0.077745
0 0.389559 0.628946 0.046662 0.079670
0 0.802098 0.260899 0.053760 0.081989
0 0.599555 0.512776 0.049730 0.078912
0 0.890947 0.580768 0.041461 0.090917
0 0.103654 0.013880 0.043697 0.027760
0 0.441684 0.513336 0.047438 0.078166
0 0.287276 0.718107 0.051169 0.071911
0 0.789705 0.330917 0.048333 0.072164
0 0.942394 0.537971 0.046945 0.073834
0 0.554133 0.534046 0.051022 0.091994
0 0.855771 0.509177 0.048938 0.078354
0 0.074527 0.902081 0.047900 0.075314
0 0.019262 0.185932 0.038524 0.080406
0 0.079261 0.810633 0.052053 0.094924
0 0.039952 0.414365 0.056075 0.072659
0 0.284530 0.820468 0.049782 0.074875
0 0.655325 0.333617 0.048456 0.083654
0 0.339503 0.762726 0.046162 0.076148
0 0.031706 0.349721 0.051278 0.069274
0 0.705804 0.023951 0.049461 0.047831
0 0.974126 0.394169 0.047907 0.079622
0 0.739703 0.124957 0.054232 0.069633
0 0.085322 0.471151 0.047916 0.102577
0 0.100666 0.571848 0.050623 0.083341
0 0.242720 0.024213 0.053439 0.048403
0 0.917970 0.773618 0.049294 0.074455
0 0.725764 0.390997 0.047273 0.076724
0 0.412352 0.430288 0.052672 0.094305
0 0.296800 0.475313 0.049997 0.074520
0 0.158044 0.626967 0.046079 0.085515
0 0.819267 0.081862 0.055523 0.087551
0 0.857516 0.151082 0.051827 0.085167
0 0.488905 0.342278 0.051979 0.080091
0 0.798767 0.462801 0.052504 0.084578
0 0.131217 0.460929 0.051967 0.084788
0 0.743380 0.199412 0.049963 0.077179
0 0.683510 0.260209 0.051099 0.079239
0 0.556076 0.327350 0.051334 0.082864
0 0.304812 0.263710 0.047411 0.074678
0 0.526633 0.227496 0.048937 0.077634
0 0.582569 0.133397 0.052646 0.087078
0 0.875426 0.401437 0.053215 0.087519
0 0.225325 0.513039 0.048335 0.079390
0 0.282911 0.126206 0.049306 0.083540
0 0.963777 0.612774 0.050502 0.084611
0 0.666237 0.067979 0.052356 0.090635
0 0.241890 0.083580 0.054448 0.073870
0 0.906427 0.694278 0.050343 0.081660
0 0.064973 0.638595 0.051899 0.081861
0 0.917379 0.361425 0.050061 0.072607
0 0.324838 0.332892 0.048183 0.077637
0 0.664514 0.160888 0.052859 0.082856
0 0.381639 0.213063 0.050310 0.087234
0 0.338119 0.609654 0.052900 0.078080
0 0.957917 0.320108 0.046107 0.072862
0 0.207949 0.287031 0.055073 0.082784
0 0.881646 0.076923 0.052826 0.081077
0 0.453219 0.224463 0.050165 0.084899
0 0.246694 0.412032 0.050592 0.085772
0 0.620958 0.263724 0.057823 0.089113
0 0.203659 0.147157 0.048863 0.077500
0 0.331440 0.413799 0.052933 0.079734
0 0.323827 0.090313 0.054726 0.084204
0 0.906630 0.205048 0.047325 0.081900
0 0.108724 0.129834 0.046787 0.079917
0 0.456457 0.029729 0.050512 0.059345
0 0.272109 0.333019 0.050180 0.079382
0 0.547708 0.069061 0.052101 0.082235
0 0.101378 0.310114 0.050360 0.076486
0 0.960561 0.242511 0.044267 0.068560
0 0.370104 0.297654 0.048737 0.078547
0 0.152831 0.155061 0.045330 0.072805
0 0.047793 0.118024 0.055578 0.072314
0 0.432672 0.307188 0.052118 0.082992
0 0.146173 0.055560 0.050273 0.075480
0 0.108824 0.226156 0.049588 0.077988
0 0.051927 0.042922 0.051379 0.074401
0 0.172805 0.224313 0.049959 0.076379
0 0.169833 0.343854 0.057818 0.085939
0 0.410626 0.111374 0.051245 0.081975
1 0.495321 0.243743 0.030415 0.082241
2 0.057417 0.217521 0.017157 0.029797
2 0.421232 0.208582 0.021057 0.030989
2 0.448138 0.166269 0.018717 0.032181
2 0.519107 0.139452 0.018717 0.028605
2 0.616592 0.171037 0.017157 0.027414
2 0.737864 0.084029 0.016378 0.025030
2 0.756191 0.469011 0.018717 0.034565
2 0.510138 0.687128 0.019497 0.034565
2 0.234450 0.811085 0.015598 0.022646
2 0.133845 0.858164 0.017157 0.023838
2 0.653637 0.893921 0.019497 0.035757
2 0.664555 0.983313 0.024176 0.033373
2 0.824041 0.784863 0.020277 0.034565
2 0.856016 0.983909 0.017157 0.025030
2 0.890331 0.838498 0.018717 0.029797
4 0.547183 0.927890 0.092026 0.127533
1 0.348289 0.167223 0.061667 0.090909
1 0.828798 0.208924 0.056755 0.082569
1 0.774771 0.071309 0.053481 0.079233
1 0.581313 0.208924 0.054027 0.067556