0 0.986747 0.994375 0.024812 0.009141
0 0.804693 0.995408 0.034629 0.007589
0 0.616261 0.004462 0.035655 0.008925
0 0.006487 0.265763 0.012974 0.068852
0 0.210826 0.988233 0.046532 0.020668
0 0.009993 0.358751 0.019985 0.080570
0 0.444521 0.985506 0.047775 0.025849
0 0.494463 0.983379 0.042272 0.030050
0 0.111933 0.973404 0.050898 0.050096
0 0.978429 0.444165 0.041568 0.069111
0 0.988674 0.144801 0.021202 0.074296
0 0.947379 0.975529 0.047607 0.045936
0 0.587632 0.421082 0.044122 0.062083
0 0.923007 0.932271 0.040549 0.062440
0 0.240966 0.378343 0.042633 0.067054
0 0.983512 0.379245 0.031578 0.073943
0 0.121962 0.224930 0.042978 0.071884
0 0.103555 0.016337 0.044778 0.032674
0 0.559253 0.862748 0.045431 0.060665
0 0.614491 0.960440 0.049428 0.072411
0 0.109716 0.898707 0.044900 0.074039
0 0.073548 0.941258 0.049209 0.082897
0 0.083873 0.196623 0.045541 0.081027
0 0.634966 0.162976 0.039617 0.059981
0 0.916538 0.772372 0.047607 0.073132
0 0.435150 0.020953 0.045908 0.041907
0 0.026746 0.908115 0.050294 0.078261
0 0.030046 0.027819 0.047879 0.055638
0 0.333975 0.025684 0.051082 0.051367
0 0.680142 0.872388 0.045191 0.070561
0 0.492008 0.842561 0.042212 0.073503
0 0.520904 0.028781 0.047317 0.057562
0 0.025082 0.829251 0.040378 0.069819
0 0.806193 0.947940 0.044742 0.071629
0 0.183192 0.339591 0.046888 0.073043
0 0.147817 0.939021 0.046410 0.073561
0 0.200280 0.936211 0.047726 0.077621
0 0.892679 0.355606 0.043359 0.054006
0 0.361787 0.838914 0.049401 0.076093
0 0.633445 0.889421 0.047619 0.080741
0 0.786216 0.875478 0.045673 0.069695
0 0.750911 0.941893 0.048682 0.077126
0 0.456136 0.921005 0.043783 0.068655
0 0.632964 0.444800 0.046886 0.081602
0 0.394096 0.783523 0.046237 0.074803
0 0.866188 0.923114 0.048791 0.074192
0 0.928863 0.706575 0.048021 0.069083
0 0.562988 0.791551 0.050678 0.077505
0 0.378450 0.956463 0.052542 0.078203
0 0.433315 0.366897 0.054777 0.077802
0 0.956015 0.161446 0.046934 0.076680
0 0.752546 0.666078 0.046344 0.072084
0 0.941519 0.838680 0.047720 0.074962
0 0.204284 0.053955 0.046003 0.071350
0 0.674413 0.206022 0.049189 0.073598
0 0.587955 0.330265 0.049713 0.075243
0 0.057526 0.310477 0.048242 0.080103
0 0.244176 0.127861 0.045575 0.068573
0 0.489952 0.361688 0.046350 0.072271
0 0.523808 0.479126 0.047171 0.071524
0 0.552006 0.247343 0.044627 0.069217
0 0.526945 0.164933 0.043969 0.067832
0 0.276458 0.446309 0.054240 0.083858
0 0.130593 0.080086 0.047386 0.079133
0 0.234000 0.878011 0.047562 0.080013
0 0.717783 0.609655 0.045735 0.075130
0 0.821471 0.759983 0.047035 0.073854
0 0.178875 0.264059 0.051713 0.071108
0 0.283784 0.265827 0.046727 0.075871
0 0.583801 0.668412 0.051018 0.076677
0 0.973987 0.671428 0.046769 0.078133
0 0.635562 0.356274 0.048508 0.075241
0 0.501736 0.714744 0.044737 0.070384
0 0.776865 0.116607 0.045862 0.079059
0 0.446533 0.301528 0.051472 0.076454
0 0.267181 0.541757 0.046213 0.071109
0 0.076024 0.702188 0.047086 0.076536
0 0.857239 0.632988 0.048871 0.076155
0 0.592558 0.081672 0.046781 0.070678
0 0.694572 0.121856 0.044487 0.068698
0 0.831409 0.196338 0.048792 0.072642
0 0.848115 0.554982 0.049120 0.073087
0 0.457447 0.176051 0.047343 0.074735
0 0.795527 0.401431 0.046509 0.074486
0 0.025644 0.725996 0.050614 0.077195
0 0.311371 0.123084 0.047540 0.074687
0 0.916663 0.299740 0.044959 0.066137
0 0.405604 0.089372 0.049822 0.080077
0 0.870276 0.276963 0.044064 0.071630
0 0.300863 0.368512 0.050320 0.080928
0 0.107512 0.653486 0.044104 0.068573
0 0.604164 0.251733 0.050017 0.076205
0 0.938992 0.387551 0.049243 0.080591
0 0.160501 0.804417 0.044349 0.077753
0 0.685619 0.483521 0.046600 0.076188
0 0.453216 0.795753 0.046671 0.075596
0 0.825793 0.121110 0.045491 0.073096
0 0.276962 0.709960 0.047650 0.069960
0 0.609376 0.743134 0.053206 0.081342
0 0.247155 0.616632 0.050785 0.076403
0 0.778239 0.292985 0.047648 0.069398
0 0.364344 0.274243 0.048438 0.075376
0 0.354130 0.735683 0.053439 0.082363
0 0.931127 0.223731 0.055805 0.079111
0 0.224158 0.757961 0.047803 0.073852
0 0.700000 0.317054 0.057200 0.082416
0 0.167155 0.652658 0.046563 0.079814
1 0.393936 0.328367 0.049133 0.039333
1 0.962080 0.915971 0.053032 0.070322
2 0.092512 0.085816 0.018717 0.023838
2 0.173619 0.140048 0.018717 0.025030
2 0.243809 0.243743 0.020277 0.029797
2 0.331935 0.561383 0.015598 0.026222
2 0.360791 0.576281 0.017157 0.025030
2 0.301910 0.500596 0.021057 0.023838
2 0.304640 0.992253 0.024956 0.015495
2 0.417333 0.821812 0.021057 0.034565
2 0.902029 0.464243 0.018717 0.039333
2 0.420062 0.146007 0.015598 0.025030
1 0.777638 0.734803 0.047573 0.072706
1 0.730065 0.879619 0.050692 0.083433