0 0.994479 0.010685 0.009977 0.021369
0 0.007407 0.872725 0.014815 0.067517
0 0.852030 0.991844 0.037204 0.013522
0 0.722541 0.572967 0.046595 0.080755
0 0.691336 0.546781 0.049173 0.079715
0 0.991907 0.330821 0.014422 0.074556
0 0.442597 0.747126 0.052407 0.065617
0 0.597203 0.777293 0.058586 0.064875
0 0.136864 0.719304 0.045061 0.071257
0 0.093737 0.695640 0.050444 0.077195
0 0.989689 0.143443 0.019038 0.074456
0 0.615669 0.726779 0.047622 0.068701
0 0.015859 0.725191 0.031692 0.070604
0 0.029047 0.888663 0.046034 0.079002
0 0.175368 0.774041 0.054762 0.078474
0 0.324276 0.010998 0.045880 0.021943
0 0.982253 0.408382 0.033791 0.078920
0 0.876330 0.754543 0.043232 0.073145
0 0.165078 0.846043 0.052782 0.068608
0 0.022388 0.803268 0.044775 0.082793
0 0.324014 0.933384 0.044752 0.070194
0 0.983263 0.885448 0.031629 0.081532
0 0.677485 0.017517 0.043431 0.035035
0 0.111874 0.033876 0.050385 0.067752
0 0.150271 0.911472 0.048383 0.062003
0 0.016059 0.592125 0.032117 0.082583
0 0.365586 0.969737 0.053833 0.057106
0 0.168917 0.969103 0.049497 0.058532
0 0.499940 0.758116 0.055707 0.075603
0 0.413926 0.906708 0.046753 0.074689
0 0.234317 0.014976 0.044992 0.029952
0 0.466438 0.567363 0.048901 0.068180
0 0.789393 0.711398 0.047891 0.065705
0 0.071674 0.831120 0.045088 0.071560
0 0.019279 0.220196 0.038538 0.071035
0 0.556569 0.644878 0.045947 0.066764
0 0.080175 0.911002 0.052869 0.082303
0 0.878852 0.508917 0.041240 0.064054
0 0.619223 0.602213 0.047042 0.072289
0 0.466745 0.639530 0.051435 0.069005
0 0.977865 0.793708 0.042573 0.077924
0 0.977637 0.077112 0.043040 0.070368
0 0.913683 0.902519 0.044183 0.071088
0 0.738532 0.846516 0.045796 0.072053
0 0.679914 0.970928 0.046927 0.054723
0 0.391079 0.716893 0.046756 0.069120
0 0.841559 0.803499 0.052236 0.082512
0 0.980515 0.710778 0.037137 0.078588
0 0.552496 0.719716 0.049109 0.072323
0 0.685421 0.812208 0.050970 0.075269
0 0.801429 0.957531 0.050631 0.074641
0 0.830766 0.437330 0.047301 0.071122
0 0.535264 0.893074 0.051449 0.078725
0 0.843180 0.700151 0.053454 0.076677
0 0.932444 0.020106 0.054199 0.040213
0 0.139277 0.607443 0.047152 0.081991
0 0.348918 0.862498 0.048289 0.082547
0 0.330426 0.577139 0.049282 0.077793
0 0.949283 0.961950 0.048474 0.072743
0 0.306288 0.445974 0.041640 0.078862
0 0.293600 0.856234 0.052482 0.083233
0 0.599633 0.851560 0.052548 0.077180
0 0.034143 0.662597 0.050729 0.076360
0 0.387715 0.805179 0.051626 0.079116
0 0.453220 0.820113 0.049120 0.076118
0 0.744593 0.287884 0.047489 0.073649
0 0.935115 0.690520 0.047924 0.075715
0 0.059396 0.051053 0.051569 0.080110
0 0.401021 0.018743 0.048810 0.037486
0 0.216664 0.740106 0.049643 0.076658
0 0.273585 0.605376 0.049407 0.077986
0 0.482103 0.933136 0.054327 0.084293
0 0.294209 0.525938 0.049122 0.075046
0 0.086786 0.624833 0.055547 0.077625
0 0.022467 0.131148 0.044907 0.073228
0 0.680403 0.700597 0.051902 0.078131
0 0.672813 0.421290 0.051217 0.076085
0 0.920080 0.818683 0.048238 0.086507
0 0.370771 0.521439 0.046707 0.070516
0 0.941556 0.435392 0.050605 0.080565
0 0.303246 0.668024 0.050007 0.078846
0 0.829553 0.621958 0.053184 0.078551
0 0.650489 0.345713 0.048216 0.079709
0 0.036883 0.382363 0.039650 0.060002
0 0.886308 0.611605 0.054538 0.085599
0 0.614805 0.523453 0.056324 0.079778
0 0.313612 0.773810 0.050307 0.078041
0 0.775366 0.497400 0.050017 0.077055
0 0.873217 0.321497 0.047820 0.073812
0 0.064418 0.542929 0.044638 0.071649
0 0.476728 0.490637 0.054391 0.083561
0 0.594044 0.365563 0.048579 0.073963
0 0.646601 0.257580 0.049171 0.079779
0 0.194462 0.061549 0.046225 0.071090
0 0.633245 0.171159 0.047177 0.074779
0 0.557327 0.308267 0.050907 0.077485
0 0.604340 0.443093 0.049214 0.075544
0 0.561315 0.216297 0.049262 0.074751
0 0.888645 0.245387 0.050384 0.077734
0 0.459889 0.292544 0.049918 0.073566
0 0.330418 0.230679 0.044179 0.069332
0 0.399567 0.080624 0.048653 0.075419
0 0.175132 0.540854 0.054468 0.083736
0 0.827461 0.164242 0.047070 0.075714
0 0.516684 0.597449 0.051801 0.089756
0 0.700324 0.254558 0.053242 0.085198
0 0.415291 0.426713 0.047922 0.077174
0 0.353504 0.446436 0.051561 0.075651
0 0.848233 0.049161 0.050821 0.080147
0 0.914369 0.172100 0.049366 0.077352
0 0.239421 0.514374 0.051797 0.072765
0 0.766578 0.161553 0.049224 0.078912
0 0.422867 0.509262 0.052170 0.077835
0 0.208380 0.622665 0.052454 0.082132
0 0.633152 0.071386 0.051794 0.081406
0 0.272915 0.089059 0.053150 0.081222
0 0.683822 0.172515 0.049040 0.077365
0 0.474109 0.368350 0.051291 0.077747
0 0.403654 0.210538 0.049632 0.080364
0 0.228708 0.331691 0.045703 0.070036
0 0.457117 0.213145 0.048417 0.075047
0 0.296417 0.295886 0.053318 0.074801
0 0.318204 0.138474 0.050537 0.072891
0 0.151897 0.210509 0.051840 0.082031
0 0.518997 0.138573 0.052357 0.085840
0 0.046579 0.452594 0.050407 0.076861
0 0.048273 0.285038 0.047690 0.088965
0 0.464293 0.060295 0.056054 0.090088
0 0.112645 0.366242 0.053850 0.081554
1 0.412263 0.320024 0.048353 0.072706
1 0.787387 0.382002 0.053032 0.051251
1 0.478943 0.709178 0.050692 0.064362
1 0.732405 0.757449 0.044453 0.067938
2 0.165041 0.037545 0.023396 0.027414
2 0.280463 0.147795 0.021837 0.042908
2 0.345973 0.292610 0.020277 0.027414
2 0.645838 0.014303 0.030415 0.028605
2 0.106939 0.738975 0.016378 0.021454
2 0.499220 0.815852 0.022617 0.029797
2 0.563560 0.939809 0.031195 0.044100
2 0.713298 0.886174 0.020277 0.034565
2 0.785827 0.758045 0.015598 0.030989
2 0.959350 0.488677 0.021057 0.026222
2 0.797915 0.268176 0.016378 0.028605
2 0.878633 0.883194 0.017157 0.023838