0 0.001637 0.318198 0.003274 0.063062
0 0.993471 0.441645 0.011630 0.057575
0 0.410601 0.994646 0.032574 0.008686
0 0.004099 0.589375 0.008198 0.054201
0 0.329482 0.004451 0.037566 0.008902
0 0.996013 0.647366 0.007070 0.059122
0 0.007569 0.841265 0.015138 0.062451
0 0.005710 0.208902 0.011396 0.071491
0 0.906079 0.989746 0.041034 0.017495
0 0.291399 0.975753 0.058091 0.045112
0 0.967829 0.986300 0.043633 0.024478
0 0.010795 0.420781 0.021542 0.074928
0 0.316328 0.939497 0.048467 0.080790
0 0.988678 0.950255 0.020819 0.079515
0 0.474120 0.011600 0.051961 0.023199
0 0.564906 0.969526 0.055556 0.057625
0 0.825235 0.983426 0.051599 0.029921
0 0.396064 0.012517 0.042294 0.025034
0 0.639283 0.977416 0.046463 0.041862
0 0.477363 0.674031 0.050083 0.078855
0 0.023447 0.893280 0.046143 0.080504
0 0.114052 0.884001 0.045048 0.078783
0 0.796009 0.015249 0.045633 0.030497
0 0.017319 0.662579 0.034638 0.080112
0 0.652299 0.927453 0.046147 0.062527
0 0.087513 0.760057 0.046136 0.069560
0 0.903734 0.898630 0.048035 0.082887
0 0.451926 0.967985 0.046018 0.060711
0 0.085200 0.402126 0.045728 0.073240
0 0.404111 0.608806 0.044965 0.084315
0 0.984279 0.049954 0.029795 0.079932
0 0.085868 0.838174 0.050096 0.075638
0 0.985657 0.330260 0.026877 0.073324
0 0.095654 0.328382 0.043732 0.067767
0 0.185759 0.972920 0.049296 0.050815
0 0.549106 0.026484 0.047825 0.052960
0 0.294394 0.898624 0.050394 0.076041
0 0.934108 0.950660 0.051530 0.078341
0 0.625885 0.021664 0.047988 0.043327
0 0.756977 0.486134 0.045544 0.084119
0 0.065228 0.939730 0.049807 0.082538
0 0.036450 0.736253 0.051144 0.081406
0 0.842150 0.569674 0.043121 0.068557
0 0.432943 0.899687 0.045004 0.074200
0 0.369414 0.968189 0.052009 0.060219
0 0.646871 0.856876 0.048268 0.074102
0 0.978982 0.516012 0.040354 0.076645
0 0.521881 0.708287 0.047154 0.075466
0 0.796475 0.528699 0.052121 0.081216
0 0.860089 0.785853 0.045395 0.071195
0 0.164470 0.893871 0.049112 0.075317
0 0.399731 0.290880 0.044569 0.067881
0 0.149906 0.806618 0.048253 0.081194
0 0.648118 0.520243 0.043019 0.070318
0 0.384461 0.550738 0.053058 0.082596
0 0.310923 0.446450 0.045022 0.070534
0 0.564422 0.294516 0.043837 0.064341
0 0.341089 0.504986 0.046919 0.071920
0 0.735493 0.622337 0.048688 0.072357
0 0.455396 0.621106 0.054905 0.086058
0 0.043003 0.378859 0.048067 0.081424
0 0.467141 0.476786 0.044941 0.069175
0 0.044731 0.034872 0.044509 0.069744
0 0.806667 0.934246 0.047338 0.074628
0 0.360254 0.893167 0.048654 0.076528
0 0.089348 0.018864 0.047526 0.037691
0 0.915433 0.109598 0.047278 0.089924
0 0.423246 0.225432 0.049717 0.078461
0 0.935746 0.836624 0.048763 0.072520
0 0.131115 0.661843 0.050145 0.075379
0 0.536816 0.623144 0.049136 0.074694
0 0.740088 0.777629 0.051564 0.077245
0 0.697325 0.958416 0.046445 0.077872
0 0.695851 0.816101 0.050107 0.076827
0 0.788930 0.612295 0.051116 0.076200
0 0.960735 0.110272 0.049505 0.087599
0 0.821144 0.690676 0.044088 0.079015
0 0.716818 0.704673 0.049135 0.075990
0 0.147986 0.583778 0.047581 0.074226
0 0.673689 0.661520 0.043662 0.077762
0 0.244103 0.809719 0.052211 0.079677
0 0.788234 0.398043 0.046644 0.073840
0 0.869654 0.685800 0.045200 0.073635
0 0.702595 0.557224 0.048227 0.075214
0 0.951545 0.762829 0.046209 0.068508
0 0.077898 0.095324 0.049518 0.074985
0 0.523778 0.082859 0.050314 0.073722
0 0.486175 0.908974 0.050300 0.082163
0 0.599435 0.905194 0.052659 0.081856
0 0.603317 0.824129 0.049146 0.068512
0 0.902042 0.029830 0.051832 0.059660
0 0.502035 0.179806 0.048648 0.076972
0 0.202287 0.701441 0.051666 0.073456
0 0.277894 0.385501 0.052489 0.084406
0 0.836091 0.440840 0.044663 0.071478
0 0.963950 0.604316 0.047375 0.070790
0 0.765268 0.690178 0.044983 0.082112
0 0.321780 0.633504 0.055135 0.075307
0 0.248512 0.030986 0.049129 0.061972
0 0.324121 0.338683 0.050315 0.074083
0 0.118992 0.457766 0.053158 0.082066
0 0.420713 0.430244 0.048046 0.081254
0 0.450160 0.792862 0.057255 0.090927
0 0.232121 0.496009 0.046017 0.074903
0 0.022536 0.127560 0.039657 0.071267
0 0.297205 0.560661 0.047349 0.076824
0 0.564728 0.199553 0.047437 0.072804
0 0.590954 0.426582 0.049431 0.074855
0 0.524017 0.250073 0.051831 0.076315
0 0.713093 0.452711 0.054005 0.073520
0 0.259188 0.731352 0.051988 0.078602
0 0.397061 0.834788 0.052457 0.086176
0 0.575519 0.559073 0.049312 0.075036
0 0.207193 0.142224 0.048366 0.074238
0 0.864368 0.259750 0.046985 0.067498
0 0.106316 0.542258 0.052543 0.084502
0 0.712520 0.068574 0.047237 0.070637
0 0.342362 0.262046 0.050620 0.079074
0 0.579815 0.086338 0.051050 0.079636
0 0.631443 0.329515 0.048424 0.070966
0 0.289085 0.247592 0.049009 0.077384
0 0.945208 0.682766 0.050557 0.078239
0 0.573384 0.691815 0.051548 0.080662
0 0.311221 0.713357 0.047727 0.081290
0 0.199486 0.058999 0.049685 0.079737
0 0.061991 0.275429 0.047940 0.076644
0 0.348742 0.057617 0.050880 0.074058
0 0.629457 0.127512 0.048719 0.072406
0 0.296887 0.066406 0.048758 0.079108
0 0.532257 0.501225 0.053184 0.081059
0 0.440807 0.050379 0.049528 0.077955
0 0.958578 0.258970 0.047737 0.071627
0 0.303573 0.146553 0.051192 0.073055
0 0.892789 0.584226 0.051252 0.083236
0 0.531538 0.411668 0.049130 0.076436
0 0.355609 0.136920 0.047648 0.076863
0 0.645107 0.234341 0.047179 0.078880
0 0.761475 0.326481 0.053647 0.079890
0 0.685343 0.135488 0.051511 0.078071
0 0.879332 0.179778 0.061387 0.086830
0 0.892730 0.321646 0.049573 0.078277
0 0.893621 0.444847 0.051017 0.078291
0 0.216105 0.233425 0.046876 0.079207
0 0.146819 0.112859 0.053193 0.080702
0 0.108248 0.235213 0.048760 0.084153
0 0.415753 0.141062 0.061727 0.079409
0 0.780976 0.247969 0.055420 0.080361
0 0.768475 0.061287 0.055871 0.072827
1 0.244199 0.355781 0.039774 0.051251
1 0.536265 0.932658 0.043673 0.077473
2 0.050008 0.585816 0.024176 0.036949
2 0.414993 0.743147 0.017937 0.027414
2 0.595536 0.773540 0.020277 0.033373
2 0.755021 0.979738 0.022617 0.033373
2 0.909438 0.237783 0.030415 0.044100
2 0.934004 0.433254 0.017157 0.029797
2 0.757361 0.122169 0.027296 0.039333
2 0.834179 0.112634 0.026516 0.034565
2 0.608014 0.296782 0.021837 0.028605