0 0.002110 0.075934 0.004210 0.075177
0 0.003109 0.278945 0.006219 0.059512
0 0.595448 0.003794 0.036325 0.007588
0 0.262373 0.991114 0.036678 0.015008
0 0.217067 0.989415 0.040061 0.018486
0 0.089942 0.985521 0.037454 0.026119
0 0.009251 0.812825 0.018500 0.079169
0 0.008892 0.598952 0.017719 0.066854
0 0.241754 0.008403 0.044094 0.016807
0 0.993968 0.173973 0.010987 0.066913
0 0.992178 0.476829 0.014535 0.073631
0 0.991872 0.394503 0.015096 0.067364
0 0.431151 0.985326 0.050337 0.026284
0 0.932846 0.985837 0.051084 0.025460
0 0.324689 0.024509 0.048940 0.048972
0 0.869908 0.978119 0.049111 0.040569
0 0.531149 0.981436 0.048673 0.034458
0 0.651571 0.974786 0.048332 0.047002
0 0.755799 0.014029 0.051773 0.028059
0 0.021687 0.668263 0.043372 0.080615
0 0.052358 0.968455 0.050521 0.059813
0 0.486949 0.015884 0.047543 0.031767
0 0.714830 0.966217 0.049513 0.064180
0 0.026122 0.878931 0.047478 0.081341
0 0.018231 0.214865 0.036462 0.084885
0 0.755051 0.928255 0.046142 0.077190
0 0.683038 0.916244 0.048966 0.073227
0 0.130035 0.957671 0.056193 0.081404
0 0.393533 0.445060 0.045812 0.068539
0 0.894419 0.919495 0.045368 0.071666
0 0.344696 0.435414 0.049297 0.082540
0 0.800134 0.962440 0.048097 0.071767
0 0.754529 0.423700 0.050501 0.071311
0 0.022280 0.417399 0.044437 0.076058
0 0.343132 0.603052 0.050687 0.078437
0 0.150115 0.863058 0.048701 0.080070
0 0.181698 0.925500 0.047028 0.081671
0 0.062121 0.019936 0.047110 0.039873
0 0.977424 0.924386 0.044054 0.085424
0 0.593050 0.970370 0.050486 0.055967
0 0.068184 0.769816 0.045277 0.073163
0 0.710925 0.408489 0.045559 0.078380
0 0.044925 0.081733 0.049136 0.075000
0 0.981058 0.569128 0.036667 0.080468
0 0.757674 0.767371 0.048831 0.075504
0 0.279689 0.042071 0.051297 0.078455
0 0.880240 0.847523 0.046352 0.071456
0 0.364054 0.280636 0.047181 0.075682
0 0.650254 0.534369 0.050587 0.073214
0 0.295406 0.156637 0.046908 0.071764
0 0.078231 0.871254 0.049975 0.081407
0 0.120130 0.185136 0.048511 0.076016
0 0.346272 0.684437 0.048538 0.072685
0 0.260953 0.936105 0.049016 0.082726
0 0.787549 0.858796 0.056566 0.087866
0 0.547213 0.642168 0.045669 0.070278
0 0.049123 0.298148 0.051396 0.080906
0 0.680859 0.349564 0.042369 0.088754
0 0.609488 0.770391 0.053205 0.083389
0 0.404444 0.198444 0.050635 0.081430
0 0.507735 0.805532 0.050539 0.081403
0 0.653178 0.823484 0.056248 0.092000
0 0.099716 0.342794 0.048565 0.080484
0 0.401134 0.941225 0.048494 0.076570
0 0.188986 0.778612 0.051814 0.080801
0 0.299921 0.573552 0.052488 0.085509
0 0.726865 0.576329 0.050494 0.079755
0 0.792815 0.711713 0.046279 0.073047
0 0.444979 0.137859 0.044454 0.068560
0 0.796195 0.626090 0.048894 0.077890
0 0.428046 0.273937 0.050316 0.078434
0 0.270979 0.223672 0.051523 0.079029
0 0.292784 0.864800 0.051450 0.082376
0 0.081084 0.677889 0.047528 0.077111
0 0.346807 0.933097 0.051886 0.084583
0 0.312100 0.754164 0.047780 0.080100
0 0.101415 0.086767 0.053013 0.082138
0 0.478073 0.403695 0.048560 0.075120
0 0.219289 0.678387 0.045099 0.074023
0 0.483232 0.317728 0.048153 0.079440
0 0.366806 0.055966 0.050416 0.078364
0 0.972033 0.036054 0.050390 0.072107
0 0.798664 0.293985 0.050355 0.076910
0 0.156476 0.711615 0.051666 0.086915
0 0.640692 0.462580 0.048176 0.076508
0 0.158234 0.365879 0.053603 0.082486
0 0.154969 0.577435 0.054393 0.088902
0 0.836777 0.539012 0.045501 0.080448
0 0.963732 0.448633 0.051401 0.081380
0 0.505441 0.147805 0.049211 0.075579
0 0.290756 0.338797 0.048521 0.079384
0 0.942146 0.377217 0.049288 0.078334
0 0.752049 0.504313 0.059968 0.078049
0 0.628370 0.689776 0.049277 0.081622
0 0.917899 0.031613 0.049174 0.063207
0 0.048821 0.548102 0.050597 0.082233
0 0.191127 0.266779 0.053213 0.082543
0 0.812879 0.031392 0.054246 0.062784
0 0.428268 0.854866 0.050530 0.079638
0 0.796914 0.379301 0.053069 0.082363
0 0.513125 0.588553 0.052293 0.082936
0 0.612722 0.108247 0.050511 0.077196
0 0.606002 0.575451 0.048195 0.079454
0 0.978104 0.300689 0.043142 0.082968
0 0.557858 0.209938 0.050290 0.078456
0 0.182776 0.488422 0.050092 0.086444
0 0.177385 0.103148 0.050443 0.077296
0 0.878737 0.589503 0.049568 0.081874
0 0.396850 0.738913 0.055490 0.083550
0 0.648481 0.170770 0.055256 0.086879
0 0.962436 0.205688 0.045812 0.070661
0 0.847811 0.350614 0.046608 0.072619
0 0.556725 0.048477 0.050919 0.076107
0 0.464554 0.731010 0.052324 0.083062
0 0.544704 0.388772 0.050124 0.079451
0 0.754569 0.240145 0.054998 0.087711
0 0.897326 0.096063 0.050415 0.078223
0 0.926033 0.565456 0.049323 0.075001
0 0.787722 0.108216 0.054165 0.086042
0 0.930071 0.758507 0.052792 0.084308
0 0.488344 0.510035 0.052106 0.079955
0 0.824953 0.193939 0.051895 0.082458
0 0.859494 0.440742 0.050541 0.080990
0 0.703384 0.146851 0.052572 0.079353
0 0.880754 0.214594 0.051395 0.077667
1 0.380678 0.364124 0.049133 0.036949
2 0.076134 0.398093 0.020277 0.028605
2 0.191167 0.849821 0.022617 0.038141
2 0.585397 0.625149 0.031195 0.044100
2 0.708618 0.525626 0.023396 0.030989
2 0.884092 0.490465 0.028076 0.039333
2 0.926595 0.277116 0.025736 0.025030
2 0.714468 0.264601 0.024176 0.035757