0 0.001927 0.478629 0.003828 0.067901
0 0.264758 0.994428 0.039743 0.009670
0 0.550457 0.007269 0.037164 0.014538
0 0.007614 0.068553 0.015227 0.075899
0 0.990105 0.832070 0.018429 0.079912
0 0.363885 0.984292 0.047503 0.028709
0 0.086156 0.985327 0.043602 0.026785
0 0.923823 0.014351 0.050312 0.028699
0 0.663644 0.979427 0.050396 0.038189
0 0.423431 0.970376 0.047757 0.056763
0 0.979287 0.954968 0.039578 0.082865
0 0.337847 0.013527 0.047056 0.027045
0 0.014306 0.558732 0.028592 0.082891
0 0.809055 0.966193 0.050509 0.064590
0 0.477791 0.157214 0.056296 0.094907
0 0.972950 0.036347 0.049748 0.072695
0 0.491102 0.224080 0.054846 0.080863
0 0.632018 0.930984 0.051023 0.072657
0 0.781750 0.639614 0.045182 0.076851
0 0.850051 0.735574 0.050139 0.082871
0 0.021635 0.145423 0.043232 0.078167
0 0.210683 0.913200 0.046910 0.082639
0 0.166996 0.023340 0.047924 0.046679
0 0.019021 0.250927 0.038042 0.079929
0 0.832785 0.655583 0.050778 0.082091
0 0.795442 0.033269 0.050589 0.066458
0 0.532913 0.617600 0.049969 0.081622
0 0.180655 0.849191 0.055923 0.077648
0 0.764082 0.909094 0.056347 0.079134
0 0.023575 0.360837 0.046929 0.081422
0 0.971985 0.129814 0.054026 0.100053
0 0.976931 0.388063 0.045270 0.078540
0 0.455350 0.541243 0.050845 0.083518
0 0.696922 0.556310 0.042457 0.071786
0 0.489166 0.794794 0.046566 0.074277
0 0.634148 0.700892 0.049377 0.084302
0 0.584971 0.041398 0.052507 0.082486
0 0.097607 0.926105 0.055247 0.085333
0 0.357912 0.165327 0.048403 0.080461
0 0.689509 0.711255 0.049189 0.078723
0 0.512698 0.300770 0.048605 0.081462
0 0.629059 0.842488 0.052429 0.084564
0 0.903183 0.750780 0.052465 0.084309
0 0.546381 0.113792 0.049409 0.071506
0 0.102616 0.061772 0.054238 0.087392
0 0.450083 0.041454 0.051236 0.082598
0 0.566311 0.759045 0.052960 0.082001
0 0.884988 0.884636 0.051022 0.088531
0 0.590519 0.649308 0.052273 0.080034
0 0.045872 0.064330 0.047024 0.083732
0 0.884526 0.519263 0.050550 0.082853
0 0.513977 0.394282 0.047069 0.074864
0 0.139872 0.789487 0.055161 0.090266
0 0.046727 0.793629 0.049921 0.076735
0 0.399856 0.102100 0.050506 0.080840
0 0.902596 0.427383 0.054418 0.083405
0 0.411504 0.200534 0.049042 0.079792
0 0.725184 0.647647 0.054007 0.087472
0 0.073782 0.287663 0.047225 0.066175
0 0.272564 0.763225 0.056965 0.091712
0 0.403594 0.740653 0.054485 0.083160
0 0.254659 0.068145 0.047513 0.082382
0 0.095580 0.465343 0.047514 0.079414
0 0.305785 0.190086 0.047203 0.072468
0 0.829655 0.514800 0.047478 0.079807
0 0.258394 0.392306 0.045723 0.077963
0 0.137245 0.152952 0.052784 0.081862
0 0.312572 0.395366 0.050537 0.083684
0 0.964650 0.517039 0.069989 0.114878
0 0.607815 0.543087 0.056069 0.089171
0 0.311260 0.646973 0.055536 0.093490
0 0.233681 0.151748 0.047549 0.079580
0 0.495650 0.480206 0.053972 0.090365
0 0.846486 0.111991 0.054882 0.081428
0 0.096270 0.657029 0.053386 0.086062
0 0.746267 0.210984 0.046807 0.073900
0 0.777176 0.486933 0.050611 0.085572
0 0.602486 0.125781 0.052451 0.081048
0 0.301332 0.270567 0.052549 0.073992
0 0.179774 0.215606 0.049834 0.080933
0 0.925901 0.333387 0.051028 0.084759
0 0.204500 0.425055 0.050854 0.083549
0 0.160958 0.669217 0.052212 0.083366
0 0.676363 0.447995 0.053620 0.080978
0 0.750721 0.070863 0.048424 0.088873
0 0.392788 0.288850 0.050331 0.081688
0 0.178239 0.550325 0.051925 0.088754
0 0.088174 0.373107 0.054796 0.076523
0 0.663124 0.341317 0.051847 0.083321
0 0.579828 0.449671 0.056269 0.095578
0 0.178862 0.320208 0.056796 0.083156
0 0.401992 0.448367 0.055916 0.083509
0 0.805681 0.265610 0.058761 0.094115
0 0.606725 0.238012 0.054885 0.085236
1 0.343634 0.520262 0.049912 0.075089
2 0.243029 0.882002 0.023396 0.040524
2 0.349873 0.567938 0.029636 0.048868
2 0.479333 0.856377 0.031195 0.041716
2 0.466075 0.600119 0.028076 0.036949
2 0.692631 0.786651 0.033535 0.061979
2 0.770619 0.550656 0.021057 0.030989
2 0.769059 0.371871 0.024176 0.038141
2 0.828330 0.782479 0.022617 0.039333