0 0.002123 0.603663 0.004239 0.073167
0 0.002521 0.407719 0.005020 0.075996
0 0.003240 0.877067 0.006480 0.056634
0 0.135176 0.003152 0.039111 0.006303
0 0.995056 0.943574 0.008734 0.061850
0 0.772553 0.991981 0.040559 0.013863
0 0.994430 0.847887 0.009795 0.065415
0 0.903969 0.986829 0.047470 0.024210
0 0.049633 0.014139 0.046682 0.028278
0 0.021164 0.956625 0.042328 0.080217
0 0.015508 0.716185 0.031017 0.081713
0 0.355063 0.017212 0.050712 0.034423
0 0.297655 0.034028 0.050904 0.068056
0 0.938546 0.320017 0.054464 0.073198
0 0.781445 0.030528 0.049850 0.061055
0 0.176664 0.193888 0.048889 0.069898
0 0.793334 0.512831 0.044919 0.067427
0 0.364581 0.489478 0.046480 0.074738
0 0.137703 0.657925 0.047147 0.066644
0 0.448348 0.503401 0.046222 0.071802
0 0.792754 0.871929 0.046873 0.075491
0 0.761427 0.939458 0.059984 0.079706
0 0.040095 0.610015 0.053457 0.081824
0 0.123780 0.418556 0.051570 0.084106
0 0.082754 0.557491 0.054016 0.079669
0 0.105157 0.945633 0.053416 0.083860
0 0.659148 0.836422 0.049936 0.078030
0 0.399186 0.582987 0.054082 0.078261
0 0.197526 0.109471 0.046965 0.079913
0 0.975630 0.260603 0.046539 0.072616
0 0.303197 0.113974 0.048907 0.074947
0 0.169314 0.473338 0.055027 0.081572
0 0.893927 0.900085 0.047781 0.071694
0 0.863385 0.835749 0.050533 0.075363
0 0.411255 0.449409 0.048825 0.081158
0 0.072403 0.863535 0.054942 0.077754
0 0.726596 0.862296 0.058943 0.085986
0 0.596909 0.970701 0.052281 0.056651
0 0.311209 0.504404 0.051580 0.078425
0 0.364730 0.849003 0.056496 0.090509
0 0.702044 0.659912 0.049451 0.082870
0 0.456173 0.631783 0.050031 0.076311
0 0.638205 0.711730 0.050517 0.073257
0 0.468847 0.278662 0.048846 0.078510
0 0.777904 0.422521 0.047944 0.083848
0 0.697782 0.277300 0.051753 0.080495
0 0.306825 0.793984 0.057446 0.075245
0 0.714476 0.446761 0.048997 0.078684
0 0.254861 0.949915 0.055481 0.085304
0 0.582982 0.076947 0.052531 0.081649
0 0.240821 0.636488 0.056945 0.085950
0 0.075572 0.133420 0.055478 0.084433
0 0.737584 0.591583 0.051964 0.079922
0 0.761756 0.727544 0.047165 0.074815
0 0.855653 0.580724 0.050760 0.078052
0 0.755301 0.234368 0.050494 0.078560
0 0.420353 0.263641 0.038958 0.090445
0 0.539286 0.309416 0.050599 0.077588
0 0.835557 0.136637 0.047804 0.080266
0 0.903880 0.714205 0.051008 0.078385
0 0.885708 0.259425 0.047848 0.080093
0 0.947282 0.768178 0.051888 0.083474
0 0.076886 0.767834 0.054872 0.081187
0 0.694169 0.144506 0.051570 0.079835
0 0.569733 0.515068 0.056859 0.087091
0 0.381496 0.175142 0.049987 0.078799
0 0.506257 0.929205 0.051270 0.081450
0 0.957457 0.637743 0.049180 0.079207
0 0.183195 0.288988 0.061826 0.095386
0 0.173365 0.889011 0.052557 0.081604
0 0.314733 0.682423 0.057872 0.082417
0 0.497095 0.370462 0.053795 0.086957
0 0.592382 0.219075 0.054279 0.079979
0 0.616317 0.579076 0.052513 0.088752
0 0.838180 0.410400 0.053714 0.087593
0 0.168222 0.780055 0.055537 0.090844
0 0.473901 0.103806 0.055026 0.085736
1 0.073794 0.299762 0.043673 0.067938
1 0.313998 0.397497 0.040554 0.072706
2 0.144374 0.080453 0.021057 0.032181
2 0.251608 0.333135 0.017157 0.034565
2 0.142424 0.954708 0.021837 0.033373