0 0.867157 0.007562 0.038569 0.015124
0 0.007696 0.538323 0.015363 0.071770
0 0.394509 0.009379 0.045375 0.018759
0 0.891658 0.982750 0.052743 0.032516
0 0.298765 0.975937 0.052543 0.045695
0 0.984876 0.777180 0.028512 0.073039
0 0.987356 0.279481 0.023632 0.072457
0 0.548483 0.385895 0.047142 0.078075
0 0.014365 0.806840 0.028729 0.075646
0 0.560488 0.016496 0.052947 0.032992
0 0.506279 0.410966 0.043532 0.076116
0 0.020330 0.621241 0.040642 0.073499
0 0.945833 0.751409 0.047418 0.074704
0 0.560496 0.529774 0.048508 0.075017
0 0.354847 0.639343 0.050806 0.080580
0 0.909655 0.721081 0.048014 0.076119
0 0.299434 0.648521 0.050310 0.089542
0 0.358351 0.214554 0.045580 0.077908
0 0.749220 0.798840 0.049112 0.077393
0 0.790404 0.544613 0.042440 0.067373
0 0.512162 0.968359 0.047852 0.061104
0 0.953153 0.964807 0.047988 0.067587
0 0.702022 0.766831 0.050806 0.080508
0 0.375250 0.415004 0.052590 0.080821
0 0.156971 0.361632 0.050275 0.073473
0 0.123335 0.020015 0.054266 0.040007
0 0.335214 0.555322 0.055364 0.085379
0 0.396084 0.494364 0.052760 0.078326
0 0.322902 0.921354 0.049959 0.076267
0 0.883373 0.903695 0.045414 0.078815
0 0.678002 0.689252 0.049269 0.076594
0 0.406058 0.735775 0.044673 0.075322
0 0.559701 0.305350 0.054894 0.073726
0 0.513954 0.562762 0.049264 0.085182
0 0.033467 0.952570 0.055272 0.083240
0 0.530586 0.236675 0.054735 0.075083
0 0.523212 0.692545 0.053311 0.081814
0 0.980439 0.196062 0.037579 0.074486
0 0.841147 0.855445 0.045570 0.079099
0 0.399825 0.134561 0.051360 0.067197
0 0.471924 0.895340 0.047866 0.081910
0 0.132897 0.638781 0.051992 0.074202
0 0.146829 0.721648 0.052880 0.079277
0 0.186056 0.782482 0.049645 0.077801
0 0.784734 0.862693 0.052620 0.085799
0 0.857406 0.389816 0.049525 0.076306
0 0.078052 0.069692 0.048817 0.075938
0 0.789666 0.642981 0.053890 0.078248
0 0.925317 0.826256 0.054144 0.071752
0 0.742641 0.572114 0.050731 0.080382
0 0.636831 0.338408 0.050617 0.078428
0 0.310138 0.173442 0.050005 0.080285
0 0.630141 0.561544 0.046891 0.077249
0 0.418637 0.274790 0.053151 0.080517
0 0.847439 0.465760 0.050551 0.070599
0 0.354511 0.309010 0.060814 0.095256
0 0.203336 0.403079 0.051141 0.081300
0 0.077278 0.527283 0.047319 0.077886
0 0.595488 0.073616 0.051411 0.078950
0 0.550154 0.140129 0.051156 0.093442
0 0.221475 0.915923 0.051582 0.083903
0 0.868098 0.648339 0.046154 0.076890
0 0.061957 0.836182 0.050546 0.079569
0 0.436912 0.070689 0.051871 0.081434
0 0.209411 0.584624 0.053077 0.076837
0 0.074522 0.615339 0.047546 0.077291
0 0.157403 0.116724 0.051413 0.081529
0 0.696443 0.074576 0.050302 0.087807
0 0.206253 0.079222 0.047949 0.074200
0 0.867573 0.311980 0.048457 0.072124
0 0.962478 0.449225 0.048747 0.075951
0 0.070925 0.185401 0.051174 0.080115
0 0.930511 0.524314 0.048295 0.079778
0 0.794102 0.284913 0.048734 0.082679
0 0.972081 0.360016 0.050901 0.079720
0 0.149092 0.274955 0.051541 0.079327
0 0.074466 0.283776 0.056494 0.072107
0 0.845921 0.113738 0.047864 0.077016
0 0.940564 0.087900 0.052844 0.078697
1 0.448918 0.592372 0.046793 0.076281
1 0.807663 0.379023 0.043673 0.083433
2 0.773739 0.411800 0.025736 0.044100
2 0.905539 0.561383 0.024176 0.038141
2 0.862645 0.967223 0.019497 0.032181
3 0.593196 0.442789 0.093586 0.153754