0 0.399219 0.002289 0.028605 0.004549
0 0.993199 0.009027 0.012489 0.018053
0 0.006049 0.140823 0.012097 0.069244
0 0.005042 0.221352 0.010083 0.064176
0 0.987837 0.077275 0.022809 0.093908
0 0.010153 0.586474 0.020280 0.075500
0 0.707178 0.016376 0.050413 0.032751
0 0.830968 0.012005 0.048773 0.024010
0 0.988891 0.673890 0.020731 0.077552
0 0.030794 0.906407 0.048824 0.073205
0 0.657005 0.977396 0.047854 0.042434
0 0.981584 0.889026 0.035249 0.078812
0 0.538298 0.764380 0.049938 0.067897
0 0.112754 0.973375 0.053590 0.050338
0 0.016284 0.417781 0.032467 0.074560
0 0.514441 0.020487 0.055311 0.040974
0 0.542433 0.842022 0.046520 0.073810
0 0.282364 0.964098 0.054921 0.068617
0 0.448322 0.974619 0.047766 0.047766
0 0.179689 0.019609 0.048989 0.039217
0 0.253396 0.749969 0.051230 0.062197
0 0.598850 0.333177 0.052006 0.078792
0 0.589542 0.485697 0.047732 0.076496
0 0.614643 0.410979 0.049326 0.077560
0 0.439961 0.029382 0.052427 0.058700
0 0.086141 0.027520 0.049806 0.055040
0 0.311494 0.894269 0.047134 0.079243
0 0.463346 0.854503 0.052439 0.077587
0 0.705973 0.838489 0.049306 0.077777
0 0.861833 0.941677 0.048321 0.071199
0 0.217406 0.815410 0.050377 0.087695
0 0.751413 0.964509 0.050201 0.068064
0 0.643951 0.498333 0.050982 0.076168
0 0.320396 0.782092 0.051026 0.076673
0 0.561631 0.279268 0.054666 0.083059
0 0.028429 0.095530 0.045183 0.070579
0 0.434841 0.218305 0.051616 0.087856
0 0.902870 0.888908 0.050724 0.082444
0 0.849356 0.815743 0.049918 0.079034
0 0.806434 0.949129 0.049689 0.070475
0 0.109640 0.138619 0.050370 0.077742
0 0.185649 0.716205 0.045545 0.082006
0 0.251449 0.361479 0.050677 0.076606
0 0.640898 0.685545 0.055828 0.082528
0 0.384179 0.184825 0.057015 0.093153
0 0.326300 0.685890 0.051135 0.073535
0 0.134741 0.057945 0.052075 0.076895
0 0.626982 0.781347 0.064400 0.100872
0 0.612623 0.908025 0.059335 0.089505
0 0.471347 0.400402 0.051979 0.078385
0 0.718196 0.190844 0.056568 0.083830
0 0.508674 0.948480 0.053080 0.082672
0 0.543738 0.680182 0.054039 0.083366
0 0.646460 0.583735 0.053845 0.076313
0 0.672916 0.380014 0.051868 0.082466
0 0.760671 0.813621 0.054623 0.083261
0 0.196171 0.423146 0.049755 0.069662
0 0.919707 0.524973 0.048577 0.082691
0 0.792462 0.368562 0.045909 0.076443
0 0.875262 0.586148 0.056226 0.088735
0 0.604332 0.136655 0.051980 0.085358
0 0.910624 0.762097 0.054441 0.086756
0 0.227888 0.218035 0.049523 0.075739
0 0.733382 0.487294 0.047985 0.075849
0 0.400693 0.367373 0.054263 0.083136
0 0.305778 0.405770 0.057466 0.089331
0 0.382620 0.861916 0.053528 0.080309
0 0.737784 0.681213 0.055842 0.091138
0 0.393863 0.542175 0.055823 0.083489
0 0.305269 0.591207 0.054587 0.084280
0 0.120750 0.680387 0.058021 0.087455
0 0.680813 0.085155 0.055398 0.085710
0 0.455860 0.581869 0.052609 0.085140
0 0.119442 0.480645 0.047214 0.077824
0 0.753558 0.128569 0.056351 0.088344
0 0.953275 0.255581 0.052027 0.076811
0 0.140174 0.368598 0.052619 0.081242
0 0.303452 0.222011 0.053149 0.083028
0 0.066799 0.424456 0.059196 0.091082
0 0.942219 0.154973 0.056808 0.089152
0 0.933609 0.425299 0.053834 0.083209
0 0.854244 0.223165 0.056028 0.088815
0 0.190273 0.543475 0.068850 0.110581
1 0.479333 0.789035 0.059271 0.047676
1 0.795965 0.484505 0.057711 0.089392
2 0.306589 0.834923 0.027296 0.032181
2 0.818192 0.259833 0.028856 0.047676
2 0.672744 0.010131 0.020277 0.020262