0 0.998303 0.024145 0.003243 0.047906
0 0.997474 0.328539 0.004893 0.057547
0 0.078232 0.003792 0.035550 0.007585
0 0.006737 0.928320 0.013473 0.051702
0 0.004138 0.642236 0.008264 0.058191
0 0.431341 0.006339 0.037244 0.012679
0 0.016483 0.865938 0.032966 0.082643
0 0.149531 0.008604 0.043445 0.017207
0 0.961041 0.987231 0.050978 0.023341
0 0.063112 0.987155 0.044525 0.023704
0 0.988599 0.928375 0.021279 0.082985
0 0.903552 0.011552 0.047360 0.023105
0 0.015397 0.713495 0.030756 0.083705
0 0.981238 0.830009 0.036313 0.061773
0 0.987097 0.105866 0.024248 0.069028
0 0.624098 0.976243 0.051924 0.044563
0 0.984708 0.416854 0.029112 0.085896
0 0.494017 0.967793 0.041848 0.061565
0 0.520544 0.795707 0.052800 0.073862
0 0.261266 0.031646 0.058459 0.063293
0 0.258488 0.653403 0.049405 0.077343
0 0.846852 0.019664 0.048630 0.039329
0 0.046194 0.053733 0.051978 0.073342
0 0.098418 0.104343 0.051350 0.081264
0 0.451957 0.657302 0.051052 0.073841
0 0.254426 0.245938 0.044128 0.082769
0 0.662445 0.631185 0.043993 0.083305
0 0.047865 0.785666 0.070171 0.097094
0 0.980993 0.258283 0.037267 0.077515
0 0.813598 0.066031 0.048749 0.072486
0 0.834173 0.142342 0.044377 0.070705
0 0.658638 0.888612 0.051674 0.075443
0 0.973593 0.754356 0.052082 0.082315
0 0.560872 0.952371 0.051662 0.076030
0 0.505288 0.501472 0.051324 0.079890
0 0.845378 0.919485 0.054395 0.077577
0 0.187752 0.074843 0.055865 0.075016
0 0.248097 0.944687 0.049737 0.074083
0 0.263279 0.333655 0.044180 0.068262
0 0.802482 0.855690 0.055735 0.089592
0 0.771986 0.693396 0.054419 0.076097
0 0.829057 0.654781 0.047832 0.078388
0 0.554199 0.863947 0.054426 0.083538
0 0.707013 0.932590 0.053235 0.086180
0 0.585270 0.677833 0.051663 0.081365
0 0.262252 0.805157 0.053281 0.080684
0 0.690407 0.781810 0.052303 0.073724
0 0.505337 0.716738 0.054429 0.076848
0 0.656266 0.327163 0.049030 0.078412
0 0.531056 0.575138 0.053670 0.076459
0 0.778058 0.599484 0.061273 0.084104
0 0.678704 0.172705 0.048546 0.073440
0 0.901116 0.888607 0.051510 0.083900
0 0.455364 0.572010 0.052014 0.081582
0 0.448671 0.941293 0.048849 0.076132
0 0.758802 0.508915 0.051367 0.079526
0 0.808589 0.461321 0.047853 0.072020
0 0.792440 0.207462 0.046362 0.070848
0 0.246610 0.409086 0.054010 0.074525
0 0.106731 0.617933 0.050328 0.075791
0 0.221625 0.489236 0.054402 0.086757
0 0.762348 0.316707 0.046032 0.081071
0 0.410075 0.732746 0.049074 0.076094
0 0.051782 0.652736 0.049361 0.081586
0 0.303957 0.183938 0.049445 0.077734
0 0.688684 0.399349 0.055210 0.083370
0 0.714392 0.073575 0.052849 0.075836
0 0.186804 0.806882 0.059389 0.079394
0 0.899793 0.576720 0.057838 0.078833
0 0.907911 0.382851 0.049346 0.079142
0 0.109897 0.490077 0.052509 0.082585
0 0.946097 0.154894 0.047215 0.077199
0 0.362245 0.155938 0.049029 0.074529
0 0.162656 0.675592 0.052299 0.083137
0 0.522313 0.181438 0.053265 0.082492
0 0.655159 0.519658 0.056022 0.086620
0 0.302751 0.279252 0.051641 0.076927
0 0.545023 0.379939 0.052025 0.083369
0 0.323627 0.467565 0.048834 0.072968
0 0.415146 0.451887 0.047906 0.085745
0 0.875358 0.215191 0.054516 0.075817
0 0.905747 0.292798 0.047852 0.079502
0 0.041041 0.411454 0.053755 0.081235
0 0.904946 0.084604 0.054421 0.080987
0 0.555982 0.077819 0.049997 0.083534
0 0.742994 0.157168 0.055728 0.085600
0 0.120369 0.328765 0.060690 0.096026
0 0.629497 0.091755 0.049935 0.084204
0 0.466289 0.080388 0.052240 0.082707
1 0.241469 0.078665 0.059271 0.050060
1 0.156462 0.141836 0.046793 0.076281
1 0.306199 0.676400 0.045233 0.103695
1 0.264866 0.565554 0.059271 0.087008
1 0.862645 0.753278 0.044453 0.076281
2 0.698090 0.674017 0.030415 0.044100