0 0.867216 0.995970 0.039081 0.006922
0 0.003496 0.631145 0.006965 0.072270
0 0.312656 0.002890 0.041038 0.005780
0 0.005864 0.767591 0.011727 0.064639
0 0.003886 0.490540 0.007772 0.064270
0 0.248128 0.992547 0.038187 0.012401
0 0.960526 0.005277 0.043810 0.010553
0 0.557768 0.990087 0.042574 0.017226
0 0.993593 0.812336 0.011447 0.065931
0 0.992319 0.132918 0.014004 0.070766
0 0.123681 0.986056 0.051680 0.025735
0 0.286118 0.819108 0.055177 0.069120
0 0.011943 0.365177 0.023886 0.080094
0 0.013809 0.886261 0.027619 0.072861
0 0.129139 0.746994 0.049061 0.078643
0 0.029402 0.675362 0.050035 0.079225
0 0.140477 0.932763 0.050206 0.074009
0 0.031599 0.592615 0.042951 0.073530
0 0.294775 0.900985 0.051530 0.079292
0 0.372205 0.014459 0.048752 0.028854
0 0.251410 0.945719 0.051949 0.071557
0 0.065851 0.832082 0.053129 0.080456
0 0.839118 0.284791 0.048559 0.088195
0 0.355624 0.967315 0.048929 0.062503
0 0.889909 0.298220 0.055101 0.095146
0 0.367079 0.796349 0.046724 0.078340
0 0.795177 0.935800 0.044911 0.075392
0 0.221499 0.603616 0.052455 0.088251
0 0.641967 0.951948 0.052319 0.081739
0 0.887195 0.854348 0.049380 0.078787
0 0.228125 0.420858 0.055223 0.074130
0 0.671394 0.799462 0.047807 0.074654
0 0.784994 0.836228 0.054569 0.084842
0 0.071105 0.025743 0.054089 0.051486
0 0.848667 0.930962 0.053252 0.080591
0 0.398582 0.903457 0.047822 0.075833
0 0.490504 0.969214 0.047897 0.058359
0 0.488985 0.117269 0.047339 0.070410
0 0.267805 0.362067 0.047930 0.078371
0 0.272079 0.563957 0.046887 0.078736
0 0.682536 0.886477 0.053115 0.085936
0 0.264481 0.026315 0.050207 0.052546
0 0.514877 0.777320 0.050197 0.072706
0 0.171246 0.564500 0.052728 0.082383
0 0.966620 0.421821 0.046918 0.074680
0 0.380604 0.643082 0.050184 0.079272
0 0.311705 0.672850 0.053965 0.085499
0 0.641677 0.602721 0.050266 0.080297
0 0.688383 0.681381 0.047957 0.078193
0 0.454953 0.870387 0.049748 0.077816
0 0.406040 0.734895 0.051842 0.076766
0 0.551764 0.435586 0.051664 0.080418
0 0.947161 0.343795 0.048364 0.075070
0 0.434838 0.665206 0.047850 0.078859
0 0.767613 0.733640 0.049278 0.075000
0 0.777687 0.556117 0.052686 0.082490
0 0.591909 0.499847 0.054045 0.083167
0 0.703295 0.514264 0.052842 0.080392
0 0.205668 0.211823 0.052851 0.077403
0 0.967530 0.674062 0.051520 0.081829
0 0.298957 0.439934 0.054914 0.087850
0 0.831669 0.651525 0.058439 0.092611
0 0.930415 0.793989 0.052129 0.081846
0 0.503051 0.693309 0.054818 0.083561
0 0.772466 0.400575 0.049148 0.085929
0 0.519608 0.049233 0.049740 0.080151
0 0.453461 0.049908 0.050806 0.078158
0 0.601256 0.201777 0.052231 0.081262
0 0.077532 0.324032 0.052487 0.081734
0 0.680915 0.234923 0.048712 0.080574
0 0.372089 0.412743 0.044994 0.074882
0 0.493033 0.205349 0.050910 0.082029
0 0.796828 0.169915 0.054352 0.081920
0 0.568305 0.113896 0.049876 0.083894
0 0.756571 0.244661 0.054192 0.084915
0 0.165572 0.098120 0.054283 0.090298
0 0.553379 0.291815 0.051445 0.081463
0 0.460768 0.444974 0.050965 0.073475
0 0.142603 0.329055 0.056336 0.087353
0 0.275475 0.104599 0.053615 0.085076
0 0.871506 0.107726 0.047778 0.078209
0 0.474499 0.550223 0.051585 0.080760
1 0.040650 0.425507 0.058491 0.059595
1 0.234060 0.273540 0.052252 0.065554
1 0.240299 0.731824 0.049133 0.071514
3 0.189217 0.812277 0.098265 0.144219
2 0.174009 0.916567 0.019497 0.026222
2 0.093292 0.981526 0.026516 0.034565
2 0.823261 0.541716 0.023396 0.034565
2 0.734744 0.557807 0.021057 0.030989