0 0.163589 0.957443 0.053895 0.079024
0 0.007993 0.162288 0.015974 0.067742
0 0.823149 0.847271 0.048027 0.068940
0 0.379200 0.990293 0.036920 0.017117
0 0.411526 0.431100 0.037025 0.072889
0 0.578863 0.288558 0.045682 0.073737
0 0.617081 0.288321 0.039813 0.072912
0 0.178541 0.980284 0.052050 0.036836
0 0.800282 0.877845 0.047283 0.075437
0 0.373377 0.432760 0.046052 0.077555
0 0.051826 0.993368 0.032677 0.010924
0 0.003822 0.399954 0.007644 0.059669
0 0.990164 0.629256 0.018068 0.095209
0 0.417455 0.004449 0.039709 0.008863
0 0.925185 0.004691 0.040182 0.009382
0 0.266511 0.004620 0.034058 0.009241
0 0.722412 0.991568 0.035715 0.014141
0 0.742863 0.006122 0.038285 0.012245
0 0.886318 0.990788 0.033538 0.015640
0 0.759093 0.547494 0.054207 0.073238
0 0.738753 0.501922 0.049051 0.076680
0 0.551137 0.614638 0.060374 0.082200
0 0.610057 0.371004 0.056443 0.078637
0 0.547803 0.542450 0.047887 0.085602
0 0.578296 0.410478 0.048982 0.079475
0 0.661158 0.828174 0.047718 0.083454
0 0.010419 0.873696 0.020781 0.063116
0 0.615627 0.840551 0.055415 0.077203
0 0.009589 0.312765 0.019164 0.078791
0 0.460175 0.975786 0.058742 0.045171
0 0.587904 0.010024 0.045241 0.020029
0 0.515278 0.975878 0.052298 0.044999
0 0.989038 0.775463 0.020091 0.080080
0 0.311852 0.981667 0.051099 0.033423
0 0.593034 0.600437 0.053048 0.083244
0 0.083461 0.292304 0.051033 0.068713
0 0.153200 0.011127 0.057045 0.022224
0 0.256457 0.804218 0.049725 0.062326
0 0.972940 0.973405 0.047382 0.050126
0 0.098039 0.975343 0.048626 0.046291
0 0.904996 0.488545 0.051725 0.072147
0 0.339139 0.662067 0.049293 0.084638
0 0.985799 0.033374 0.026744 0.066666
0 0.558175 0.961469 0.053492 0.073538
0 0.464738 0.909694 0.060189 0.091093
0 0.100835 0.900090 0.068827 0.097905
0 0.263900 0.862856 0.053037 0.070384
0 0.019826 0.804330 0.039637 0.071883
0 0.540543 0.874703 0.049072 0.077083
0 0.018102 0.090837 0.036204 0.078575
0 0.592264 0.497550 0.050274 0.079248
0 0.232454 0.186439 0.063665 0.101449
0 0.075007 0.354540 0.048845 0.084241
0 0.390130 0.956036 0.053317 0.082653
0 0.025718 0.937477 0.048450 0.076955
0 0.401042 0.346973 0.043356 0.084392
0 0.970794 0.608600 0.047177 0.077613
0 0.297539 0.688221 0.049135 0.092376
0 0.292441 0.924993 0.050668 0.078191
0 0.603690 0.736306 0.051430 0.087082
0 0.648497 0.677479 0.052929 0.089533
0 0.238924 0.962661 0.050088 0.070955
0 0.685263 0.960057 0.055926 0.076365
0 0.850395 0.962164 0.052810 0.072251
0 0.787388 0.789105 0.050867 0.083204
0 0.981847 0.510933 0.034226 0.077454
0 0.634782 0.543827 0.047816 0.084841
0 0.219739 0.021055 0.052878 0.042111
0 0.043291 0.277158 0.047185 0.076825
0 0.378530 0.821926 0.052863 0.082085
0 0.706161 0.751027 0.049276 0.090566
0 0.512696 0.810204 0.050758 0.080315
0 0.266612 0.059619 0.045511 0.069059
0 0.356624 0.320628 0.045319 0.085416
0 0.771675 0.958962 0.049859 0.077424
0 0.858813 0.478995 0.054761 0.085361
0 0.702419 0.574501 0.054027 0.095127
0 0.511815 0.447467 0.056868 0.091633
0 0.334318 0.877362 0.053924 0.086036
0 0.106165 0.037248 0.052695 0.074496
0 0.478935 0.509593 0.049726 0.076040
0 0.371252 0.596021 0.048311 0.085528
0 0.215010 0.766053 0.050575 0.081456
0 0.945741 0.927582 0.054004 0.085673
0 0.125556 0.805170 0.052264 0.084827
0 0.052530 0.030037 0.046429 0.060074
0 0.733301 0.661163 0.053886 0.082126
0 0.504556 0.354303 0.053891 0.080453
0 0.897842 0.867399 0.050321 0.076998
0 0.860654 0.779706 0.047280 0.085460
0 0.504632 0.264977 0.056803 0.080472
0 0.530468 0.700287 0.057048 0.088756
0 0.650126 0.025100 0.044785 0.050200
0 0.273018 0.354033 0.048569 0.082736
0 0.844758 0.677831 0.052615 0.077884
0 0.258200 0.441353 0.055193 0.086733
0 0.365372 0.736378 0.053467 0.087022
0 0.203878 0.517792 0.050191 0.078786
0 0.123350 0.170480 0.046055 0.071930
0 0.066639 0.783313 0.053371 0.083404
0 0.465304 0.746813 0.054470 0.083692
0 0.960523 0.701048 0.058125 0.080274
0 0.350823 0.032126 0.045695 0.064252
0 0.801656 0.316057 0.048488 0.085384
0 0.031469 0.412617 0.046842 0.078562
0 0.027277 0.495527 0.045145 0.074133
0 0.119675 0.719980 0.053628 0.076617
0 0.442251 0.296737 0.056201 0.079788
0 0.307074 0.277525 0.063323 0.088522
0 0.773216 0.417731 0.045941 0.078697
0 0.325758 0.512785 0.049795 0.101020
0 0.802333 0.604905 0.048689 0.074609
0 0.151120 0.480071 0.047147 0.076452
0 0.227685 0.283087 0.049663 0.082303
0 0.418267 0.565082 0.051796 0.085708
0 0.712763 0.159807 0.049996 0.075510
0 0.500287 0.031764 0.053530 0.063529
0 0.069741 0.676690 0.050679 0.079322
0 0.287712 0.131289 0.061536 0.082656
0 0.685132 0.452148 0.053205 0.077452
0 0.241960 0.700887 0.053805 0.079023
0 0.385055 0.134295 0.047941 0.091350
0 0.889894 0.562201 0.069704 0.086101
0 0.899358 0.684716 0.051299 0.078471
0 0.150842 0.395658 0.046314 0.080407
0 0.688525 0.246291 0.051339 0.082172
0 0.531268 0.184166 0.056849 0.100652
0 0.601141 0.202092 0.054493 0.087510
0 0.179518 0.590756 0.054236 0.085355
0 0.275535 0.582538 0.057231 0.080518
0 0.666562 0.102888 0.051870 0.094862
0 0.723066 0.340686 0.048582 0.099412
0 0.569845 0.063477 0.058134 0.088103
0 0.888190 0.198371 0.047647 0.076621
0 0.180955 0.101434 0.054967 0.088646
0 0.157795 0.244216 0.049985 0.076048
0 0.714115 0.043527 0.051978 0.081251
0 0.804055 0.073188 0.049934 0.076818
0 0.935261 0.057973 0.048846 0.094728
0 0.108451 0.595047 0.055314 0.099419
0 0.437344 0.150657 0.050335 0.085817
0 0.206798 0.393560 0.054544 0.086776
0 0.879808 0.365154 0.049068 0.079969
0 0.852715 0.115227 0.050709 0.073277
0 0.969323 0.228602 0.047357 0.077427
0 0.846298 0.273686 0.053856 0.093402
0 0.950342 0.451569 0.054838 0.087904
0 0.941685 0.149045 0.051527 0.081273
0 0.767042 0.132407 0.051477 0.080484
0 0.079821 0.499963 0.050657 0.101958
0 0.931858 0.290988 0.051845 0.079466
2 0.117468 0.229440 0.023396 0.036949
2 0.468025 0.072706 0.028856 0.042908
2 0.056247 0.623957 0.022617 0.034565
1 0.060147 0.166865 0.044453 0.047676
1 0.643498 0.178784 0.041334 0.071514
1 0.917627 0.800954 0.049912 0.069130
1 0.681713 0.639452 0.038214 0.051251
1 0.421622 0.872467 0.042114 0.097735