0 0.128980 0.995625 0.035315 0.007219
0 0.810792 0.995286 0.032386 0.007656
0 0.229654 0.993929 0.030276 0.009959
0 0.004945 0.440079 0.009891 0.061890
0 0.993915 0.620311 0.010621 0.072443
0 0.284335 0.007593 0.038392 0.015186
0 0.011251 0.754286 0.022495 0.072700
0 0.991257 0.829103 0.015822 0.069866
0 0.354948 0.009845 0.047760 0.019689
0 0.901363 0.983238 0.047285 0.030426
0 0.010702 0.566828 0.021404 0.072683
0 0.415967 0.982820 0.040705 0.031157
0 0.168009 0.010936 0.049511 0.021873
0 0.983497 0.952116 0.031116 0.084224
0 0.535540 0.981762 0.049798 0.033129
0 0.952859 0.981237 0.046998 0.034270
0 0.014071 0.951727 0.028143 0.072003
0 0.071058 0.983825 0.046212 0.029212
0 0.180812 0.984201 0.047344 0.028342
0 0.143628 0.638778 0.048517 0.072455
0 0.685475 0.895383 0.048502 0.064685
0 0.303739 0.976741 0.041379 0.043087
0 0.734182 0.974919 0.049894 0.046894
0 0.985156 0.356652 0.027582 0.083564
0 0.770242 0.015505 0.049606 0.031008
0 0.262469 0.974591 0.038232 0.047484
0 0.549067 0.021831 0.055576 0.043661
0 0.066141 0.744594 0.048065 0.071447
0 0.129746 0.575515 0.045963 0.070374
0 0.984396 0.062528 0.029283 0.080053
0 0.609296 0.829915 0.044318 0.068196
0 0.677015 0.963265 0.049469 0.069868
0 0.976878 0.686401 0.043774 0.070295
0 0.489357 0.856919 0.046024 0.073763
0 0.965678 0.880628 0.049220 0.079688
0 0.460430 0.555069 0.047008 0.072811
0 0.354841 0.894902 0.050720 0.079857
0 0.832944 0.799028 0.044618 0.069895
0 0.027610 0.889437 0.044852 0.069538
0 0.796416 0.922681 0.050179 0.076604
0 0.021517 0.304401 0.042996 0.076633
0 0.025065 0.811161 0.050004 0.077852
0 0.524913 0.913807 0.052961 0.083329
0 0.856294 0.905366 0.045035 0.073007
0 0.933891 0.818223 0.053358 0.064008
0 0.888215 0.022749 0.045945 0.045474
0 0.495748 0.635542 0.047347 0.080712
0 0.388885 0.940770 0.050256 0.078830
0 0.794323 0.752571 0.046693 0.076617
0 0.577244 0.785038 0.049257 0.084965
0 0.021038 0.168753 0.041000 0.085016
0 0.807387 0.498809 0.043644 0.073784
0 0.464780 0.113897 0.045057 0.069229
0 0.398208 0.534528 0.049947 0.074010
0 0.916831 0.744014 0.045995 0.074846
0 0.643816 0.783812 0.049909 0.075969
0 0.433435 0.474731 0.046973 0.073330
0 0.218343 0.416818 0.052862 0.082785
0 0.834036 0.598792 0.044943 0.073799
0 0.976774 0.169063 0.044265 0.066596
0 0.528079 0.812844 0.051294 0.089050
0 0.453380 0.398516 0.052082 0.079334
0 0.104837 0.038009 0.045278 0.075755
0 0.026292 0.501610 0.046299 0.070735
0 0.771324 0.854176 0.053190 0.083663
0 0.488126 0.472863 0.046549 0.074788
0 0.164721 0.706878 0.050178 0.074286
0 0.589497 0.593814 0.045332 0.074799
0 0.970491 0.436024 0.051868 0.085226
0 0.389274 0.438896 0.047013 0.076103
0 0.387073 0.827750 0.049416 0.078062
0 0.906965 0.900432 0.051438 0.081954
0 0.963066 0.620924 0.044893 0.078553
0 0.541472 0.561697 0.046251 0.083084
0 0.912843 0.641907 0.049905 0.079329
0 0.625544 0.329421 0.039523 0.072167
0 0.399359 0.115674 0.048925 0.065080
0 0.405980 0.029407 0.048777 0.058813
0 0.045611 0.243521 0.046440 0.088196
0 0.944931 0.064953 0.044075 0.085118
0 0.515435 0.403993 0.051485 0.074420
0 0.378822 0.744969 0.046728 0.070762
0 0.167349 0.135763 0.049413 0.073962
0 0.084315 0.112422 0.050134 0.079467
0 0.781991 0.229717 0.046558 0.071889
0 0.150048 0.210539 0.046357 0.076069
0 0.306994 0.277502 0.044893 0.070863
0 0.333610 0.649015 0.048155 0.077634
0 0.869736 0.701809 0.054728 0.083779
0 0.640088 0.663540 0.052713 0.084008
0 0.617467 0.486338 0.048442 0.074744
0 0.125887 0.745808 0.049607 0.077742
0 0.382281 0.670200 0.050220 0.070412
0 0.305831 0.712500 0.044008 0.068103
0 0.817293 0.364737 0.049680 0.078089
0 0.220736 0.044923 0.048574 0.073763
0 0.444353 0.643133 0.051817 0.087793
0 0.812405 0.168493 0.054420 0.079505
0 0.851101 0.524925 0.048423 0.078782
0 0.332617 0.471912 0.052152 0.077969
0 0.231646 0.804633 0.056141 0.073252
0 0.047313 0.061080 0.053165 0.081267
0 0.724281 0.036998 0.048065 0.073997
0 0.566616 0.264438 0.048365 0.075376
0 0.681732 0.078439 0.050376 0.076096
0 0.784328 0.617315 0.054102 0.088225
0 0.285628 0.532184 0.046681 0.082295
0 0.487913 0.342257 0.047683 0.068481
0 0.091277 0.216609 0.051522 0.086828
0 0.833045 0.235618 0.054298 0.081831
0 0.091822 0.658818 0.047880 0.074692
0 0.062861 0.558412 0.045824 0.077385
0 0.954082 0.534880 0.048786 0.077169
0 0.788956 0.430987 0.052765 0.070028
0 0.134354 0.872777 0.046650 0.073486
0 0.180287 0.265774 0.051564 0.075818
0 0.451827 0.754840 0.056306 0.095429
0 0.534462 0.073263 0.049777 0.074450
0 0.625550 0.093904 0.050197 0.075771
0 0.278282 0.085019 0.047375 0.078333
0 0.223055 0.660859 0.050894 0.078818
0 0.912405 0.111172 0.048141 0.073760
0 0.091826 0.409009 0.049409 0.076510
0 0.255495 0.731996 0.054008 0.089617
0 0.349745 0.146073 0.050736 0.078804
0 0.539457 0.472762 0.049801 0.077204
0 0.600498 0.167806 0.050040 0.082502
0 0.297349 0.185432 0.042251 0.080997
0 0.656518 0.151195 0.055403 0.080895
0 0.193002 0.344316 0.052442 0.076203
0 0.672322 0.357012 0.053098 0.075514
0 0.966408 0.242542 0.048200 0.075823
0 0.248208 0.351462 0.053260 0.084724
0 0.238524 0.586052 0.052083 0.076801
0 0.858809 0.402911 0.049647 0.078077
0 0.532271 0.196044 0.053276 0.084764
0 0.476586 0.267151 0.044689 0.069097
0 0.184505 0.598191 0.048752 0.080958
0 0.413655 0.299095 0.050598 0.075971
0 0.472260 0.188859 0.047458 0.072115
0 0.240055 0.881710 0.051591 0.077387
0 0.117444 0.500713 0.048693 0.072767
0 0.729176 0.159609 0.047165 0.077099
0 0.358353 0.261617 0.054989 0.074389
0 0.687818 0.213278 0.054337 0.084357
0 0.419972 0.184450 0.051450 0.082508
0 0.765549 0.331317 0.054950 0.074142
1 0.376389 0.357569 0.035875 0.085816
2 0.077694 0.329559 0.023396 0.034565
2 0.094461 0.362336 0.014818 0.023838
2 0.602944 0.237783 0.022617 0.036949
2 0.725776 0.339690 0.020277 0.030989
2 0.758141 0.545888 0.021057 0.033373
2 0.891111 0.784863 0.015598 0.025030
2 0.581498 0.918951 0.018717 0.038141
2 0.268765 0.832539 0.023396 0.032181
2 0.075744 0.166865 0.019497 0.019070
1 0.505184 0.118015 0.042566 0.085905
1 0.044595 0.701418 0.054572 0.075063
1 0.681998 0.828190 0.056755 0.070058