0 0.645873 0.578225 0.041424 0.071345
0 0.628245 0.626690 0.052952 0.073790
0 0.586279 0.002217 0.036721 0.004367
0 0.560259 0.994985 0.046934 0.009666
0 0.996706 0.942261 0.006176 0.055656
0 0.901610 0.007400 0.043532 0.014800
0 0.993545 0.321010 0.012016 0.063403
0 0.992633 0.440709 0.013732 0.067672
0 0.009714 0.633287 0.019429 0.073228
0 0.009552 0.819256 0.019087 0.079312
0 0.869533 0.989410 0.049367 0.019929
0 0.980202 0.248314 0.038283 0.080300
0 0.012274 0.906492 0.024549 0.081552
0 0.011280 0.280100 0.022560 0.068922
0 0.151761 0.668348 0.049969 0.070898
0 0.616732 0.441081 0.051855 0.077205
0 0.768057 0.098971 0.045556 0.075826
0 0.013836 0.515970 0.027647 0.081996
0 0.982270 0.146076 0.033884 0.075545
0 0.441985 0.776150 0.040644 0.065735
0 0.964693 0.964880 0.047459 0.068111
0 0.917472 0.039029 0.054548 0.077173
0 0.339617 0.531412 0.048683 0.080274
0 0.103288 0.971871 0.049596 0.055116
0 0.392571 0.650984 0.043948 0.067599
0 0.574695 0.522449 0.048751 0.088398
0 0.407586 0.358629 0.047368 0.065372
0 0.321695 0.421054 0.053462 0.081330
0 0.563706 0.705193 0.052431 0.079849
0 0.034725 0.970501 0.053190 0.057479
0 0.182141 0.018719 0.047975 0.037439
0 0.026270 0.703211 0.051714 0.083873
0 0.747672 0.916831 0.046418 0.068698
0 0.286320 0.492768 0.062946 0.092118
0 0.444427 0.431772 0.050121 0.075959
0 0.809744 0.968377 0.049202 0.062448
0 0.496172 0.890964 0.050217 0.077853
0 0.324751 0.651940 0.053011 0.080698
0 0.224053 0.966754 0.046314 0.065211
0 0.478160 0.966375 0.052969 0.066003
0 0.496265 0.522025 0.058313 0.092528
0 0.977101 0.883403 0.045327 0.077495
0 0.493093 0.395027 0.050603 0.075531
0 0.266789 0.921963 0.047098 0.076519
0 0.407635 0.281215 0.052244 0.071408
0 0.279672 0.217967 0.050013 0.070840
0 0.026589 0.024857 0.044850 0.049658
0 0.386651 0.733872 0.052111 0.079966
0 0.333785 0.248743 0.042968 0.092053
0 0.094221 0.321076 0.061132 0.109609
0 0.963793 0.077340 0.053370 0.080572
0 0.696925 0.027048 0.043609 0.054096
0 0.254023 0.841803 0.045436 0.070586
0 0.208614 0.118306 0.041081 0.074030
0 0.874977 0.654860 0.051882 0.076463
0 0.806419 0.529420 0.045896 0.072123
0 0.850630 0.356602 0.050470 0.075530
0 0.106242 0.893029 0.044802 0.070556
0 0.087253 0.027152 0.053191 0.054305
0 0.355187 0.957250 0.052070 0.084039
0 0.243275 0.756548 0.048416 0.079506
0 0.231169 0.031760 0.045471 0.063520
0 0.157853 0.915032 0.047396 0.074441
0 0.870041 0.567093 0.044879 0.082481
0 0.795001 0.029049 0.050680 0.058099
0 0.540497 0.030072 0.047868 0.060032
0 0.591521 0.803624 0.048232 0.075273
0 0.830853 0.274508 0.050932 0.076947
0 0.215256 0.256081 0.047152 0.077359
0 0.429520 0.206084 0.050961 0.075147
0 0.516203 0.810663 0.053129 0.077644
0 0.692453 0.765400 0.055394 0.093233
0 0.268389 0.141323 0.046938 0.072761
0 0.158162 0.232807 0.049884 0.073189
0 0.816816 0.156183 0.050555 0.073781
0 0.870423 0.924795 0.057022 0.077743
0 0.162909 0.582066 0.050044 0.086682
0 0.719268 0.449709 0.053113 0.077945
0 0.786997 0.840700 0.063598 0.101018
0 0.814691 0.641564 0.050545 0.078305
0 0.694816 0.643646 0.050395 0.078168
0 0.126969 0.156809 0.051589 0.081896
0 0.890983 0.754778 0.052283 0.087352
0 0.475104 0.157420 0.051802 0.082105
0 0.082660 0.572068 0.050340 0.088073
0 0.084303 0.805530 0.048650 0.085013
0 0.059975 0.141515 0.051195 0.076652
0 0.203433 0.352441 0.059980 0.078565
0 0.466695 0.664042 0.054742 0.084337
0 0.777370 0.235076 0.053237 0.084316
0 0.933913 0.470400 0.048491 0.077013
0 0.878829 0.112089 0.052031 0.078261
0 0.529878 0.116372 0.061610 0.097313
0 0.408685 0.056872 0.055031 0.080630
0 0.581970 0.297666 0.056900 0.087105
0 0.921808 0.350681 0.049767 0.079800
0 0.642709 0.132579 0.049156 0.079179
0 0.644289 0.222781 0.054464 0.080866
1 0.354162 0.346841 0.041334 0.081049
1 0.376779 0.462455 0.060051 0.069130
1 0.376389 0.581645 0.048353 0.071514
1 0.870054 0.458284 0.037434 0.094160
2 0.696920 0.342074 0.031195 0.047676
2 0.890721 0.392729 0.025736 0.039333
2 0.739034 0.800954 0.035875 0.057211
2 0.068725 0.355185 0.019497 0.038141
1 0.147493 0.310489 0.047573 0.089392
3 0.029878 0.373659 0.059757 0.156138