0 0.833265 0.918405 0.055341 0.070177
0 0.810956 0.004192 0.034399 0.008384
0 0.275568 0.003975 0.043732 0.007950
0 0.995075 0.266845 0.008300 0.057025
0 0.877357 0.927342 0.046907 0.086481
0 0.921101 0.006898 0.043844 0.013797
0 0.007622 0.382354 0.015244 0.073903
0 0.857630 0.676392 0.050346 0.079589
0 0.989944 0.923258 0.018346 0.076121
0 0.824148 0.652594 0.048475 0.075616
0 0.919085 0.948369 0.047237 0.072434
0 0.992822 0.043062 0.012728 0.066722
0 0.969377 0.967482 0.047349 0.061953
0 0.429720 0.973874 0.049888 0.048526
0 0.881968 0.620950 0.046587 0.075236
0 0.824693 0.574209 0.051826 0.070836
0 0.987539 0.119265 0.023161 0.074867
0 0.025395 0.009896 0.044611 0.019792
0 0.949036 0.890840 0.053223 0.072395
0 0.941293 0.772706 0.044352 0.071811
0 0.765675 0.804824 0.052574 0.075359
0 0.979556 0.728476 0.038818 0.085401
0 0.676673 0.799635 0.053843 0.088242
0 0.910071 0.701926 0.051848 0.096387
0 0.695447 0.881427 0.050661 0.079260
0 0.243346 0.978149 0.049652 0.040234
0 0.294512 0.949659 0.047553 0.073064
0 0.752895 0.932525 0.051616 0.083253
0 0.700963 0.965683 0.057113 0.065356
0 0.617081 0.266603 0.047324 0.076488
0 0.020453 0.585664 0.040906 0.082184
0 0.329626 0.890302 0.061573 0.073432
0 0.776820 0.719849 0.054006 0.077603
0 0.854552 0.514119 0.057021 0.079529
0 0.632066 0.663466 0.049931 0.074034
0 0.983629 0.198712 0.031012 0.073880
0 0.944963 0.463953 0.047530 0.076897
0 0.695472 0.724522 0.046627 0.074906
0 0.752657 0.634361 0.054201 0.073619
0 0.257790 0.536677 0.048917 0.072361
0 0.587573 0.617060 0.047984 0.078641
0 0.718239 0.228267 0.050615 0.068306
0 0.979820 0.430612 0.038341 0.084424
0 0.287163 0.467349 0.049243 0.082510
0 0.673637 0.521796 0.055085 0.071512
0 0.143166 0.688046 0.054200 0.085377
0 0.669718 0.194223 0.058635 0.086775
0 0.444217 0.547735 0.057484 0.082747
0 0.926033 0.388045 0.049897 0.079050
0 0.254194 0.880630 0.046186 0.079517
0 0.176740 0.617789 0.051486 0.078193
0 0.748826 0.555566 0.049469 0.074755
0 0.341382 0.336857 0.051891 0.079857
0 0.020155 0.207799 0.040225 0.072327
0 0.419306 0.675841 0.048610 0.074741
0 0.313443 0.403426 0.050720 0.075468
0 0.456194 0.210189 0.047894 0.075408
0 0.550336 0.558826 0.050751 0.081185
0 0.521618 0.699065 0.053544 0.085016
0 0.470193 0.682718 0.046264 0.084363
0 0.611379 0.347036 0.056256 0.088341
0 0.958588 0.647853 0.053217 0.081489
0 0.492340 0.018957 0.052262 0.037915
0 0.684531 0.615052 0.052846 0.088214
0 0.087731 0.690618 0.055445 0.089789
0 0.043671 0.655696 0.059232 0.093171
0 0.553498 0.769716 0.051463 0.082403
0 0.616921 0.025389 0.052419 0.050779
0 0.326320 0.782798 0.052856 0.093760
0 0.079227 0.958935 0.053575 0.078875
0 0.170038 0.795053 0.054496 0.083486
0 0.191071 0.892329 0.054336 0.076792
0 0.377021 0.948415 0.058247 0.086487
0 0.496262 0.591616 0.055081 0.083391
0 0.352318 0.703646 0.056715 0.084077
0 0.451665 0.096303 0.058804 0.083121
0 0.959401 0.553063 0.050485 0.081389
0 0.420746 0.161481 0.048954 0.085980
0 0.131450 0.927323 0.053370 0.085204
0 0.022981 0.303719 0.045956 0.089546
0 0.838862 0.336618 0.053820 0.085931
0 0.894336 0.320305 0.048650 0.079078
0 0.112253 0.769077 0.061482 0.081416
0 0.406220 0.818361 0.057540 0.080730
0 0.019895 0.134650 0.039781 0.070329
0 0.857103 0.424341 0.051045 0.090236
0 0.226872 0.592396 0.059129 0.093485
0 0.331724 0.552177 0.056551 0.082679
0 0.375544 0.608142 0.051871 0.079049
0 0.087715 0.406779 0.053062 0.080609
0 0.034204 0.863918 0.052347 0.077713
0 0.675320 0.408879 0.052737 0.085079
0 0.693997 0.301687 0.052234 0.084419
0 0.880420 0.196031 0.047207 0.079963
0 0.472650 0.951212 0.055804 0.088650
0 0.678826 0.032560 0.052863 0.065097
0 0.434369 0.025305 0.056374 0.050562
0 0.482954 0.492675 0.051705 0.084068
0 0.476102 0.809233 0.055261 0.082953
0 0.850661 0.129780 0.052763 0.077913
0 0.708912 0.105623 0.048383 0.096299
0 0.238424 0.780066 0.057888 0.077281
0 0.081110 0.323291 0.052046 0.083533
0 0.552823 0.954936 0.059778 0.086239
0 0.165003 0.220631 0.058881 0.076857
0 0.071667 0.241071 0.052425 0.075083
0 0.836161 0.045849 0.058596 0.089235
0 0.033718 0.492135 0.046694 0.083914
0 0.741727 0.465628 0.055377 0.085221
0 0.120623 0.023674 0.055116 0.047349
0 0.939780 0.043489 0.056286 0.074149
0 0.765000 0.035165 0.051967 0.070331
0 0.229768 0.455173 0.062172 0.096234
0 0.794267 0.208721 0.052298 0.084581
0 0.383503 0.268168 0.058420 0.091063
0 0.389542 0.401304 0.056867 0.082541
0 0.137787 0.150820 0.056367 0.078741
0 0.311753 0.254502 0.054433 0.085585
0 0.947818 0.120404 0.052897 0.085813
0 0.214128 0.360384 0.050787 0.097161
0 0.086784 0.082471 0.055553 0.081310
0 0.200478 0.146242 0.049032 0.084571
0 0.170815 0.301921 0.054708 0.081976
0 0.948104 0.256391 0.055951 0.081889
0 0.159616 0.405061 0.052253 0.080423
0 0.344772 0.104768 0.056849 0.083718
0 0.446034 0.351808 0.065826 0.095675
0 0.229521 0.036789 0.052851 0.073578
0 0.253377 0.225148 0.056213 0.088836
1 0.081593 0.175805 0.037434 0.053635
1 0.008042 0.886770 0.016083 0.059595
1 0.802594 0.870083 0.042894 0.095352
1 0.575649 0.279499 0.052252 0.110846
3 0.851727 0.828963 0.086567 0.129917
2 0.315168 0.846246 0.024176 0.026222