0 0.996043 0.841362 0.006792 0.061134
0 0.996056 0.602440 0.007073 0.056410
0 0.005937 0.967312 0.011875 0.062312
0 0.210530 0.989848 0.048398 0.017378
0 0.009387 0.467288 0.018746 0.074824
0 0.989989 0.233550 0.018208 0.074069
0 0.356719 0.981859 0.045129 0.032991
0 0.985633 0.054561 0.026876 0.080654
0 0.019691 0.645760 0.039381 0.084506
0 0.014522 0.559047 0.029043 0.084907
0 0.017020 0.162972 0.034016 0.079994
0 0.519315 0.976206 0.058465 0.044050
0 0.623651 0.017529 0.048257 0.035059
0 0.840894 0.965498 0.054283 0.065740
0 0.034212 0.033622 0.054143 0.067245
0 0.136217 0.965074 0.057620 0.066359
0 0.593057 0.893359 0.050842 0.077354
0 0.038366 0.906731 0.057067 0.090489
0 0.150295 0.886408 0.049885 0.082235
0 0.054806 0.103786 0.057036 0.091537
0 0.546117 0.916324 0.050935 0.085909
0 0.612686 0.961830 0.056694 0.072894
0 0.202050 0.644540 0.053157 0.083292
0 0.908229 0.609081 0.057968 0.078428
0 0.952914 0.656136 0.049921 0.075947
0 0.669671 0.331517 0.048210 0.076599
0 0.893874 0.032751 0.057472 0.065430
0 0.025689 0.242307 0.051378 0.081277
0 0.943533 0.092103 0.051607 0.060283
0 0.529857 0.627567 0.053168 0.075865
0 0.717489 0.670378 0.056057 0.076087
0 0.731243 0.923105 0.058246 0.078178
0 0.300360 0.330827 0.048364 0.070592
0 0.869346 0.895671 0.056033 0.092342
0 0.720895 0.837445 0.054237 0.084711
0 0.255401 0.948589 0.054253 0.085613
0 0.616326 0.341618 0.054033 0.083865
0 0.337686 0.051938 0.045101 0.078128
0 0.327328 0.936250 0.051778 0.086632
0 0.973644 0.343261 0.048354 0.078482
0 0.532900 0.545401 0.051432 0.079320
0 0.847962 0.405370 0.053889 0.083259
0 0.652727 0.148006 0.048731 0.083418
0 0.150976 0.059658 0.051987 0.081710
0 0.385965 0.800318 0.054684 0.076739
0 0.931650 0.726200 0.051889 0.076371
0 0.607378 0.186883 0.055300 0.090646
0 0.075449 0.213406 0.049594 0.076813
0 0.054338 0.465387 0.050308 0.077657
0 0.812524 0.047344 0.051226 0.079424
0 0.106137 0.802497 0.056768 0.083398
0 0.425151 0.621499 0.048826 0.082959
0 0.540719 0.042055 0.052807 0.083473
0 0.441712 0.787049 0.047928 0.078595
0 0.758736 0.131410 0.054521 0.081396
0 0.327590 0.499194 0.045456 0.088058
0 0.488044 0.178164 0.051813 0.078180
0 0.393120 0.421561 0.053170 0.083502
0 0.213490 0.030347 0.058591 0.060695
0 0.379388 0.880408 0.057056 0.082015
0 0.792453 0.698993 0.054377 0.086989
0 0.486551 0.654166 0.052616 0.080600
0 0.222316 0.184011 0.056043 0.078873
0 0.184824 0.787599 0.049670 0.084859
0 0.523400 0.122173 0.050213 0.078165
0 0.220733 0.102213 0.052797 0.078269
0 0.613053 0.818000 0.055401 0.090364
0 0.459129 0.475398 0.053720 0.076886
0 0.688045 0.605548 0.055940 0.083438
0 0.202294 0.394719 0.052150 0.085188
0 0.742259 0.744220 0.058769 0.085047
0 0.323453 0.248047 0.047974 0.079144
0 0.860307 0.666384 0.053406 0.079988
0 0.102449 0.510195 0.050383 0.080733
0 0.889927 0.779551 0.053437 0.090393
0 0.407428 0.703207 0.055653 0.079039
0 0.699990 0.221617 0.053623 0.081910
0 0.479857 0.073719 0.051560 0.076835
0 0.760492 0.614076 0.054263 0.083585
0 0.737957 0.059448 0.055182 0.102880
0 0.533870 0.771579 0.054318 0.084323
0 0.112758 0.714538 0.059882 0.087797
0 0.735267 0.362647 0.051412 0.079057
0 0.253637 0.423406 0.050479 0.084083
0 0.684856 0.081796 0.049476 0.081733
0 0.629923 0.640467 0.055295 0.082123
0 0.471851 0.392573 0.053003 0.081375
0 0.344640 0.384324 0.057643 0.091482
0 0.968035 0.554107 0.050727 0.090678
0 0.351098 0.661740 0.054737 0.082758
0 0.318620 0.160467 0.056492 0.087291
0 0.400485 0.102514 0.046434 0.086723
0 0.754938 0.513719 0.057583 0.078759
0 0.301982 0.839654 0.050772 0.084465
0 0.811701 0.311498 0.050882 0.079798
0 0.226643 0.850911 0.055667 0.089588
0 0.268347 0.234588 0.051626 0.089575
0 0.168091 0.550307 0.051043 0.078672
0 0.172033 0.464325 0.052500 0.081755
0 0.926825 0.168478 0.055612 0.091663
0 0.852946 0.493531 0.058089 0.086976
0 0.468204 0.556635 0.052851 0.080103
0 0.914391 0.496705 0.057815 0.080601
0 0.454932 0.315809 0.055429 0.082833
0 0.224622 0.565172 0.058041 0.093611
0 0.071016 0.644413 0.054271 0.096535
0 0.873474 0.210588 0.055630 0.087750
0 0.251388 0.683654 0.055413 0.095138
0 0.572124 0.493842 0.057984 0.086947
0 0.391973 0.536162 0.054553 0.085174
0 0.833814 0.133642 0.057044 0.084313
2 0.111229 0.623361 0.018717 0.026222
2 0.577208 0.380215 0.027296 0.035757
2 0.264476 0.009535 0.024176 0.019070
1 0.944533 0.927294 0.036654 0.085816
1 0.590076 0.290226 0.056152 0.084625
1 0.896180 0.349821 0.061611 0.098927