0 0.398443 0.993867 0.031887 0.010332
0 0.996420 0.195716 0.005930 0.052315
0 0.675856 0.989384 0.038689 0.018274
0 0.720116 0.731486 0.049947 0.074559
0 0.728895 0.667522 0.057072 0.077224
0 0.991434 0.630493 0.015326 0.064647
0 0.010795 0.851076 0.021562 0.088506
0 0.009395 0.650876 0.018779 0.075389
0 0.013728 0.965456 0.027457 0.066106
0 0.987829 0.718738 0.022497 0.082702
0 0.986778 0.892694 0.024634 0.075974
0 0.726150 0.805664 0.056869 0.079200
0 0.641100 0.745272 0.050280 0.091463
0 0.824876 0.976659 0.055215 0.043345
0 0.521942 0.710073 0.045974 0.071830
0 0.537226 0.771798 0.057016 0.090238
0 0.777528 0.770399 0.042067 0.072451
0 0.263134 0.775229 0.049719 0.094613
0 0.713634 0.599223 0.049249 0.086736
0 0.282021 0.704195 0.048899 0.087983
0 0.074753 0.973584 0.054581 0.049414
0 0.629898 0.138999 0.047535 0.073325
0 0.318993 0.764555 0.052128 0.083143
0 0.064826 0.019354 0.052548 0.038708
0 0.034155 0.905469 0.044409 0.071122
0 0.860987 0.893961 0.064420 0.074343
0 0.371148 0.795764 0.053447 0.079266
0 0.428978 0.758665 0.048992 0.074016
0 0.802703 0.836632 0.047662 0.081110
0 0.431215 0.966631 0.047430 0.063677
0 0.912682 0.921351 0.064126 0.097177
0 0.299416 0.876468 0.054268 0.087814
0 0.890029 0.763205 0.053567 0.066185
0 0.615438 0.921287 0.049940 0.076173
0 0.466129 0.727294 0.055982 0.078022
0 0.669720 0.933075 0.051883 0.074877
0 0.613713 0.697746 0.055946 0.084670
0 0.329718 0.958661 0.050559 0.077228
0 0.971000 0.823228 0.052706 0.087408
0 0.151062 0.958987 0.046341 0.074046
0 0.653261 0.839386 0.055677 0.075793
0 0.982355 0.392712 0.033196 0.074919
0 0.824229 0.745315 0.046223 0.076374
0 0.381747 0.877556 0.054325 0.080892
0 0.629923 0.208384 0.064178 0.081104
0 0.128634 0.836620 0.053430 0.075235
0 0.907893 0.832395 0.052732 0.082472
0 0.147143 0.034852 0.054669 0.069691
0 0.046908 0.808567 0.049358 0.076540
0 0.389568 0.034587 0.054799 0.069072
0 0.081192 0.745787 0.046538 0.077349
0 0.512186 0.936395 0.054446 0.086134
0 0.764449 0.597219 0.047241 0.079205
0 0.664644 0.537691 0.048354 0.075134
0 0.206396 0.919939 0.056598 0.088992
0 0.116919 0.545429 0.056859 0.077116
0 0.541092 0.192513 0.046090 0.074643
0 0.753846 0.420823 0.051288 0.082063
0 0.978458 0.124616 0.041267 0.075282
0 0.197089 0.065390 0.052617 0.075223
0 0.044375 0.387470 0.050976 0.084758
0 0.269869 0.425872 0.054298 0.078034
0 0.098764 0.624310 0.052354 0.085647
0 0.805325 0.275131 0.051790 0.074522
0 0.030604 0.473650 0.057830 0.087100
0 0.491031 0.377493 0.051438 0.081800
0 0.296763 0.575666 0.056299 0.078696
0 0.211158 0.709383 0.052614 0.084984
0 0.880524 0.042945 0.051461 0.081283
0 0.638615 0.052306 0.059575 0.087601
0 0.247503 0.349034 0.048200 0.075714
0 0.901833 0.660460 0.056480 0.069423
0 0.125901 0.701008 0.054330 0.082440
0 0.960304 0.448667 0.052617 0.082046
0 0.077030 0.147441 0.054448 0.086790
0 0.575800 0.142398 0.052233 0.077458
0 0.867059 0.322081 0.052194 0.079146
0 0.712286 0.049338 0.058460 0.081305
0 0.641050 0.293043 0.048862 0.077920
0 0.132485 0.168044 0.057667 0.106072
0 0.349725 0.386673 0.052448 0.074135
0 0.322184 0.316256 0.056025 0.089667
0 0.849673 0.186162 0.051310 0.081663
0 0.564980 0.653416 0.050685 0.075600
0 0.303071 0.493746 0.055988 0.078616
0 0.202470 0.493804 0.051977 0.081592
0 0.889698 0.244061 0.054065 0.087484
0 0.775618 0.344197 0.058474 0.084658
0 0.781803 0.191295 0.054095 0.082523
0 0.907637 0.384116 0.053295 0.075774
0 0.507406 0.466106 0.055422 0.083874
0 0.866549 0.435133 0.052975 0.084112
0 0.388652 0.568283 0.050893 0.078528
0 0.058173 0.253401 0.051468 0.074212
0 0.418758 0.122694 0.055445 0.081195
0 0.521545 0.108581 0.057999 0.090533
0 0.087675 0.336851 0.054515 0.084603
0 0.257683 0.243047 0.049593 0.083407
0 0.739127 0.132952 0.060065 0.088269
0 0.555519 0.575872 0.050245 0.075550
0 0.683334 0.456865 0.058707 0.086316
0 0.919587 0.124829 0.054222 0.084721
0 0.124729 0.461747 0.055613 0.081069
0 0.494212 0.565570 0.047222 0.089974
0 0.648518 0.386255 0.056933 0.090552
0 0.367101 0.260090 0.056455 0.093553
0 0.724077 0.309562 0.054137 0.086233
0 0.178312 0.288635 0.056928 0.079742
0 0.564681 0.317159 0.051192 0.084912
0 0.816685 0.577435 0.062105 0.108382
1 0.501170 0.296186 0.049912 0.060787
2 0.227041 0.103695 0.019497 0.028605
2 0.931665 0.484505 0.021837 0.036949
2 0.309709 0.423123 0.019497 0.030989
3 0.343634 0.663290 0.088907 0.148987
3 0.744493 0.942193 0.096705 0.115614