0 0.137650 0.996466 0.040822 0.006780
0 0.241038 0.991797 0.036050 0.014990
0 0.610275 0.008257 0.047688 0.016514
0 0.288616 0.988199 0.039809 0.021870
0 0.190508 0.985147 0.044752 0.028221
0 0.899962 0.910879 0.050061 0.081724
0 0.948162 0.878729 0.047039 0.071747
0 0.511334 0.983009 0.045395 0.032229
0 0.021417 0.828899 0.042785 0.075477
0 0.502027 0.027282 0.049219 0.054563
0 0.050760 0.273284 0.048064 0.065731
0 0.982811 0.583321 0.033381 0.078969
0 0.972860 0.132398 0.048700 0.073297
0 0.909667 0.768307 0.048615 0.076494
0 0.734611 0.772771 0.049324 0.079544
0 0.836379 0.833667 0.050593 0.080860
0 0.552207 0.755096 0.045373 0.070687
0 0.681530 0.675997 0.048929 0.074786
0 0.109483 0.245056 0.051040 0.078907
0 0.304857 0.891122 0.050900 0.076665
0 0.626043 0.739132 0.049960 0.077393
0 0.415697 0.905676 0.044496 0.070298
0 0.168848 0.930414 0.057263 0.080966
0 0.320601 0.626580 0.046618 0.076168
0 0.553266 0.498178 0.042555 0.067219
0 0.248978 0.778504 0.047482 0.073909
0 0.325729 0.763213 0.049186 0.076977
0 0.586694 0.687496 0.047672 0.075281
0 0.372136 0.611712 0.046329 0.073038
0 0.353123 0.688508 0.048878 0.076945
0 0.503283 0.471596 0.045874 0.071264
0 0.954622 0.733868 0.043311 0.075676
0 0.720340 0.632117 0.047557 0.068899
0 0.750207 0.697483 0.048666 0.073328
0 0.600299 0.210866 0.050196 0.078007
0 0.564249 0.429700 0.047839 0.071304
0 0.444006 0.574321 0.054257 0.076603
0 0.277408 0.533430 0.050300 0.077453
0 0.414994 0.509585 0.048872 0.072310
0 0.643317 0.487718 0.046628 0.069134
1 0.224312 0.539333 0.024956 0.063170
1 0.900079 0.843266 0.060051 0.065554
2 0.135795 0.495232 0.019497 0.036949
2 0.215733 0.591180 0.023396 0.030989
2 0.217293 0.453516 0.021837 0.029797
2 0.709398 0.558403 0.015598 0.029797
2 0.661436 0.409416 0.019497 0.027414
2 0.686392 0.276520 0.014818 0.030989
2 0.143204 0.026222 0.009359 0.021454