0 0.002911 0.327390 0.005821 0.067315
0 0.009117 0.227650 0.018234 0.071446
0 0.432704 0.994849 0.030257 0.008372
0 0.003789 0.417540 0.007579 0.063183
0 0.716223 0.004267 0.032744 0.008534
0 0.004317 0.559575 0.008635 0.051494
0 0.328795 0.006290 0.037030 0.012579
0 0.174688 0.992071 0.033610 0.012944
0 0.597957 0.008499 0.034990 0.016997
0 0.754298 0.384468 0.048732 0.079284
0 0.793810 0.404922 0.042283 0.070893
0 0.069435 0.988735 0.035045 0.019551
0 0.990617 0.560480 0.016808 0.064259
0 0.803252 0.988508 0.039509 0.019925
0 0.987540 0.389973 0.022926 0.077724
0 0.572540 0.184643 0.040409 0.064553
0 0.783633 0.171633 0.046622 0.071784
0 0.227421 0.988011 0.046582 0.020829
0 0.986045 0.473529 0.025825 0.073254
0 0.381347 0.980848 0.046255 0.034884
0 0.819207 0.146421 0.048554 0.085305
0 0.715604 0.193066 0.049246 0.070580
0 0.570886 0.441923 0.045922 0.076926
0 0.653926 0.240489 0.042052 0.072966
0 0.604418 0.391250 0.043300 0.074785
0 0.885168 0.029008 0.045737 0.057949
0 0.661358 0.419524 0.042526 0.074022
0 0.518788 0.247390 0.047066 0.067748
0 0.772189 0.476748 0.043835 0.067581
0 0.283105 0.245764 0.039155 0.090145
0 0.815827 0.234868 0.048551 0.073959
0 0.663607 0.036933 0.048224 0.073785
0 0.719697 0.057437 0.048590 0.084121
0 0.531618 0.031528 0.059931 0.063003
0 0.847707 0.076487 0.050523 0.071482
0 0.537547 0.369610 0.050383 0.071896
0 0.681190 0.119506 0.058255 0.080950
0 0.331278 0.696141 0.042291 0.073660
0 0.535406 0.100185 0.050244 0.070688
0 0.434053 0.421440 0.050665 0.081862
0 0.689436 0.971261 0.049127 0.054320
0 0.981324 0.101495 0.035485 0.082614
0 0.403044 0.344807 0.046628 0.077987
0 0.324589 0.242824 0.051469 0.078781
0 0.976944 0.637628 0.041100 0.067911
0 0.616960 0.181723 0.041541 0.071172
0 0.358355 0.198768 0.052804 0.086004
0 0.468178 0.098591 0.047411 0.072803
0 0.480365 0.199658 0.051465 0.084164
0 0.434212 0.152783 0.046816 0.074362
0 0.017923 0.149182 0.035802 0.076078
0 0.606203 0.485996 0.043517 0.072476
0 0.375386 0.122501 0.052027 0.073932
0 0.805129 0.691545 0.045115 0.080436
0 0.733165 0.513127 0.042509 0.077011
0 0.423692 0.588937 0.043417 0.070133
0 0.898548 0.969134 0.045442 0.058404
0 0.254611 0.575135 0.046683 0.073965
0 0.027414 0.694861 0.046339 0.073923
0 0.470387 0.477337 0.048694 0.077857
0 0.410343 0.270928 0.057361 0.074404
0 0.520799 0.461610 0.044259 0.076338
0 0.378020 0.613033 0.050226 0.080724
0 0.352276 0.044990 0.047381 0.069031
0 0.499478 0.313670 0.045070 0.074948
0 0.297505 0.634006 0.046417 0.076453
0 0.022908 0.610751 0.045167 0.072540
0 0.112442 0.971732 0.052529 0.053252
0 0.144216 0.101235 0.054023 0.078667
0 0.079530 0.031552 0.049986 0.063055
0 0.420121 0.668517 0.045857 0.075141
0 0.453043 0.348901 0.049483 0.074173
0 0.873569 0.599477 0.051883 0.075926
0 0.821356 0.332927 0.049069 0.080904
0 0.151537 0.853175 0.046788 0.074885
0 0.923350 0.278364 0.050533 0.077225
0 0.791414 0.588501 0.048786 0.082932
0 0.289637 0.719835 0.049295 0.084597
0 0.761840 0.654329 0.047580 0.080152
0 0.844486 0.502592 0.050130 0.079888
0 0.610691 0.562883 0.045845 0.072964
0 0.847357 0.964677 0.047403 0.067343
0 0.946174 0.419056 0.051216 0.076155
0 0.060245 0.797242 0.051126 0.072325
0 0.265548 0.417250 0.049435 0.075452
0 0.172378 0.040336 0.059995 0.080672
0 0.792354 0.893423 0.048786 0.072489
0 0.039094 0.950501 0.050208 0.079441
0 0.639627 0.632814 0.054797 0.086574
0 0.267938 0.498630 0.052995 0.074817
0 0.031012 0.397623 0.048418 0.076240
0 0.192138 0.826134 0.041136 0.070486
0 0.083037 0.867779 0.048036 0.078043
0 0.187582 0.289381 0.053340 0.078567
0 0.621467 0.778516 0.049822 0.060653
0 0.658564 0.560857 0.048910 0.079338
0 0.097693 0.183688 0.053607 0.075138
0 0.277757 0.972283 0.047273 0.052106
0 0.333732 0.968900 0.048839 0.058792
0 0.137340 0.669291 0.044069 0.071949
0 0.925456 0.119256 0.053955 0.090573
0 0.560119 0.791853 0.051052 0.071680
0 0.964177 0.344991 0.041919 0.070838
0 0.087042 0.516388 0.043351 0.069975
0 0.714518 0.908973 0.050387 0.065745
0 0.106845 0.446865 0.056552 0.075223
0 0.588903 0.836283 0.050526 0.085657
0 0.976968 0.846140 0.043900 0.078776
0 0.861085 0.890779 0.045173 0.071991
0 0.216102 0.356589 0.048602 0.070322
0 0.954914 0.702451 0.045791 0.081163
0 0.910279 0.739711 0.046339 0.073916
0 0.487131 0.791706 0.051279 0.082921
0 0.106748 0.768191 0.047335 0.078776
0 0.621567 0.706275 0.049160 0.075030
0 0.899248 0.533658 0.046879 0.076381
0 0.315888 0.833505 0.046985 0.081865
0 0.486118 0.583296 0.050814 0.082102
0 0.186909 0.468527 0.048585 0.075299
0 0.648272 0.947892 0.053853 0.080891
0 0.740005 0.776156 0.042690 0.068069
0 0.878770 0.321718 0.049339 0.077624
0 0.173064 0.729207 0.045939 0.076576
0 0.064415 0.116148 0.047929 0.083755
0 0.230565 0.724988 0.050562 0.075691
0 0.175331 0.163104 0.050870 0.079086
0 0.935324 0.928525 0.047250 0.075978
0 0.469996 0.938930 0.045271 0.073001
0 0.951620 0.217077 0.049806 0.081745
0 0.703251 0.839303 0.044254 0.071057
0 0.195549 0.915477 0.049002 0.090152
0 0.438028 0.763101 0.051303 0.084389
0 0.953528 0.534339 0.048918 0.077968
0 0.758901 0.959198 0.049915 0.076655
0 0.118182 0.367329 0.047298 0.076647
0 0.040619 0.538291 0.046349 0.073805
0 0.634769 0.853995 0.046212 0.082449
0 0.381323 0.877422 0.056161 0.088354
0 0.242549 0.282879 0.045593 0.077839
0 0.083087 0.257159 0.051952 0.066395
0 0.786741 0.779503 0.047224 0.077023
0 0.497036 0.703568 0.046376 0.075232
0 0.089310 0.610987 0.052720 0.069898
0 0.537259 0.957749 0.052354 0.077284
0 0.039294 0.312217 0.051010 0.084487
0 0.843488 0.773036 0.047398 0.073079
0 0.137785 0.238846 0.048960 0.078480
0 0.150135 0.574736 0.050252 0.081271
0 0.419005 0.945311 0.049936 0.081851
0 0.909280 0.852414 0.047263 0.074967
0 0.229379 0.148126 0.049635 0.082459
0 0.591546 0.944532 0.049154 0.079850
1 0.192337 0.224076 0.054592 0.066746
1 0.309319 0.550656 0.048353 0.081049
1 0.766330 0.845650 0.046793 0.046484
1 0.774518 0.325983 0.046013 0.077473
1 0.747613 0.136472 0.046793 0.087008
1 0.538994 0.172825 0.055372 0.061979
1 0.648568 0.339094 0.053032 0.101311
3 0.588127 0.286651 0.102165 0.151371
3 0.710958 0.289631 0.098265 0.138260
2 0.125657 0.145411 0.025736 0.033373
2 0.260966 0.360548 0.024956 0.039333
2 0.468805 0.542312 0.025736 0.035757
2 0.475824 0.666865 0.017937 0.027414
2 0.657536 0.894517 0.016378 0.029797
2 0.845878 0.566746 0.014038 0.020262
2 0.989619 0.198451 0.020763 0.036949
2 0.761260 0.073302 0.022617 0.032181
2 0.393936 0.225864 0.021057 0.027414