0 0.491841 0.002320 0.039845 0.004507
0 0.997891 0.356764 0.003681 0.049586
0 0.002893 0.715543 0.005787 0.062014
0 0.003479 0.239508 0.006957 0.049475
0 0.860838 0.004288 0.030966 0.008498
0 0.004081 0.161463 0.008162 0.060485
0 0.994463 0.875801 0.009659 0.062629
0 0.993913 0.226033 0.010703 0.068532
0 0.991014 0.959441 0.016461 0.074971
0 0.992296 0.031454 0.013981 0.062582
0 0.992798 0.604036 0.012904 0.066391
0 0.772152 0.987379 0.042366 0.022250
0 0.665188 0.009609 0.038399 0.019219
0 0.051685 0.982375 0.047004 0.032625
0 0.418986 0.984014 0.046102 0.028745
0 0.230969 0.970581 0.060345 0.055655
0 0.205488 0.014251 0.049391 0.028502
0 0.944746 0.977868 0.049498 0.041125
0 0.484827 0.430819 0.039920 0.065963
0 0.017135 0.613394 0.034269 0.082377
0 0.027535 0.926860 0.049214 0.076772
0 0.425492 0.322181 0.049961 0.077703
0 0.440276 0.623892 0.047135 0.085542
0 0.144987 0.445772 0.047034 0.073665
0 0.362871 0.972767 0.047911 0.051106
0 0.433542 0.711059 0.045908 0.073950
0 0.749459 0.940798 0.049827 0.074459
0 0.396343 0.397697 0.045888 0.067665
0 0.967516 0.648498 0.053147 0.086169
0 0.584052 0.967872 0.046103 0.061157
0 0.561453 0.288655 0.046759 0.075648
0 0.028274 0.715557 0.041762 0.075107
0 0.164976 0.512281 0.046243 0.072804
0 0.041938 0.851049 0.042134 0.075181
0 0.980187 0.509685 0.037649 0.071003
0 0.336094 0.606476 0.047891 0.077792
0 0.897809 0.906506 0.054474 0.073152
0 0.301182 0.928093 0.047156 0.085159
0 0.772570 0.771524 0.051678 0.080220
0 0.526452 0.527626 0.046248 0.076869
0 0.210954 0.547548 0.052548 0.084988
0 0.217065 0.914905 0.050277 0.080202
0 0.414519 0.927350 0.043900 0.067488
0 0.935400 0.590507 0.045159 0.075563
0 0.479733 0.579033 0.046618 0.069131
0 0.331774 0.521470 0.051040 0.081595
0 0.919751 0.017784 0.053530 0.035569
0 0.838040 0.678251 0.047337 0.071173
0 0.254108 0.250550 0.048136 0.076136
0 0.450705 0.249090 0.051276 0.078685
0 0.264170 0.466864 0.046113 0.081170
0 0.817363 0.603737 0.055164 0.074554
0 0.654222 0.779439 0.046003 0.071996
0 0.393317 0.659039 0.046539 0.074205
0 0.030381 0.187421 0.046828 0.076478
0 0.264624 0.893625 0.049031 0.083853
0 0.768194 0.857243 0.048873 0.073271
0 0.049377 0.556929 0.048712 0.078623
0 0.634161 0.499607 0.050245 0.081589
0 0.875320 0.565520 0.048553 0.072859
0 0.386811 0.470203 0.048111 0.073114
0 0.703083 0.900810 0.051464 0.087197
0 0.394946 0.756930 0.048621 0.080236
0 0.637633 0.710480 0.044842 0.069506
0 0.083150 0.028804 0.045927 0.057605
0 0.550724 0.411397 0.052113 0.076647
0 0.085410 0.488491 0.046524 0.081317
0 0.452926 0.388468 0.052053 0.080060
0 0.684375 0.470297 0.048651 0.080597
0 0.331337 0.304318 0.045149 0.069307
0 0.616506 0.917344 0.046975 0.076293
0 0.415404 0.837913 0.046593 0.080222
0 0.751616 0.536930 0.048305 0.072396
0 0.814344 0.520537 0.051880 0.078213
0 0.057658 0.260195 0.048703 0.079184
0 0.476604 0.157939 0.044825 0.071408
0 0.616787 0.823812 0.044478 0.067740
0 0.355878 0.139475 0.047336 0.073917
0 0.589298 0.573441 0.048628 0.074966
0 0.229188 0.178734 0.048584 0.078707
0 0.852264 0.439334 0.051789 0.076353
0 0.727220 0.690273 0.049568 0.078103
0 0.643559 0.414592 0.047565 0.077526
0 0.104005 0.237012 0.045314 0.074780
0 0.233643 0.328551 0.055761 0.085314
0 0.349307 0.059948 0.046279 0.075125
0 0.967445 0.068669 0.043919 0.076981
0 0.426350 0.175657 0.050731 0.075341
0 0.104649 0.121317 0.045957 0.079915
0 0.896635 0.484020 0.051228 0.082290
0 0.150569 0.336542 0.048915 0.083813
0 0.407336 0.042927 0.048448 0.078969
0 0.889852 0.822917 0.055964 0.091947
0 0.575807 0.046349 0.039827 0.068391
0 0.591071 0.231567 0.049394 0.083107
0 0.708521 0.034727 0.051480 0.069453
0 0.707006 0.386251 0.047531 0.076505
0 0.848081 0.355638 0.058364 0.080220
0 0.184028 0.118999 0.052317 0.091998
0 0.819214 0.029867 0.050019 0.059700
0 0.936668 0.132480 0.048029 0.077613
0 0.949359 0.442663 0.047431 0.076828
0 0.817434 0.291909 0.049287 0.078296
0 0.639993 0.061431 0.049780 0.089129
0 0.632875 0.184114 0.047961 0.083014
0 0.960986 0.202601 0.050129 0.072732
0 0.959321 0.315620 0.050325 0.081785
0 0.823167 0.122115 0.045379 0.076184
0 0.700134 0.253996 0.049231 0.081343
0 0.899375 0.187469 0.056525 0.087054
1 0.111229 0.405840 0.056152 0.067938
1 0.322967 0.239571 0.052252 0.057211
1 0.495711 0.281287 0.040554 0.100119
1 0.532755 0.320620 0.058491 0.095352
1 0.428251 0.536949 0.033535 0.079857
1 0.565900 0.483909 0.049912 0.081049
1 0.468415 0.764601 0.043673 0.070322
1 0.804154 0.738975 0.039774 0.057211
1 0.890721 0.972586 0.053812 0.054827
2 0.174009 0.022050 0.017937 0.039333
2 0.699650 0.181764 0.025736 0.041716
2 0.972608 0.129917 0.016378 0.023838
2 0.622831 0.010727 0.020277 0.021454
2 0.083933 0.633492 0.020277 0.032181
2 0.097971 0.862932 0.021837 0.035757
2 0.492201 0.778308 0.019497 0.033373
2 0.471534 0.474374 0.021837 0.030989
2 0.581888 0.517282 0.019497 0.028605
2 0.747613 0.593564 0.017157 0.021454
2 0.810783 0.920739 0.017157 0.027414
2 0.694191 0.747914 0.017937 0.039333