0 0.997558 0.846012 0.003964 0.042193
0 0.002544 0.589429 0.005088 0.054289
0 0.003010 0.219239 0.006021 0.054341
0 0.109915 0.005539 0.034408 0.011077
0 0.994553 0.363356 0.009422 0.065809
0 0.900487 0.991833 0.035589 0.013709
0 0.992762 0.486538 0.012810 0.061067
0 0.990129 0.970837 0.018096 0.055249
0 0.193501 0.006252 0.041124 0.012504
0 0.008868 0.944210 0.017736 0.074557
0 0.011121 0.734101 0.022226 0.065456
0 0.539761 0.986476 0.048083 0.023808
0 0.014185 0.801934 0.028364 0.062606
0 0.981649 0.028996 0.034981 0.057929
0 0.021302 0.870419 0.042604 0.073544
0 0.904070 0.646514 0.049788 0.079304
0 0.038686 0.972407 0.051360 0.052060
0 0.862624 0.611463 0.047654 0.071413
0 0.016213 0.375952 0.032425 0.080385
0 0.671191 0.975636 0.048005 0.045699
0 0.233985 0.882665 0.049717 0.074641
0 0.960621 0.739209 0.043171 0.084895
0 0.656521 0.015685 0.046965 0.031290
0 0.529650 0.745635 0.039500 0.065859
0 0.863393 0.773667 0.044399 0.070685
0 0.387454 0.966255 0.049915 0.064146
0 0.300584 0.830784 0.044490 0.068715
0 0.828080 0.559355 0.051703 0.077427
0 0.202698 0.816860 0.045968 0.074398
0 0.677686 0.860888 0.039253 0.074610
0 0.070195 0.235333 0.049859 0.068741
0 0.337631 0.876114 0.047650 0.083249
0 0.450526 0.474855 0.042309 0.084855
0 0.647082 0.796648 0.050856 0.085424
0 0.351662 0.494857 0.046152 0.077510
0 0.791455 0.740131 0.048910 0.073056
0 0.840405 0.405773 0.058795 0.093528
0 0.495397 0.687581 0.051222 0.074678
0 0.592559 0.615570 0.051156 0.064441
0 0.139488 0.766268 0.049021 0.078546
0 0.957406 0.486397 0.052104 0.062911
0 0.127063 0.930782 0.048547 0.075501
0 0.630786 0.918251 0.048911 0.078172
0 0.825202 0.224057 0.040431 0.067282
0 0.160198 0.436944 0.050133 0.079785
0 0.382639 0.892411 0.043131 0.069440
0 0.563139 0.554281 0.054262 0.076139
0 0.502537 0.845326 0.046979 0.068570
0 0.911266 0.740654 0.049020 0.078032
0 0.907150 0.821407 0.054333 0.078562
0 0.793817 0.659715 0.048705 0.075346
0 0.596522 0.495138 0.047161 0.073720
0 0.772319 0.803808 0.053766 0.077258
0 0.487969 0.958966 0.048603 0.078165
0 0.441176 0.927318 0.047044 0.076853
0 0.916366 0.935132 0.046301 0.075316
0 0.242851 0.780319 0.048790 0.077161
0 0.700989 0.932037 0.044421 0.070369
0 0.669695 0.679956 0.054401 0.078154
0 0.054781 0.776079 0.038739 0.063766
0 0.721007 0.814825 0.045435 0.074072
0 0.344090 0.023595 0.052684 0.047190
0 0.383863 0.579717 0.044924 0.077646
0 0.343001 0.777079 0.047821 0.075594
0 0.500256 0.493588 0.050243 0.079694
0 0.178740 0.693559 0.047749 0.074062
0 0.054057 0.414781 0.047438 0.076364
0 0.355168 0.400225 0.048675 0.077548
0 0.688563 0.751978 0.048338 0.073760
0 0.153573 0.842794 0.051423 0.076874
0 0.654652 0.608547 0.048768 0.075070
0 0.430245 0.666068 0.050669 0.080358
0 0.472175 0.620172 0.049991 0.079057
0 0.207040 0.200973 0.047017 0.070565
0 0.137010 0.511114 0.045548 0.075585
0 0.421458 0.847336 0.045145 0.067519
0 0.038252 0.176326 0.046597 0.070978
0 0.811803 0.483824 0.053116 0.070284
0 0.240647 0.245249 0.053739 0.080203
0 0.055346 0.035939 0.052335 0.071878
0 0.067348 0.308272 0.050147 0.067443
0 0.734328 0.437147 0.051215 0.066108
0 0.482906 0.421297 0.045997 0.069811
0 0.574476 0.737319 0.048094 0.075417
0 0.842632 0.158388 0.046624 0.069528
0 0.304675 0.468061 0.048796 0.080146
0 0.638346 0.454505 0.050196 0.068924
0 0.643881 0.528916 0.050522 0.077016
0 0.086290 0.488228 0.049242 0.076921
0 0.298123 0.691710 0.044424 0.076444
0 0.137156 0.608244 0.049110 0.069902
0 0.554871 0.409046 0.054450 0.074350
0 0.095902 0.674585 0.062388 0.093737
0 0.350952 0.311012 0.049906 0.079275
0 0.961962 0.411082 0.064169 0.083043
0 0.854798 0.266139 0.061243 0.089283
0 0.244665 0.018561 0.047218 0.037122
0 0.200561 0.481694 0.049491 0.083268
0 0.734372 0.508398 0.047501 0.068572
0 0.197648 0.623234 0.055997 0.081519
0 0.122400 0.275554 0.048229 0.077468
0 0.537201 0.931763 0.050097 0.075733
0 0.652179 0.393274 0.050906 0.073652
0 0.377118 0.694288 0.054190 0.084310
0 0.250655 0.462631 0.050658 0.079330
0 0.252451 0.384303 0.048148 0.071041
0 0.695597 0.565532 0.049676 0.098502
0 0.220083 0.321746 0.047927 0.070879
0 0.747608 0.591415 0.050945 0.071851
0 0.445538 0.775061 0.058273 0.087170
0 0.802317 0.118511 0.051253 0.078750
0 0.151258 0.355015 0.047957 0.072894
0 0.729327 0.658999 0.047999 0.069278
0 0.943998 0.278098 0.047998 0.072505
0 0.514112 0.294665 0.046926 0.074377
0 0.775347 0.405851 0.043059 0.072907
0 0.397134 0.456990 0.054898 0.089171
0 0.080289 0.101284 0.043711 0.067076
0 0.967222 0.327356 0.053457 0.078667
0 0.545385 0.107325 0.042298 0.067141
0 0.099812 0.182332 0.048685 0.079548
0 0.644511 0.191784 0.048473 0.078854
0 0.648178 0.277987 0.051572 0.073519
0 0.720758 0.036588 0.046263 0.073095
0 0.375189 0.177868 0.044397 0.073747
0 0.401243 0.301000 0.044458 0.075701
0 0.728621 0.245467 0.043905 0.072735
0 0.555036 0.330180 0.051971 0.073692
0 0.325584 0.147866 0.047011 0.067777
0 0.328433 0.253046 0.055950 0.070068
0 0.318808 0.072501 0.047974 0.073605
0 0.190910 0.052196 0.055658 0.072783
0 0.759358 0.298864 0.048205 0.076166
0 0.727746 0.117297 0.046682 0.076672
0 0.191706 0.131060 0.052114 0.072259
0 0.274120 0.179124 0.052860 0.081502
0 0.455009 0.325667 0.054278 0.076093
0 0.683248 0.234274 0.044742 0.085585
0 0.812097 0.033231 0.050529 0.066461
0 0.610925 0.144786 0.045065 0.073078
0 0.710409 0.382538 0.051390 0.074618
0 0.766155 0.062741 0.042050 0.074669
0 0.477714 0.232680 0.046169 0.078863
0 0.503158 0.073868 0.045728 0.073396
0 0.861772 0.088223 0.053656 0.086006
0 0.579818 0.041604 0.049090 0.081928
0 0.500517 0.150115 0.047578 0.070621
0 0.913849 0.235999 0.048424 0.076419
0 0.937155 0.117169 0.045334 0.074092
0 0.557376 0.208825 0.050241 0.080349
0 0.909219 0.050730 0.056206 0.088022
1 0.898520 0.530989 0.067850 0.120381
1 0.974411 0.682956 0.051178 0.123957
1 0.540554 0.498212 0.031975 0.088200
1 0.573309 0.461263 0.031975 0.073897
1 0.863815 0.348033 0.059271 0.073897
2 0.263306 0.103099 0.024956 0.032181
2 0.107719 0.746722 0.021057 0.029797
2 0.509749 0.215137 0.021837 0.029797
2 0.624781 0.028010 0.017937 0.027414
2 0.878243 0.464839 0.033535 0.035757
2 0.497660 0.794994 0.021057 0.030989
2 0.594366 0.905840 0.022617 0.033373
3 0.948432 0.578665 0.091246 0.165673
1 0.430980 0.252086 0.048353 0.072706