0 0.001736 0.134472 0.003473 0.067292
0 0.994379 0.793742 0.009943 0.062223
0 0.096038 0.002138 0.030781 0.004275
0 0.003044 0.050276 0.006089 0.058099
0 0.622583 0.992684 0.033580 0.011851
0 0.495122 0.007003 0.036840 0.014006
0 0.663505 0.006670 0.039212 0.013341
0 0.989503 0.975587 0.019236 0.045748
0 0.849915 0.008276 0.039471 0.016551
0 0.990238 0.876445 0.017889 0.072437
0 0.745975 0.984752 0.045583 0.027378
0 0.986395 0.023812 0.025644 0.047589
0 0.985990 0.684310 0.026245 0.076640
0 0.681767 0.977703 0.053232 0.041263
0 0.659742 0.781323 0.045560 0.077999
0 0.722905 0.937125 0.047677 0.075834
0 0.646375 0.588554 0.045934 0.067217
0 0.509525 0.973219 0.049893 0.050260
0 0.802031 0.946418 0.049291 0.076077
0 0.776908 0.032907 0.049484 0.065714
0 0.984816 0.371480 0.028517 0.069430
0 0.825450 0.767322 0.048177 0.071913
0 0.686343 0.876500 0.052418 0.085606
0 0.519094 0.746547 0.045548 0.069642
0 0.315053 0.435016 0.055515 0.075426
0 0.201621 0.966529 0.050218 0.063698
0 0.632598 0.858574 0.052899 0.084877
0 0.230312 0.017370 0.052614 0.034740
0 0.287896 0.376565 0.046809 0.069839
0 0.337499 0.772210 0.048126 0.067424
0 0.620317 0.729993 0.049694 0.080621
0 0.933477 0.786290 0.045975 0.069638
0 0.694388 0.589008 0.044723 0.073908
0 0.564999 0.619846 0.047818 0.067548
0 0.142957 0.018944 0.046742 0.037889
0 0.654633 0.422171 0.044207 0.076736
0 0.632295 0.522572 0.047111 0.067194
0 0.135213 0.562378 0.055709 0.071332
0 0.943458 0.020838 0.048631 0.041676
0 0.507172 0.487785 0.050867 0.077106
0 0.983678 0.232151 0.030643 0.076703
0 0.550264 0.692461 0.048553 0.073110
0 0.399856 0.468553 0.049197 0.080491
0 0.801035 0.840200 0.049969 0.082315
0 0.369161 0.580479 0.042732 0.066205
0 0.745015 0.316148 0.039837 0.063971
0 0.430734 0.408274 0.048001 0.071071
0 0.037270 0.027463 0.050115 0.054834
0 0.117642 0.968451 0.049022 0.059697
0 0.433026 0.960581 0.055476 0.075160
0 0.919095 0.716355 0.051535 0.078742
0 0.610411 0.946397 0.050291 0.079441
0 0.706750 0.410799 0.052447 0.074321
0 0.333225 0.938151 0.052004 0.080913
0 0.894820 0.890722 0.050495 0.080659
0 0.387442 0.022385 0.053412 0.044770
0 0.686984 0.275849 0.050050 0.068950
0 0.488095 0.652866 0.051211 0.077620
0 0.728953 0.524025 0.051956 0.075679
0 0.341929 0.508091 0.049219 0.076077
0 0.694316 0.342298 0.048072 0.063083
0 0.377647 0.276664 0.040597 0.071463
0 0.830331 0.306376 0.049349 0.078764
0 0.682729 0.484519 0.049270 0.076486
0 0.158462 0.504550 0.050377 0.074024
0 0.036907 0.908837 0.050389 0.075853
0 0.728091 0.711074 0.043971 0.072681
0 0.376303 0.815710 0.052217 0.082588
0 0.550941 0.441850 0.050801 0.074077
0 0.379884 0.191382 0.049182 0.076776
0 0.557810 0.544218 0.051764 0.075785
0 0.094266 0.041224 0.050976 0.076407
0 0.364944 0.403629 0.049859 0.077956
0 0.503279 0.205757 0.044372 0.072237
0 0.018425 0.353339 0.036851 0.066858
0 0.331506 0.245420 0.050255 0.087031
0 0.192644 0.447175 0.050856 0.085591
0 0.306515 0.170786 0.050087 0.077222
0 0.177573 0.782147 0.047568 0.072991
0 0.663740 0.215045 0.046094 0.069997
0 0.894113 0.357360 0.046433 0.075077
0 0.545877 0.368088 0.053700 0.067537
0 0.844551 0.383018 0.052016 0.077394
0 0.241362 0.927910 0.047733 0.078415
0 0.440240 0.719577 0.051195 0.079295
0 0.296642 0.873948 0.053650 0.078885
0 0.154615 0.075212 0.052042 0.076068
0 0.031546 0.836348 0.049464 0.070219
0 0.581269 0.076796 0.039932 0.069814
0 0.892102 0.031301 0.049277 0.062601
0 0.817682 0.471301 0.048260 0.075901
0 0.103505 0.785435 0.050925 0.073056
0 0.033998 0.654718 0.054224 0.085052
0 0.556995 0.954088 0.049128 0.076972
0 0.602728 0.406429 0.051872 0.084387
0 0.312944 0.709169 0.051201 0.077085
0 0.147136 0.727143 0.052102 0.084511
0 0.855403 0.842757 0.052622 0.081159
0 0.540236 0.289904 0.051160 0.078135
0 0.398930 0.119861 0.049926 0.070228
0 0.442823 0.543634 0.055543 0.083439
0 0.037344 0.486030 0.051416 0.066298
0 0.215515 0.617345 0.047177 0.074427
0 0.828082 0.148001 0.049584 0.069777
0 0.579303 0.238438 0.050281 0.080732
0 0.217840 0.240534 0.047919 0.077755
0 0.282489 0.794396 0.054226 0.078326
0 0.273292 0.564262 0.051515 0.081086
0 0.122483 0.899882 0.055726 0.069890
0 0.039575 0.413044 0.046702 0.069665
0 0.827975 0.050809 0.045799 0.075211
0 0.146735 0.637843 0.048460 0.072931
0 0.325454 0.045547 0.049993 0.081021
0 0.167038 0.187236 0.050735 0.078305
0 0.869823 0.233793 0.048323 0.074477
0 0.949484 0.654216 0.051385 0.083937
0 0.527247 0.036604 0.052462 0.073208
0 0.051319 0.557463 0.051539 0.082286
0 0.862061 0.606667 0.052534 0.083293
0 0.934515 0.320689 0.049385 0.077605
0 0.193367 0.336882 0.053069 0.086403
0 0.455728 0.056968 0.053101 0.079044
0 0.143289 0.402633 0.053363 0.081510
0 0.227195 0.736293 0.049283 0.074790
0 0.476130 0.131069 0.056248 0.084190
0 0.099043 0.481292 0.052090 0.067544
0 0.802226 0.691705 0.059674 0.078003
0 0.925442 0.423138 0.049928 0.075511
0 0.475821 0.318054 0.055990 0.080954
0 0.068435 0.741743 0.046500 0.082449
0 0.786185 0.214658 0.063110 0.095379
0 0.215859 0.101191 0.056004 0.088144
0 0.889081 0.163037 0.056497 0.081803
0 0.668432 0.132823 0.049767 0.081132
0 0.059816 0.155360 0.050854 0.082675
1 0.278514 0.234803 0.049133 0.071514
1 0.018180 0.593564 0.036360 0.081049
1 0.662995 0.663290 0.044453 0.056019
1 0.980017 0.758641 0.034315 0.094160
2 0.371319 0.662694 0.021057 0.023838
2 0.245758 0.808701 0.019497 0.027414
2 0.481283 0.711561 0.027296 0.040524
2 0.730065 0.862932 0.021057 0.035757
2 0.823651 0.905244 0.016378 0.029797
2 0.799085 0.284863 0.020277 0.035757