0 0.206784 0.996370 0.036717 0.006256
0 0.997063 0.319209 0.005616 0.037967
0 0.002109 0.926479 0.004218 0.044265
0 0.997525 0.697089 0.004303 0.052730
0 0.003147 0.859618 0.006294 0.049086
0 0.003936 0.594135 0.007872 0.053193
0 0.686256 0.003769 0.038415 0.007537
0 0.545905 0.991472 0.038445 0.014173
0 0.440985 0.991242 0.040246 0.014682
0 0.943873 0.990333 0.042762 0.016652
0 0.950974 0.007282 0.040132 0.014563
0 0.125563 0.989708 0.037395 0.017837
0 0.008434 0.048810 0.016869 0.074596
0 0.874158 0.988941 0.040313 0.019198
0 0.992484 0.147760 0.013642 0.074841
0 0.990585 0.836489 0.017261 0.069866
0 0.985141 0.031414 0.028265 0.062707
0 0.019310 0.675548 0.038620 0.085148
0 0.789086 0.964939 0.040127 0.066886
0 0.229242 0.965666 0.048094 0.065664
0 0.328853 0.960592 0.046036 0.075426
0 0.881007 0.016125 0.048832 0.032250
0 0.626325 0.639424 0.046085 0.068348
0 0.686709 0.630318 0.042528 0.068238
0 0.079521 0.971577 0.049404 0.053494
0 0.621104 0.565874 0.044187 0.058878
0 0.857971 0.940475 0.054360 0.075625
0 0.732921 0.660296 0.047793 0.068164
0 0.031385 0.020665 0.047659 0.041302
0 0.595573 0.699142 0.049612 0.076812
0 0.120398 0.763186 0.049966 0.074555
0 0.691968 0.806587 0.047562 0.077245
0 0.133046 0.413391 0.051602 0.078033
0 0.625933 0.817051 0.048936 0.071369
0 0.106138 0.641945 0.046160 0.073668
0 0.738235 0.779638 0.045483 0.070556
0 0.161891 0.826722 0.046845 0.070637
0 0.638990 0.741733 0.052249 0.077941
0 0.512655 0.024509 0.047467 0.048934
0 0.505679 0.859516 0.052482 0.070660
0 0.746273 0.858311 0.046284 0.070880
0 0.908830 0.958128 0.046379 0.074251
0 0.982341 0.248618 0.033720 0.074613
0 0.418529 0.951567 0.048558 0.071618
0 0.061664 0.883500 0.045837 0.085696
0 0.111206 0.480313 0.055125 0.080293
0 0.782131 0.694975 0.043896 0.069641
0 0.266953 0.913160 0.051628 0.075116
0 0.436517 0.872958 0.045742 0.063348
0 0.148250 0.571085 0.047321 0.076365
0 0.155918 0.953988 0.048781 0.075864
0 0.361447 0.890117 0.051643 0.079797
0 0.491155 0.688577 0.044793 0.075370
0 0.494145 0.934787 0.047697 0.076378
0 0.867148 0.862135 0.050566 0.076769
0 0.584599 0.959219 0.049278 0.072124
0 0.094311 0.560838 0.051318 0.081505
0 0.177822 0.728215 0.048201 0.075420
0 0.917518 0.802601 0.051466 0.078527
0 0.025333 0.455945 0.046645 0.073372
0 0.178876 0.640265 0.047258 0.073076
0 0.056151 0.778203 0.048652 0.079834
0 0.672980 0.222536 0.048353 0.069167
0 0.267522 0.500061 0.048488 0.076486
0 0.837103 0.088921 0.041804 0.077729
0 0.874822 0.752481 0.050387 0.078888
0 0.591663 0.029031 0.049011 0.058052
0 0.445930 0.705993 0.047542 0.073054
0 0.861902 0.543452 0.040453 0.073901
0 0.293033 0.431597 0.046930 0.074155
0 0.411918 0.101205 0.048126 0.076922
0 0.501560 0.776038 0.048390 0.078344
0 0.272040 0.580163 0.048175 0.070568
0 0.817150 0.554994 0.044940 0.070353
0 0.535850 0.085824 0.049467 0.080643
0 0.400030 0.029831 0.049830 0.059602
0 0.452469 0.784810 0.045185 0.074672
0 0.123005 0.025910 0.051706 0.051785
0 0.625769 0.395143 0.051252 0.080171
0 0.580476 0.871329 0.053233 0.089291
0 0.365821 0.773670 0.048915 0.079629
0 0.792434 0.061854 0.045895 0.074335
0 0.224716 0.681714 0.051032 0.080627
0 0.529029 0.590465 0.047319 0.073942
0 0.507256 0.515613 0.048261 0.078740
0 0.562401 0.159681 0.049722 0.077409
0 0.970342 0.345237 0.047059 0.081362
0 0.384658 0.166257 0.049826 0.076706
0 0.611516 0.490810 0.048475 0.078509
0 0.776180 0.139509 0.052827 0.081175
0 0.684888 0.503660 0.050606 0.079103
0 0.471661 0.069666 0.053160 0.076957
0 0.346560 0.033298 0.049012 0.066481
0 0.610500 0.197491 0.049802 0.079588
0 0.117215 0.275850 0.044650 0.065228
0 0.200253 0.225184 0.046910 0.068824
0 0.460064 0.531221 0.044836 0.076912
0 0.485544 0.308808 0.046201 0.075983
0 0.364019 0.565991 0.050207 0.077909
0 0.222864 0.039063 0.054978 0.078053
0 0.605404 0.322770 0.045958 0.072311
0 0.383752 0.671014 0.046505 0.071854
0 0.331594 0.702243 0.051834 0.079957
0 0.107459 0.350970 0.048488 0.075990
0 0.425843 0.296214 0.052757 0.078201
0 0.904477 0.202910 0.048245 0.075807
0 0.440994 0.621248 0.051505 0.081460
0 0.675319 0.145448 0.048603 0.073726
0 0.761303 0.226840 0.051265 0.077289
0 0.299580 0.058959 0.050224 0.072670
0 0.494877 0.221869 0.053422 0.087583
0 0.900149 0.488519 0.050217 0.076355
0 0.881840 0.122318 0.050664 0.076913
0 0.113880 0.197106 0.052059 0.082397
0 0.509243 0.387423 0.049343 0.079849
0 0.255045 0.227637 0.049718 0.075317
0 0.858535 0.288304 0.047501 0.080701
0 0.120189 0.110968 0.047343 0.079025
0 0.304837 0.137078 0.053259 0.076571
0 0.337640 0.248537 0.053980 0.078913
0 0.206692 0.124764 0.057615 0.092494
1 0.719147 0.232420 0.027296 0.085816
1 0.667675 0.437426 0.049133 0.069130
2 0.587347 0.386770 0.016378 0.027414
2 0.290212 0.325983 0.027296 0.036949
2 0.344803 0.174613 0.017937 0.025030
2 0.228601 0.193683 0.019497 0.025030
2 0.296841 0.675209 0.020277 0.029797
2 0.397835 0.871275 0.016378 0.040524
2 0.783487 0.588200 0.020277 0.029797
2 0.948042 0.541120 0.020277 0.035757
2 0.991568 0.524434 0.016863 0.038141
1 0.760091 0.609654 0.053032 0.079857