0 0.002395 0.769027 0.004789 0.051873
0 0.050434 0.338462 0.060354 0.073232
0 0.213737 0.993061 0.038970 0.011605
0 0.995440 0.545940 0.007803 0.060109
0 0.825842 0.991322 0.039266 0.014455
0 0.880027 0.990108 0.041353 0.016883
0 0.007539 0.668263 0.015069 0.051776
0 0.008401 0.263537 0.016745 0.059158
0 0.012433 0.974703 0.024866 0.047472
0 0.009665 0.881895 0.019318 0.074108
0 0.991556 0.470087 0.015083 0.065548
0 0.084227 0.986806 0.045567 0.023201
0 0.989258 0.293671 0.019641 0.078642
0 0.291166 0.982972 0.057046 0.030796
0 0.985700 0.948809 0.026762 0.077539
0 0.984948 0.739967 0.028013 0.077438
0 0.304528 0.766662 0.055549 0.074431
0 0.327183 0.801769 0.053824 0.076100
0 0.401399 0.557221 0.057315 0.084875
0 0.678500 0.980481 0.047324 0.036079
0 0.718640 0.301792 0.050557 0.087205
0 0.759091 0.299526 0.043295 0.072715
0 0.853031 0.017170 0.047294 0.034340
0 0.785144 0.228720 0.052859 0.089170
0 0.016332 0.147496 0.032655 0.081388
0 0.316534 0.014100 0.055566 0.028199
0 0.979602 0.397409 0.038731 0.080252
0 0.411832 0.487274 0.051708 0.075681
0 0.096337 0.686499 0.050937 0.075982
0 0.439089 0.320768 0.051167 0.076890
0 0.586114 0.638590 0.051202 0.070399
0 0.215780 0.381814 0.048732 0.077550
0 0.430369 0.972115 0.048872 0.052468
0 0.254398 0.796820 0.056722 0.073211
0 0.609109 0.015957 0.049110 0.031914
0 0.503534 0.960046 0.053632 0.076264
0 0.532914 0.034548 0.045118 0.069042
0 0.733833 0.957669 0.044769 0.077420
0 0.561900 0.587310 0.046735 0.071625
0 0.693726 0.023889 0.049805 0.047698
0 0.468729 0.889333 0.045940 0.088275
0 0.833003 0.834005 0.047318 0.072460
0 0.866656 0.071670 0.044804 0.074067
0 0.570150 0.489978 0.039093 0.070143
0 0.666453 0.918622 0.049743 0.078966
0 0.977626 0.155314 0.042484 0.071653
0 0.781606 0.876009 0.045655 0.074915
0 0.974930 0.609530 0.047903 0.085110
0 0.308867 0.927307 0.053997 0.083780
0 0.555997 0.762068 0.050822 0.076345
0 0.142368 0.924137 0.053532 0.065739
0 0.249638 0.877835 0.057905 0.082602
0 0.824300 0.941068 0.047719 0.075745
0 0.235145 0.020364 0.046925 0.040729
0 0.931198 0.957855 0.050813 0.077439
0 0.406884 0.280745 0.059486 0.080841
0 0.122959 0.633284 0.054918 0.076888
0 0.221723 0.947975 0.055945 0.073640
0 0.601969 0.548261 0.045710 0.077912
0 0.141277 0.475439 0.047622 0.078308
0 0.105669 0.020044 0.048344 0.040089
0 0.374778 0.089162 0.046128 0.065890
0 0.469568 0.379121 0.048627 0.073250
0 0.026633 0.819885 0.052911 0.078100
0 0.912209 0.810892 0.044069 0.069238
0 0.960577 0.033595 0.054461 0.067159
0 0.939934 0.099858 0.046396 0.079842
0 0.446360 0.591762 0.047294 0.075519
0 0.910679 0.163391 0.051975 0.080060
0 0.971485 0.813068 0.047624 0.075259
0 0.929351 0.632772 0.046786 0.076660
0 0.461202 0.457891 0.064043 0.085644
0 0.747358 0.030916 0.050558 0.061833
0 0.607001 0.071889 0.043297 0.068134
0 0.022116 0.597491 0.044231 0.083758
0 0.699413 0.785870 0.049765 0.080479
0 0.025405 0.052046 0.050698 0.075588
0 0.476388 0.655023 0.049055 0.080029
0 0.826009 0.395982 0.048413 0.074620
0 0.597816 0.710909 0.052197 0.078403
0 0.682520 0.180563 0.045033 0.074454
0 0.652613 0.724633 0.048655 0.074954
0 0.323985 0.692522 0.050463 0.074183
0 0.766929 0.136703 0.051805 0.079310
0 0.959350 0.336060 0.046828 0.071889
0 0.376191 0.631259 0.052195 0.073038
0 0.518922 0.849181 0.054701 0.081127
0 0.719666 0.866841 0.053967 0.082450
0 0.473045 0.798347 0.049598 0.079973
0 0.094237 0.527272 0.051004 0.077436
0 0.346975 0.862196 0.054935 0.085573
0 0.109675 0.840987 0.050100 0.072300
0 0.113913 0.322449 0.050399 0.077643
0 0.630983 0.487939 0.046904 0.073624
0 0.192174 0.615679 0.049344 0.076238
0 0.532100 0.130618 0.052758 0.080953
0 0.399952 0.031244 0.053258 0.062459
0 0.744550 0.704424 0.048449 0.074713
0 0.109579 0.087237 0.047524 0.069591
0 0.444351 0.723328 0.050006 0.076843
0 0.148559 0.379526 0.053738 0.071869
0 0.945527 0.710419 0.053068 0.082607
0 0.773522 0.772467 0.053630 0.081727
0 0.650649 0.643608 0.048146 0.075878
0 0.038210 0.218113 0.059638 0.075061
0 0.798282 0.564604 0.051584 0.081767
0 0.166442 0.770227 0.052087 0.081155
0 0.843629 0.691864 0.053930 0.076950
0 0.866582 0.773504 0.050052 0.085161
0 0.555745 0.405817 0.052676 0.086376
0 0.504726 0.198966 0.055464 0.084296
0 0.288537 0.586619 0.049413 0.076795
0 0.212852 0.723856 0.051384 0.079745
0 0.409880 0.201185 0.048480 0.072223
0 0.800988 0.325999 0.046989 0.072122
0 0.112396 0.764243 0.049046 0.071297
0 0.250132 0.524858 0.048942 0.068422
0 0.854851 0.540730 0.052677 0.075018
0 0.509320 0.730275 0.048206 0.079804
0 0.687945 0.560969 0.047953 0.071591
0 0.388036 0.708175 0.051483 0.074674
0 0.586290 0.260838 0.049277 0.075144
0 0.065836 0.465967 0.049297 0.070279
0 0.347533 0.477643 0.046826 0.077749
0 0.192291 0.331600 0.051558 0.078261
0 0.146258 0.560531 0.051825 0.077880
0 0.872040 0.431689 0.046840 0.078399
0 0.716945 0.632652 0.052833 0.081090
0 0.798884 0.483022 0.052478 0.071968
0 0.316747 0.393389 0.047671 0.071643
0 0.265240 0.410594 0.049876 0.073497
0 0.880756 0.609880 0.049157 0.078244
0 0.166693 0.028883 0.057291 0.057765
0 0.584487 0.339287 0.049358 0.075202
0 0.927920 0.461307 0.050828 0.076708
0 0.075925 0.283771 0.047572 0.079431
0 0.697167 0.459882 0.051538 0.078479
0 0.860790 0.317248 0.052662 0.080373
0 0.254153 0.665508 0.051248 0.084207
0 0.058271 0.753875 0.051864 0.088998
0 0.519651 0.302109 0.049808 0.080962
0 0.192257 0.501474 0.051934 0.082182
0 0.162275 0.103762 0.050368 0.073973
0 0.661564 0.333707 0.054277 0.073538
0 0.152017 0.244376 0.049834 0.077148
0 0.251372 0.315533 0.051762 0.078963
0 0.304009 0.171506 0.051046 0.076153
0 0.188279 0.177372 0.053658 0.083808
1 0.115128 0.427294 0.038994 0.091776
2 0.048838 0.156138 0.020277 0.033373
2 0.391986 0.149583 0.024956 0.036949
2 0.644278 0.256853 0.025736 0.029797
2 0.703939 0.231228 0.024956 0.028605
2 0.747223 0.237783 0.024176 0.034565
2 0.659486 0.147795 0.020277 0.033373
2 0.954281 0.199046 0.020277 0.030989
2 0.055467 0.554827 0.025736 0.044100
2 0.138135 0.710965 0.027296 0.044100
2 0.039480 0.985697 0.026516 0.028605