0 0.620475 0.995519 0.029900 0.007096
0 0.997163 0.808848 0.004571 0.043769
0 0.227335 0.004043 0.028007 0.008086
0 0.689621 0.994658 0.029954 0.008654
0 0.996446 0.610255 0.005867 0.046813
0 0.151766 0.003635 0.030903 0.007269
0 0.336684 0.992971 0.031873 0.011410
0 0.006100 0.978218 0.012200 0.040840
0 0.098300 0.006938 0.037079 0.013876
0 0.988986 0.977121 0.020277 0.042747
0 0.766587 0.987840 0.037748 0.021346
0 0.528354 0.985019 0.043692 0.026848
0 0.058325 0.029694 0.049081 0.059388
0 0.014010 0.917464 0.028020 0.070625
0 0.015195 0.410549 0.030390 0.075220
0 0.986418 0.741977 0.025284 0.078726
0 0.478057 0.977456 0.048183 0.041730
0 0.101995 0.150678 0.048930 0.074836
0 0.387534 0.980184 0.049449 0.036222
0 0.081999 0.971538 0.045277 0.053647
0 0.015868 0.183700 0.031728 0.079651
0 0.060227 0.904288 0.053722 0.070976
0 0.319394 0.904868 0.052590 0.074088
0 0.852078 0.016306 0.055138 0.032611
0 0.171474 0.089136 0.051051 0.067167
0 0.862140 0.971872 0.045571 0.052877
0 0.978056 0.909864 0.041863 0.081340
0 0.017405 0.644288 0.034810 0.065346
0 0.249446 0.892356 0.048755 0.075865
0 0.040219 0.834582 0.052340 0.075637
0 0.043903 0.697406 0.051343 0.077473
0 0.173854 0.937236 0.045479 0.072129
0 0.186941 0.036831 0.048381 0.073273
0 0.021731 0.270987 0.043462 0.078327
0 0.399119 0.709385 0.044818 0.069359
0 0.720156 0.024748 0.050195 0.049440
0 0.446443 0.936971 0.058498 0.085746
0 0.807090 0.966413 0.043770 0.064036
0 0.123222 0.938684 0.046142 0.077978
0 0.213401 0.352962 0.041306 0.075264
0 0.082594 0.301427 0.050975 0.070395
0 0.100260 0.853029 0.047649 0.079182
0 0.725583 0.958050 0.046353 0.071382
0 0.422942 0.380744 0.042433 0.068981
0 0.071249 0.772097 0.048863 0.075912
0 0.705197 0.883313 0.048291 0.077965
0 0.608609 0.034326 0.052963 0.068613
0 0.102771 0.233681 0.052827 0.074257
0 0.207493 0.429138 0.052617 0.073192
0 0.595030 0.726124 0.049943 0.075997
0 0.252838 0.397960 0.039818 0.072970
0 0.893579 0.877447 0.043781 0.070474
0 0.521690 0.032347 0.045271 0.064506
0 0.391687 0.788335 0.043327 0.076408
0 0.977869 0.258244 0.041976 0.081789
0 0.386821 0.296458 0.044965 0.066312
0 0.814636 0.890458 0.047524 0.073681
0 0.049029 0.141697 0.049178 0.075338
0 0.246329 0.481377 0.047869 0.070376
0 0.606086 0.952308 0.046465 0.075503
0 0.264208 0.796475 0.050483 0.082740
0 0.562009 0.908839 0.046494 0.080371
0 0.704846 0.803329 0.047657 0.071288
0 0.290602 0.036335 0.049274 0.072671
0 0.553218 0.776694 0.051008 0.077699
0 0.706146 0.725837 0.047310 0.072481
0 0.342883 0.836657 0.052047 0.083933
0 0.894666 0.678574 0.041047 0.075725
0 0.183510 0.713000 0.046720 0.082746
0 0.044692 0.361047 0.047275 0.085619
0 0.386117 0.897942 0.048415 0.077639
0 0.287374 0.722379 0.052883 0.085455
0 0.816852 0.620453 0.043698 0.078650
0 0.273030 0.644115 0.047676 0.073749
0 0.169296 0.844680 0.047332 0.076229
0 0.628114 0.794500 0.044104 0.078844
0 0.422099 0.641637 0.046785 0.079150
0 0.348994 0.628842 0.046382 0.074609
0 0.142248 0.670973 0.045908 0.074315
0 0.232825 0.287756 0.051611 0.079161
0 0.473078 0.866920 0.053354 0.083101
0 0.544846 0.691430 0.049895 0.075062
0 0.885462 0.771001 0.048607 0.078628
0 0.345751 0.228772 0.051175 0.077959
0 0.342580 0.068683 0.044172 0.071022
0 0.748094 0.841423 0.047639 0.078592
0 0.827459 0.115929 0.045751 0.070433
0 0.406385 0.559289 0.048615 0.074475
0 0.445023 0.759210 0.052380 0.082462
0 0.084091 0.651970 0.052640 0.074393
0 0.877022 0.269380 0.042860 0.078114
0 0.443897 0.452725 0.050414 0.081249
0 0.568028 0.386854 0.049810 0.072883
0 0.563829 0.464340 0.049769 0.073572
0 0.809082 0.425672 0.047639 0.075863
0 0.488591 0.619945 0.048349 0.073814
0 0.662895 0.206629 0.050916 0.079616
0 0.746853 0.150006 0.044980 0.071934
0 0.792887 0.184618 0.051180 0.082452
0 0.290646 0.533956 0.052556 0.084157
0 0.935789 0.810513 0.052897 0.086298
0 0.222606 0.198801 0.044888 0.076024
0 0.320318 0.474263 0.049317 0.073653
0 0.502948 0.526825 0.053324 0.083915
0 0.070023 0.578195 0.056868 0.078306
0 0.861921 0.614125 0.046905 0.083889
0 0.141521 0.474094 0.048996 0.084097
0 0.573611 0.265232 0.046306 0.084367
0 0.120421 0.393622 0.052499 0.080177
0 0.641204 0.137142 0.048721 0.072667
0 0.639049 0.452756 0.052511 0.078490
0 0.846414 0.186652 0.049617 0.069989
0 0.155898 0.550971 0.050067 0.071423
0 0.973657 0.544906 0.049446 0.077830
0 0.798580 0.052284 0.051471 0.080622
0 0.602095 0.513017 0.048888 0.079446
0 0.401993 0.229002 0.049618 0.070785
0 0.473384 0.356359 0.050424 0.069170
0 0.846541 0.471851 0.048878 0.071242
0 0.673606 0.524951 0.049400 0.082054
0 0.701686 0.594391 0.049236 0.080159
0 0.932750 0.035794 0.054218 0.071589
0 0.377325 0.140427 0.049706 0.073217
0 0.396987 0.065925 0.048775 0.069082
0 0.872208 0.537998 0.049469 0.074134
0 0.394282 0.475560 0.049833 0.079637
0 0.690405 0.072517 0.049235 0.077616
0 0.763462 0.684110 0.053600 0.087226
0 0.774257 0.515307 0.048305 0.071338
0 0.561128 0.601247 0.051909 0.073067
0 0.496786 0.106685 0.047600 0.073534
0 0.721677 0.361159 0.046219 0.086536
0 0.621739 0.254463 0.047157 0.084161
0 0.672811 0.295382 0.050793 0.081942
0 0.900425 0.331452 0.048407 0.077454
0 0.941595 0.678043 0.047124 0.076216
0 0.316357 0.160854 0.055058 0.078201
0 0.915177 0.224877 0.047168 0.076576
0 0.741747 0.288819 0.049766 0.072466
0 0.491001 0.194934 0.046573 0.074187
0 0.931768 0.386233 0.059066 0.088875
0 0.830346 0.281347 0.048231 0.080837
0 0.771936 0.593822 0.049003 0.075511
0 0.907894 0.477025 0.050490 0.080780
0 0.500693 0.270381 0.049978 0.072252
0 0.963757 0.190818 0.049531 0.074131
0 0.544798 0.198972 0.051425 0.079259
0 0.876900 0.084601 0.052957 0.075649
0 0.579716 0.099729 0.058741 0.088749
1 0.165821 0.205602 0.042114 0.060787
1 0.172840 0.160906 0.057711 0.061979
2 0.121757 0.116806 0.028856 0.042908
2 0.019593 0.019070 0.028856 0.038141
2 0.621662 0.395113 0.022617 0.029797
2 0.794795 0.375447 0.022617 0.028605
2 0.605674 0.676996 0.029636 0.042908
2 0.891891 0.599523 0.017157 0.030989
2 0.910218 0.623957 0.014818 0.022646
2 0.950382 0.435042 0.023396 0.033373
2 0.943753 0.151967 0.022617 0.034565
2 0.735134 0.713349 0.020277 0.027414
2 0.230941 0.792610 0.016378 0.028605
1 0.282023 0.946961 0.051472 0.067938
1 0.452427 0.257449 0.047573 0.078665
3 0.157632 0.297378 0.100605 0.139452