0 0.460319 0.005472 0.034154 0.010945
0 0.669676 0.006274 0.037425 0.012548
0 0.566002 0.006198 0.036680 0.012395
0 0.006795 0.245706 0.013587 0.073502
0 0.994403 0.815801 0.010186 0.066072
0 0.993945 0.683150 0.011132 0.065148
0 0.992921 0.533096 0.013052 0.070255
0 0.515422 0.010975 0.043173 0.021951
0 0.577663 0.985941 0.046190 0.025128
0 0.106375 0.012214 0.046826 0.024415
0 0.021800 0.974063 0.043599 0.048674
0 0.988853 0.140527 0.020546 0.078473
0 0.036718 0.042989 0.050004 0.081764
0 0.856422 0.145555 0.057931 0.077638
0 0.922418 0.984439 0.049675 0.028558
0 0.014869 0.903143 0.029739 0.077275
0 0.436435 0.982480 0.050353 0.032204
0 0.823894 0.300541 0.046866 0.066998
0 0.675223 0.909536 0.048360 0.064429
0 0.782178 0.281483 0.054075 0.075511
0 0.012826 0.547760 0.025651 0.080103
0 0.888841 0.110983 0.045377 0.080383
0 0.818824 0.557808 0.049506 0.069480
0 0.096124 0.837606 0.042601 0.071973
0 0.872561 0.022696 0.044151 0.045297
0 0.297312 0.015090 0.049754 0.030179
0 0.703837 0.855310 0.045065 0.070706
0 0.414230 0.535359 0.045581 0.073690
0 0.578090 0.433921 0.045516 0.078728
0 0.218867 0.665909 0.047372 0.073141
0 0.738017 0.764814 0.050837 0.080844
0 0.359548 0.928722 0.047111 0.075193
0 0.775594 0.208404 0.052831 0.075298
0 0.386685 0.866430 0.044555 0.072687
0 0.080431 0.763005 0.045622 0.070122
0 0.715641 0.350595 0.044357 0.080518
0 0.035141 0.155359 0.055187 0.079928
0 0.824357 0.857581 0.051593 0.077541
0 0.831026 0.211680 0.048193 0.080039
0 0.886745 0.669769 0.046017 0.073668
0 0.826759 0.480459 0.050315 0.070528
0 0.786789 0.800990 0.051880 0.080237
0 0.018185 0.357331 0.036370 0.080226
0 0.699745 0.447799 0.045827 0.070846
0 0.865581 0.595229 0.050163 0.068663
0 0.294371 0.070032 0.042049 0.064960
0 0.727667 0.918062 0.047736 0.070116
0 0.529191 0.936946 0.048337 0.070569
0 0.805633 0.403956 0.051307 0.078617
0 0.019176 0.812262 0.038352 0.072047
0 0.136638 0.803185 0.047359 0.073132
0 0.469558 0.914640 0.044770 0.071997
0 0.200471 0.592202 0.040881 0.074296
0 0.018269 0.444128 0.036525 0.077588
0 0.378787 0.715101 0.047109 0.073463
0 0.305873 0.934825 0.052627 0.075861
0 0.315242 0.217061 0.051630 0.077403
0 0.776677 0.905402 0.044886 0.073315
0 0.619404 0.648720 0.051799 0.076407
0 0.704415 0.708757 0.050190 0.076969
0 0.980167 0.370904 0.038066 0.074704
0 0.557421 0.778381 0.040817 0.077261
0 0.515311 0.299066 0.051287 0.072757
0 0.531165 0.190445 0.049799 0.078650
0 0.261637 0.705280 0.044031 0.075902
0 0.566542 0.244551 0.046841 0.077356
0 0.894652 0.366631 0.044700 0.071943
0 0.864516 0.432584 0.047906 0.072084
0 0.890622 0.509646 0.046602 0.071881
0 0.872572 0.748502 0.045933 0.074466
0 0.311727 0.853881 0.050526 0.077830
0 0.766842 0.514823 0.047757 0.078377
0 0.587470 0.590861 0.049598 0.076613
0 0.970461 0.917439 0.046932 0.076866
0 0.881890 0.889132 0.049668 0.082304
0 0.788131 0.705314 0.047930 0.077664
0 0.223083 0.025497 0.053233 0.050994
0 0.162462 0.895998 0.050651 0.074258
0 0.530508 0.859997 0.045832 0.071766
0 0.453217 0.585339 0.054027 0.087087
0 0.326932 0.406123 0.049632 0.074845
0 0.739584 0.156832 0.053169 0.080384
0 0.614899 0.119749 0.046372 0.074995
0 0.276842 0.371933 0.047872 0.074818
0 0.576081 0.062479 0.052717 0.080828
0 0.045456 0.706892 0.050331 0.074120
0 0.777657 0.624178 0.050020 0.073171
0 0.518665 0.455671 0.049220 0.073569
0 0.292614 0.145505 0.048241 0.073344
0 0.506592 0.540085 0.047968 0.078876
0 0.288371 0.291687 0.050194 0.076174
0 0.424353 0.787888 0.044831 0.079554
0 0.929910 0.847607 0.049621 0.074692
0 0.063583 0.954469 0.046715 0.076462
0 0.392673 0.208131 0.046386 0.072671
0 0.330949 0.484941 0.046183 0.069430
0 0.171206 0.049968 0.049991 0.074660
0 0.475043 0.372026 0.051107 0.079330
0 0.224521 0.525915 0.047113 0.073794
0 0.546143 0.376100 0.051713 0.079838
0 0.642025 0.509904 0.047939 0.077804
0 0.251815 0.970034 0.050474 0.056705
0 0.403511 0.319880 0.044939 0.072682
0 0.255151 0.822468 0.048533 0.081816
0 0.515225 0.111517 0.049457 0.066845
0 0.879980 0.253535 0.048061 0.073581
0 0.931623 0.626030 0.053759 0.081604
0 0.612968 0.372159 0.049128 0.079073
0 0.277620 0.473602 0.050971 0.085103
0 0.468359 0.833606 0.048543 0.080190
0 0.595410 0.871825 0.052868 0.072762
0 0.228072 0.282299 0.045968 0.075907
0 0.119677 0.535410 0.049919 0.074363
0 0.206004 0.375780 0.046326 0.072353
0 0.453389 0.475703 0.054770 0.083341
0 0.346788 0.046986 0.050750 0.076245
0 0.624478 0.237630 0.053730 0.081292
0 0.119139 0.711740 0.048579 0.082384
0 0.391276 0.625577 0.055045 0.083537
0 0.090607 0.439506 0.048207 0.074125
0 0.934579 0.193067 0.045335 0.069416
0 0.174950 0.725879 0.051972 0.079078
0 0.255082 0.600270 0.050580 0.078698
0 0.082937 0.214103 0.052336 0.080969
0 0.230527 0.129193 0.053557 0.082385
0 0.952646 0.307645 0.045551 0.077535
0 0.315335 0.697189 0.051712 0.072618
0 0.452905 0.217860 0.050892 0.078025
0 0.960141 0.555219 0.048195 0.083383
0 0.139043 0.602505 0.049500 0.071335
0 0.950515 0.748389 0.054476 0.085396
0 0.145780 0.447277 0.048847 0.077206
0 0.129313 0.353518 0.050506 0.079463
0 0.490294 0.743200 0.053757 0.087032
0 0.067554 0.541986 0.045002 0.078659
1 0.061706 0.093564 0.049133 0.060787
1 0.356112 0.790822 0.045233 0.082241
1 0.666505 0.359356 0.051472 0.070322
1 0.755411 0.390942 0.045233 0.073897
2 0.041429 0.324195 0.019497 0.030989
2 0.027781 0.222884 0.020277 0.026222
2 0.330376 0.134684 0.020277 0.033373
2 0.337785 0.346246 0.019497 0.027414
2 0.451257 0.168057 0.024956 0.030989
2 0.039870 0.647795 0.024176 0.032181
2 0.499220 0.903456 0.019497 0.028605
2 0.391206 0.790822 0.014038 0.020262
2 0.580328 0.723480 0.025736 0.035757
2 0.622441 0.777116 0.014818 0.030989
2 0.530415 0.793206 0.016378 0.027414
2 0.846268 0.386770 0.022617 0.036949
2 0.755801 0.333731 0.019497 0.026222
2 0.654417 0.312277 0.014818 0.023838
2 0.734355 0.454708 0.015598 0.027414
2 0.688342 0.313468 0.020277 0.023838
2 0.621662 0.571514 0.017937 0.029797
2 0.958571 0.080453 0.017937 0.029797
1 0.934394 0.092968 0.042894 0.069130