0 0.068966 0.001645 0.043304 0.003253
0 0.540263 0.002620 0.037249 0.005240
0 0.334348 0.993070 0.031726 0.011300
0 0.004150 0.670153 0.008299 0.057710
0 0.137146 0.003330 0.041465 0.006643
0 0.763666 0.004778 0.037450 0.009555
0 0.004557 0.902610 0.009115 0.064091
0 0.454376 0.007489 0.038686 0.014978
0 0.008576 0.819792 0.017153 0.066404
0 0.131405 0.988227 0.040599 0.020567
0 0.214935 0.984975 0.038836 0.026912
0 0.023848 0.980060 0.046884 0.036711
0 0.012544 0.743593 0.025072 0.070504
0 0.627886 0.985123 0.043233 0.026400
0 0.013076 0.414696 0.026153 0.074410
0 0.722630 0.983872 0.045147 0.028960
0 0.986546 0.858009 0.024988 0.076397
0 0.983265 0.053112 0.031813 0.066748
0 0.173639 0.969431 0.048417 0.058156
0 0.105018 0.828571 0.045733 0.066991
0 0.674976 0.979026 0.039315 0.038642
0 0.342317 0.645353 0.042917 0.078898
0 0.494822 0.979257 0.047928 0.038101
0 0.887982 0.975626 0.049221 0.045532
0 0.953255 0.024114 0.057023 0.048120
0 0.979056 0.777684 0.039890 0.082061
0 0.067398 0.395359 0.045774 0.070080
0 0.050805 0.793998 0.046218 0.067151
0 0.812283 0.962906 0.048463 0.070966
0 0.278073 0.899791 0.053987 0.069505
0 0.192375 0.575078 0.042400 0.067887
0 0.085795 0.967324 0.050539 0.062156
0 0.487229 0.672313 0.043736 0.078788
0 0.589733 0.021624 0.046118 0.043247
0 0.563942 0.965850 0.056593 0.064880
0 0.027997 0.348727 0.046922 0.071228
0 0.246688 0.018632 0.051510 0.037263
0 0.968173 0.924776 0.054911 0.080957
0 0.076476 0.679338 0.046607 0.075721
0 0.158578 0.766390 0.041818 0.071916
0 0.909023 0.719184 0.048221 0.068851
0 0.216246 0.507308 0.049404 0.080667
0 0.063076 0.528636 0.048828 0.076327
0 0.109376 0.742957 0.047128 0.072121
0 0.245932 0.440444 0.043710 0.068924
0 0.097399 0.598347 0.048283 0.077350
0 0.025884 0.265891 0.050768 0.079669
0 0.211181 0.778991 0.041522 0.073047
0 0.474089 0.354215 0.040963 0.071225
0 0.744442 0.924193 0.054103 0.085105
0 0.682282 0.899225 0.048865 0.074116
0 0.453979 0.186471 0.044432 0.071190
0 0.860004 0.921920 0.054651 0.073975
0 0.975204 0.135379 0.047108 0.077136
0 0.065340 0.891889 0.050322 0.078321
0 0.264995 0.140121 0.044100 0.069152
0 0.922203 0.883215 0.048355 0.074952
0 0.400890 0.046224 0.040229 0.060944
0 0.515764 0.377383 0.044003 0.071478
0 0.184392 0.420686 0.046851 0.075313
0 0.578867 0.696410 0.047592 0.077305
0 0.880241 0.834966 0.046623 0.071869
0 0.614417 0.740574 0.048672 0.074626
0 0.255630 0.960265 0.048007 0.071316
0 0.886231 0.027589 0.048805 0.055120
0 0.398743 0.962243 0.057604 0.071924
0 0.272200 0.509031 0.053514 0.085322
0 0.877910 0.402520 0.044110 0.070502
0 0.673796 0.085307 0.050123 0.071308
0 0.970201 0.423119 0.041849 0.072457
0 0.651319 0.027482 0.054217 0.054939
0 0.553836 0.788925 0.046642 0.073020
0 0.661356 0.812055 0.045997 0.070919
0 0.428179 0.380687 0.047115 0.075239
0 0.279524 0.823060 0.050237 0.075609
0 0.884858 0.154641 0.051341 0.072522
0 0.299086 0.573401 0.048166 0.073197
0 0.421508 0.240140 0.049067 0.071231
0 0.941968 0.083226 0.049114 0.070375
0 0.441320 0.613136 0.047651 0.079077
0 0.115385 0.349755 0.047769 0.074508
0 0.613606 0.842541 0.046840 0.079691
0 0.365786 0.183622 0.049896 0.074396
0 0.934788 0.652751 0.051159 0.079204
0 0.127746 0.667094 0.047765 0.072958
0 0.215136 0.345655 0.043777 0.069312
0 0.184398 0.689149 0.051270 0.068428
0 0.118517 0.473422 0.047882 0.069890
0 0.364692 0.107022 0.052340 0.075863
0 0.930172 0.795888 0.050895 0.081260
0 0.302403 0.060005 0.046941 0.072457
0 0.573050 0.170108 0.050442 0.070496
0 0.926305 0.386348 0.047653 0.079663
0 0.416178 0.458584 0.049994 0.076515
0 0.061849 0.082721 0.052845 0.074121
0 0.895080 0.280283 0.046227 0.071245
0 0.965234 0.585724 0.048490 0.074759
0 0.794767 0.039350 0.048754 0.075652
0 0.811175 0.772377 0.053562 0.073288
0 0.632294 0.385918 0.047903 0.075199
0 0.775207 0.719750 0.049926 0.073483
0 0.063987 0.159235 0.045428 0.071278
0 0.757487 0.838242 0.057736 0.078869
0 0.204296 0.249283 0.044422 0.071814
0 0.912507 0.207553 0.057919 0.074381
0 0.482294 0.532068 0.049352 0.079990
0 0.471234 0.781817 0.050256 0.073916
0 0.340932 0.816659 0.050656 0.075370
0 0.408277 0.746431 0.050406 0.073730
0 0.344106 0.730997 0.056480 0.080142
0 0.557391 0.096128 0.045673 0.075148
0 0.952268 0.492797 0.050925 0.072198
0 0.832615 0.659619 0.048448 0.076444
0 0.534998 0.655510 0.048149 0.084203
0 0.852928 0.337198 0.048317 0.075259
0 0.664444 0.616154 0.053555 0.080634
0 0.657792 0.698498 0.050378 0.075045
0 0.651486 0.259537 0.046168 0.074446
0 0.663278 0.160986 0.048127 0.071478
0 0.195685 0.053115 0.050041 0.076639
0 0.218749 0.172598 0.049252 0.074920
0 0.167403 0.321761 0.051546 0.080065
0 0.676873 0.353961 0.045572 0.076323
0 0.387194 0.328296 0.052493 0.089093
0 0.753828 0.237200 0.046806 0.073725
0 0.728134 0.330637 0.048881 0.068645
0 0.953917 0.319009 0.046957 0.074204
0 0.510302 0.080219 0.045306 0.082323
0 0.702522 0.272354 0.047262 0.074442
0 0.648064 0.460399 0.053371 0.084431
0 0.459200 0.088454 0.050913 0.079522
0 0.812976 0.165484 0.048396 0.075638
0 0.304318 0.322306 0.049178 0.080504
0 0.717037 0.697285 0.045873 0.071530
0 0.616851 0.540501 0.048914 0.076565
0 0.879429 0.505401 0.048428 0.078131
0 0.555651 0.248287 0.051917 0.087692
0 0.829421 0.569480 0.050733 0.081505
0 0.500052 0.242958 0.052824 0.085902
0 0.758709 0.155613 0.050836 0.078595
0 0.155062 0.235606 0.049891 0.070366
0 0.800053 0.342356 0.050821 0.080407
1 0.036360 0.473182 0.056152 0.061979
1 0.578768 0.568534 0.030415 0.083433
1 0.529636 0.567938 0.052252 0.079857
1 0.115518 0.888558 0.041334 0.082241
2 0.287872 0.415375 0.027296 0.046484
2 0.078084 0.272944 0.022617 0.030989
2 0.250438 0.679380 0.024176 0.035757
2 0.274614 0.722884 0.017937 0.029797
2 0.595536 0.290822 0.023396 0.040524
2 0.551472 0.534565 0.027296 0.044100
2 0.508969 0.605483 0.017157 0.026222
2 0.767110 0.654946 0.015598 0.029797
2 0.779198 0.963051 0.017937 0.028605
2 0.973778 0.986293 0.020277 0.027414
3 0.181028 0.877235 0.095925 0.150179
1 0.873563 0.089392 0.053812 0.069130
1 0.516767 0.825387 0.045233 0.075089