0 0.002261 0.033064 0.004522 0.046639
0 0.595608 0.008661 0.036773 0.017323
0 0.204020 0.988868 0.034420 0.019361
0 0.446469 0.007887 0.039903 0.015775
0 0.993663 0.936193 0.011173 0.075327
0 0.138486 0.989133 0.044450 0.018978
0 0.272928 0.989153 0.047315 0.018663
0 0.990637 0.440248 0.017098 0.070237
0 0.008556 0.376088 0.017060 0.083004
0 0.452521 0.084402 0.051745 0.075302
0 0.360579 0.987763 0.045346 0.021452
0 0.013783 0.943370 0.027566 0.098741
0 0.037335 0.982812 0.048788 0.031298
0 0.011005 0.844524 0.022007 0.080030
0 0.012900 0.694583 0.025800 0.080661
0 0.985234 0.296504 0.027647 0.081507
0 0.095950 0.970438 0.057455 0.055826
0 0.329546 0.014686 0.053185 0.029372
0 0.979730 0.020648 0.038811 0.041268
0 0.887618 0.021293 0.052297 0.042587
0 0.015734 0.610317 0.031466 0.079752
0 0.604919 0.971251 0.047134 0.053995
0 0.016045 0.472660 0.032090 0.083334
0 0.981835 0.101628 0.034458 0.090715
0 0.832974 0.025782 0.048082 0.051518
0 0.047557 0.911831 0.046471 0.087016
0 0.427400 0.146680 0.051712 0.071887
0 0.589882 0.811437 0.058349 0.075596
0 0.128625 0.916705 0.050475 0.096029
0 0.282935 0.105121 0.051432 0.082300
0 0.026674 0.070379 0.053319 0.085560
0 0.842799 0.214658 0.052929 0.074725
0 0.975148 0.371955 0.047960 0.081174
0 0.728979 0.967163 0.045780 0.062100
0 0.062461 0.020410 0.050293 0.040821
0 0.669976 0.374398 0.049768 0.076225
0 0.066623 0.824887 0.049820 0.079299
0 0.390356 0.094971 0.050813 0.075356
0 0.260518 0.021139 0.054520 0.042278
0 0.871205 0.157331 0.059646 0.080655
0 0.323380 0.256955 0.047565 0.072759
0 0.775855 0.435832 0.051568 0.080888
0 0.788452 0.635042 0.050222 0.083588
0 0.977816 0.518965 0.042592 0.087444
0 0.184230 0.148880 0.055638 0.086420
0 0.300451 0.590286 0.042771 0.071410
0 0.727162 0.157861 0.050887 0.078071
0 0.292687 0.177524 0.056759 0.073582
0 0.831756 0.600215 0.049122 0.077093
0 0.302897 0.333868 0.052939 0.081618
0 0.636977 0.790790 0.052318 0.083566
0 0.341557 0.393363 0.052359 0.079516
0 0.046204 0.145641 0.058405 0.083904
0 0.412849 0.522374 0.045186 0.070669
0 0.678162 0.631219 0.054166 0.084577
0 0.713195 0.894783 0.056362 0.083861
0 0.456049 0.343015 0.045632 0.072232
0 0.180552 0.944404 0.048289 0.080300
0 0.836245 0.685289 0.057298 0.086100
0 0.650412 0.957932 0.048714 0.077522
0 0.268024 0.938881 0.050982 0.072567
0 0.275227 0.655956 0.051611 0.079444
0 0.115645 0.064786 0.050718 0.073208
0 0.045492 0.740598 0.046913 0.074719
0 0.110187 0.794330 0.054080 0.086476
0 0.556937 0.736082 0.053163 0.085207
0 0.118624 0.139790 0.067003 0.072835
0 0.939479 0.569549 0.058238 0.080445
0 0.358145 0.174355 0.053011 0.084812
0 0.607457 0.894053 0.055045 0.085642
0 0.306600 0.463295 0.050434 0.079293
0 0.649874 0.137606 0.052473 0.073912
0 0.025311 0.219269 0.050623 0.086233
0 0.864406 0.079307 0.061460 0.071949
0 0.375860 0.256213 0.049177 0.081190
0 0.105332 0.464987 0.045894 0.078546
0 0.420982 0.409468 0.049882 0.079827
0 0.716929 0.344004 0.047518 0.074838
0 0.366478 0.559812 0.056019 0.086031
0 0.550658 0.173616 0.054665 0.090979
0 0.649912 0.706584 0.058746 0.083771
0 0.523757 0.261712 0.050637 0.081110
0 0.419967 0.969778 0.056558 0.057192
0 0.882899 0.538526 0.053673 0.086795
0 0.267047 0.737924 0.051017 0.083220
0 0.696006 0.442049 0.051593 0.082046
0 0.167048 0.224209 0.051462 0.074438
0 0.457653 0.501494 0.049038 0.083024
0 0.103253 0.294011 0.049703 0.072005
0 0.751225 0.507785 0.055463 0.079685
0 0.250646 0.863500 0.055845 0.075532
0 0.907728 0.229690 0.046435 0.072631
0 0.233037 0.080213 0.056693 0.089637
0 0.751467 0.822413 0.051560 0.083186
0 0.144285 0.520946 0.051606 0.083190
0 0.059137 0.506649 0.051869 0.075633
0 0.965969 0.640619 0.055447 0.086153
0 0.832857 0.512595 0.051108 0.083587
0 0.769215 0.106149 0.056923 0.085443
0 0.159218 0.421764 0.051581 0.081385
0 0.576179 0.266161 0.045855 0.086870
0 0.446659 0.630521 0.052523 0.090575
0 0.746921 0.240716 0.052927 0.085121
0 0.171086 0.807203 0.052061 0.089243
0 0.392110 0.642086 0.060253 0.091734
0 0.822618 0.394428 0.053547 0.084288
0 0.221214 0.211368 0.050194 0.080818
0 0.922853 0.318938 0.048728 0.075346
0 0.814652 0.941044 0.053707 0.086378
0 0.865662 0.838247 0.052971 0.078931
0 0.570123 0.649857 0.057074 0.078529
0 0.867579 0.753456 0.053716 0.082070
0 0.574224 0.558987 0.054909 0.088784
0 0.101145 0.209859 0.055551 0.081673
0 0.186894 0.590294 0.050950 0.080694
0 0.503771 0.807080 0.055338 0.089418
0 0.083937 0.371847 0.053319 0.084578
0 0.197271 0.684467 0.053025 0.089009
0 0.545793 0.373189 0.055694 0.092823
0 0.210539 0.507808 0.051218 0.078466
0 0.922903 0.885973 0.050917 0.082727
0 0.548173 0.472456 0.053804 0.087395
0 0.957793 0.202737 0.054338 0.095873
1 0.411873 0.311681 0.036654 0.089392
1 0.633750 0.317640 0.056152 0.087008
1 0.504679 0.590584 0.049133 0.094160
1 0.599045 0.055423 0.047573 0.084625
1 0.643498 0.065554 0.061611 0.069130
3 0.534315 0.044100 0.086567 0.088200
1 0.466465 0.049464 0.044453 0.065554
2 0.349483 0.463051 0.021057 0.034565
2 0.468805 0.569130 0.031975 0.051251
2 0.529636 0.625745 0.035095 0.050060
2 0.468025 0.705602 0.022617 0.030989
2 0.321797 0.982122 0.017157 0.026222