0 0.997015 0.131758 0.005120 0.049708
0 0.006261 0.136407 0.012511 0.067239
0 0.184219 0.988706 0.040331 0.019515
0 0.992043 0.754928 0.014165 0.072146
0 0.313154 0.985292 0.048757 0.026145
0 0.445879 0.850498 0.052456 0.073086
0 0.121055 0.986346 0.040037 0.024212
0 0.009423 0.394477 0.018846 0.079353
0 0.989374 0.573393 0.019368 0.079080
0 0.532535 0.984834 0.053290 0.026912
0 0.987708 0.435690 0.022526 0.063631
0 0.980531 0.978141 0.037053 0.040396
0 0.358463 0.972070 0.056835 0.052308
0 0.598195 0.984089 0.052173 0.028460
0 0.988710 0.850693 0.020710 0.072972
0 0.015336 0.832293 0.030659 0.072849
0 0.443497 0.914133 0.054506 0.076723
0 0.405795 0.848948 0.045703 0.087880
0 0.484937 0.636135 0.051633 0.079514
0 0.522687 0.680908 0.045208 0.074176
0 0.980490 0.496485 0.037088 0.066315
0 0.309744 0.861056 0.049609 0.077383
0 0.207558 0.882927 0.055042 0.090009
0 0.443609 0.770665 0.046047 0.077164
0 0.161916 0.929258 0.055656 0.079539
0 0.050366 0.954593 0.055976 0.081570
0 0.334252 0.787840 0.057127 0.081211
0 0.223862 0.963830 0.053909 0.068832
0 0.858303 0.385562 0.042504 0.067516
0 0.473340 0.711663 0.049604 0.073316
0 0.357026 0.907135 0.054004 0.075775
0 0.242462 0.822961 0.056191 0.080498
0 0.432014 0.657483 0.044059 0.070656
0 0.391354 0.424884 0.055092 0.080742
0 0.366855 0.475476 0.051611 0.073067
0 0.559756 0.927108 0.052721 0.074541
0 0.209130 0.758030 0.051002 0.080406
0 0.776957 0.962729 0.058282 0.070963
0 0.152985 0.754130 0.056070 0.080062
0 0.832818 0.956289 0.049903 0.083716
0 0.968331 0.635223 0.049764 0.076293
0 0.390297 0.693886 0.049069 0.070134
0 0.612409 0.797475 0.051750 0.072427
0 0.510850 0.765329 0.056312 0.079180
0 0.691010 0.955121 0.049208 0.077921
0 0.555842 0.560589 0.046496 0.066810
0 0.659477 0.872092 0.061477 0.084044
0 0.630126 0.720497 0.043071 0.080572
0 0.976344 0.356655 0.045137 0.083810
0 0.580611 0.717381 0.046878 0.075721
0 0.103741 0.918860 0.054954 0.091414
0 0.885264 0.949911 0.054326 0.088356
0 0.665821 0.785662 0.049379 0.077647
0 0.132912 0.834421 0.054208 0.084923
0 0.573780 0.620954 0.049748 0.067168
0 0.977906 0.270967 0.042162 0.079406
0 0.794139 0.616868 0.048622 0.073214
0 0.563742 0.848761 0.053527 0.072561
0 0.499262 0.847269 0.053293 0.083756
0 0.452292 0.428776 0.055855 0.072734
0 0.179719 0.689432 0.050573 0.078719
0 0.908173 0.638720 0.053630 0.075235
0 0.395943 0.610079 0.047166 0.076939
0 0.111181 0.670441 0.052751 0.071460
0 0.575442 0.385520 0.048611 0.068367
0 0.850577 0.860211 0.056260 0.081060
0 0.942067 0.244846 0.050921 0.077419
0 0.859449 0.775465 0.053163 0.076674
0 0.743279 0.602568 0.052905 0.081697
0 0.626349 0.634190 0.048466 0.070350
0 0.531361 0.441458 0.048596 0.071292
0 0.031015 0.449264 0.044612 0.074960
0 0.738728 0.687230 0.049952 0.075507
0 0.789686 0.830911 0.055868 0.090270
0 0.945228 0.582658 0.052284 0.073985
0 0.821495 0.689536 0.053770 0.074691
0 0.930243 0.907326 0.050904 0.082385
0 0.896763 0.717918 0.052898 0.080239
0 0.246277 0.672617 0.049415 0.079153
0 0.681997 0.687255 0.052750 0.080990
0 0.269678 0.485918 0.050785 0.073630
0 0.251350 0.410908 0.051877 0.077142
0 0.033866 0.758075 0.058199 0.087416
0 0.320771 0.705096 0.058495 0.078660
0 0.222686 0.337807 0.048354 0.083800
0 0.881735 0.453386 0.055629 0.082039
0 0.963350 0.720364 0.053898 0.080758
0 0.716235 0.527436 0.057097 0.088338
0 0.331725 0.323126 0.051307 0.086646
0 0.272224 0.577322 0.049365 0.070284
0 0.575498 0.493954 0.054194 0.078877
0 0.158935 0.371238 0.052948 0.069444
0 0.773380 0.477635 0.052903 0.073252
0 0.854733 0.241961 0.057230 0.083116
0 0.334621 0.541566 0.050516 0.092666
0 0.826837 0.534835 0.054077 0.082139
0 0.373355 0.266811 0.052383 0.086470
0 0.100392 0.297668 0.049102 0.078579
0 0.257298 0.196626 0.046935 0.077583
0 0.056040 0.201453 0.048067 0.076139
0 0.264642 0.281767 0.051314 0.082348
0 0.769238 0.398922 0.053971 0.081508
0 0.400557 0.345489 0.054442 0.079217
0 0.120229 0.592911 0.055273 0.086550
0 0.217442 0.529228 0.050581 0.086100
0 0.930640 0.385588 0.050906 0.083227
0 0.054150 0.675733 0.051444 0.077412
0 0.602043 0.315712 0.055404 0.085833
0 0.046857 0.536127 0.056909 0.087502
0 0.076331 0.372331 0.052170 0.079815
0 0.096605 0.502294 0.051313 0.082029
0 0.149857 0.447925 0.054301 0.083326
0 0.969687 0.175371 0.053316 0.079564
0 0.124983 0.202001 0.054133 0.084123
0 0.589156 0.127518 0.048366 0.077942
0 0.908040 0.178869 0.053492 0.082827
0 0.151494 0.281815 0.051783 0.078026
0 0.210119 0.171496 0.049531 0.080166
0 0.591193 0.221842 0.050225 0.088839
0 0.639740 0.169770 0.051965 0.079905
0 0.714018 0.378752 0.056342 0.084865
0 0.657845 0.346665 0.054525 0.082059
0 0.621322 0.040740 0.051392 0.081020
0 0.105561 0.083091 0.059972 0.085356
0 0.408695 0.166304 0.054705 0.086440
0 0.538096 0.071844 0.058313 0.087009
0 0.390028 0.069398 0.051057 0.080273
1 0.499220 0.498808 0.050692 0.058403
1 0.865375 0.309297 0.057711 0.082241
1 0.909438 0.298570 0.041334 0.060787
1 0.945703 0.505364 0.046793 0.073897
1 0.284753 0.786651 0.046013 0.100119
1 0.052348 0.109058 0.041334 0.096544
3 0.437219 0.517282 0.090466 0.126341
1 0.502340 0.575685 0.055372 0.071514