0 0.507710 0.994151 0.035863 0.009997
0 0.674838 0.004005 0.032028 0.008010
0 0.604055 0.980723 0.048500 0.035155
0 0.004234 0.575432 0.008468 0.059638
0 0.108228 0.005544 0.032031 0.011073
0 0.994077 0.126426 0.010486 0.068029
0 0.101842 0.298374 0.049737 0.073935
0 0.934701 0.990609 0.036656 0.016031
0 0.751336 0.988341 0.043745 0.020321
0 0.993210 0.592342 0.012386 0.072012
0 0.680094 0.985740 0.045031 0.025440
0 0.010862 0.406152 0.021722 0.078104
0 0.233572 0.446438 0.053438 0.076892
0 0.646670 0.582529 0.046338 0.074494
0 0.246958 0.983840 0.053796 0.029530
0 0.674494 0.637964 0.051858 0.080765
0 0.969695 0.012332 0.046622 0.024664
0 0.120232 0.880341 0.048458 0.074314
0 0.692346 0.567123 0.048576 0.077473
0 0.194071 0.501149 0.048580 0.087245
0 0.842182 0.011462 0.045122 0.022861
0 0.103043 0.802461 0.043720 0.072392
0 0.493808 0.879449 0.053196 0.085827
0 0.808792 0.617349 0.050350 0.079307
0 0.594263 0.220686 0.056639 0.084897
0 0.044710 0.971788 0.052806 0.053156
0 0.832698 0.556573 0.051966 0.071556
0 0.202969 0.328469 0.054738 0.072827
0 0.145297 0.666778 0.052246 0.077865
0 0.567853 0.419017 0.049377 0.074041
0 0.914740 0.645582 0.049839 0.080842
0 0.603066 0.561236 0.052779 0.086654
0 0.808466 0.967813 0.052040 0.061060
0 0.255915 0.367762 0.051967 0.082487
0 0.568312 0.288094 0.055123 0.082226
0 0.840333 0.914258 0.055055 0.087373
0 0.116041 0.536528 0.048357 0.082216
0 0.770646 0.883690 0.050443 0.079409
0 0.245083 0.672517 0.050731 0.077969
0 0.842489 0.686133 0.051783 0.082284
0 0.586257 0.021198 0.053751 0.042395
0 0.302843 0.685166 0.054800 0.078229
0 0.386652 0.600074 0.045016 0.068997
0 0.065775 0.429127 0.047274 0.075750
0 0.896486 0.536126 0.044200 0.070786
0 0.883627 0.963748 0.051065 0.069427
0 0.377612 0.976757 0.054810 0.043353
0 0.721804 0.673895 0.052048 0.075925
0 0.944920 0.587280 0.046663 0.073202
0 0.792412 0.812274 0.046435 0.077470
0 0.496810 0.589603 0.050729 0.077328
0 0.471695 0.748886 0.048322 0.076777
0 0.711465 0.947632 0.048091 0.082252
0 0.377261 0.485175 0.060868 0.082902
0 0.154383 0.820726 0.052100 0.087927
0 0.031358 0.884878 0.053434 0.083056
0 0.599883 0.367440 0.054525 0.086899
0 0.504636 0.669997 0.054144 0.081258
0 0.973021 0.171024 0.052156 0.091843
0 0.778102 0.021289 0.048285 0.042578
0 0.154565 0.951950 0.050323 0.078551
0 0.890351 0.849752 0.048496 0.084626
0 0.520348 0.521072 0.042260 0.072282
0 0.584750 0.821287 0.049906 0.080374
0 0.443738 0.578144 0.044564 0.071525
0 0.538352 0.847207 0.047119 0.084912
0 0.829051 0.422546 0.069458 0.079534
0 0.319003 0.231572 0.045017 0.078877
0 0.147006 0.028189 0.051517 0.056379
0 0.524899 0.030200 0.048554 0.060378
0 0.251343 0.579437 0.048283 0.078851
0 0.642045 0.198725 0.052218 0.097668
0 0.028321 0.658763 0.053786 0.082955
0 0.326929 0.624291 0.058739 0.080717
0 0.852833 0.275534 0.047514 0.068934
0 0.835095 0.343864 0.052622 0.070536
0 0.603719 0.134967 0.052709 0.083628
0 0.681955 0.737864 0.050998 0.083184
0 0.961756 0.681648 0.053707 0.085183
0 0.452245 0.824963 0.057647 0.080036
0 0.639744 0.800513 0.051638 0.079971
0 0.308195 0.310771 0.056154 0.081795
0 0.184732 0.595006 0.053424 0.085559
0 0.305882 0.549749 0.051964 0.078834
0 0.056578 0.753544 0.057574 0.088864
0 0.115867 0.219376 0.049404 0.075514
0 0.473115 0.958672 0.057488 0.079619
0 0.272383 0.242937 0.043418 0.086711
0 0.192572 0.722734 0.051233 0.086497
0 0.962781 0.513608 0.053118 0.078859
0 0.930051 0.453646 0.051821 0.082326
0 0.562797 0.070326 0.056734 0.080498
0 0.729381 0.139755 0.044402 0.071634
0 0.571884 0.502638 0.057632 0.082672
0 0.517405 0.127874 0.050163 0.081687
0 0.695379 0.186848 0.048820 0.080650
0 0.467109 0.126392 0.050046 0.087379
0 0.056063 0.517028 0.055390 0.086570
0 0.407873 0.431995 0.052273 0.083038
0 0.882307 0.755290 0.053307 0.087623
0 0.438943 0.056610 0.052053 0.082545
0 0.578912 0.729871 0.053082 0.088853
0 0.685509 0.090000 0.049966 0.083636
0 0.170602 0.182828 0.048409 0.075803
0 0.336300 0.765591 0.050189 0.080834
0 0.396763 0.017782 0.053562 0.035563
0 0.551316 0.621680 0.053150 0.093674
0 0.930788 0.922692 0.057081 0.087673
0 0.263396 0.021183 0.052442 0.042366
0 0.886046 0.386424 0.050745 0.088039
0 0.312105 0.126961 0.042409 0.065291
0 0.761734 0.294404 0.049889 0.079020
0 0.784253 0.214147 0.049258 0.080837
0 0.868616 0.200945 0.055465 0.075641
0 0.835304 0.140421 0.055301 0.088763
0 0.816777 0.057346 0.062851 0.077056
0 0.751401 0.376550 0.061165 0.088852
0 0.639163 0.045374 0.049074 0.076168
0 0.915416 0.022404 0.054925 0.044808
0 0.950095 0.094485 0.054925 0.081121
0 0.894140 0.129480 0.053595 0.082187
0 0.431933 0.265902 0.045322 0.077570
0 0.057534 0.184704 0.052030 0.089266
0 0.107527 0.083343 0.055639 0.087397
0 0.720267 0.030579 0.053579 0.061158
0 0.184857 0.091248 0.054003 0.089561
0 0.372201 0.243494 0.055641 0.087215
0 0.927243 0.210386 0.052430 0.083827
0 0.328284 0.049662 0.056674 0.087591
0 0.252544 0.122745 0.058633 0.087615
1 0.196236 0.397497 0.042114 0.079857
1 0.481283 0.429678 0.042894 0.063170
1 0.840418 0.491061 0.062391 0.057211
1 0.131116 0.327771 0.064730 0.064362
3 0.139695 0.425507 0.095925 0.147795
2 0.242639 0.505364 0.021057 0.033373
2 0.338954 0.969607 0.021837 0.032181
2 0.385747 0.868892 0.023396 0.042908
2 0.424741 0.619190 0.018717 0.034565
2 0.783097 0.650179 0.019497 0.027414