0 0.991983 0.004172 0.015162 0.008181
0 0.995171 0.298855 0.008710 0.061037
0 0.293470 0.993840 0.032463 0.010196
0 0.993811 0.378657 0.011120 0.061512
0 0.995175 0.915789 0.008426 0.059775
0 0.522159 0.006883 0.042860 0.013741
0 0.432414 0.008702 0.045465 0.017405
0 0.012181 0.971275 0.024363 0.054685
0 0.887077 0.985233 0.044546 0.027035
0 0.990872 0.459023 0.016558 0.073000
0 0.990724 0.701856 0.016873 0.073135
0 0.010523 0.577330 0.021012 0.076349
0 0.430633 0.985521 0.044681 0.025846
0 0.018703 0.860515 0.037406 0.081782
0 0.847016 0.016597 0.048622 0.033163
0 0.987258 0.154481 0.023945 0.080362
0 0.249367 0.981185 0.046182 0.034538
0 0.352605 0.013245 0.053539 0.026490
0 0.014627 0.164633 0.029245 0.086732
0 0.638316 0.016517 0.054469 0.033034
0 0.228198 0.645164 0.043521 0.066795
0 0.606692 0.978901 0.048829 0.039053
0 0.381638 0.978695 0.046277 0.039402
0 0.207235 0.016645 0.056722 0.033289
0 0.543949 0.911015 0.046838 0.068229
0 0.918586 0.960240 0.054608 0.076847
0 0.539628 0.842506 0.049203 0.066729
0 0.594860 0.324312 0.051345 0.077932
0 0.041189 0.926902 0.052566 0.087397
0 0.605169 0.247348 0.050735 0.076034
0 0.323706 0.211565 0.052584 0.076429
0 0.693610 0.023211 0.048813 0.046421
0 0.418417 0.534965 0.049507 0.075719
0 0.645101 0.296918 0.051510 0.074573
0 0.647933 0.915676 0.052205 0.078770
0 0.783245 0.965091 0.052200 0.066834
0 0.027193 0.425874 0.053982 0.075563
0 0.325523 0.649580 0.049363 0.072135
0 0.769067 0.426603 0.049971 0.074738
0 0.686100 0.964135 0.048193 0.068646
0 0.775795 0.345044 0.052601 0.079197
0 0.506664 0.718040 0.053635 0.076838
0 0.519415 0.226529 0.051445 0.084695
0 0.024922 0.505760 0.049700 0.073732
0 0.715124 0.077404 0.049704 0.071952
0 0.962869 0.935897 0.052596 0.075692
0 0.714874 0.437364 0.054390 0.081891
0 0.792713 0.884843 0.051225 0.077920
0 0.508659 0.543301 0.051906 0.083519
0 0.488401 0.304081 0.058184 0.081874
0 0.384873 0.781064 0.045881 0.078094
0 0.668854 0.226012 0.049804 0.077423
0 0.467679 0.183131 0.050132 0.080332
0 0.117675 0.199044 0.054930 0.071692
0 0.461595 0.381081 0.055076 0.082493
0 0.056741 0.065982 0.049385 0.073870
0 0.891824 0.035863 0.050427 0.071726
0 0.363631 0.066232 0.051047 0.074424
0 0.967890 0.339224 0.057631 0.094063
0 0.483031 0.464998 0.057224 0.082028
0 0.322814 0.952402 0.049640 0.075328
0 0.494734 0.964998 0.054707 0.066800
0 0.634468 0.792961 0.053215 0.080752
0 0.823513 0.227797 0.054362 0.082631
0 0.937884 0.778898 0.050486 0.078971
0 0.279334 0.269762 0.046389 0.086780
0 0.675920 0.751847 0.046784 0.078665
0 0.421628 0.454231 0.047338 0.075735
0 0.266940 0.547928 0.051054 0.080168
0 0.144726 0.333606 0.049555 0.074598
0 0.261285 0.360095 0.048632 0.077269
0 0.842730 0.307785 0.050195 0.076893
0 0.461814 0.768729 0.050618 0.083391
0 0.548193 0.373218 0.059829 0.097845
0 0.095873 0.272223 0.054490 0.082548
0 0.737651 0.288181 0.051756 0.080939
0 0.209829 0.573604 0.064429 0.087135
0 0.639581 0.628814 0.053512 0.080062
0 0.605425 0.697623 0.051962 0.081475
0 0.232649 0.437790 0.049872 0.075018
0 0.493022 0.111463 0.050297 0.071771
0 0.547340 0.648264 0.055565 0.080689
0 0.121823 0.413471 0.052112 0.083961
0 0.556954 0.172041 0.050651 0.075855
0 0.052096 0.352347 0.061427 0.088920
0 0.402257 0.115114 0.048084 0.071044
0 0.333404 0.569036 0.051715 0.079403
0 0.354243 0.713706 0.053874 0.082186
0 0.665499 0.142651 0.054995 0.079604
0 0.876598 0.201061 0.050605 0.081271
0 0.096020 0.122129 0.057785 0.085953
0 0.469035 0.040946 0.049808 0.074055
0 0.812458 0.558993 0.051454 0.078320
0 0.860351 0.536018 0.049342 0.077887
0 0.297618 0.128794 0.051175 0.086737
0 0.129016 0.858816 0.053626 0.082329
0 0.389131 0.869391 0.057064 0.085585
0 0.318602 0.316238 0.055698 0.087653
0 0.048777 0.606182 0.054893 0.089123
0 0.170781 0.482130 0.050745 0.080294
0 0.954583 0.854620 0.059377 0.078178
0 0.747563 0.131916 0.053564 0.083631
0 0.476514 0.873922 0.058935 0.081605
0 0.050220 0.813211 0.047812 0.077426
0 0.565604 0.555411 0.052020 0.083072
0 0.268885 0.934706 0.053410 0.090819
0 0.272746 0.047649 0.057698 0.093358
0 0.446165 0.620748 0.054557 0.084435
0 0.748240 0.838790 0.054632 0.084018
0 0.745557 0.545720 0.054140 0.081796
0 0.099161 0.791063 0.050907 0.084222
0 0.688873 0.855832 0.060103 0.090060
0 0.951776 0.698216 0.054647 0.088405
0 0.698522 0.649913 0.055995 0.080735
0 0.876122 0.115377 0.051278 0.077347
0 0.103847 0.498521 0.055546 0.086589
0 0.100091 0.670997 0.051624 0.076477
0 0.626649 0.500851 0.053011 0.083403
0 0.170693 0.244030 0.051784 0.081253
0 0.872471 0.622045 0.052058 0.083738
0 0.153055 0.768672 0.051025 0.078625
0 0.380976 0.248559 0.054924 0.087862
0 0.919110 0.474662 0.052573 0.078843
1 0.891501 0.904052 0.046013 0.044100
2 0.337005 0.261621 0.022617 0.027414
2 0.971829 0.639452 0.019497 0.029797
2 0.856016 0.052443 0.018717 0.028605
2 0.890331 0.277116 0.017157 0.027414