0 0.691573 0.001966 0.041368 0.003801
0 0.001630 0.620182 0.003228 0.065464
0 0.002756 0.027193 0.005493 0.054128
0 0.997542 0.317784 0.004908 0.068803
0 0.635772 0.994473 0.045459 0.009692
0 0.569643 0.993556 0.045044 0.011057
0 0.244396 0.994304 0.039295 0.010169
0 0.005997 0.146298 0.011995 0.066503
0 0.004886 0.879156 0.009772 0.071048
0 0.283396 0.006593 0.042972 0.013183
0 0.336907 0.990226 0.043557 0.017800
0 0.812545 0.081388 0.047624 0.076356
0 0.433981 0.982817 0.054903 0.032486
0 0.823155 0.036164 0.054544 0.071536
0 0.734410 0.977471 0.041721 0.042244
0 0.792078 0.246701 0.045290 0.071471
0 0.022469 0.959708 0.044938 0.077492
0 0.020286 0.571660 0.040534 0.068039
0 0.983276 0.662038 0.032376 0.087393
0 0.788305 0.315455 0.052982 0.079593
0 0.114033 0.972282 0.057135 0.052710
0 0.981933 0.901283 0.034649 0.083027
0 0.986008 0.201720 0.026589 0.074408
0 0.451848 0.025943 0.052240 0.051887
0 0.015479 0.768159 0.030914 0.072636
0 0.923977 0.363187 0.040901 0.086364
0 0.406751 0.035485 0.047870 0.070971
0 0.294610 0.967471 0.053612 0.063194
0 0.358902 0.023302 0.049117 0.046585
0 0.887125 0.348503 0.047000 0.081517
0 0.038328 0.022188 0.049577 0.044376
0 0.978533 0.815368 0.041785 0.076088
0 0.531957 0.022628 0.058041 0.045256
0 0.782373 0.971151 0.053257 0.054965
0 0.101760 0.263673 0.055372 0.072793
0 0.049490 0.891840 0.054424 0.080469
0 0.974099 0.738083 0.050824 0.074080
0 0.342108 0.923750 0.052987 0.084637
0 0.585703 0.596026 0.056000 0.094071
0 0.977467 0.290525 0.044430 0.091352
0 0.175888 0.098031 0.054557 0.081119
0 0.432385 0.919674 0.052966 0.081611
0 0.161528 0.030301 0.044815 0.060601
0 0.894636 0.024618 0.050347 0.049236
0 0.338877 0.832199 0.051129 0.082666
0 0.132590 0.916108 0.056427 0.080930
0 0.475955 0.666228 0.047956 0.082114
0 0.059447 0.083667 0.052404 0.082711
0 0.628553 0.955486 0.045720 0.069717
0 0.067758 0.634151 0.043701 0.072637
0 0.390124 0.724980 0.052280 0.081937
0 0.489500 0.843105 0.055963 0.084784
0 0.481932 0.754041 0.050193 0.082355
0 0.076957 0.198541 0.048852 0.076408
0 0.151914 0.174445 0.051360 0.079184
0 0.244908 0.859399 0.050310 0.073141
0 0.977092 0.443537 0.045244 0.091378
0 0.974949 0.079982 0.048623 0.092913
0 0.647342 0.620190 0.052532 0.083535
0 0.773717 0.698038 0.056638 0.075782
0 0.401842 0.431221 0.044874 0.066291
0 0.833879 0.960660 0.048649 0.074517
0 0.056160 0.536914 0.054199 0.092807
0 0.745876 0.620379 0.055667 0.089930
0 0.658416 0.422037 0.050823 0.079441
0 0.578696 0.949569 0.049409 0.078417
0 0.954116 0.146427 0.054031 0.066670
0 0.449976 0.459160 0.042503 0.078638
0 0.130159 0.765889 0.052345 0.084515
0 0.258794 0.775222 0.048901 0.075608
0 0.153486 0.660092 0.054856 0.085785
0 0.566840 0.808375 0.048869 0.082166
0 0.858636 0.879306 0.053872 0.082176
0 0.241011 0.943620 0.055463 0.083154
0 0.400552 0.854706 0.055515 0.081821
0 0.108136 0.588957 0.053810 0.101150
0 0.191786 0.831219 0.050887 0.093066
0 0.389570 0.563387 0.050163 0.081331
0 0.423131 0.655484 0.053965 0.097302
0 0.566886 0.478960 0.050148 0.078981
0 0.537366 0.893509 0.058853 0.096368
0 0.598246 0.030797 0.047978 0.061593
0 0.745737 0.366924 0.050307 0.094869
0 0.268355 0.235746 0.051202 0.079293
0 0.771085 0.543992 0.049531 0.073592
0 0.213559 0.151674 0.053629 0.084406
0 0.589284 0.392534 0.050283 0.080884
0 0.836845 0.801339 0.052080 0.080079
0 0.692221 0.361277 0.050720 0.085783
0 0.667368 0.288673 0.053494 0.093857
0 0.211367 0.436046 0.049613 0.084993
0 0.500677 0.418893 0.054504 0.078678
0 0.872258 0.620248 0.053471 0.090342
0 0.325471 0.737531 0.059239 0.091244
0 0.693595 0.949777 0.049371 0.080381
0 0.781910 0.780835 0.052208 0.082875
0 0.524212 0.552430 0.049462 0.079434
0 0.313663 0.155082 0.046693 0.074785
0 0.542789 0.317015 0.044411 0.071960
0 0.612322 0.740288 0.050763 0.086482
0 0.624203 0.217720 0.049939 0.074254
0 0.889820 0.442347 0.056009 0.085211
0 0.895123 0.810225 0.053930 0.085821
0 0.660914 0.845493 0.052583 0.084952
0 0.281963 0.640592 0.048810 0.085792
0 0.419452 0.313065 0.047595 0.071842
0 0.688779 0.198645 0.050706 0.081276
0 0.563342 0.241911 0.045182 0.083916
0 0.450988 0.249519 0.048140 0.082029
0 0.903389 0.543815 0.049301 0.082200
0 0.380819 0.109325 0.051356 0.081130
0 0.703640 0.086546 0.050705 0.080808
0 0.810439 0.171952 0.058988 0.086749
0 0.192801 0.730332 0.053942 0.088887
0 0.441944 0.564686 0.045645 0.074551
0 0.691932 0.565923 0.061503 0.100604
0 0.530056 0.672587 0.051143 0.076066
0 0.488741 0.329131 0.053958 0.079594
0 0.354134 0.366049 0.050163 0.083575
0 0.537987 0.096466 0.054008 0.089929
0 0.306776 0.417231 0.056185 0.088467
0 0.160304 0.572739 0.049334 0.077679
0 0.610410 0.310490 0.052229 0.085471
0 0.749827 0.189691 0.048271 0.096711
0 0.830345 0.455053 0.049763 0.085389
0 0.166743 0.490227 0.052966 0.076052
0 0.398704 0.204949 0.052079 0.085753
0 0.627718 0.112640 0.052189 0.078798
0 0.303565 0.532896 0.049953 0.086113
0 0.232801 0.664827 0.051490 0.092038
0 0.317076 0.284091 0.051932 0.075674
0 0.190436 0.341358 0.064945 0.099242
0 0.766319 0.453740 0.060967 0.092362
1 0.039480 0.713349 0.060831 0.079857
1 0.094071 0.851609 0.051472 0.096544
1 0.383408 0.502980 0.045233 0.052443
1 0.861865 0.240763 0.039774 0.123957
2 0.069505 0.828963 0.017937 0.027414
2 0.627511 0.888558 0.026516 0.041716
3 0.926985 0.255662 0.095146 0.137068