0 0.997652 0.911435 0.004650 0.056051
0 0.079059 0.010441 0.032193 0.020882
0 0.002848 0.612268 0.005696 0.049716
0 0.090348 0.592875 0.041158 0.059294
0 0.070603 0.628679 0.051521 0.076261
0 0.689517 0.004908 0.036654 0.009816
0 0.682011 0.991675 0.042225 0.013806
0 0.562042 0.991051 0.040475 0.015152
0 0.950184 0.990895 0.041877 0.016440
0 0.187498 0.990134 0.042375 0.017048
0 0.010134 0.918088 0.020269 0.082972
0 0.990446 0.467806 0.018088 0.072200
0 0.619179 0.987579 0.047125 0.021985
0 0.134071 0.557459 0.046772 0.062645
0 0.128143 0.984813 0.056125 0.027374
0 0.989759 0.688763 0.019076 0.075210
0 0.989894 0.386715 0.019189 0.076759
0 0.244065 0.691940 0.046247 0.080164
0 0.015801 0.136490 0.031545 0.087014
0 0.465628 0.973428 0.061417 0.050102
0 0.771237 0.012836 0.047993 0.025638
0 0.015504 0.829037 0.030985 0.078746
0 0.269868 0.648629 0.047905 0.083741
0 0.642995 0.017147 0.049846 0.034293
0 0.677248 0.352021 0.046432 0.069676
0 0.928871 0.016046 0.051232 0.032093
0 0.741371 0.973624 0.050314 0.050388
0 0.978803 0.027888 0.041050 0.055672
0 0.337291 0.898496 0.052258 0.078417
0 0.151992 0.502517 0.047630 0.070558
0 0.039556 0.039586 0.054658 0.079171
0 0.414944 0.018181 0.053140 0.036363
0 0.019893 0.379941 0.039780 0.074851
0 0.978778 0.609294 0.041048 0.073187
0 0.418109 0.818207 0.045900 0.069314
0 0.903870 0.971572 0.051779 0.055683
0 0.367888 0.842579 0.046114 0.072875
0 0.972687 0.526017 0.053128 0.082524
0 0.026426 0.681194 0.047230 0.085581
0 0.974048 0.826148 0.048656 0.079186
0 0.091059 0.848624 0.045436 0.070098
0 0.386578 0.922547 0.048692 0.077250
0 0.254827 0.065618 0.049410 0.084486
0 0.823814 0.026393 0.051372 0.052743
0 0.698351 0.859425 0.048229 0.076877
0 0.039808 0.952776 0.045343 0.069250
0 0.782031 0.802333 0.049080 0.075144
0 0.354567 0.585077 0.055716 0.075471
0 0.692173 0.783155 0.050576 0.073265
0 0.955175 0.746793 0.055602 0.080025
0 0.543632 0.706676 0.056245 0.079261
0 0.813873 0.864278 0.054881 0.084888
0 0.851148 0.176075 0.047833 0.075701
0 0.208039 0.930159 0.049501 0.078568
0 0.840809 0.350263 0.045710 0.072121
0 0.021845 0.477006 0.043691 0.072212
0 0.804055 0.729041 0.048967 0.071474
0 0.260400 0.958568 0.056374 0.079374
0 0.459866 0.868305 0.051957 0.082098
0 0.974229 0.291854 0.049956 0.061868
0 0.280274 0.205268 0.047201 0.069717
0 0.674605 0.664038 0.051979 0.076220
0 0.685906 0.941330 0.053982 0.077924
0 0.652462 0.600297 0.047340 0.073104
0 0.558171 0.067413 0.046844 0.073111
0 0.149512 0.035554 0.052068 0.071108
0 0.492762 0.031390 0.048264 0.062781
0 0.055146 0.743292 0.051346 0.075611
0 0.451045 0.076453 0.059064 0.087669
0 0.789452 0.487666 0.048737 0.079169
0 0.273496 0.764753 0.048053 0.080870
0 0.618898 0.879206 0.050655 0.081620
0 0.324467 0.791846 0.052345 0.072804
0 0.972193 0.191200 0.047606 0.077341
0 0.665023 0.069002 0.052219 0.082542
0 0.242309 0.862819 0.050720 0.090252
0 0.656525 0.151195 0.060419 0.067881
0 0.524208 0.529693 0.042572 0.076069
0 0.538814 0.626211 0.052977 0.080553
0 0.458272 0.769448 0.051781 0.076643
0 0.326572 0.640769 0.056652 0.080062
0 0.885282 0.057265 0.049529 0.080325
0 0.500936 0.932528 0.049837 0.083562
0 0.107168 0.229680 0.048765 0.073355
0 0.597144 0.719312 0.055805 0.087703
0 0.591079 0.382919 0.052451 0.079591
0 0.731005 0.739691 0.050102 0.078040
0 0.954947 0.090277 0.056153 0.079194
0 0.166285 0.112954 0.055349 0.078992
0 0.350072 0.078000 0.054499 0.085894
0 0.805883 0.240192 0.055062 0.083495
0 0.617492 0.794857 0.056622 0.076858
0 0.747021 0.184466 0.047862 0.072616
0 0.821495 0.103346 0.054690 0.087819
0 0.923015 0.164829 0.054472 0.089383
0 0.746830 0.090660 0.046345 0.082096
0 0.057710 0.163170 0.051895 0.086619
0 0.445792 0.685230 0.054604 0.079417
0 0.852254 0.807984 0.048599 0.074367
0 0.353303 0.721370 0.046618 0.085092
0 0.552414 0.945944 0.054282 0.079745
0 0.315127 0.479747 0.042360 0.059427
0 0.762542 0.406793 0.053024 0.085658
0 0.791760 0.644981 0.054166 0.087703
0 0.117480 0.154266 0.058701 0.079560
0 0.491959 0.609110 0.048641 0.082997
0 0.768925 0.564438 0.053027 0.084289
0 0.593630 0.228999 0.052033 0.076931
0 0.315277 0.148360 0.055528 0.090470
0 0.714314 0.272627 0.077669 0.139110
0 0.706932 0.411151 0.051028 0.091584
0 0.737616 0.664619 0.057508 0.075326
0 0.550271 0.144073 0.051943 0.076016
0 0.490685 0.477474 0.048957 0.072826
0 0.473729 0.153789 0.050208 0.080581
0 0.508299 0.792145 0.048548 0.078318
0 0.850497 0.696486 0.046643 0.081843
0 0.666293 0.494562 0.050214 0.079864
0 0.153340 0.833608 0.046333 0.084843
0 0.200218 0.475129 0.053843 0.096136
0 0.623748 0.323449 0.054262 0.088484
0 0.078843 0.293255 0.051119 0.076943
0 0.437083 0.603015 0.054487 0.079722
0 0.905354 0.697439 0.051608 0.087383
0 0.712193 0.572625 0.055267 0.081102
0 0.372087 0.519449 0.055239 0.084140
0 0.534202 0.428933 0.050680 0.081946
0 0.860788 0.548482 0.049968 0.077595
0 0.177637 0.197424 0.052942 0.084754
0 0.893396 0.363868 0.054650 0.091589
0 0.450000 0.337823 0.051337 0.089964
0 0.247562 0.560399 0.048326 0.079261
0 0.486753 0.242015 0.054879 0.087972
0 0.420114 0.481322 0.047614 0.078663
0 0.174079 0.317011 0.049096 0.078385
0 0.290047 0.280962 0.051392 0.084542
0 0.318635 0.411441 0.058326 0.076057
0 0.254141 0.431554 0.048258 0.082909
1 0.120197 0.754470 0.061611 0.076281
1 0.184538 0.573897 0.043673 0.079857
1 0.925816 0.906436 0.053812 0.048868
1 0.210664 0.056615 0.050692 0.089392
2 0.588517 0.033969 0.015598 0.027414
2 0.210664 0.545888 0.025736 0.038141
3 0.136965 0.657926 0.101385 0.143027