0 0.492705 0.995531 0.041911 0.007530
0 0.853191 0.001982 0.034477 0.003854
0 0.997095 0.012660 0.005378 0.025320
0 0.996073 0.667608 0.006589 0.047359
0 0.001828 0.851320 0.003655 0.068235
0 0.759249 0.005480 0.045324 0.010960
0 0.995744 0.147043 0.007493 0.071766
0 0.993717 0.916219 0.011184 0.065620
0 0.161303 0.005922 0.037619 0.011844
0 0.986937 0.978682 0.024525 0.040181
0 0.007930 0.539748 0.015818 0.067127
0 0.549453 0.987151 0.044588 0.022927
0 0.903703 0.952947 0.050889 0.077925
0 0.011433 0.687497 0.022801 0.078611
0 0.496981 0.010426 0.044139 0.020832
0 0.898339 0.862120 0.054142 0.088292
0 0.157264 0.962885 0.057682 0.071187
0 0.957921 0.951631 0.049113 0.088597
0 0.988201 0.236594 0.021954 0.078660
0 0.705502 0.971569 0.055882 0.053929
0 0.489417 0.861653 0.050054 0.085289
0 0.014492 0.343791 0.028934 0.081793
0 0.566259 0.013725 0.057918 0.027450
0 0.119484 0.947030 0.061978 0.088074
0 0.125478 0.865949 0.051809 0.082044
0 0.014255 0.243774 0.028496 0.085480
0 0.983528 0.601183 0.031187 0.086855
0 0.418037 0.907952 0.049357 0.079067
0 0.978859 0.851655 0.040526 0.082651
0 0.111397 0.732043 0.052952 0.085096
0 0.092115 0.797409 0.056860 0.080988
0 0.632014 0.914079 0.047114 0.077871
0 0.255150 0.963434 0.054531 0.070158
0 0.075364 0.886362 0.051287 0.089118
0 0.462624 0.788676 0.054089 0.089360
0 0.021750 0.615143 0.043500 0.082455
0 0.681317 0.917559 0.048612 0.080276
0 0.441629 0.017699 0.050514 0.035398
0 0.522251 0.944545 0.054220 0.081693
0 0.309818 0.018354 0.051581 0.036708
0 0.466225 0.941658 0.052057 0.083072
0 0.914175 0.656454 0.052174 0.086659
0 0.615894 0.836282 0.053052 0.088254
0 0.063483 0.378751 0.056041 0.082839
0 0.807111 0.656280 0.051423 0.085505
0 0.021209 0.465310 0.042408 0.089910
0 0.550196 0.638675 0.047819 0.080583
0 0.200581 0.930454 0.049045 0.083387
0 0.685592 0.629529 0.049187 0.077724
0 0.659256 0.716879 0.048562 0.078463
0 0.806641 0.028512 0.052430 0.057024
0 0.571113 0.796900 0.049728 0.083558
0 0.430915 0.717250 0.053680 0.085122
0 0.402630 0.647453 0.049353 0.082613
0 0.111726 0.641499 0.050993 0.083519
0 0.053841 0.699300 0.054122 0.085464
0 0.321689 0.729127 0.045937 0.071615
0 0.326293 0.148232 0.053264 0.087329
0 0.400010 0.832362 0.053695 0.081001
0 0.289783 0.892052 0.052364 0.092060
0 0.323651 0.657380 0.049697 0.063683
0 0.533416 0.723947 0.057096 0.083541
0 0.701286 0.798947 0.050889 0.081551
0 0.765364 0.612923 0.049698 0.075649
0 0.049830 0.299387 0.048911 0.085727
0 0.178078 0.052042 0.049022 0.081896
0 0.295947 0.084843 0.054839 0.083468
0 0.916927 0.749918 0.054647 0.083932
0 0.755900 0.870983 0.055757 0.091341
0 0.897529 0.465578 0.052811 0.081148
0 0.858926 0.680576 0.054124 0.088520
0 0.390229 0.175376 0.055023 0.085364
0 0.321422 0.586674 0.044134 0.069636
0 0.819351 0.572290 0.045780 0.075952
0 0.344651 0.870837 0.054345 0.092988
0 0.627133 0.431368 0.048233 0.073682
0 0.563982 0.471806 0.055219 0.089981
0 0.796602 0.807657 0.055154 0.090748
0 0.598135 0.616920 0.049549 0.091125
0 0.120202 0.043279 0.056262 0.086365
0 0.220077 0.772447 0.044970 0.076361
0 0.301154 0.406638 0.046067 0.074622
0 0.068519 0.086826 0.048829 0.082305
0 0.037596 0.150269 0.043919 0.076391
0 0.713283 0.705129 0.054130 0.092557
0 0.788193 0.318664 0.047920 0.083486
0 0.224297 0.096796 0.048775 0.080255
0 0.453136 0.459749 0.048985 0.079539
0 0.193161 0.196576 0.049294 0.079076
0 0.571398 0.061915 0.057847 0.072272
0 0.090870 0.447301 0.055097 0.084781
0 0.612787 0.508954 0.050727 0.081411
0 0.544294 0.549457 0.054600 0.081838
0 0.734337 0.422345 0.050693 0.070518
0 0.873216 0.569303 0.051406 0.083490
0 0.181878 0.703065 0.050343 0.084133
0 0.748721 0.046905 0.056266 0.079004
0 0.716828 0.494690 0.049895 0.081271
0 0.283586 0.771492 0.048976 0.094356
0 0.669434 0.554358 0.051901 0.079560
0 0.761197 0.530087 0.052518 0.079692
0 0.766019 0.115953 0.050361 0.066291
0 0.461819 0.127308 0.046018 0.072459
0 0.785793 0.404839 0.046254 0.076632
0 0.496916 0.069387 0.050965 0.083458
0 0.426728 0.390121 0.046592 0.086815
0 0.172660 0.596016 0.048786 0.083866
0 0.278705 0.266788 0.050884 0.077924
0 0.244765 0.204704 0.048508 0.081434
0 0.927896 0.255659 0.051624 0.077348
0 0.373323 0.578030 0.053318 0.089323
0 0.553273 0.254072 0.046154 0.079230
0 0.919819 0.335223 0.050330 0.087033
0 0.123180 0.369043 0.052724 0.088849
0 0.454547 0.548170 0.055190 0.083581
0 0.518669 0.421985 0.053845 0.086850
0 0.284158 0.489397 0.054323 0.085123
0 0.835733 0.293658 0.051807 0.085756
0 0.591274 0.365112 0.051736 0.090419
0 0.090669 0.247920 0.051308 0.084036
0 0.224486 0.579900 0.050972 0.088880
0 0.353998 0.412831 0.050068 0.086860
0 0.634828 0.322268 0.055164 0.091100
0 0.538622 0.136974 0.062944 0.084298
0 0.332088 0.270069 0.045301 0.076616
0 0.381988 0.259431 0.044889 0.074964
0 0.467632 0.322618 0.051986 0.084170
0 0.749861 0.194173 0.050752 0.076371
0 0.216401 0.345234 0.049554 0.082210
0 0.869361 0.149573 0.054287 0.091048
1 0.513648 0.207986 0.059271 0.089392
1 0.122537 0.558999 0.050692 0.076281
1 0.518717 0.800358 0.055372 0.098927
2 0.007652 0.177592 0.015303 0.040524
2 0.582667 0.541120 0.021057 0.035757