0 0.997221 0.513928 0.004620 0.046163
0 0.014121 0.994386 0.028007 0.009179
0 0.950246 0.991707 0.038432 0.013906
0 0.994745 0.844744 0.008961 0.060361
0 0.005327 0.322452 0.010655 0.067204
0 0.007119 0.811258 0.014238 0.070372
0 0.364126 0.007969 0.039630 0.015938
0 0.008858 0.591334 0.017677 0.079048
0 0.764926 0.011240 0.045890 0.022466
0 0.018201 0.018990 0.036374 0.037980
0 0.267165 0.985672 0.048957 0.025520
0 0.885477 0.012270 0.044718 0.024528
0 0.133510 0.981934 0.055004 0.032758
0 0.251213 0.722141 0.039866 0.071497
0 0.094026 0.017715 0.055429 0.035430
0 0.955164 0.014772 0.046680 0.029544
0 0.282107 0.244497 0.046613 0.070395
0 0.985115 0.315946 0.027657 0.068273
0 0.983250 0.675102 0.031343 0.083048
0 0.082537 0.833323 0.065490 0.112044
0 0.481532 0.967796 0.046153 0.061068
0 0.783474 0.977772 0.049343 0.041329
0 0.564725 0.969726 0.053013 0.057023
0 0.534764 0.018032 0.046585 0.036063
0 0.338862 0.468816 0.037988 0.078050
0 0.680958 0.968661 0.048158 0.059297
0 0.135710 0.614828 0.042176 0.065544
0 0.868418 0.101792 0.037545 0.058522
0 0.018917 0.401981 0.037835 0.079561
0 0.666841 0.711132 0.050840 0.074866
0 0.116654 0.927739 0.055303 0.074440
0 0.051783 0.759550 0.051565 0.077307
0 0.855556 0.970012 0.051471 0.056573
0 0.634695 0.943419 0.051284 0.070481
0 0.450281 0.909712 0.051132 0.075135
0 0.536136 0.344795 0.051005 0.068990
0 0.021052 0.095616 0.042095 0.072710
0 0.155840 0.872467 0.049032 0.072607
0 0.070630 0.372614 0.046541 0.064539
0 0.659967 0.785178 0.047816 0.073161
0 0.212497 0.726345 0.044453 0.082905
0 0.351442 0.413549 0.047190 0.069773
0 0.030725 0.954507 0.052743 0.080595
0 0.492373 0.204418 0.058912 0.075230
0 0.305097 0.183801 0.047270 0.074467
0 0.021170 0.177508 0.042340 0.075332
0 0.203286 0.420652 0.047327 0.073930
0 0.919800 0.957721 0.048323 0.080272
0 0.324436 0.777577 0.043432 0.078729
0 0.664059 0.864967 0.053285 0.074259
0 0.332036 0.931761 0.043174 0.074344
0 0.761705 0.837891 0.046458 0.068737
0 0.373783 0.803391 0.047225 0.072223
0 0.240949 0.277240 0.052105 0.081441
0 0.324989 0.655672 0.036402 0.078340
0 0.938618 0.860919 0.043326 0.066309
0 0.249307 0.432087 0.043847 0.070680
0 0.546019 0.636410 0.049104 0.073935
0 0.807325 0.425178 0.045913 0.088478
0 0.323480 0.111188 0.040468 0.079855
0 0.057936 0.681279 0.048622 0.068315
0 0.531793 0.270088 0.052142 0.070804
0 0.549696 0.206065 0.047629 0.084994
0 0.820227 0.228476 0.044877 0.069081
0 0.108329 0.725610 0.049311 0.076176
0 0.473734 0.031333 0.049558 0.062587
0 0.443034 0.245999 0.048915 0.080624
0 0.638549 0.475312 0.049464 0.073432
0 0.204441 0.952542 0.054250 0.082825
0 0.671508 0.036384 0.049640 0.072769
0 0.463366 0.525529 0.051084 0.080239
0 0.060788 0.054961 0.049888 0.084052
0 0.215142 0.343768 0.051643 0.072087
0 0.353031 0.713259 0.045781 0.074615
0 0.517561 0.125271 0.049968 0.075864
0 0.971631 0.795129 0.047098 0.078975
0 0.311380 0.033239 0.047084 0.066477
0 0.042764 0.606158 0.048664 0.087438
0 0.699476 0.652657 0.048396 0.077934
0 0.605459 0.802994 0.048507 0.074509
0 0.190918 0.627675 0.048125 0.079203
0 0.598949 0.416532 0.049542 0.074103
0 0.724540 0.580215 0.045636 0.073114
0 0.523216 0.841612 0.054202 0.083531
0 0.603526 0.534336 0.048795 0.076147
0 0.201820 0.825657 0.052668 0.080860
0 0.162285 0.182390 0.050822 0.078056
0 0.116686 0.226697 0.053167 0.079719
0 0.069434 0.186799 0.045443 0.079112
0 0.637918 0.205175 0.046947 0.074056
0 0.660772 0.383533 0.049020 0.077509
0 0.456676 0.742175 0.051380 0.078255
0 0.169531 0.561211 0.054853 0.076828
0 0.476733 0.303927 0.056067 0.074116
0 0.462407 0.828418 0.054380 0.083501
0 0.143355 0.098696 0.053913 0.083067
0 0.915089 0.556531 0.048961 0.068438
0 0.853679 0.894411 0.052731 0.080162
0 0.780680 0.738846 0.048639 0.074584
0 0.279594 0.658042 0.047476 0.077064
0 0.927120 0.656705 0.048341 0.082328
0 0.392336 0.148614 0.048809 0.075981
0 0.726522 0.270118 0.043953 0.068040
0 0.789113 0.510081 0.049750 0.079872
0 0.647279 0.108616 0.050984 0.073602
0 0.196846 0.495933 0.053931 0.076368
0 0.760237 0.664141 0.049340 0.078569
0 0.274244 0.820413 0.056353 0.086830
0 0.864266 0.285644 0.053613 0.084924
0 0.452170 0.449210 0.053092 0.076672
0 0.917838 0.772097 0.045021 0.072586
0 0.771517 0.207210 0.048134 0.075914
0 0.622119 0.330284 0.052618 0.084827
0 0.191678 0.060045 0.056374 0.089550
0 0.769222 0.371834 0.047697 0.073708
0 0.828380 0.777310 0.054547 0.080507
0 0.822878 0.673077 0.047914 0.075633
0 0.692490 0.211389 0.050978 0.076891
0 0.099772 0.560934 0.048506 0.081848
0 0.893634 0.474255 0.052056 0.083609
0 0.876696 0.619172 0.046499 0.084467
0 0.387597 0.065829 0.050495 0.077386
0 0.488059 0.382689 0.051560 0.080325
0 0.742607 0.464809 0.049315 0.076998
0 0.904388 0.387430 0.051496 0.079547
0 0.151939 0.377945 0.052578 0.081584
0 0.285095 0.330079 0.052991 0.080685
0 0.531549 0.559796 0.052850 0.084596
0 0.290896 0.471200 0.049230 0.078831
0 0.951837 0.481166 0.050029 0.083494
0 0.595408 0.261881 0.058168 0.074827
0 0.044862 0.307334 0.050286 0.076535
0 0.148804 0.292343 0.059012 0.075698
0 0.778451 0.290649 0.048250 0.076200
0 0.823587 0.083741 0.048042 0.084077
0 0.689526 0.510967 0.052191 0.078073
0 0.939909 0.286741 0.049309 0.077878
0 0.460568 0.611767 0.050153 0.077637
0 0.128268 0.479034 0.051739 0.082367
0 0.288956 0.559367 0.057183 0.087588
0 0.240391 0.132283 0.055923 0.089574
0 0.406066 0.710675 0.053334 0.084463
0 0.743150 0.065143 0.052012 0.087999
0 0.375008 0.630560 0.050350 0.082314
0 0.709114 0.130496 0.052531 0.078870
0 0.567534 0.087134 0.057798 0.089241
0 0.774391 0.122315 0.046283 0.073780
0 0.396181 0.474406 0.050554 0.079253
0 0.866301 0.178961 0.055931 0.086571
0 0.386892 0.259977 0.058282 0.092197
1 0.354552 0.343862 0.046793 0.070322
2 0.097971 0.414779 0.023396 0.033373
2 0.827940 0.275924 0.015598 0.029797
2 0.876683 0.044100 0.025736 0.038141
2 0.243029 0.653159 0.020277 0.033373
2 0.177519 0.755662 0.023396 0.035757
2 0.698870 0.777116 0.024176 0.040524
2 0.728505 0.980334 0.027296 0.039333
2 0.860305 0.704410 0.025736 0.035757
2 0.951552 0.722884 0.028856 0.044100
2 0.224312 0.647795 0.026516 0.039333
2 0.816246 0.846122 0.031652 0.052544
2 0.840804 0.725188 0.020737 0.030859