0 0.148847 0.646098 0.048704 0.090458
0 0.553868 0.991540 0.037103 0.013824
0 0.005431 0.635690 0.010836 0.068372
0 0.685455 0.006722 0.041764 0.013445
0 0.431155 0.990544 0.039543 0.015709
0 0.009571 0.782584 0.019112 0.079588
0 0.007607 0.317330 0.015136 0.078510
0 0.763171 0.009913 0.049322 0.019826
0 0.831721 0.984691 0.046644 0.027461
0 0.015342 0.721713 0.030655 0.069775
0 0.971038 0.977787 0.054334 0.041130
0 0.238458 0.260605 0.045836 0.075832
0 0.251305 0.206702 0.048071 0.074536
0 0.014480 0.423128 0.028908 0.074295
0 0.871783 0.695911 0.040228 0.056249
0 0.272995 0.902619 0.048314 0.070869
0 0.131140 0.757837 0.044664 0.064967
0 0.306550 0.856925 0.043510 0.069513
0 0.200352 0.975744 0.047680 0.045316
0 0.904871 0.973854 0.055610 0.048848
0 0.027445 0.855492 0.044786 0.076854
0 0.148837 0.967309 0.048746 0.062131
0 0.645305 0.970017 0.049132 0.056673
0 0.020598 0.516675 0.041194 0.079558
0 0.980293 0.718026 0.037369 0.083642
0 0.158063 0.558428 0.046370 0.071408
0 0.784301 0.959915 0.055842 0.076940
0 0.098751 0.952331 0.049352 0.080906
0 0.215541 0.036323 0.055239 0.072647
0 0.561620 0.559459 0.046337 0.080671
0 0.102422 0.459720 0.048592 0.073150
0 0.311677 0.954238 0.052260 0.084270
0 0.295704 0.021478 0.049005 0.042956
0 0.103442 0.600682 0.051895 0.086380
0 0.521504 0.817845 0.048161 0.082704
0 0.125449 0.378346 0.051793 0.076251
0 0.595746 0.765426 0.052167 0.078395
0 0.173947 0.793747 0.050593 0.092465
0 0.222094 0.703035 0.056291 0.083131
0 0.260109 0.759231 0.054228 0.087031
0 0.508063 0.957757 0.049660 0.080783
0 0.753214 0.906300 0.057391 0.088000
0 0.026156 0.137725 0.052292 0.095221
0 0.773615 0.828664 0.051898 0.083313
0 0.075667 0.535282 0.056863 0.083266
0 0.590358 0.922161 0.054346 0.081122
0 0.584815 0.634573 0.046902 0.079746
0 0.572338 0.840568 0.054568 0.083906
0 0.323286 0.783902 0.053456 0.080986
0 0.824159 0.168585 0.051677 0.092913
0 0.449214 0.607204 0.054058 0.093544
0 0.776917 0.177440 0.053723 0.084212
0 0.968272 0.801265 0.053881 0.082509
0 0.079903 0.875089 0.053234 0.081506
0 0.168656 0.894113 0.058171 0.084064
0 0.292501 0.358142 0.049553 0.079683
0 0.717846 0.793688 0.054022 0.080684
0 0.206758 0.526895 0.048121 0.079585
0 0.536907 0.359801 0.049476 0.084950
0 0.907634 0.044288 0.049142 0.080714
0 0.357843 0.863964 0.051762 0.084573
0 0.745273 0.064664 0.045995 0.073862
0 0.936090 0.443424 0.047772 0.074033
0 0.957867 0.059995 0.046502 0.087587
0 0.437573 0.909110 0.060035 0.074683
0 0.694396 0.357983 0.046037 0.078391
0 0.524736 0.731597 0.052655 0.080589
0 0.873726 0.914188 0.056822 0.088531
0 0.429969 0.520175 0.051066 0.078117
0 0.422438 0.794532 0.049013 0.079121
0 0.233501 0.340403 0.051108 0.072335
0 0.120760 0.237886 0.053384 0.078625
0 0.154897 0.453291 0.051641 0.083252
0 0.644716 0.684496 0.053319 0.086605
0 0.227806 0.610945 0.047876 0.081403
0 0.673500 0.441007 0.055674 0.080615
0 0.785099 0.314211 0.056946 0.087303
0 0.910223 0.509403 0.061018 0.085332
0 0.903316 0.595787 0.050397 0.077043
0 0.708341 0.504687 0.051438 0.072013
0 0.148340 0.310622 0.052273 0.083947
0 0.868604 0.103899 0.046634 0.076026
0 0.290565 0.636269 0.054373 0.079953
0 0.250086 0.101116 0.054938 0.086123
0 0.793285 0.606289 0.052055 0.082078
0 0.437062 0.707653 0.052430 0.078032
0 0.395502 0.633053 0.049788 0.082135
0 0.448596 0.107575 0.054405 0.079534
0 0.445592 0.030212 0.053637 0.060424
0 0.820170 0.780771 0.056442 0.083272
0 0.044132 0.625671 0.059537 0.078588
0 0.541869 0.474317 0.053176 0.089679
0 0.637480 0.592305 0.054493 0.086095
0 0.590693 0.438463 0.054032 0.088715
0 0.679795 0.081433 0.050025 0.077124
0 0.741757 0.713639 0.052359 0.083807
0 0.152349 0.180161 0.050058 0.081979
0 0.418007 0.264342 0.048209 0.079040
0 0.924298 0.697868 0.059288 0.094885
0 0.693496 0.168337 0.053716 0.072257
0 0.311541 0.522982 0.052425 0.089352
0 0.397765 0.444492 0.054881 0.084212
0 0.839700 0.256632 0.052627 0.081541
0 0.497714 0.244390 0.053032 0.086030
0 0.243310 0.460321 0.052502 0.091553
0 0.560881 0.071455 0.053458 0.088455
0 0.081849 0.173536 0.060290 0.087730
0 0.404299 0.159309 0.056683 0.087279
0 0.581983 0.301254 0.050780 0.078857
0 0.719993 0.624954 0.059397 0.082670
0 0.336333 0.308684 0.052467 0.087509
0 0.940208 0.359574 0.051089 0.076858
0 0.950479 0.237373 0.053993 0.088574
0 0.071518 0.387955 0.052522 0.087099
0 0.624524 0.242279 0.051853 0.078850
0 0.601794 0.149325 0.053697 0.084070
0 0.695566 0.253389 0.052214 0.085187
0 0.329204 0.144203 0.053128 0.085685
1 0.469585 0.186532 0.067850 0.091776
1 0.331545 0.426698 0.050692 0.081049
1 0.480503 0.417759 0.042894 0.079857
1 0.140474 0.697855 0.044453 0.075089
1 0.824041 0.686532 0.048353 0.076281
2 0.781927 0.252682 0.021837 0.035757
2 0.902419 0.232420 0.016378 0.026222
2 0.389647 0.701430 0.034315 0.051251