0 0.001630 0.840988 0.003230 0.060508
0 0.004351 0.983357 0.008701 0.030512
0 0.145612 0.994623 0.032012 0.008903
0 0.003799 0.553102 0.007597 0.053384
0 0.883871 0.991949 0.038524 0.013222
0 0.005255 0.673524 0.010510 0.058818
0 0.758008 0.009016 0.038285 0.018032
0 0.226541 0.008334 0.041191 0.016668
0 0.440341 0.989352 0.041180 0.018437
0 0.728138 0.622441 0.049341 0.076803
0 0.505699 0.116293 0.042889 0.079755
0 0.707431 0.986920 0.040476 0.023034
0 0.467100 0.128886 0.047497 0.086038
0 0.705203 0.589389 0.049822 0.073801
0 0.523642 0.983405 0.048309 0.030124
0 0.364284 0.495505 0.044438 0.070771
0 0.015766 0.764284 0.031520 0.068686
0 0.465830 0.668547 0.051965 0.061779
0 0.067912 0.366465 0.047034 0.080862
0 0.088997 0.978258 0.054252 0.040198
0 0.396140 0.587458 0.042326 0.067013
0 0.329793 0.636471 0.050582 0.079330
0 0.390810 0.663105 0.045812 0.071635
0 0.225979 0.772933 0.043625 0.067149
0 0.387257 0.810668 0.039655 0.064843
0 0.022639 0.933153 0.045278 0.076287
0 0.155795 0.856488 0.047771 0.071836
0 0.354901 0.970909 0.046268 0.054953
0 0.981444 0.863575 0.035341 0.077130
0 0.089353 0.308058 0.051665 0.083663
0 0.523145 0.746287 0.047676 0.073724
0 0.564030 0.704966 0.043178 0.066251
0 0.334717 0.416328 0.044190 0.071884
0 0.055114 0.654562 0.042223 0.064376
0 0.751351 0.969420 0.046569 0.057949
0 0.433829 0.726470 0.046989 0.071460
0 0.685545 0.858101 0.048458 0.075016
0 0.443282 0.567260 0.047233 0.074990
0 0.425030 0.890024 0.046496 0.075834
0 0.458269 0.507327 0.046562 0.067374
0 0.281813 0.911266 0.053129 0.078541
0 0.016029 0.484932 0.032028 0.071879
0 0.560369 0.800515 0.043750 0.073888
0 0.626068 0.962057 0.050063 0.066189
0 0.279251 0.601477 0.045644 0.072425
0 0.742735 0.896919 0.039327 0.078019
0 0.662773 0.786344 0.048772 0.075548
0 0.323111 0.864959 0.046713 0.074641
0 0.543966 0.929909 0.047296 0.072526
0 0.486549 0.205118 0.047497 0.072196
0 0.117952 0.809847 0.047156 0.071274
0 0.022505 0.331427 0.045010 0.067605
0 0.596664 0.899342 0.052485 0.079545
0 0.135381 0.739411 0.043981 0.068192
0 0.170255 0.928266 0.050611 0.075473
0 0.283139 0.810290 0.044829 0.077050
0 0.417850 0.363028 0.044692 0.080995
0 0.378785 0.389282 0.043285 0.080306
0 0.705494 0.699333 0.049088 0.075562
0 0.946304 0.667338 0.040186 0.067610
0 0.351690 0.031232 0.046735 0.061443
0 0.828951 0.031810 0.043720 0.063620
0 0.461533 0.797954 0.048470 0.078497
0 0.100755 0.614124 0.050814 0.066249
0 0.782071 0.044985 0.044197 0.080539
0 0.140169 0.548879 0.047584 0.070553
0 0.608261 0.624900 0.044430 0.072134
0 0.822608 0.878269 0.047970 0.083808
0 0.232917 0.693512 0.047721 0.080328
0 0.621868 0.721978 0.047522 0.074168
0 0.789660 0.556691 0.045958 0.070878
0 0.086514 0.723087 0.046910 0.072208
0 0.022147 0.255191 0.044295 0.071070
0 0.084061 0.913514 0.049368 0.072849
0 0.160654 0.407472 0.045160 0.074711
0 0.724843 0.798588 0.046309 0.070208
0 0.663007 0.641446 0.050789 0.081095
0 0.830946 0.745873 0.050439 0.077717
0 0.915258 0.803077 0.044148 0.074195
0 0.615566 0.028399 0.047735 0.056798
0 0.773280 0.755829 0.051229 0.073568
0 0.698677 0.508738 0.050524 0.069966
0 0.746160 0.295436 0.049486 0.068284
0 0.208463 0.053561 0.049250 0.073490
0 0.259053 0.063892 0.043245 0.067062
0 0.963156 0.765332 0.054629 0.073989
0 0.667915 0.448922 0.049366 0.072115
0 0.204464 0.606938 0.048216 0.079703
0 0.117072 0.033908 0.051128 0.067815
0 0.285665 0.145089 0.047659 0.068503
0 0.313204 0.520987 0.051747 0.090665
0 0.831365 0.658331 0.048724 0.074742
0 0.893820 0.942291 0.051420 0.079744
0 0.270015 0.462343 0.048959 0.070322
0 0.446686 0.033759 0.047354 0.067415
0 0.158887 0.649621 0.050126 0.074449
0 0.519227 0.494943 0.049858 0.073884
0 0.137974 0.207711 0.043627 0.064262
0 0.541352 0.424502 0.048759 0.077825
0 0.365432 0.211591 0.045842 0.069608
0 0.858101 0.508604 0.045666 0.072882
0 0.502633 0.033533 0.050544 0.067066
0 0.076974 0.506204 0.045417 0.080619
0 0.865423 0.431787 0.045400 0.071818
0 0.227762 0.218917 0.047944 0.076711
0 0.567995 0.558916 0.046519 0.082911
0 0.474947 0.424725 0.050108 0.076311
0 0.400422 0.061262 0.045654 0.078888
0 0.945677 0.588436 0.046811 0.073140
0 0.723332 0.359346 0.053468 0.075145
0 0.931008 0.031653 0.042044 0.063276
0 0.356266 0.290699 0.050451 0.073004
0 0.815856 0.463037 0.047827 0.077691
0 0.684202 0.299578 0.043755 0.071111
0 0.188016 0.336620 0.050058 0.082078
0 0.650185 0.083748 0.049920 0.074383
0 0.904667 0.709264 0.051873 0.082292
0 0.579723 0.377767 0.046837 0.078816
0 0.117923 0.453080 0.048190 0.080669
0 0.977868 0.111125 0.042334 0.073011
0 0.037627 0.573420 0.050626 0.077063
0 0.362021 0.133513 0.052956 0.070347
0 0.141693 0.132237 0.050096 0.072837
0 0.865894 0.069647 0.048660 0.076030
0 0.776991 0.352898 0.043039 0.073268
0 0.277817 0.255299 0.048027 0.086520
0 0.854795 0.219932 0.043342 0.062533
0 0.143071 0.284637 0.051418 0.078382
0 0.297761 0.343402 0.048866 0.079298
0 0.769152 0.228269 0.049154 0.076702
0 0.897084 0.173458 0.049598 0.073796
0 0.674485 0.213719 0.046012 0.071752
0 0.620376 0.157398 0.050821 0.080765
0 0.906428 0.388886 0.049737 0.073978
0 0.074788 0.201693 0.047628 0.074966
0 0.626110 0.340507 0.045885 0.074679
0 0.616934 0.239925 0.049968 0.071779
0 0.917198 0.513715 0.051752 0.075674
0 0.047877 0.112253 0.050767 0.076958
0 0.212307 0.440908 0.054222 0.089205
0 0.720697 0.177014 0.053129 0.073529
0 0.931015 0.316101 0.044675 0.076053
0 0.738449 0.099042 0.051976 0.082072
0 0.792666 0.152355 0.049750 0.079969
0 0.949947 0.222876 0.050068 0.070784
1 0.409924 0.269964 0.051472 0.060787
1 0.520277 0.578069 0.041334 0.073897
1 0.926595 0.113230 0.041334 0.076281
3 0.466855 0.318236 0.092026 0.169249
2 0.065996 0.440405 0.028076 0.046484
2 0.167770 0.100119 0.016378 0.028605
2 0.419282 0.225268 0.015598 0.030989
2 0.695360 0.411204 0.020277 0.030989
2 0.992738 0.214541 0.014523 0.035757
2 0.974948 0.311085 0.028856 0.038141
2 0.773349 0.463647 0.018717 0.028605
2 0.527296 0.883790 0.019497 0.029797