0 0.039173 0.001367 0.034020 0.002690
0 0.102652 0.995136 0.033461 0.007903
0 0.533645 0.001757 0.034627 0.003514
0 0.003040 0.674505 0.006080 0.054337
0 0.594451 0.003978 0.035708 0.007955
0 0.303008 0.004054 0.029301 0.008109
0 0.995751 0.219252 0.007429 0.049639
0 0.186895 0.992165 0.040603 0.013069
0 0.995053 0.833148 0.008754 0.060835
0 0.394237 0.484596 0.043532 0.062716
0 0.992433 0.304918 0.013489 0.069477
0 0.158655 0.009579 0.041190 0.019157
0 0.010044 0.234393 0.020088 0.078714
0 0.989496 0.750599 0.019316 0.068233
0 0.420049 0.011424 0.045786 0.022842
0 0.988766 0.053228 0.020802 0.075737
0 0.016226 0.914881 0.032453 0.079682
0 0.013468 0.591813 0.026887 0.072796
0 0.713977 0.982590 0.050349 0.031731
0 0.260938 0.835323 0.053763 0.088948
0 0.770574 0.974012 0.047570 0.048941
0 0.982141 0.897817 0.034234 0.072625
0 0.216020 0.684332 0.050118 0.067920
0 0.218015 0.616676 0.049616 0.068609
0 0.706529 0.017597 0.038621 0.035179
0 0.209580 0.016407 0.043832 0.032815
0 0.021509 0.388000 0.043014 0.079414
0 0.943093 0.020047 0.048895 0.040092
0 0.199710 0.749663 0.042343 0.066984
0 0.360852 0.754165 0.046209 0.072979
0 0.057703 0.924214 0.046004 0.073077
0 0.096939 0.849029 0.050665 0.067162
0 0.981616 0.546964 0.034893 0.076740
0 0.248576 0.929652 0.047335 0.074699
0 0.307990 0.871820 0.045179 0.070426
0 0.083726 0.348759 0.042014 0.066509
0 0.411311 0.404851 0.043722 0.079781
0 0.498207 0.806555 0.048287 0.071061
0 0.980069 0.381332 0.038240 0.071764
0 0.246913 0.359349 0.036597 0.074644
0 0.822571 0.927741 0.046323 0.075085
0 0.110804 0.922289 0.048993 0.073400
0 0.030633 0.045036 0.047747 0.073902
0 0.436660 0.929696 0.048202 0.075199
0 0.777592 0.029507 0.054146 0.058999
0 0.523812 0.867227 0.052597 0.076196
0 0.383692 0.936869 0.047325 0.065708
0 0.105389 0.628635 0.042442 0.070792
0 0.769854 0.904170 0.051053 0.076433
0 0.223062 0.292491 0.045154 0.074918
0 0.658382 0.919262 0.050492 0.075359
0 0.141737 0.688189 0.046220 0.067685
0 0.032377 0.531239 0.043348 0.068647
0 0.153222 0.769487 0.050237 0.081015
0 0.532698 0.949089 0.049956 0.079966
0 0.213591 0.425399 0.042456 0.068259
0 0.378280 0.679824 0.053621 0.077041
0 0.334373 0.038157 0.044883 0.075859
0 0.455689 0.851045 0.047913 0.076401
0 0.613093 0.705320 0.046643 0.071404
0 0.467801 0.234851 0.041675 0.068051
0 0.978779 0.463768 0.041050 0.074067
0 0.368642 0.598471 0.050852 0.074238
0 0.155340 0.405511 0.045685 0.070666
0 0.310494 0.551087 0.046262 0.065498
0 0.878754 0.875771 0.044633 0.071770
0 0.965049 0.609491 0.047771 0.060711
0 0.113040 0.135815 0.049045 0.074017
0 0.292873 0.197035 0.046333 0.080162
0 0.448707 0.753340 0.044464 0.073151
0 0.658763 0.025014 0.046441 0.050020
0 0.230263 0.067137 0.046747 0.070684
0 0.594051 0.786837 0.046955 0.073063
0 0.264447 0.123244 0.042786 0.069849
0 0.695970 0.771125 0.047164 0.073172
0 0.089706 0.057869 0.046821 0.076620
0 0.049157 0.456918 0.051084 0.075437
0 0.568262 0.555564 0.047019 0.071754
0 0.793409 0.825898 0.050527 0.077781
0 0.724919 0.080784 0.043364 0.073813
0 0.241190 0.202391 0.047935 0.071646
0 0.555691 0.335473 0.051774 0.063315
0 0.842809 0.097182 0.043935 0.071151
0 0.433581 0.681962 0.045391 0.069548
0 0.039108 0.130328 0.049250 0.077401
0 0.804392 0.617927 0.046433 0.080735
0 0.646582 0.418558 0.044871 0.064867
0 0.826566 0.754041 0.042459 0.073344
0 0.452850 0.586192 0.049498 0.088650
0 0.463804 0.076577 0.046285 0.078164
0 0.845360 0.498088 0.045231 0.063087
0 0.255046 0.509755 0.046571 0.073640
0 0.303723 0.629268 0.053171 0.077515
0 0.059035 0.791857 0.050258 0.076490
0 0.135567 0.568485 0.047660 0.073265
0 0.528062 0.048452 0.045602 0.083434
0 0.930096 0.893575 0.048671 0.077733
0 0.154150 0.483995 0.045929 0.069354
0 0.196816 0.546169 0.048808 0.077586
0 0.625934 0.081972 0.051474 0.074938
0 0.386075 0.047122 0.046192 0.071331
0 0.490804 0.682975 0.044465 0.071144
0 0.362852 0.146822 0.047429 0.077440
0 0.342421 0.239929 0.049559 0.074788
0 0.662690 0.126710 0.049503 0.081414
0 0.958510 0.830454 0.054252 0.072321
0 0.075294 0.700227 0.048014 0.073717
0 0.842267 0.290406 0.048678 0.075631
0 0.449508 0.494441 0.042852 0.074319
0 0.883395 0.049837 0.046406 0.071794
0 0.423778 0.193791 0.046300 0.075642
0 0.629734 0.629931 0.051086 0.075362
0 0.094561 0.260674 0.051810 0.080962
0 0.170900 0.315775 0.053323 0.086203
0 0.547150 0.152293 0.046728 0.075571
0 0.341091 0.489799 0.052669 0.080993
0 0.339379 0.378620 0.049778 0.078979
0 0.517143 0.232234 0.043767 0.076554
0 0.605623 0.174603 0.047174 0.078828
0 0.973644 0.167533 0.047451 0.071903
0 0.663662 0.561399 0.044814 0.071928
0 0.960145 0.684335 0.051559 0.081001
0 0.695155 0.192956 0.050595 0.078924
0 0.748979 0.710457 0.048612 0.083741
0 0.877253 0.228510 0.047577 0.075389
0 0.744683 0.248777 0.045181 0.076104
0 0.760752 0.148633 0.052532 0.075084
0 0.796641 0.249126 0.044642 0.081256
0 0.595281 0.388166 0.047837 0.076492
0 0.871236 0.564970 0.050858 0.078418
0 0.610082 0.467052 0.047968 0.070573
0 0.684546 0.310848 0.044753 0.072489
0 0.779540 0.418370 0.044867 0.086705
0 0.557520 0.482412 0.045662 0.068451
0 0.900143 0.343389 0.043006 0.070441
0 0.467870 0.391998 0.052921 0.081755
0 0.711568 0.596951 0.050791 0.081112
0 0.567907 0.259306 0.050758 0.079176
0 0.879883 0.673323 0.050887 0.084333
0 0.503144 0.483790 0.048988 0.077310
0 0.917376 0.148316 0.049640 0.080970
0 0.765727 0.561534 0.047192 0.077430
0 0.435932 0.304127 0.056000 0.090735
0 0.716808 0.454550 0.047369 0.081200
0 0.827238 0.372624 0.051192 0.082659
0 0.932525 0.530532 0.053594 0.079357
1 0.233670 0.795590 0.040554 0.075089
1 0.410314 0.547080 0.049133 0.054827
2 0.124877 0.060191 0.019497 0.025030
2 0.430201 0.136472 0.026516 0.034565
2 0.584227 0.050060 0.024176 0.030989
2 0.501950 0.090584 0.018717 0.028605
2 0.607624 0.323600 0.019497 0.034565
2 0.673914 0.372467 0.027296 0.039333
2 0.664555 0.470203 0.021057 0.034565
2 0.797135 0.491657 0.021057 0.029797
2 0.916457 0.414184 0.021057 0.039333
2 0.837689 0.550656 0.014818 0.033373
2 0.843538 0.614422 0.015598 0.027414
2 0.846268 0.656138 0.017937 0.029797
2 0.803764 0.707390 0.018717 0.029797
2 0.730845 0.771752 0.019497 0.027414
2 0.008042 0.787843 0.016083 0.042908
2 0.269545 0.586412 0.017157 0.030989
2 0.204035 0.177592 0.020277 0.033373
2 0.359621 0.984505 0.016378 0.030989
2 0.134235 0.815852 0.013258 0.022646
2 0.632580 0.874851 0.014818 0.023838
2 0.612693 0.516687 0.021837 0.022646
2 0.507409 0.560191 0.017157 0.028605