0 0.752056 0.001993 0.039086 0.003966
0 0.997144 0.905476 0.004725 0.046129
0 0.996233 0.018285 0.006689 0.036569
0 0.671608 0.632459 0.043392 0.069594
0 0.647030 0.594845 0.051487 0.071911
0 0.233219 0.598544 0.046198 0.071216
0 0.994667 0.619109 0.009097 0.059508
0 0.581984 0.693007 0.048957 0.075441
0 0.548817 0.723305 0.049323 0.079457
0 0.044079 0.989830 0.041941 0.017899
0 0.788647 0.316848 0.045264 0.070559
0 0.905545 0.090587 0.048786 0.065424
0 0.750457 0.719788 0.050562 0.083494
0 0.754993 0.787585 0.053424 0.067389
0 0.913442 0.520153 0.049823 0.081624
0 0.892730 0.575479 0.052439 0.080742
0 0.282531 0.985080 0.045255 0.026803
0 0.988036 0.336292 0.021947 0.065978
0 0.989697 0.835594 0.018900 0.070301
0 0.877897 0.037587 0.048805 0.075173
0 0.918740 0.017135 0.040582 0.034270
0 0.879763 0.123709 0.048563 0.074233
0 0.813831 0.964378 0.043473 0.068045
0 0.020546 0.671603 0.041092 0.068531
0 0.304562 0.894969 0.041962 0.072526
0 0.482836 0.012242 0.051919 0.024485
0 0.702171 0.033964 0.047252 0.067882
0 0.482374 0.130321 0.046369 0.060535
0 0.181569 0.467458 0.046113 0.066512
0 0.970133 0.033007 0.044847 0.065317
0 0.802853 0.259040 0.045866 0.073706
0 0.114377 0.973109 0.051696 0.050866
0 0.224712 0.884708 0.045144 0.072965
0 0.841280 0.922446 0.048927 0.078351
0 0.027738 0.741253 0.041672 0.066927
0 0.235152 0.962594 0.047322 0.071599
0 0.040943 0.940559 0.045965 0.071382
0 0.808564 0.733544 0.039971 0.067036
0 0.807581 0.652464 0.041205 0.077021
0 0.976072 0.250950 0.045723 0.072375
0 0.948783 0.462389 0.038864 0.060818
0 0.777003 0.848201 0.046573 0.069788
0 0.094124 0.013000 0.047096 0.025999
0 0.628696 0.528933 0.044719 0.068741
0 0.090359 0.806503 0.047591 0.069359
0 0.204979 0.407823 0.049177 0.080383
0 0.567013 0.102000 0.044382 0.067073
0 0.018833 0.134731 0.037667 0.075374
0 0.020499 0.595131 0.040997 0.070401
0 0.835111 0.209770 0.051274 0.067922
0 0.550359 0.873300 0.046220 0.076909
0 0.653601 0.780895 0.048923 0.073083
0 0.955874 0.556446 0.049536 0.084380
0 0.448502 0.891404 0.044504 0.073922
0 0.083858 0.890550 0.049476 0.078933
0 0.605288 0.815780 0.045892 0.079849
0 0.336679 0.956314 0.050110 0.078600
0 0.475412 0.966419 0.055577 0.063805
0 0.580265 0.021464 0.047923 0.042928
0 0.023665 0.507291 0.047330 0.063657
0 0.360428 0.761843 0.043827 0.077973
0 0.415975 0.963939 0.050884 0.068751
0 0.648329 0.959889 0.044114 0.072983
0 0.721667 0.090645 0.045950 0.068854
0 0.407086 0.641250 0.048085 0.083385
0 0.153080 0.125852 0.044225 0.060928
0 0.018783 0.380643 0.037566 0.079347
0 0.573984 0.963545 0.057191 0.069643
0 0.739832 0.543437 0.042664 0.067857
0 0.479063 0.066502 0.047552 0.076143
0 0.413317 0.722324 0.046787 0.075720
0 0.957363 0.963033 0.046969 0.070991
0 0.710226 0.856261 0.041604 0.085496
0 0.656909 0.878882 0.056075 0.079685
0 0.751931 0.951037 0.048334 0.075584
0 0.186249 0.791539 0.047504 0.075786
0 0.796790 0.052057 0.045020 0.072009
0 0.057894 0.168201 0.043273 0.069044
0 0.834403 0.822073 0.045519 0.070421
0 0.889097 0.224457 0.047022 0.067684
0 0.119724 0.627077 0.048967 0.076670
0 0.933498 0.869452 0.047540 0.075458
0 0.959343 0.730818 0.046929 0.079658
0 0.538133 0.555041 0.048863 0.078022
0 0.484601 0.410911 0.047967 0.074027
0 0.473443 0.725342 0.045920 0.075683
0 0.897122 0.685296 0.047229 0.074170
0 0.348274 0.847421 0.053387 0.083310
0 0.359029 0.027947 0.044406 0.055894
0 0.215394 0.726693 0.047463 0.074900
0 0.145192 0.701202 0.048289 0.076025
0 0.529239 0.061649 0.042537 0.072025
0 0.069572 0.394424 0.042334 0.071752
0 0.484127 0.208015 0.045902 0.070713
0 0.838143 0.415437 0.044233 0.074113
0 0.584245 0.407139 0.046441 0.072139
0 0.415390 0.557099 0.048411 0.076004
0 0.126790 0.295698 0.041621 0.070294
0 0.428380 0.297077 0.044324 0.067572
0 0.441349 0.454874 0.046513 0.073881
0 0.907851 0.787644 0.051572 0.084156
0 0.191823 0.652639 0.044607 0.073338
0 0.029095 0.235444 0.053300 0.080439
0 0.319561 0.094766 0.049254 0.072550
0 0.289140 0.027585 0.052021 0.055113
0 0.413975 0.080036 0.047387 0.069522
0 0.467267 0.342513 0.049030 0.071999
0 0.588619 0.162725 0.042184 0.072743
0 0.402965 0.155235 0.048147 0.071815
0 0.586876 0.490401 0.052741 0.078559
0 0.526821 0.171486 0.045601 0.072384
0 0.431357 0.220559 0.046983 0.073712
0 0.230699 0.342026 0.049586 0.078958
0 0.028645 0.046279 0.046263 0.075182
0 0.698079 0.167962 0.041321 0.070881
0 0.286108 0.691314 0.049109 0.080413
0 0.338868 0.542244 0.049490 0.079001
0 0.227126 0.518853 0.048587 0.077165
0 0.556398 0.345341 0.046416 0.071727
0 0.244557 0.199612 0.046457 0.073953
0 0.160104 0.550563 0.051360 0.078680
0 0.853929 0.299606 0.048613 0.070947
0 0.095459 0.074932 0.044649 0.077877
0 0.196320 0.159526 0.048867 0.075086
0 0.260085 0.087783 0.050379 0.079494
0 0.301714 0.237385 0.047939 0.072785
0 0.054991 0.312768 0.051547 0.083092
0 0.743763 0.163465 0.042349 0.074979
0 0.637925 0.161894 0.045625 0.074315
0 0.361456 0.344756 0.050010 0.074035
0 0.165321 0.240692 0.055943 0.075071
0 0.620517 0.277406 0.049119 0.080081
0 0.302643 0.320162 0.058146 0.079606
0 0.128475 0.409790 0.054677 0.090280
0 0.546255 0.263961 0.048324 0.080634
0 0.691681 0.274199 0.047306 0.072259
0 0.749309 0.248396 0.049022 0.075279
0 0.372900 0.266296 0.052260 0.079107
1 0.256287 0.839690 0.045233 0.077473
1 0.732405 0.463051 0.046013 0.060787
1 0.804544 0.367104 0.045233 0.064362
2 0.143594 0.173421 0.019497 0.027414
2 0.151003 0.018474 0.028076 0.036949
2 0.447748 0.139452 0.022617 0.035757
2 0.673914 0.120977 0.024176 0.034565
2 0.325306 0.365912 0.024176 0.038141
2 0.264476 0.532181 0.016378 0.025030
2 0.275394 0.550060 0.022617 0.034565
2 0.148663 0.469607 0.020277 0.030989
2 0.245758 0.784863 0.022617 0.034565
2 0.304250 0.755066 0.019497 0.027414
2 0.335055 0.904052 0.017157 0.027414
2 0.546403 0.778903 0.018717 0.029797
2 0.689511 0.718117 0.019497 0.029797
2 0.696530 0.696067 0.025736 0.040524
2 0.888381 0.899881 0.024176 0.033373
2 0.970269 0.672229 0.025736 0.047676
2 0.682102 0.550060 0.017157 0.032181
3 0.958034 0.138260 0.083933 0.157330