0 0.002499 0.530898 0.004962 0.059981
0 0.651501 0.293885 0.048986 0.067566
0 0.493706 0.994465 0.031201 0.009010
0 0.410568 0.993651 0.033145 0.010491
0 0.701943 0.004323 0.035419 0.008645
0 0.004647 0.156283 0.009294 0.050311
0 0.527813 0.275843 0.046902 0.072909
0 0.505597 0.250138 0.047639 0.070693
0 0.069040 0.991296 0.040785 0.014670
0 0.819950 0.990641 0.037089 0.015746
0 0.271733 0.989766 0.037596 0.017697
0 0.968246 0.007520 0.037652 0.015041
0 0.993586 0.249716 0.011119 0.064843
0 0.635072 0.007889 0.040368 0.015778
0 0.252525 0.810757 0.042707 0.068583
0 0.454578 0.901538 0.042305 0.067781
0 0.223577 0.831082 0.049370 0.065562
0 0.698309 0.989153 0.039446 0.018869
0 0.867767 0.985990 0.034791 0.024914
0 0.420208 0.374386 0.040910 0.068849
0 0.639817 0.737068 0.047172 0.073308
0 0.990831 0.608368 0.016451 0.067307
0 0.625077 0.937564 0.045575 0.071026
0 0.072719 0.626927 0.044003 0.078388
0 0.585649 0.942429 0.048684 0.075735
0 0.644773 0.986208 0.050051 0.024564
0 0.618610 0.776827 0.047939 0.073683
0 0.431204 0.316091 0.046603 0.070423
0 0.024362 0.610434 0.048279 0.065444
0 0.453554 0.962987 0.048406 0.068643
0 0.055319 0.562738 0.046667 0.068880
0 0.012834 0.887035 0.025668 0.072675
0 0.785150 0.234736 0.041786 0.074788
0 0.914986 0.983196 0.050475 0.030415
0 0.345917 0.336236 0.043706 0.074181
0 0.824916 0.222703 0.046286 0.089122
0 0.986995 0.412387 0.023980 0.071304
0 0.223322 0.016938 0.046744 0.033855
0 0.013232 0.382787 0.026408 0.069764
0 0.313871 0.251562 0.045603 0.074632
0 0.579551 0.209522 0.043364 0.073819
0 0.597679 0.473289 0.048985 0.073300
0 0.017354 0.448754 0.034650 0.060863
0 0.177802 0.976623 0.047244 0.043684
0 0.317047 0.104526 0.060311 0.099044
0 0.019132 0.024891 0.038146 0.049764
0 0.334734 0.395771 0.045767 0.074657
0 0.545028 0.190495 0.046906 0.081374
0 0.556916 0.703434 0.041689 0.070992
0 0.038807 0.102623 0.066491 0.083479
0 0.523557 0.748222 0.044497 0.070249
0 0.619864 0.862449 0.052262 0.062614
0 0.280375 0.297632 0.051597 0.076569
0 0.381242 0.967737 0.043199 0.061289
0 0.465565 0.832834 0.047895 0.073221
0 0.384575 0.899123 0.055524 0.062582
0 0.152263 0.830577 0.045765 0.067428
0 0.665272 0.694526 0.049295 0.076939
0 0.025293 0.961633 0.049931 0.073382
0 0.841700 0.947364 0.047307 0.068445
0 0.020819 0.230218 0.041639 0.069780
0 0.553068 0.448697 0.051610 0.083590
0 0.535602 0.969217 0.049984 0.058333
0 0.651514 0.609223 0.050399 0.075028
0 0.607423 0.574885 0.053487 0.085502
0 0.767895 0.964822 0.049936 0.067232
0 0.182413 0.783207 0.046455 0.070187
0 0.741279 0.902823 0.047536 0.064184
0 0.831844 0.816336 0.044982 0.060295
0 0.689245 0.893403 0.045113 0.070106
0 0.123455 0.127514 0.047141 0.079484
0 0.109830 0.594044 0.043728 0.075214
0 0.207641 0.521584 0.053951 0.071315
0 0.544243 0.822660 0.048120 0.074011
0 0.978443 0.058451 0.040947 0.066394
0 0.496266 0.178742 0.044427 0.072165
0 0.859047 0.878526 0.046714 0.076930
0 0.570006 0.630036 0.050249 0.069671
0 0.256747 0.894603 0.045712 0.069781
0 0.070719 0.810611 0.047942 0.075593
0 0.348496 0.033482 0.047413 0.066937
0 0.223389 0.956970 0.046820 0.073802
0 0.979040 0.848880 0.039872 0.077252
0 0.931381 0.037178 0.049092 0.073981
0 0.061918 0.883593 0.044169 0.067429
0 0.902384 0.908318 0.042527 0.075084
0 0.409594 0.029378 0.046236 0.058623
0 0.541737 0.032049 0.054923 0.064097
0 0.393705 0.144295 0.045118 0.067476
0 0.796947 0.035507 0.049141 0.070951
0 0.178900 0.888479 0.047126 0.074294
0 0.694518 0.346004 0.044922 0.072827
0 0.394310 0.829932 0.055123 0.069492
0 0.943958 0.941526 0.043702 0.069681
0 0.227498 0.746846 0.047633 0.078319
0 0.488215 0.023131 0.046844 0.046261
0 0.119747 0.951017 0.046660 0.066771
0 0.470050 0.390617 0.048288 0.075511
0 0.976518 0.528831 0.044338 0.068548
0 0.376203 0.753727 0.053925 0.074357
0 0.977369 0.765197 0.042998 0.070152
0 0.339630 0.598242 0.048246 0.069439
0 0.694875 0.249701 0.042738 0.068931
0 0.384361 0.302253 0.042317 0.083321
0 0.786886 0.316303 0.050241 0.075174
0 0.757357 0.430100 0.046815 0.074091
0 0.087456 0.512431 0.050314 0.066371
0 0.322123 0.848218 0.046556 0.076882
0 0.974756 0.675366 0.046621 0.073893
0 0.433925 0.472913 0.046581 0.068504
0 0.489453 0.641425 0.049185 0.072173
0 0.590992 0.284034 0.051963 0.068862
0 0.338099 0.518332 0.048343 0.074626
0 0.241888 0.571534 0.047544 0.075519
0 0.821178 0.736465 0.047349 0.070825
0 0.154999 0.616152 0.048460 0.068741
0 0.420433 0.638705 0.048904 0.074369
0 0.478987 0.103143 0.045605 0.071390
0 0.792647 0.666232 0.047423 0.073423
0 0.360009 0.212673 0.049835 0.074431
0 0.670229 0.110425 0.044593 0.083624
0 0.470464 0.526376 0.046125 0.071738
0 0.548681 0.545649 0.051464 0.075237
0 0.758663 0.822219 0.050810 0.075214
0 0.073111 0.356957 0.047123 0.079846
0 0.375943 0.468680 0.045407 0.072120
0 0.289506 0.432888 0.046658 0.071230
0 0.749820 0.147893 0.047194 0.073450
0 0.446707 0.709495 0.050688 0.072909
0 0.870674 0.064911 0.047353 0.065739
0 0.904877 0.517126 0.041955 0.066976
0 0.864817 0.439515 0.046933 0.080636
0 0.919167 0.216983 0.046672 0.074407
0 0.862492 0.142833 0.048499 0.076897
0 0.620530 0.131296 0.056327 0.090183
0 0.899125 0.339147 0.042514 0.072195
0 0.245241 0.371329 0.056514 0.064999
0 0.914255 0.819831 0.046107 0.075709
0 0.617357 0.049320 0.049933 0.064548
0 0.041046 0.304301 0.046031 0.075347
0 0.388823 0.582757 0.045120 0.072257
0 0.792689 0.489723 0.047696 0.074816
0 0.716123 0.664599 0.050702 0.084308
0 0.763828 0.590093 0.046041 0.070266
0 0.076223 0.438024 0.057291 0.068890
0 0.244050 0.469269 0.048433 0.079944
0 0.153036 0.320366 0.043350 0.065414
0 0.861453 0.622525 0.052359 0.080875
0 0.365673 0.670710 0.052139 0.081214
0 0.912055 0.591909 0.045164 0.070679
0 0.914127 0.671420 0.045559 0.074115
0 0.178908 0.211436 0.046719 0.076206
0 0.859661 0.288546 0.051671 0.085579
0 0.953189 0.282943 0.052978 0.071955
1 0.062876 0.194279 0.046793 0.064362
1 0.110449 0.205602 0.048353 0.060787
1 0.268765 0.206198 0.043673 0.061979
1 0.414213 0.212753 0.044453 0.070322
1 0.802204 0.113826 0.037434 0.070322
3 0.093292 0.060787 0.098265 0.121573
3 0.041187 0.713349 0.082373 0.182360
2 0.004532 0.777712 0.009064 0.027414
2 0.267595 0.713349 0.016378 0.029797
2 0.058587 0.235399 0.017937 0.027414
2 0.118638 0.345054 0.017937 0.034565
2 0.236010 0.244338 0.020277 0.030989
2 0.546793 0.334327 0.035095 0.058403
2 0.471534 0.212753 0.023396 0.034565
2 0.664555 0.178784 0.022617 0.033373
2 0.699650 0.127533 0.017937 0.026222
2 0.758141 0.023242 0.021057 0.036949
2 0.702769 0.473182 0.021057 0.033373
2 0.760091 0.529201 0.021837 0.028605
2 0.873953 0.684148 0.021837 0.033373