0 0.666380 0.991136 0.043205 0.015392
0 0.997337 0.218962 0.004525 0.046455
0 0.002708 0.918588 0.005416 0.058793
0 0.440664 0.994245 0.038896 0.009644
0 0.367563 0.007199 0.041200 0.014398
0 0.612232 0.009104 0.034823 0.018138
0 0.054289 0.006965 0.039256 0.013930
0 0.009017 0.237800 0.018033 0.077908
0 0.991361 0.851644 0.015598 0.073091
0 0.010636 0.660318 0.021273 0.068619
0 0.986943 0.558862 0.024081 0.068761
0 0.022777 0.966203 0.045554 0.064616
0 0.750148 0.975355 0.049722 0.046204
0 0.122571 0.397485 0.046806 0.067148
0 0.508293 0.917240 0.041983 0.066149
0 0.935812 0.978041 0.049632 0.040810
0 0.574310 0.846320 0.045277 0.078465
0 0.979204 0.036542 0.039902 0.072975
0 0.860747 0.077509 0.035623 0.054115
0 0.137593 0.964806 0.051029 0.067390
0 0.420117 0.840955 0.049442 0.067575
0 0.907708 0.756535 0.048681 0.080427
0 0.681843 0.950990 0.050989 0.076422
0 0.223837 0.020498 0.056261 0.040997
0 0.128853 0.275882 0.052488 0.079096
0 0.618236 0.880711 0.052329 0.080676
0 0.155786 0.483616 0.047179 0.070787
0 0.347293 0.473475 0.048149 0.072988
0 0.498380 0.749678 0.045330 0.071910
0 0.619536 0.801030 0.049617 0.072634
0 0.455398 0.903281 0.049428 0.081622
0 0.300482 0.849890 0.050960 0.071537
0 0.543803 0.786302 0.046417 0.083397
0 0.484325 0.498382 0.050877 0.067470
0 0.434942 0.677122 0.049884 0.072057
0 0.314675 0.535887 0.045743 0.072211
0 0.365334 0.310760 0.047246 0.075227
0 0.819334 0.019955 0.048466 0.039910
0 0.843305 0.492862 0.045912 0.063262
0 0.317208 0.635654 0.048829 0.072293
0 0.578590 0.035847 0.053041 0.071310
0 0.563139 0.315965 0.043234 0.075684
0 0.218667 0.879098 0.054789 0.082103
0 0.352256 0.797592 0.050575 0.081119
0 0.100282 0.029628 0.046171 0.059256
0 0.038808 0.699953 0.050948 0.077874
0 0.657541 0.025433 0.051006 0.050866
0 0.387198 0.531437 0.051365 0.072270
0 0.452932 0.599870 0.048616 0.074003
0 0.578358 0.525273 0.050731 0.078156
0 0.497350 0.571286 0.044776 0.069780
0 0.930662 0.896195 0.053231 0.074865
0 0.502777 0.421882 0.051555 0.078532
0 0.683813 0.864914 0.046171 0.074087
0 0.880864 0.026126 0.049424 0.052252
0 0.317587 0.714229 0.048186 0.072107
0 0.413648 0.760723 0.047106 0.076541
0 0.093678 0.702081 0.047653 0.075631
0 0.767788 0.777959 0.046614 0.070788
0 0.025311 0.568664 0.041986 0.072459
0 0.543661 0.602337 0.045896 0.070880
0 0.278380 0.447644 0.051016 0.070260
0 0.655732 0.747549 0.050041 0.073625
0 0.618578 0.471140 0.045908 0.072091
0 0.135580 0.644266 0.048759 0.079454
0 0.847909 0.568361 0.043908 0.078740
0 0.047045 0.235779 0.046365 0.075108
0 0.074421 0.618648 0.043096 0.082904
0 0.401811 0.260775 0.046255 0.071837
0 0.059300 0.818517 0.045204 0.082411
0 0.138939 0.066422 0.044336 0.070325
0 0.661372 0.406702 0.049606 0.072387
0 0.577887 0.681236 0.049719 0.076628
0 0.488518 0.061133 0.055010 0.071703
0 0.214747 0.249236 0.043934 0.065271
0 0.282420 0.057524 0.053334 0.082578
0 0.829228 0.429992 0.049515 0.069141
0 0.235760 0.310877 0.049582 0.074400
0 0.892609 0.607027 0.051195 0.071633
0 0.313908 0.251372 0.047152 0.071807
0 0.366621 0.681696 0.047522 0.076840
0 0.120964 0.534239 0.046109 0.071232
0 0.701254 0.591222 0.044426 0.072686
0 0.260067 0.374746 0.050019 0.068674
0 0.235758 0.591502 0.050031 0.081094
0 0.647098 0.588578 0.055223 0.073242
0 0.684840 0.668023 0.050121 0.078371
0 0.163054 0.736151 0.045368 0.083048
0 0.491171 0.673120 0.046813 0.070850
0 0.899177 0.536759 0.041541 0.057883
0 0.667709 0.171331 0.049113 0.070384
0 0.590371 0.235494 0.049238 0.078763
0 0.747418 0.033416 0.048507 0.066832
0 0.693122 0.339225 0.049220 0.074223
0 0.468562 0.284900 0.048012 0.072057
0 0.814666 0.744658 0.048427 0.073537
0 0.094307 0.331746 0.046664 0.073008
0 0.754164 0.184987 0.051639 0.072219
0 0.748180 0.405273 0.049616 0.072204
0 0.431845 0.484160 0.048124 0.080365
0 0.926027 0.700778 0.051423 0.081450
0 0.166557 0.380502 0.051299 0.082677
0 0.183779 0.575143 0.048513 0.084490
0 0.456968 0.123323 0.048714 0.069981
0 0.516381 0.342509 0.048544 0.073698
0 0.028750 0.053301 0.045283 0.082327
0 0.750108 0.327275 0.045321 0.068432
0 0.672346 0.090127 0.050126 0.074179
0 0.166851 0.235290 0.043614 0.079507
0 0.110909 0.165800 0.045614 0.075217
0 0.567837 0.403237 0.050912 0.078120
0 0.825493 0.206743 0.048786 0.071028
0 0.862210 0.707922 0.044310 0.087123
0 0.643521 0.242924 0.047026 0.076233
0 0.774253 0.661427 0.051068 0.071996
0 0.766216 0.538220 0.051565 0.077885
0 0.819479 0.283663 0.048665 0.073841
0 0.970907 0.310101 0.043680 0.071454
0 0.468825 0.202867 0.053804 0.076102
0 0.877979 0.393228 0.049033 0.077528
0 0.729919 0.250201 0.049649 0.077364
0 0.969728 0.664717 0.046256 0.082160
0 0.793826 0.080393 0.046187 0.072504
0 0.265176 0.222237 0.050213 0.078995
0 0.943945 0.825257 0.054926 0.078541
0 0.038470 0.330682 0.052778 0.080563
0 0.964528 0.503180 0.046538 0.076164
0 0.904337 0.454993 0.046641 0.072851
0 0.969764 0.403769 0.052622 0.081210
0 0.028884 0.162087 0.048012 0.072374
0 0.708272 0.509039 0.050389 0.074125
0 0.918821 0.164772 0.049182 0.066254
0 0.551149 0.122793 0.051435 0.080628
0 0.358219 0.124134 0.052592 0.082620
0 0.947605 0.230622 0.049526 0.076778
0 0.899911 0.310535 0.054865 0.082722
1 0.373659 0.410608 0.052252 0.060787
2 0.068335 0.110250 0.032755 0.046484
2 0.078864 0.254470 0.019497 0.032181
2 0.124097 0.453516 0.021057 0.029797
2 0.169720 0.641836 0.020277 0.032181
2 0.206764 0.973778 0.017937 0.028605
2 0.972608 0.881406 0.022617 0.027414
2 0.854066 0.154946 0.019497 0.030989
2 0.735914 0.098331 0.018717 0.025030
2 0.423572 0.306913 0.027296 0.032181
2 0.939074 0.306317 0.013258 0.026222