0 0.388984 0.001853 0.033589 0.003672
0 0.161506 0.001620 0.038071 0.003211
0 0.997254 0.015737 0.005014 0.031475
0 0.791146 0.992860 0.033191 0.011657
0 0.605315 0.004560 0.027308 0.009119
0 0.337441 0.011282 0.038887 0.022498
0 0.747857 0.004573 0.032064 0.009147
0 0.248083 0.006184 0.036149 0.012368
0 0.924913 0.007627 0.032195 0.015253
0 0.850668 0.989595 0.041045 0.018016
0 0.609437 0.980077 0.045147 0.036580
0 0.242812 0.987260 0.045750 0.022234
0 0.012098 0.165204 0.024196 0.081111
0 0.305258 0.447367 0.051049 0.072811
0 0.577597 0.954804 0.049904 0.079620
0 0.986970 0.635934 0.024024 0.075465
0 0.312393 0.034671 0.055189 0.069341
0 0.794837 0.018897 0.043979 0.037791
0 0.941947 0.381179 0.048695 0.072683
0 0.015282 0.748727 0.030565 0.087792
0 0.356538 0.980729 0.048562 0.035215
0 0.985806 0.907098 0.026613 0.081540
0 0.043494 0.254285 0.048189 0.076629
0 0.019384 0.475149 0.038768 0.074287
0 0.329476 0.335518 0.043667 0.068679
0 0.332108 0.416075 0.049966 0.079632
0 0.041085 0.674410 0.042813 0.057460
0 0.486641 0.971887 0.048783 0.052922
0 0.226028 0.656870 0.045288 0.062125
0 0.968354 0.328789 0.046820 0.066048
0 0.539934 0.904736 0.048638 0.069743
0 0.328606 0.109667 0.043975 0.067092
0 0.022447 0.321980 0.044895 0.077901
0 0.376196 0.056424 0.040360 0.069705
0 0.978257 0.405945 0.041474 0.073262
0 0.212473 0.449231 0.048601 0.074571
0 0.312386 0.215122 0.045812 0.072240
0 0.446173 0.154679 0.043575 0.067476
0 0.171549 0.400437 0.049453 0.074720
0 0.027110 0.058985 0.043199 0.078251
0 0.086846 0.241448 0.046214 0.088456
0 0.633866 0.601204 0.043244 0.061178
0 0.021984 0.609679 0.043968 0.080780
0 0.030438 0.961407 0.045821 0.073723
0 0.581401 0.381127 0.042544 0.072910
0 0.404505 0.894697 0.048558 0.077174
0 0.522368 0.457522 0.043819 0.068682
0 0.409105 0.308550 0.040667 0.074995
0 0.886179 0.027742 0.048101 0.055468
0 0.119012 0.319336 0.042679 0.068652
0 0.360496 0.292357 0.048620 0.080100
0 0.379813 0.793017 0.045274 0.069767
0 0.281701 0.149040 0.043335 0.068921
0 0.235208 0.357520 0.050661 0.081680
0 0.098631 0.611005 0.043952 0.068985
0 0.142232 0.520157 0.042431 0.078746
0 0.439915 0.953770 0.045072 0.073699
0 0.178890 0.150020 0.047758 0.071078
0 0.093930 0.387850 0.049007 0.081337
0 0.333852 0.927605 0.049908 0.078083
0 0.811469 0.949096 0.049490 0.080004
0 0.057960 0.886850 0.049163 0.071052
0 0.595892 0.866846 0.044771 0.069983
0 0.448843 0.044113 0.042745 0.071093
0 0.979307 0.067831 0.039581 0.074956
0 0.776582 0.896138 0.044185 0.074861
0 0.186109 0.590845 0.048202 0.072606
0 0.545156 0.027124 0.048842 0.054151
0 0.640334 0.033282 0.046221 0.066563
0 0.174740 0.072382 0.047080 0.072449
0 0.269063 0.944782 0.047230 0.073038
0 0.760528 0.134996 0.039561 0.078954
0 0.568358 0.737834 0.040288 0.076887
0 0.977740 0.500095 0.041073 0.067940
0 0.837325 0.341466 0.045494 0.065372
0 0.841545 0.269303 0.041034 0.064195
0 0.450640 0.334292 0.040311 0.072959
0 0.118223 0.122926 0.048020 0.075804
0 0.252232 0.537826 0.052519 0.076964
0 0.868206 0.203204 0.039959 0.067416
0 0.177628 0.770893 0.050096 0.077211
0 0.645980 0.863914 0.046802 0.077178
0 0.790128 0.736024 0.049485 0.072978
0 0.338100 0.641361 0.051480 0.081802
0 0.886110 0.575567 0.044209 0.064479
0 0.045019 0.804819 0.049157 0.078381
0 0.279839 0.281805 0.048433 0.082155
0 0.503446 0.757925 0.057786 0.068714
0 0.053983 0.146672 0.052293 0.085623
0 0.831241 0.418512 0.049876 0.076326
0 0.734047 0.462946 0.044736 0.066628
0 0.462941 0.852057 0.046228 0.082354
0 0.332819 0.517001 0.051086 0.079856
0 0.940265 0.458703 0.047397 0.070885
0 0.230835 0.129980 0.047452 0.073439
0 0.305283 0.720617 0.051690 0.083245
0 0.090084 0.521773 0.050129 0.076847
0 0.530466 0.286558 0.044654 0.072834
0 0.102602 0.700802 0.046237 0.073770
0 0.724654 0.135794 0.049846 0.078719
0 0.127334 0.040776 0.049293 0.072055
0 0.296111 0.823204 0.052581 0.067358
0 0.180687 0.878452 0.053166 0.083951
0 0.224039 0.734910 0.051587 0.078045
0 0.082357 0.956049 0.050197 0.078956
0 0.498571 0.389645 0.047783 0.078584
0 0.849745 0.887716 0.052570 0.083411
0 0.379521 0.555453 0.047011 0.073006
0 0.625208 0.405109 0.042937 0.071128
0 0.865172 0.807224 0.049469 0.073960
0 0.447714 0.563639 0.042212 0.076445
0 0.832861 0.044014 0.047111 0.074327
0 0.844481 0.516976 0.047374 0.072421
0 0.725409 0.225567 0.047088 0.070948
0 0.784607 0.455680 0.046689 0.074765
0 0.967079 0.573294 0.045086 0.071291
0 0.133579 0.928135 0.051934 0.083424
0 0.661633 0.785630 0.048193 0.076118
0 0.850311 0.711835 0.042519 0.073966
0 0.497687 0.161047 0.047745 0.083213
0 0.761641 0.810943 0.048923 0.073793
0 0.420257 0.666580 0.047963 0.072997
0 0.542280 0.824266 0.050176 0.075553
0 0.474053 0.675607 0.050295 0.072163
0 0.885235 0.466410 0.046385 0.075625
0 0.233852 0.841942 0.050281 0.078594
0 0.649087 0.120336 0.050847 0.080765
0 0.653883 0.671475 0.046971 0.076388
0 0.502210 0.532864 0.045570 0.077832
0 0.430183 0.770737 0.050837 0.076742
0 0.586338 0.461870 0.048820 0.076733
0 0.895478 0.146651 0.048799 0.082626
0 0.724650 0.339083 0.049854 0.076527
0 0.938221 0.852926 0.046717 0.075974
0 0.769422 0.662995 0.048745 0.078111
0 0.760225 0.280552 0.049706 0.070194
0 0.627247 0.201089 0.049029 0.079908
0 0.578186 0.614814 0.047126 0.074781
0 0.580283 0.301723 0.048803 0.072013
0 0.927732 0.075836 0.049564 0.078291
0 0.712862 0.625616 0.048881 0.078289
0 0.810619 0.210328 0.048531 0.083792
0 0.536461 0.668351 0.049145 0.079689
0 0.616319 0.527910 0.047350 0.073296
0 0.958388 0.775178 0.049996 0.076148
0 0.901020 0.304796 0.049439 0.081782
0 0.909875 0.733117 0.047529 0.076437
0 0.636382 0.302739 0.052862 0.089358
1 0.607234 0.751490 0.032755 0.098927
1 0.716807 0.713349 0.046013 0.084625
2 0.114348 0.194875 0.020277 0.025030
2 0.087442 0.454112 0.025736 0.035757
2 0.131506 0.814064 0.020277 0.028605
2 0.406804 0.098927 0.024956 0.038141
2 0.531585 0.234803 0.024956 0.035757
2 0.452817 0.510131 0.018717 0.030989
2 0.491031 0.626341 0.023396 0.032181
2 0.558491 0.569130 0.027296 0.036949
2 0.703939 0.435638 0.020277 0.032181
2 0.798695 0.149583 0.028856 0.044100
2 0.734355 0.064362 0.017157 0.030989
2 0.953891 0.248510 0.022617 0.036949
1 0.977921 0.277712 0.044159 0.069130
3 0.375999 0.184148 0.092806 0.144219