0 0.227310 0.995828 0.032533 0.006810
0 0.996094 0.383500 0.006570 0.046861
0 0.092125 0.003791 0.027115 0.007583
0 0.623878 0.005303 0.032216 0.010537
0 0.668376 0.022869 0.045687 0.045545
0 0.004155 0.296783 0.008311 0.056697
0 0.995701 0.755975 0.007161 0.056720
0 0.226473 0.540881 0.044228 0.073885
0 0.144276 0.005175 0.035721 0.010348
0 0.306240 0.648727 0.050499 0.063768
0 0.316320 0.596347 0.050569 0.068903
0 0.678768 0.274909 0.047402 0.069787
0 0.483413 0.219666 0.048383 0.077312
0 0.642109 0.263447 0.048203 0.075226
0 0.438200 0.220208 0.053262 0.067781
0 0.007839 0.552041 0.015665 0.053945
0 0.420892 0.416886 0.043615 0.078695
0 0.010179 0.623837 0.020357 0.072236
0 0.360112 0.526431 0.046129 0.071925
0 0.318219 0.521425 0.046157 0.067390
0 0.702363 0.988735 0.044879 0.019556
0 0.934781 0.987500 0.037631 0.022083
0 0.989881 0.475708 0.018393 0.079738
0 0.270351 0.576145 0.048780 0.075072
0 0.825190 0.981370 0.048000 0.034079
0 0.446174 0.371574 0.048350 0.078829
0 0.072617 0.983058 0.043731 0.030838
0 0.829073 0.867052 0.052462 0.073957
0 0.983102 0.035885 0.032073 0.070501
0 0.443174 0.915346 0.044622 0.068874
0 0.852739 0.931227 0.054111 0.074905
0 0.162447 0.611871 0.044531 0.075845
0 0.607087 0.976712 0.050251 0.043296
0 0.050664 0.017787 0.043679 0.035573
0 0.059531 0.654994 0.037964 0.064753
0 0.507815 0.025955 0.043257 0.051815
0 0.472959 0.969506 0.055420 0.057530
0 0.397321 0.884933 0.050699 0.076059
0 0.831110 0.518039 0.046268 0.080273
0 0.336766 0.820668 0.043393 0.076214
0 0.713865 0.465990 0.043369 0.065025
0 0.193017 0.672986 0.051065 0.072144
0 0.133270 0.676603 0.047041 0.067092
0 0.864981 0.026675 0.046907 0.053292
0 0.016125 0.452082 0.032248 0.083221
0 0.875708 0.486238 0.051659 0.076573
0 0.799862 0.441122 0.045186 0.068616
0 0.816935 0.793051 0.049688 0.072657
0 0.300706 0.756896 0.055532 0.088277
0 0.596651 0.075278 0.043106 0.072901
0 0.032982 0.719890 0.046278 0.064321
0 0.279016 0.966935 0.044980 0.062859
0 0.855492 0.747724 0.051673 0.087216
0 0.414814 0.152681 0.043356 0.064789
0 0.648328 0.184069 0.050399 0.064382
0 0.020883 0.115376 0.041766 0.072970
0 0.331097 0.922834 0.049087 0.075962
0 0.800555 0.195305 0.048144 0.061261
0 0.043543 0.575680 0.048620 0.071318
0 0.031074 0.938946 0.054094 0.069019
0 0.430704 0.725387 0.048239 0.068200
0 0.766258 0.085889 0.047900 0.067165
0 0.710512 0.399296 0.047474 0.071235
0 0.495725 0.566993 0.044744 0.076557
0 0.264316 0.847723 0.044513 0.069153
0 0.173533 0.946209 0.049501 0.075437
0 0.635583 0.918578 0.051685 0.087408
0 0.105699 0.838985 0.043266 0.080244
0 0.290405 0.032325 0.046212 0.064643
0 0.567955 0.887001 0.050639 0.080447
0 0.774913 0.851829 0.044222 0.074307
0 0.661349 0.379580 0.044901 0.070373
0 0.450790 0.065372 0.045301 0.065373
0 0.213342 0.888106 0.047492 0.078197
0 0.027017 0.814199 0.045889 0.080676
0 0.133209 0.754438 0.050644 0.074305
0 0.459453 0.292709 0.050235 0.068157
0 0.086371 0.404619 0.041987 0.073515
0 0.646219 0.625652 0.051307 0.065504
0 0.119187 0.543600 0.045492 0.069891
0 0.408044 0.032297 0.049118 0.064594
0 0.493010 0.134906 0.049763 0.069410
0 0.743090 0.616446 0.049183 0.076437
0 0.800182 0.319761 0.046500 0.072456
0 0.440114 0.615030 0.048198 0.073316
0 0.061758 0.507057 0.046791 0.071630
0 0.676394 0.726481 0.046942 0.073749
0 0.637726 0.774742 0.048826 0.069221
0 0.885146 0.798256 0.047936 0.073545
0 0.405724 0.307586 0.049883 0.067931
0 0.387772 0.621848 0.047794 0.075153
0 0.738976 0.231128 0.046486 0.068410
0 0.711823 0.786097 0.047705 0.070911
0 0.727842 0.887450 0.045082 0.081577
0 0.900762 0.705000 0.050036 0.071189
0 0.487567 0.456606 0.051846 0.077436
0 0.430138 0.527683 0.049066 0.074732
0 0.539080 0.527638 0.050652 0.081921
0 0.428628 0.809083 0.052844 0.083106
0 0.509204 0.715492 0.050305 0.078673
0 0.723926 0.692944 0.049596 0.072540
0 0.379555 0.106540 0.046404 0.073769
0 0.941676 0.343648 0.044666 0.065919
0 0.096353 0.076386 0.048910 0.071291
0 0.763255 0.378984 0.046363 0.066621
0 0.577682 0.673522 0.049016 0.073041
0 0.819983 0.125023 0.048704 0.072180
0 0.697238 0.589737 0.044766 0.078396
0 0.596137 0.586468 0.047986 0.074222
0 0.896520 0.078881 0.046259 0.068178
0 0.852029 0.336008 0.046397 0.073248
0 0.211342 0.428726 0.048912 0.075192
0 0.208354 0.161412 0.045546 0.069615
0 0.872987 0.570916 0.061243 0.074844
0 0.849397 0.240396 0.051374 0.071101
0 0.153692 0.061201 0.042450 0.062997
0 0.510132 0.347171 0.049513 0.072221
0 0.251293 0.220800 0.049228 0.072502
0 0.898327 0.264955 0.043379 0.070645
0 0.254915 0.126778 0.046162 0.069569
0 0.564943 0.425269 0.048355 0.070244
0 0.780746 0.533368 0.045133 0.073229
0 0.974196 0.150286 0.040256 0.079111
0 0.582071 0.803219 0.050577 0.076548
0 0.227241 0.042325 0.042865 0.074018
0 0.655713 0.542988 0.051596 0.075072
0 0.579647 0.289552 0.055598 0.069666
0 0.158981 0.424105 0.043535 0.076443
0 0.907463 0.163096 0.046672 0.071627
0 0.326446 0.127269 0.049479 0.080695
0 0.170243 0.215470 0.051480 0.068065
0 0.135245 0.335419 0.049568 0.068033
0 0.052439 0.333336 0.049037 0.077276
0 0.351021 0.213804 0.051420 0.074972
0 0.218166 0.281709 0.045173 0.071534
0 0.126147 0.262931 0.053975 0.068644
0 0.236742 0.352810 0.049532 0.068729
0 0.041904 0.248739 0.052606 0.079164
0 0.299814 0.288205 0.047791 0.071035
0 0.941940 0.592504 0.054767 0.079798
0 0.958927 0.278251 0.053166 0.075372
1 0.244199 0.484505 0.053812 0.063170
1 0.376779 0.441597 0.042894 0.075089
1 0.570969 0.116210 0.055372 0.082241
1 0.647008 0.083433 0.040554 0.061979
1 0.675863 0.859952 0.040554 0.058403
1 0.820142 0.057211 0.053032 0.057211
2 0.220412 0.230632 0.020277 0.032181
2 0.195066 0.383790 0.028856 0.040524
2 0.182588 0.735399 0.021057 0.026222
2 0.292551 0.688319 0.014818 0.029797
2 0.275004 0.511919 0.014038 0.025030
2 0.292161 0.419547 0.026516 0.035757
2 0.345973 0.320620 0.015598 0.030989
2 0.340514 0.421335 0.015598 0.029797
2 0.404464 0.470799 0.021837 0.033373
2 0.499220 0.620381 0.016378 0.025030
2 0.468415 0.735995 0.020277 0.029797
2 0.638819 0.673421 0.017937 0.026222
2 0.674304 0.484505 0.015598 0.022646
2 0.760091 0.570322 0.021837 0.025030
2 0.705499 0.956496 0.017157 0.027414
2 0.868494 0.976758 0.014038 0.020262
1 0.895790 0.635876 0.056152 0.060787
2 0.958571 0.199642 0.021057 0.029797
2 0.771399 0.126937 0.019497 0.025030
2 0.487132 0.060191 0.018717 0.027414
2 0.531585 0.160906 0.020277 0.035757
2 0.267205 0.062574 0.018717 0.020262
2 0.297231 0.072110 0.013258 0.015495
3 0.728505 0.027414 0.095925 0.054827