0 0.701124 0.546950 0.039401 0.068506
0 0.732602 0.556627 0.040913 0.071211
0 0.622730 0.994746 0.026895 0.008794
0 0.734024 0.148117 0.042927 0.069421
0 0.785156 0.003949 0.023013 0.007835
0 0.997558 0.675553 0.004529 0.067884
0 0.709953 0.110216 0.051250 0.072134
0 0.770623 0.939474 0.045106 0.073346
0 0.993851 0.975609 0.010845 0.046186
0 0.756563 0.968490 0.044860 0.060089
0 0.506938 0.004568 0.032266 0.009135
0 0.994790 0.078451 0.009136 0.058313
0 0.997125 0.236787 0.005230 0.056806
0 0.005451 0.764468 0.010902 0.059073
0 0.996404 0.477619 0.006414 0.056196
0 0.816611 0.302869 0.053089 0.066424
0 0.313199 0.991963 0.032694 0.013343
0 0.004827 0.936516 0.009654 0.056271
0 0.812311 0.234565 0.049899 0.082434
0 0.936959 0.599998 0.045550 0.077750
0 0.915014 0.640411 0.045071 0.070171
0 0.007229 0.704627 0.014458 0.064121
0 0.645066 0.207958 0.048844 0.075285
0 0.863805 0.836991 0.047027 0.070365
0 0.612423 0.238491 0.048943 0.079575
0 0.006096 0.341308 0.012193 0.066836
0 0.352108 0.989688 0.037750 0.017825
0 0.037265 0.989692 0.037878 0.018050
0 0.249729 0.008562 0.042258 0.017117
0 0.710225 0.988152 0.042994 0.021003
0 0.902142 0.436982 0.048296 0.078055
0 0.874958 0.483207 0.043047 0.076477
0 0.816658 0.981835 0.044260 0.033495
0 0.406195 0.970551 0.044194 0.056172
0 0.973091 0.038698 0.049114 0.077284
0 0.919709 0.962298 0.048166 0.072839
0 0.894759 0.892757 0.050114 0.077395
0 0.827124 0.898710 0.049092 0.076473
0 0.952830 0.090991 0.052392 0.081132
0 0.650013 0.022815 0.051657 0.045631
0 0.267886 0.638388 0.046252 0.076881
0 0.843553 0.549049 0.044461 0.070287
0 0.870946 0.607955 0.043440 0.076681
0 0.985532 0.556562 0.027145 0.078618
0 0.387364 0.938871 0.046168 0.071881
0 0.663192 0.959524 0.049784 0.075936
0 0.254910 0.706327 0.050943 0.081157
0 0.641281 0.891103 0.045597 0.075285
0 0.933742 0.798850 0.045391 0.069602
0 0.734415 0.724948 0.045952 0.077913
0 0.019730 0.039141 0.039461 0.078281
0 0.959374 0.686260 0.047163 0.070409
0 0.301996 0.767758 0.045688 0.071636
0 0.371073 0.409564 0.041721 0.072359
0 0.692162 0.769880 0.047203 0.076182
0 0.149372 0.867572 0.046944 0.076549
0 0.168334 0.938399 0.047978 0.075405
0 0.691665 0.044771 0.044281 0.068351
0 0.656075 0.569831 0.045107 0.080319
0 0.984467 0.384220 0.029359 0.074497
0 0.711098 0.474112 0.043528 0.072135
0 0.333398 0.923457 0.045145 0.073273
0 0.813553 0.465495 0.047780 0.074894
0 0.838362 0.362854 0.046429 0.070006
0 0.024983 0.856744 0.045922 0.074963
0 0.536434 0.958003 0.046385 0.076241
0 0.080039 0.878158 0.047648 0.070752
0 0.022288 0.403449 0.044576 0.074929
0 0.067809 0.954144 0.045036 0.072720
0 0.221108 0.955308 0.050727 0.078834
0 0.426822 0.745413 0.047867 0.074149
0 0.119588 0.798635 0.052117 0.083240
0 0.253558 0.896949 0.046605 0.080995
0 0.115769 0.668821 0.047661 0.075668
0 0.557711 0.890104 0.045443 0.078817
0 0.109948 0.455139 0.045368 0.071222
0 0.073549 0.756779 0.044227 0.074902
0 0.302199 0.480347 0.046686 0.078332
0 0.291812 0.399323 0.044524 0.072666
0 0.333212 0.711826 0.045368 0.075644
0 0.396850 0.851011 0.045960 0.078101
0 0.021656 0.629316 0.043312 0.085241
0 0.092552 0.601327 0.047945 0.072654
0 0.097148 0.256235 0.041196 0.066525
0 0.306482 0.850921 0.046729 0.080874
0 0.472322 0.156969 0.047514 0.082582
0 0.300376 0.114147 0.045611 0.071136
0 0.716235 0.295715 0.048501 0.073291
0 0.478453 0.237530 0.046373 0.075386
0 0.869667 0.248660 0.039755 0.066447
0 0.772190 0.370686 0.041280 0.086179
0 0.088124 0.110736 0.044330 0.069998
0 0.287387 0.559169 0.046628 0.078373
0 0.091243 0.027177 0.050554 0.054353
0 0.110573 0.530050 0.045859 0.069125
0 0.868688 0.167548 0.040927 0.077005
0 0.047555 0.480213 0.046467 0.075630
0 0.156254 0.713580 0.045315 0.074573
0 0.294220 0.036253 0.048113 0.072411
0 0.348345 0.624947 0.047887 0.078793
0 0.383562 0.702679 0.048343 0.085975
0 0.513328 0.405863 0.043740 0.073815
0 0.444167 0.817251 0.049378 0.074884
0 0.259444 0.168055 0.044467 0.072942
0 0.087208 0.187047 0.046130 0.067815
0 0.213164 0.216297 0.047715 0.075864
0 0.187927 0.142530 0.048580 0.076582
0 0.426098 0.276745 0.043675 0.077681
0 0.570194 0.795255 0.042098 0.072845
0 0.567311 0.606423 0.044413 0.072877
0 0.228034 0.066213 0.050710 0.078039
0 0.801580 0.059161 0.042220 0.067676
0 0.719580 0.393522 0.055381 0.079278
0 0.580909 0.694722 0.049255 0.076646
0 0.182659 0.501993 0.050388 0.080414
0 0.253946 0.306298 0.046919 0.075903
0 0.957329 0.200659 0.047377 0.074647
0 0.349729 0.526441 0.049239 0.080364
0 0.480465 0.072987 0.048132 0.075812
0 0.614051 0.387894 0.045714 0.077044
0 0.402690 0.471031 0.049685 0.079052
0 0.282730 0.241954 0.046981 0.074356
0 0.414271 0.362145 0.052625 0.083514
0 0.602022 0.070878 0.048575 0.077983
0 0.152557 0.405034 0.049276 0.078447
0 0.895087 0.336878 0.044898 0.070219
0 0.159024 0.321601 0.047324 0.069814
0 0.967471 0.302847 0.051336 0.084340
0 0.668350 0.330453 0.045437 0.079532
0 0.637643 0.486728 0.056773 0.086695
0 0.404901 0.057946 0.049237 0.078794
0 0.352679 0.206243 0.048796 0.079336
0 0.481151 0.484977 0.050311 0.081930
0 0.537896 0.240601 0.045444 0.075469
0 0.540140 0.489670 0.055159 0.081640
1 0.323357 0.353993 0.046793 0.078665
1 0.829500 0.819428 0.032755 0.079857
2 0.343634 0.066150 0.018717 0.029797
2 0.331156 0.045888 0.015598 0.022646
2 0.756971 0.206198 0.017157 0.028605
2 0.750732 0.235995 0.017157 0.026222
2 0.744103 0.064362 0.014818 0.026222
2 0.609573 0.293802 0.018717 0.029797
2 0.370540 0.268772 0.021057 0.032181
2 0.312828 0.295590 0.024176 0.033373
2 0.215733 0.591776 0.023396 0.034565
2 0.034800 0.965435 0.018717 0.028605
2 0.294891 0.907032 0.019497 0.028605
2 0.591246 0.894517 0.021057 0.032181
2 0.902809 0.803933 0.015598 0.029797
2 0.844708 0.971990 0.024176 0.041716
2 0.964030 0.549464 0.021057 0.033373
2 0.969099 0.634088 0.017157 0.033373
2 0.950772 0.412992 0.017937 0.029797
2 0.797915 0.568534 0.016378 0.028605
3 0.768279 0.830751 0.109963 0.150179
3 0.957644 0.908224 0.084713 0.171633