0 0.674015 0.003811 0.022660 0.007500
0 0.003507 0.530229 0.006991 0.060211
0 0.001779 0.358638 0.003529 0.059460
0 0.994001 0.983297 0.010179 0.030463
0 0.084658 0.990865 0.037410 0.015475
0 0.994432 0.343045 0.010266 0.059953
0 0.210457 0.006477 0.040957 0.012954
0 0.989339 0.148672 0.020021 0.078471
0 0.926438 0.011145 0.043994 0.022289
0 0.989648 0.448515 0.019237 0.070511
0 0.082051 0.011656 0.047025 0.023311
0 0.136098 0.982522 0.049505 0.032122
0 0.581325 0.976177 0.050380 0.044443
0 0.877625 0.982037 0.045311 0.032988
0 0.230619 0.982019 0.044624 0.033250
0 0.425252 0.977558 0.048725 0.041573
0 0.012855 0.663460 0.025691 0.079791
0 0.690092 0.899149 0.047850 0.069293
0 0.025635 0.444162 0.048192 0.072594
0 0.338624 0.945987 0.041616 0.067778
0 0.019666 0.280703 0.039332 0.081254
0 0.017840 0.772418 0.035680 0.071783
0 0.718252 0.952598 0.052294 0.075904
0 0.380307 0.962604 0.041429 0.071307
0 0.487591 0.614960 0.045277 0.071823
0 0.653617 0.038050 0.048068 0.073452
0 0.032743 0.032017 0.050102 0.064033
0 0.625372 0.929921 0.046709 0.070263
0 0.314750 0.638972 0.044987 0.074332
0 0.331749 0.718409 0.044550 0.069162
0 0.125307 0.361316 0.049121 0.076074
0 0.426936 0.042397 0.060384 0.084711
0 0.777882 0.814578 0.051175 0.069154
0 0.552737 0.923637 0.047909 0.071895
0 0.310087 0.480419 0.050688 0.066950
0 0.055605 0.376616 0.051537 0.085334
0 0.672550 0.832249 0.048498 0.074045
0 0.058860 0.955925 0.049469 0.075021
0 0.107216 0.433849 0.049450 0.073043
0 0.575255 0.104445 0.049446 0.074230
0 0.552792 0.038431 0.045930 0.070922
0 0.775315 0.891349 0.049984 0.071444
0 0.803099 0.032310 0.049924 0.064621
0 0.457725 0.683769 0.051508 0.079278
0 0.409366 0.527380 0.045881 0.072247
0 0.370714 0.848656 0.045562 0.070941
0 0.257494 0.938124 0.046191 0.069134
0 0.357457 0.776575 0.044951 0.069910
0 0.605856 0.848434 0.050568 0.080766
0 0.112572 0.935871 0.049635 0.077433
0 0.452663 0.884373 0.050328 0.073984
0 0.648018 0.243847 0.045775 0.070412
0 0.169492 0.713609 0.043758 0.069526
0 0.645224 0.760800 0.050214 0.075646
0 0.728923 0.027506 0.051900 0.054975
0 0.832632 0.086424 0.051154 0.072420
0 0.106281 0.768952 0.046747 0.080080
0 0.157054 0.572005 0.045377 0.069817
0 0.245311 0.063247 0.045079 0.071734
0 0.946113 0.942370 0.050722 0.078783
0 0.193335 0.637614 0.048577 0.080593
0 0.906228 0.899038 0.048754 0.073649
0 0.655499 0.159166 0.049426 0.078094
0 0.519748 0.814092 0.048744 0.076159
0 0.468127 0.121107 0.049167 0.072754
0 0.568432 0.306745 0.046170 0.073881
0 0.712403 0.759467 0.049688 0.076601
0 0.160916 0.311657 0.045970 0.071369
0 0.361367 0.659548 0.045902 0.075756
0 0.308648 0.402755 0.048740 0.074289
0 0.687748 0.283422 0.048596 0.072215
0 0.305396 0.886272 0.056300 0.079643
0 0.294715 0.299080 0.042327 0.068778
0 0.581549 0.460285 0.053078 0.078333
0 0.971923 0.223178 0.048176 0.077676
0 0.351489 0.555320 0.042345 0.076994
0 0.054516 0.132270 0.046241 0.075743
0 0.633673 0.680879 0.045564 0.074793
0 0.752958 0.103597 0.045158 0.070235
0 0.081125 0.840341 0.052600 0.077872
0 0.244771 0.211960 0.047474 0.071858
0 0.384930 0.242615 0.050076 0.078077
0 0.880988 0.318046 0.047920 0.078536
0 0.837892 0.945316 0.052854 0.079495
0 0.574725 0.703952 0.050648 0.077455
0 0.817322 0.641575 0.044482 0.070428
0 0.216153 0.842335 0.045959 0.072410
0 0.704699 0.367213 0.047371 0.075384
0 0.797321 0.743933 0.049415 0.072308
0 0.727088 0.190015 0.051443 0.082949
0 0.406977 0.396660 0.053522 0.072320
0 0.871054 0.726771 0.047912 0.070053
0 0.453778 0.565404 0.048355 0.075625
0 0.247101 0.396568 0.050300 0.079931
0 0.961423 0.683957 0.050226 0.073008
0 0.792369 0.280602 0.048397 0.069843
0 0.299300 0.559070 0.050852 0.078229
0 0.180395 0.428081 0.046708 0.076999
0 0.162321 0.850290 0.049373 0.074872
0 0.282312 0.754124 0.047380 0.073924
0 0.494217 0.228858 0.050401 0.079220
0 0.250624 0.594476 0.050753 0.079984
0 0.868107 0.650614 0.048768 0.073318
0 0.649042 0.344565 0.049150 0.078095
0 0.648516 0.602769 0.048878 0.077093
0 0.406123 0.319555 0.050368 0.074900
0 0.837885 0.538972 0.048290 0.076413
0 0.220793 0.716973 0.049387 0.079987
0 0.245929 0.291042 0.047328 0.074180
0 0.352414 0.354327 0.045848 0.074867
0 0.132665 0.504414 0.054334 0.077104
0 0.413274 0.173679 0.052946 0.081988
0 0.743579 0.602378 0.052481 0.076963
0 0.601572 0.384683 0.052735 0.081120
0 0.507134 0.390596 0.059501 0.089258
0 0.085607 0.680461 0.047234 0.075564
0 0.933241 0.615850 0.049546 0.076729
0 0.781623 0.386920 0.050548 0.077578
0 0.293878 0.146376 0.060181 0.087858
0 0.206516 0.155728 0.052761 0.082801
0 0.890175 0.575250 0.046824 0.077919
0 0.839540 0.364065 0.051974 0.081398
0 0.778952 0.531661 0.055786 0.086385
0 0.470844 0.326073 0.053831 0.085026
0 0.147354 0.235944 0.056216 0.082128
0 0.888111 0.057360 0.055513 0.088179
0 0.926576 0.361528 0.050790 0.074073
0 0.904543 0.240694 0.051858 0.082541
0 0.081302 0.268461 0.059112 0.084846
0 0.910700 0.143140 0.056773 0.085509
1 0.406804 0.467819 0.043673 0.056019
1 0.781537 0.210965 0.052252 0.073897
2 0.283583 0.347437 0.017157 0.025030
2 0.094071 0.387962 0.017157 0.027414
2 0.053518 0.686532 0.020277 0.038141
2 0.234450 0.638856 0.017157 0.028605
2 0.340514 0.439213 0.021837 0.036949
2 0.649737 0.469011 0.021057 0.032181
2 0.827940 0.281883 0.021837 0.034565
2 0.816242 0.153754 0.020277 0.033373
2 0.981967 0.370679 0.019497 0.028605
2 0.682102 0.654350 0.017157 0.028605
2 0.717197 0.640644 0.017157 0.027414
2 0.712518 0.815256 0.018717 0.026222
2 0.993908 0.386770 0.012184 0.025030