0 0.524211 0.995179 0.032551 0.007938
0 0.133717 0.995422 0.038469 0.008071
0 0.006645 0.446008 0.013290 0.071760
0 0.530970 0.003613 0.032251 0.007226
0 0.002579 0.721045 0.005158 0.056938
0 0.412431 0.992651 0.033793 0.012186
0 0.004104 0.043136 0.008208 0.061356
0 0.003597 0.525248 0.007193 0.061238
0 0.997234 0.681864 0.004964 0.056132
0 0.894206 0.992198 0.036406 0.012771
0 0.993650 0.979818 0.010938 0.037361
0 0.112236 0.005532 0.034869 0.011063
0 0.677691 0.991059 0.040414 0.014735
0 0.048532 0.845561 0.048263 0.075062
0 0.024096 0.808529 0.048170 0.072499
0 0.826891 0.008776 0.038218 0.017551
0 0.174140 0.006568 0.039215 0.013136
0 0.993529 0.104649 0.011639 0.068683
0 0.009571 0.163409 0.019140 0.077314
0 0.993361 0.349646 0.011892 0.060840
0 0.337756 0.008001 0.036799 0.016001
0 0.124527 0.124389 0.043567 0.089403
0 0.991045 0.028556 0.016603 0.056928
0 0.785431 0.008853 0.038465 0.017705
0 0.422539 0.009332 0.043179 0.018660
0 0.025470 0.976939 0.050940 0.043014
0 0.844388 0.985904 0.042101 0.024964
0 0.116604 0.947603 0.039672 0.061840
0 0.265232 0.545134 0.051897 0.060996
0 0.098306 0.875236 0.048686 0.084561
0 0.068348 0.948573 0.049283 0.073906
0 0.028885 0.738717 0.044316 0.064849
0 0.899956 0.050914 0.049233 0.087714
0 0.022129 0.092060 0.044258 0.078803
0 0.978406 0.285681 0.042184 0.075541
0 0.805185 0.236371 0.048843 0.073786
0 0.981164 0.600383 0.036137 0.078753
0 0.466829 0.042635 0.050083 0.079448
0 0.855854 0.040604 0.050706 0.080805
0 0.215744 0.560242 0.056224 0.077804
0 0.327754 0.972815 0.047195 0.051064
0 0.018003 0.632148 0.036007 0.078778
0 0.033796 0.021060 0.045926 0.042120
0 0.249073 0.612564 0.052432 0.071967
0 0.057095 0.683911 0.044592 0.074240
0 0.365659 0.618578 0.047265 0.075370
0 0.068020 0.110873 0.048098 0.080111
0 0.085248 0.036778 0.052583 0.072755
0 0.506079 0.039118 0.046810 0.073917
0 0.680317 0.927007 0.057640 0.071661
0 0.726107 0.969569 0.050761 0.057422
0 0.976580 0.208147 0.045865 0.076586
0 0.694925 0.564085 0.044180 0.065289
0 0.976044 0.923689 0.046079 0.080019
0 0.379542 0.018367 0.039006 0.036735
0 0.932764 0.962417 0.050969 0.071862
0 0.612122 0.964315 0.056356 0.067803
0 0.260947 0.066230 0.044547 0.084624
0 0.980500 0.513861 0.037722 0.084303
0 0.095122 0.641532 0.045602 0.072502
0 0.528852 0.887269 0.049004 0.071046
0 0.145243 0.812204 0.046522 0.069915
0 0.694665 0.863582 0.049467 0.067414
0 0.431344 0.884968 0.049348 0.070608
0 0.177681 0.870277 0.047707 0.073284
0 0.218222 0.025387 0.045707 0.050774
0 0.835683 0.188275 0.049628 0.076374
0 0.305354 0.091010 0.043356 0.066276
0 0.942417 0.070568 0.050887 0.084887
0 0.484761 0.494966 0.044490 0.070788
0 0.977115 0.806526 0.044426 0.064877
0 0.818621 0.818719 0.046555 0.068786
0 0.297831 0.025231 0.040822 0.050462
0 0.394748 0.951228 0.053749 0.075633
0 0.066657 0.203164 0.050214 0.078122
0 0.675564 0.634871 0.051822 0.078150
0 0.161185 0.047851 0.049316 0.071031
0 0.027132 0.265463 0.044121 0.071715
0 0.270729 0.964819 0.048762 0.066959
0 0.604440 0.891594 0.049339 0.075034
0 0.333605 0.873881 0.043605 0.078101
0 0.553840 0.961086 0.054152 0.074224
0 0.366859 0.779440 0.050693 0.081264
0 0.283066 0.159748 0.053663 0.075652
0 0.828958 0.685762 0.048878 0.084598
0 0.530435 0.634705 0.053699 0.079171
0 0.122710 0.503491 0.046465 0.068617
0 0.778018 0.674404 0.048485 0.076757
0 0.229108 0.133534 0.051759 0.079551
0 0.380156 0.879595 0.045242 0.071892
0 0.777057 0.485220 0.053706 0.079886
0 0.892492 0.898649 0.052459 0.073791
0 0.809902 0.952374 0.049558 0.079368
0 0.630147 0.597354 0.044354 0.073855
0 0.138978 0.433995 0.048626 0.077470
0 0.963617 0.137893 0.051084 0.065676
0 0.411386 0.666809 0.051668 0.076062
0 0.680579 0.077577 0.052992 0.078127
0 0.631453 0.031846 0.047220 0.063692
0 0.575307 0.475957 0.050571 0.071680
0 0.558582 0.765046 0.056856 0.076545
0 0.763432 0.916050 0.047282 0.079245
0 0.869917 0.804432 0.055910 0.066434
0 0.429488 0.807835 0.057552 0.073850
0 0.226964 0.901762 0.055314 0.077372
0 0.226109 0.478865 0.050180 0.077960
0 0.777944 0.087388 0.054073 0.084397
0 0.487287 0.816109 0.052620 0.079550
0 0.177858 0.167799 0.053078 0.083406
0 0.290948 0.238798 0.049559 0.070250
0 0.317084 0.301503 0.050398 0.073025
0 0.731061 0.648351 0.049937 0.082553
0 0.414471 0.324803 0.050186 0.072974
0 0.579519 0.677023 0.053952 0.089382
0 0.566849 0.554093 0.048368 0.074903
0 0.729264 0.042751 0.053867 0.084487
0 0.473365 0.933512 0.051384 0.080969
0 0.363168 0.531154 0.050722 0.075071
0 0.501368 0.296215 0.053568 0.073724
0 0.347361 0.155371 0.052980 0.081143
0 0.457631 0.732494 0.050782 0.081891
0 0.744539 0.842603 0.053271 0.073440
0 0.351944 0.070126 0.047994 0.076686
0 0.935720 0.853157 0.051771 0.078835
0 0.854196 0.119932 0.049145 0.071656
0 0.277425 0.476172 0.045927 0.077370
0 0.293522 0.670461 0.051965 0.084165
0 0.827165 0.312557 0.043400 0.073377
0 0.959361 0.443469 0.047165 0.074063
0 0.653879 0.307012 0.051942 0.078911
0 0.486044 0.222334 0.051573 0.078584
0 0.155505 0.669240 0.052531 0.079847
0 0.127880 0.583279 0.050593 0.077679
0 0.480113 0.416528 0.052960 0.077941
0 0.058249 0.554092 0.050862 0.093514
0 0.508002 0.147956 0.054034 0.083161
0 0.039761 0.470080 0.048600 0.077119
0 0.472087 0.651872 0.051266 0.076084
0 0.510047 0.561345 0.056038 0.087656
0 0.553942 0.193099 0.046966 0.083023
0 0.410306 0.248416 0.050452 0.072866
0 0.698348 0.752245 0.049582 0.073812
0 0.718767 0.479269 0.050380 0.075272
0 0.566066 0.095710 0.056512 0.072851
0 0.286350 0.762204 0.054577 0.088993
0 0.571934 0.027663 0.050820 0.055326
0 0.742614 0.561835 0.045734 0.075380
0 0.230161 0.718820 0.047839 0.077161
0 0.941281 0.376814 0.061066 0.076734
0 0.777108 0.783831 0.048919 0.081208
0 0.631869 0.509427 0.048331 0.079010
0 0.744691 0.210564 0.050561 0.080918
0 0.074023 0.296788 0.047781 0.084398
0 0.814228 0.408085 0.051615 0.081425
0 0.225585 0.808202 0.051205 0.076447
0 0.438347 0.183739 0.052190 0.087672
0 0.327257 0.467503 0.049222 0.087267
0 0.581806 0.401010 0.051615 0.076576
0 0.163987 0.307497 0.048990 0.080792
0 0.259009 0.347934 0.046904 0.078845
0 0.628360 0.763198 0.047182 0.076467
0 0.047603 0.390350 0.045813 0.074265
0 0.528896 0.381172 0.051119 0.079722
0 0.745368 0.403122 0.050286 0.081029
0 0.871950 0.246074 0.049736 0.075619
0 0.817748 0.578347 0.054758 0.084115
0 0.357461 0.243592 0.053462 0.080622
0 0.889145 0.324428 0.048063 0.078140
0 0.178232 0.747933 0.054298 0.080229
0 0.237568 0.262686 0.046968 0.076014
0 0.873761 0.713940 0.048141 0.081558
0 0.751169 0.300350 0.054895 0.087870
0 0.607395 0.263860 0.048399 0.077756
0 0.098394 0.395104 0.048786 0.085821
0 0.928860 0.248226 0.049457 0.081906
0 0.401502 0.455484 0.049434 0.079814
0 0.941942 0.696884 0.049697 0.075750
0 0.911371 0.499859 0.048973 0.072939
0 0.855583 0.513206 0.056967 0.084887
1 0.324916 0.587008 0.032755 0.072706
1 0.439559 0.557807 0.057711 0.066746
2 0.695750 0.309893 0.024176 0.033373
2 0.707839 0.340882 0.023396 0.033373
2 0.896180 0.104887 0.019497 0.026222
2 0.951162 0.314064 0.018717 0.036949
2 0.968319 0.333135 0.020277 0.029797
2 0.893450 0.753278 0.020277 0.028605
2 0.014523 0.924911 0.024956 0.040524
2 0.334665 0.342074 0.021057 0.033373
1 0.942193 0.778308 0.046013 0.069130
1 0.115128 0.178784 0.059271 0.059595
0 0.639159 0.381568 0.057301 0.064220
1 0.641069 0.432861 0.048024 0.048374