0 0.905467 0.883624 0.050764 0.069732
0 0.003253 0.170710 0.006506 0.058824
0 0.941784 0.004288 0.033295 0.008577
0 0.004638 0.439606 0.009275 0.066293
0 0.992907 0.895624 0.012543 0.059956
0 0.826920 0.989298 0.041224 0.018366
0 0.569795 0.989853 0.041852 0.017669
0 0.990069 0.222773 0.018039 0.067051
0 0.013366 0.069701 0.026665 0.070358
0 0.685615 0.013412 0.044984 0.026744
0 0.399204 0.985863 0.045372 0.025203
0 0.103280 0.274283 0.044112 0.070224
0 0.221213 0.986736 0.047643 0.023648
0 0.033920 0.255923 0.050212 0.067534
0 0.044183 0.985560 0.051403 0.025794
0 0.033166 0.029306 0.046697 0.058612
0 0.031350 0.181660 0.046980 0.073099
0 0.987560 0.647286 0.023003 0.071296
0 0.746675 0.981845 0.047847 0.033137
0 0.129236 0.421283 0.045554 0.072552
0 0.984182 0.729188 0.029724 0.077677
0 0.212246 0.666290 0.038119 0.068906
0 0.869536 0.972781 0.047828 0.051287
0 0.279318 0.976862 0.048424 0.043045
0 0.121459 0.030603 0.044141 0.061207
0 0.798084 0.023386 0.049423 0.046761
0 0.020625 0.885792 0.041250 0.074301
0 0.729839 0.031165 0.043651 0.062265
0 0.924625 0.675424 0.038028 0.057970
0 0.205793 0.555129 0.057505 0.069884
0 0.234115 0.592148 0.046660 0.079822
0 0.021795 0.798335 0.043591 0.073713
0 0.946301 0.961745 0.048901 0.072564
0 0.124942 0.332051 0.046446 0.080629
0 0.260283 0.920532 0.051560 0.072822
0 0.959490 0.878666 0.047643 0.080925
0 0.674211 0.968291 0.046727 0.060130
0 0.320748 0.673858 0.045826 0.065639
0 0.720028 0.744230 0.047620 0.068449
0 0.646578 0.788057 0.044554 0.071478
0 0.674725 0.707933 0.045416 0.076851
0 0.173036 0.801653 0.037062 0.084160
0 0.813684 0.942474 0.046409 0.066889
0 0.976693 0.529648 0.042198 0.069760
0 0.418537 0.941269 0.050930 0.071113
0 0.469003 0.957882 0.043592 0.070971
0 0.517981 0.739624 0.046756 0.076941
0 0.423628 0.795400 0.053396 0.069716
0 0.766620 0.247925 0.047854 0.079270
0 0.187943 0.894208 0.049606 0.082847
0 0.577914 0.768787 0.046331 0.067442
0 0.764251 0.804011 0.046318 0.073528
0 0.698310 0.855827 0.044727 0.070365
0 0.629116 0.859284 0.046020 0.069294
0 0.248947 0.708882 0.048588 0.070055
0 0.354406 0.024235 0.048160 0.048462
0 0.183623 0.441583 0.059323 0.091838
0 0.745339 0.677486 0.048691 0.077055
0 0.842224 0.644384 0.048867 0.079065
0 0.631362 0.667755 0.049929 0.076451
0 0.726503 0.508837 0.051700 0.079153
0 0.090101 0.463272 0.049079 0.079475
0 0.555156 0.180665 0.043892 0.070287
0 0.754493 0.922440 0.043466 0.073625
0 0.229730 0.483129 0.051572 0.083791
0 0.171770 0.707971 0.046336 0.069709
0 0.153581 0.955970 0.053424 0.075183
0 0.811226 0.283933 0.049016 0.078932
0 0.776449 0.168251 0.046611 0.078635
0 0.528103 0.335512 0.047496 0.074231
0 0.096580 0.940197 0.051271 0.084489
0 0.084434 0.851219 0.046589 0.073503
0 0.678008 0.587614 0.046845 0.075097
0 0.452545 0.719276 0.044019 0.078802
0 0.830323 0.411752 0.048251 0.075917
0 0.609469 0.932091 0.051770 0.078586
0 0.360147 0.859917 0.052923 0.082574
0 0.685418 0.468381 0.052402 0.080330
0 0.546264 0.671075 0.052835 0.076699
0 0.533402 0.912235 0.054847 0.088717
0 0.534943 0.818852 0.054327 0.079756
0 0.279043 0.617319 0.045391 0.082613
0 0.512004 0.132337 0.048680 0.076358
0 0.852651 0.480582 0.047347 0.077803
0 0.832787 0.063788 0.052066 0.083417
0 0.250205 0.414292 0.046078 0.071705
0 0.657748 0.192767 0.046132 0.073464
0 0.230561 0.047427 0.048266 0.074416
0 0.144084 0.602249 0.047540 0.075244
0 0.603068 0.044895 0.050571 0.081754
0 0.251606 0.792358 0.056271 0.081947
0 0.602203 0.545114 0.057656 0.069537
0 0.793956 0.542455 0.049584 0.079011
0 0.354169 0.157079 0.047298 0.073643
0 0.260596 0.110341 0.047147 0.076739
0 0.292116 0.471694 0.048917 0.076488
0 0.563343 0.257396 0.047478 0.074056
0 0.868658 0.568398 0.049539 0.084717
0 0.512398 0.413279 0.048025 0.078997
0 0.388328 0.076180 0.053603 0.081170
0 0.667088 0.320544 0.046352 0.073319
0 0.045496 0.648276 0.054981 0.085417
0 0.035202 0.481920 0.050757 0.076718
0 0.121287 0.734749 0.051792 0.077404
0 0.468798 0.531599 0.044757 0.080621
0 0.762903 0.087282 0.048455 0.075422
0 0.100249 0.544614 0.050404 0.076988
0 0.422008 0.152590 0.048874 0.080878
0 0.388920 0.297218 0.048973 0.075480
0 0.881838 0.098492 0.050372 0.079795
0 0.931381 0.186197 0.047721 0.078441
0 0.171540 0.355081 0.050440 0.069109
0 0.182780 0.197324 0.049418 0.071111
0 0.514616 0.500121 0.049945 0.077939
0 0.400249 0.222328 0.052944 0.074408
0 0.712352 0.248222 0.048082 0.078112
0 0.441712 0.306402 0.051815 0.094279
0 0.652570 0.106344 0.049389 0.077081
0 0.468756 0.242628 0.049723 0.080402
0 0.938549 0.415563 0.047827 0.072874
0 0.401671 0.716038 0.050847 0.083393
0 0.310349 0.073399 0.054553 0.079294
0 0.932457 0.497615 0.049444 0.077485
0 0.960073 0.604827 0.049630 0.073220
0 0.563491 0.415477 0.051016 0.080358
0 0.977483 0.064183 0.043024 0.077061
0 0.705414 0.371481 0.052652 0.086097
0 0.941511 0.314064 0.044131 0.070081
0 0.299685 0.391035 0.049713 0.076923
0 0.250693 0.221687 0.048337 0.074601
0 0.179062 0.276752 0.045267 0.071390
0 0.184346 0.120694 0.053573 0.072982
0 0.376996 0.599244 0.053758 0.087898
0 0.931544 0.080987 0.043526 0.089996
0 0.900621 0.364922 0.050064 0.095396
0 0.426975 0.568470 0.053008 0.083578
0 0.867448 0.240236 0.060027 0.083438
0 0.336046 0.515111 0.051367 0.088760
0 0.298636 0.283376 0.050133 0.084973
1 0.294891 0.859952 0.035095 0.087008
1 0.815852 0.786055 0.049133 0.056019
1 0.606064 0.620381 0.058491 0.072706
1 0.600995 0.471395 0.049912 0.075089
1 0.886042 0.166865 0.055372 0.057211
3 0.078474 0.123957 0.092026 0.154946
3 0.932835 0.783075 0.095925 0.150179
1 0.323357 0.914779 0.056152 0.072706
1 0.415773 0.872467 0.049133 0.061979
2 0.067165 0.016687 0.016378 0.028605
2 0.022712 0.122765 0.016378 0.026222
2 0.052738 0.402861 0.017157 0.028605
1 0.071845 0.251490 0.038214 0.092968
2 0.204425 0.385578 0.016378 0.027414
2 0.280463 0.345054 0.018717 0.034565
2 0.375219 0.666865 0.025736 0.036949
2 0.308929 0.957688 0.022617 0.032181
2 0.628681 0.457092 0.022617 0.034565
2 0.595925 0.182360 0.021057 0.030989
2 0.810393 0.159118 0.017937 0.032181
2 0.737084 0.616210 0.021057 0.033373