0 0.166542 0.001809 0.034479 0.003549
0 0.002708 0.636084 0.005416 0.044125
0 0.510749 0.994361 0.033154 0.009235
0 0.996862 0.899172 0.005221 0.049342
0 0.003766 0.129243 0.007533 0.056220
0 0.007210 0.984882 0.014419 0.027503
0 0.117359 0.989746 0.026721 0.017746
0 0.808006 0.005270 0.041468 0.010540
0 0.993166 0.018989 0.012194 0.037978
0 0.010417 0.260101 0.020678 0.073520
0 0.992803 0.171841 0.012633 0.064549
0 0.555708 0.009067 0.043739 0.018103
0 0.270344 0.010494 0.046191 0.020988
0 0.620764 0.013347 0.054097 0.026656
0 0.423441 0.986869 0.048751 0.023014
0 0.303812 0.983163 0.042634 0.030520
0 0.460155 0.011878 0.044887 0.023749
0 0.017001 0.698372 0.033974 0.077519
0 0.078318 0.975440 0.053793 0.045920
0 0.203706 0.726510 0.045738 0.071939
0 0.017544 0.875915 0.035087 0.077729
0 0.160490 0.555032 0.049142 0.065095
0 0.870462 0.014576 0.045337 0.029129
0 0.978215 0.952170 0.041574 0.070422
0 0.018735 0.576755 0.037470 0.074671
0 0.108079 0.897038 0.046676 0.066778
0 0.435643 0.828450 0.044372 0.076684
0 0.410328 0.766211 0.055439 0.071695
0 0.319412 0.017639 0.040625 0.035278
0 0.145002 0.622978 0.049008 0.071113
0 0.369342 0.976589 0.051116 0.043496
0 0.536311 0.792295 0.046270 0.066263
0 0.374145 0.303408 0.041915 0.059660
0 0.613730 0.812955 0.041603 0.058999
0 0.016216 0.055413 0.032418 0.076199
0 0.239928 0.764765 0.052237 0.094612
0 0.930264 0.932143 0.047056 0.073087
0 0.612633 0.881952 0.052131 0.071192
0 0.504251 0.925903 0.045048 0.073609
0 0.791486 0.938151 0.050801 0.076917
0 0.306817 0.610186 0.045235 0.069734
0 0.272826 0.935498 0.049269 0.062279
0 0.101893 0.669413 0.045095 0.074796
0 0.599415 0.951339 0.053318 0.068787
0 0.170684 0.496441 0.051085 0.067325
0 0.559981 0.852197 0.050609 0.081287
0 0.048943 0.644948 0.050199 0.072217
0 0.514462 0.631666 0.051983 0.075606
0 0.586357 0.661284 0.038081 0.089635
0 0.172050 0.684537 0.053184 0.079678
0 0.304872 0.436150 0.046704 0.073000
0 0.218112 0.586795 0.043735 0.063871
0 0.739819 0.884067 0.053003 0.076444
0 0.532406 0.715513 0.048500 0.070131
0 0.672559 0.472169 0.049617 0.068462
0 0.064258 0.019679 0.046756 0.039359
0 0.977758 0.585775 0.042230 0.073933
0 0.556369 0.572280 0.045475 0.068537
0 0.586759 0.442756 0.046449 0.074434
0 0.023608 0.414478 0.046872 0.074581
0 0.791945 0.820294 0.049703 0.072709
0 0.421632 0.599986 0.044749 0.069005
0 0.047399 0.760687 0.050711 0.079875
0 0.699467 0.020626 0.047958 0.041253
0 0.673646 0.713046 0.048722 0.076147
0 0.160644 0.427143 0.054900 0.058881
0 0.426756 0.698172 0.048263 0.072879
0 0.815727 0.288910 0.047593 0.072564
0 0.619573 0.545978 0.051222 0.079107
0 0.334017 0.729845 0.047096 0.070837
0 0.349001 0.658880 0.046193 0.070965
0 0.181516 0.924578 0.053131 0.079222
0 0.083848 0.818594 0.048465 0.073694
0 0.367048 0.027389 0.048214 0.054778
0 0.897604 0.775544 0.047445 0.077763
0 0.776112 0.531717 0.046823 0.067155
0 0.084702 0.580836 0.048188 0.074169
0 0.259691 0.184815 0.047949 0.074417
0 0.141674 0.808964 0.043310 0.084183
0 0.481325 0.698025 0.049641 0.078545
0 0.291403 0.696288 0.043951 0.071829
0 0.799173 0.687989 0.047458 0.079669
0 0.658216 0.332290 0.046432 0.072692
0 0.930356 0.596319 0.045462 0.081590
0 0.876740 0.430376 0.046198 0.067844
0 0.919024 0.853510 0.049770 0.074756
0 0.221673 0.512217 0.043346 0.071144
0 0.146210 0.359879 0.050082 0.076237
0 0.972680 0.464810 0.046684 0.067304
0 0.342494 0.549792 0.050859 0.079059
0 0.891371 0.163571 0.040938 0.075838
0 0.744245 0.647367 0.052368 0.081619
0 0.262347 0.393885 0.051852 0.072696
0 0.438774 0.924705 0.051085 0.079986
0 0.091918 0.399371 0.050144 0.082626
0 0.851776 0.522087 0.045695 0.070932
0 0.318354 0.360254 0.046921 0.070010
0 0.389765 0.396358 0.048011 0.072211
0 0.696051 0.380142 0.050258 0.080854
0 0.381589 0.476807 0.054745 0.076417
0 0.026170 0.182875 0.051357 0.084216
0 0.260364 0.295015 0.046778 0.074968
0 0.084729 0.482356 0.054511 0.068900
0 0.843785 0.220192 0.046543 0.074344
0 0.654180 0.163165 0.046916 0.075124
0 0.550366 0.067500 0.043952 0.083836
0 0.468461 0.431509 0.045345 0.072214
0 0.320871 0.281970 0.045131 0.071250
0 0.751814 0.465675 0.049975 0.076211
0 0.824803 0.121427 0.044382 0.070232
0 0.408158 0.166417 0.045380 0.070603
0 0.494846 0.551140 0.046490 0.070125
0 0.684075 0.631479 0.050861 0.076624
0 0.883279 0.681697 0.046511 0.076715
0 0.182011 0.315933 0.043702 0.065859
0 0.789575 0.604578 0.054756 0.075160
0 0.223351 0.245060 0.044386 0.071638
0 0.936771 0.515704 0.052515 0.070569
0 0.767345 0.390754 0.048329 0.072950
0 0.818458 0.464403 0.049026 0.070542
0 0.614143 0.209729 0.053240 0.076041
0 0.064671 0.081258 0.051551 0.073002
0 0.416156 0.261702 0.046865 0.069021
0 0.753493 0.237208 0.054980 0.080910
0 0.431636 0.519404 0.056635 0.078743
0 0.754691 0.155949 0.048945 0.071286
0 0.504522 0.336294 0.047159 0.078216
0 0.972451 0.298570 0.052794 0.080469
0 0.084210 0.196982 0.055829 0.081726
0 0.407759 0.077448 0.050023 0.086819
0 0.682280 0.083659 0.050476 0.079086
0 0.623937 0.093570 0.048508 0.073800
0 0.577694 0.359206 0.056386 0.081838
0 0.615112 0.295870 0.051061 0.080610
0 0.500951 0.240573 0.048271 0.075390
0 0.896051 0.357418 0.051416 0.075203
0 0.355358 0.121680 0.051814 0.085086
0 0.084026 0.279878 0.051186 0.069724
0 0.124440 0.103227 0.050275 0.079410
0 0.885707 0.264262 0.045443 0.073414
0 0.460168 0.093412 0.048684 0.075155
0 0.172597 0.159739 0.053818 0.084226
0 0.448606 0.323343 0.049626 0.079166
0 0.188369 0.073968 0.048071 0.080186
0 0.802013 0.049785 0.053934 0.074432
0 0.945728 0.028931 0.055870 0.057861
0 0.551227 0.191785 0.051378 0.077095
0 0.360979 0.223898 0.057138 0.079778
0 0.936898 0.182641 0.048414 0.077378
0 0.897992 0.063744 0.054831 0.075555
0 0.240609 0.104255 0.052368 0.084753
0 0.139250 0.245443 0.054214 0.086963
1 0.746443 0.044696 0.049133 0.067938
2 0.173229 0.021454 0.016378 0.028605
2 0.192726 0.014303 0.024176 0.028605
2 0.113958 0.448749 0.021057 0.034565
2 0.204815 0.387366 0.020277 0.033373
2 0.202085 0.418951 0.019497 0.025030
2 0.396276 0.336710 0.016378 0.025030
2 0.222752 0.829559 0.032755 0.035757
2 0.225871 0.856377 0.024956 0.036949
2 0.244979 0.880810 0.017937 0.028605
2 0.269545 0.803933 0.023396 0.032181
2 0.079644 0.873659 0.019497 0.028605
2 0.093681 0.938617 0.021057 0.017878
1 0.593586 0.506555 0.047573 0.064362
2 0.622441 0.041716 0.021057 0.026222
2 0.734744 0.091180 0.021057 0.025030
2 0.881362 0.114422 0.017937 0.028605
2 0.963250 0.101907 0.017937 0.029797
2 0.717587 0.488081 0.017937 0.032181
2 0.910998 0.973182 0.013258 0.025030