0 0.997349 0.685197 0.004535 0.054798
0 0.674787 0.993863 0.031558 0.009991
0 0.003310 0.923219 0.006590 0.056827
0 0.504776 0.990993 0.039577 0.015107
0 0.817810 0.008326 0.035699 0.016651
0 0.241920 0.010510 0.037947 0.021002
0 0.007600 0.661231 0.015189 0.072272
0 0.404846 0.986264 0.041867 0.024271
0 0.989993 0.458929 0.018104 0.075149
0 0.986790 0.961212 0.024637 0.074212
0 0.010615 0.314507 0.021230 0.081794
0 0.012360 0.743680 0.024679 0.077885
0 0.011590 0.222768 0.023152 0.073340
0 0.451792 0.983145 0.042062 0.030354
0 0.012338 0.142581 0.024643 0.072065
0 0.841135 0.976831 0.049170 0.042897
0 0.107931 0.979022 0.053285 0.038558
0 0.197878 0.016053 0.040474 0.032107
0 0.278699 0.084795 0.046104 0.081254
0 0.242407 0.978471 0.050992 0.039663
0 0.337474 0.921626 0.044388 0.073473
0 0.983543 0.144756 0.031000 0.078361
0 0.946911 0.973937 0.053197 0.048705
0 0.387301 0.945489 0.052439 0.074497
0 0.019092 0.584039 0.038184 0.078648
0 0.403874 0.873805 0.047748 0.069857
0 0.038760 0.965538 0.047715 0.065637
0 0.274854 0.704675 0.045701 0.067473
0 0.423793 0.801615 0.049643 0.073152
0 0.800917 0.924412 0.042038 0.068275
0 0.023618 0.413251 0.047235 0.080293
0 0.545501 0.023489 0.049876 0.046884
0 0.182457 0.679016 0.044879 0.081119
0 0.246583 0.901214 0.047587 0.075470
0 0.059839 0.622652 0.043226 0.072747
0 0.215594 0.351653 0.046689 0.072331
0 0.581544 0.721271 0.051412 0.064274
0 0.061524 0.905417 0.052455 0.070939
0 0.299796 0.867844 0.048015 0.073011
0 0.454733 0.028544 0.047118 0.057037
0 0.387718 0.746559 0.043475 0.071626
0 0.901056 0.905947 0.044017 0.073153
0 0.025840 0.054046 0.050845 0.077950
0 0.699189 0.302112 0.045848 0.076099
0 0.420702 0.110109 0.044526 0.071209
0 0.559469 0.963947 0.050707 0.063730
0 0.223403 0.725314 0.046574 0.073207
0 0.674516 0.655290 0.046713 0.065944
0 0.760736 0.847549 0.045011 0.069849
0 0.713435 0.934799 0.046348 0.070894
0 0.454931 0.870402 0.047380 0.081161
0 0.504312 0.838292 0.049838 0.077140
0 0.064786 0.829025 0.048278 0.071190
0 0.175027 0.952621 0.053231 0.080613
0 0.503200 0.665939 0.050341 0.074060
0 0.678780 0.728938 0.045607 0.074449
0 0.655852 0.293099 0.048571 0.096479
0 0.682098 0.038444 0.053939 0.076876
0 0.121130 0.830829 0.049224 0.073732
0 0.170246 0.580065 0.051139 0.075725
0 0.880447 0.711032 0.051677 0.076012
0 0.416566 0.197931 0.051045 0.077023
0 0.733551 0.556999 0.053275 0.059884
0 0.231773 0.821595 0.048364 0.073649
0 0.306135 0.759319 0.048608 0.088618
0 0.601823 0.649140 0.053501 0.088470
0 0.654986 0.941396 0.049155 0.082594
0 0.610397 0.846872 0.045930 0.070110
0 0.799444 0.807446 0.045143 0.074929
0 0.603774 0.922602 0.053661 0.076176
0 0.130591 0.490527 0.046814 0.070748
0 0.967103 0.696499 0.045972 0.077419
0 0.127987 0.171371 0.046627 0.076241
0 0.108088 0.644707 0.047479 0.073404
0 0.795415 0.647205 0.049816 0.077926
0 0.501666 0.383536 0.050629 0.069257
0 0.913701 0.562077 0.045237 0.074965
0 0.727799 0.740401 0.044297 0.075579
0 0.064307 0.507749 0.050519 0.078506
0 0.393979 0.043634 0.052600 0.081317
0 0.544713 0.425519 0.045576 0.070824
0 0.453977 0.744111 0.048294 0.073921
0 0.256402 0.413628 0.050420 0.070830
0 0.891950 0.631120 0.047888 0.074123
0 0.777301 0.031259 0.051513 0.062518
0 0.713062 0.838299 0.045225 0.082065
0 0.513626 0.753842 0.052686 0.080950
0 0.590577 0.069764 0.047379 0.075735
0 0.665145 0.454470 0.047909 0.075710
0 0.859376 0.842147 0.049676 0.075844
0 0.043522 0.337693 0.046534 0.075417
0 0.500451 0.488829 0.051669 0.080403
0 0.428894 0.669549 0.050229 0.074931
0 0.663723 0.843815 0.049971 0.080717
0 0.927914 0.489385 0.044878 0.069381
0 0.615322 0.354617 0.046937 0.074443
0 0.627355 0.508736 0.050206 0.076028
0 0.641436 0.592048 0.050393 0.082216
0 0.721489 0.627933 0.046760 0.072426
0 0.824996 0.545950 0.048189 0.076935
0 0.558873 0.831941 0.048421 0.078290
0 0.736843 0.246594 0.048134 0.079431
0 0.508710 0.578326 0.052548 0.084239
0 0.306755 0.440228 0.044709 0.073590
0 0.086256 0.128343 0.054744 0.085041
0 0.784113 0.418507 0.045098 0.073821
0 0.860387 0.453710 0.046021 0.071436
0 0.364442 0.478637 0.048013 0.075003
0 0.797437 0.095919 0.055255 0.061969
0 0.260655 0.628357 0.050196 0.078638
0 0.112555 0.743461 0.048657 0.075599
0 0.337552 0.124637 0.044771 0.073039
0 0.408565 0.384379 0.047536 0.085496
0 0.367808 0.665136 0.054201 0.083899
0 0.281245 0.170495 0.047003 0.071468
0 0.207934 0.536742 0.051959 0.071959
0 0.094104 0.405155 0.044926 0.076993
0 0.470875 0.328040 0.052258 0.076890
0 0.188156 0.466985 0.051244 0.072595
0 0.744520 0.345177 0.046904 0.074166
0 0.423797 0.478470 0.048670 0.075677
0 0.415668 0.586303 0.059596 0.082623
0 0.315365 0.630752 0.048298 0.080988
0 0.583178 0.150446 0.052446 0.076601
0 0.961572 0.574625 0.046385 0.080903
0 0.324221 0.536405 0.050430 0.074584
0 0.974108 0.218696 0.045948 0.079027
0 0.330706 0.348290 0.048561 0.077088
0 0.170661 0.130125 0.045842 0.074598
0 0.776361 0.511640 0.048403 0.084533
0 0.147581 0.410380 0.053308 0.081009
0 0.177640 0.212057 0.046291 0.076812
0 0.330015 0.254033 0.044967 0.080446
0 0.708819 0.113534 0.051513 0.085254
0 0.263858 0.315032 0.056655 0.074655
0 0.799488 0.174305 0.048094 0.082236
0 0.587496 0.236240 0.054342 0.083411
0 0.172985 0.298502 0.048841 0.077845
0 0.942928 0.320277 0.047470 0.076820
0 0.829080 0.309336 0.051936 0.077273
0 0.874366 0.270302 0.048253 0.075845
0 0.878861 0.373916 0.051264 0.084756
0 0.926302 0.236708 0.045938 0.080842
1 0.563170 0.504172 0.044453 0.073897
1 0.895400 0.780095 0.039774 0.048868
1 0.271105 0.030393 0.048353 0.056019
2 0.098751 0.056019 0.012478 0.019070
2 0.078084 0.444577 0.017937 0.026222
2 0.404075 0.284267 0.016378 0.022646
2 0.418502 0.301549 0.021837 0.033373
2 0.236010 0.581049 0.017157 0.029797
2 0.151003 0.685936 0.010918 0.020262
2 0.160361 0.854589 0.014038 0.026222
2 0.230161 0.952324 0.016378 0.023838
2 0.321407 0.966031 0.017937 0.027414
2 0.351043 0.800954 0.017937 0.033373
2 0.589686 0.768176 0.017937 0.027414
2 0.626341 0.696663 0.017937 0.027414
2 0.680543 0.606675 0.014038 0.023838
2 0.682492 0.884386 0.016378 0.026222
2 0.684832 0.973182 0.016378 0.025030
2 0.755021 0.896901 0.022617 0.027414
2 0.777248 0.986889 0.018717 0.026222
2 0.972998 0.502384 0.018717 0.034565
2 0.987816 0.390942 0.020277 0.033373
2 0.792066 0.318832 0.015598 0.029797
2 0.893840 0.116210 0.019497 0.022646
2 0.627511 0.022646 0.018717 0.028605
2 0.825211 0.210965 0.019497 0.038141
1 0.846658 0.768176 0.043673 0.084625