0 0.849564 0.935738 0.044261 0.076820
0 0.002710 0.153878 0.005420 0.047862
0 0.811092 0.936803 0.040224 0.078821
0 0.996806 0.824850 0.005637 0.053247
0 0.956421 0.993525 0.030185 0.010743
0 0.913766 0.004166 0.032164 0.008333
0 0.995513 0.100174 0.007597 0.052188
0 0.996703 0.534257 0.006101 0.052884
0 0.995129 0.356119 0.008917 0.056723
0 0.014435 0.985648 0.028870 0.025844
0 0.425893 0.989594 0.040083 0.017757
0 0.271824 0.989604 0.040782 0.018016
0 0.489732 0.989438 0.040133 0.018273
0 0.072697 0.990006 0.044930 0.017151
0 0.894770 0.988354 0.041705 0.020365
0 0.623843 0.988621 0.039102 0.019762
0 0.723154 0.010990 0.043408 0.021957
0 0.204063 0.988423 0.044719 0.020263
0 0.980301 0.964098 0.037693 0.068216
0 0.989569 0.268993 0.019529 0.075129
0 0.012570 0.645309 0.025141 0.073026
0 0.298624 0.373818 0.050823 0.063191
0 0.826844 0.764750 0.046661 0.074897
0 0.881632 0.853297 0.044138 0.078555
0 0.070381 0.189829 0.049851 0.068659
0 0.821559 0.849648 0.046010 0.075342
0 0.377549 0.977702 0.050462 0.041133
0 0.770032 0.974140 0.047160 0.048627
0 0.962723 0.876491 0.043243 0.078716
0 0.903964 0.925905 0.048896 0.075279
0 0.643921 0.877809 0.041512 0.069439
0 0.101987 0.807025 0.045362 0.080593
0 0.835696 0.690503 0.045801 0.062137
0 0.094912 0.126366 0.051713 0.077343
0 0.020907 0.213238 0.041815 0.076773
0 0.022263 0.718692 0.044525 0.081955
0 0.713338 0.969489 0.053692 0.057865
0 0.305538 0.313888 0.054958 0.079615
0 0.539270 0.965371 0.047863 0.065977
0 0.302084 0.859325 0.050762 0.080505
0 0.427895 0.921007 0.049681 0.077875
0 0.615146 0.673381 0.047312 0.068924
0 0.042246 0.941231 0.048280 0.074107
0 0.888160 0.643267 0.046084 0.069848
0 0.685197 0.908200 0.051947 0.089899
0 0.829565 0.616856 0.045521 0.073267
0 0.979029 0.650993 0.040487 0.073079
0 0.272702 0.804251 0.048510 0.075933
0 0.575398 0.709357 0.043992 0.076518
0 0.284874 0.937080 0.050891 0.078428
0 0.124760 0.194310 0.046866 0.068860
0 0.504275 0.411566 0.044099 0.069253
0 0.050092 0.859181 0.051944 0.079364
0 0.735326 0.828155 0.047849 0.082360
0 0.532750 0.563653 0.048204 0.068381
0 0.067053 0.462190 0.048355 0.071424
0 0.881191 0.526784 0.047728 0.073393
0 0.493415 0.664599 0.048388 0.085032
0 0.478933 0.923444 0.052770 0.088997
0 0.684752 0.561973 0.048041 0.080603
0 0.723867 0.514082 0.043584 0.071079
0 0.044249 0.521160 0.050259 0.077348
0 0.618254 0.596637 0.050527 0.073901
0 0.815404 0.299930 0.044030 0.065135
0 0.227205 0.843315 0.047095 0.074815
0 0.098963 0.931391 0.055147 0.081154
0 0.582678 0.907439 0.045266 0.084680
0 0.363605 0.028675 0.049287 0.057351
0 0.157764 0.873279 0.045638 0.079292
0 0.101139 0.335026 0.046984 0.072306
0 0.039130 0.097095 0.044443 0.084468
0 0.064757 0.385155 0.050801 0.069641
0 0.487117 0.836302 0.046165 0.073256
0 0.744798 0.382811 0.045240 0.078538
0 0.619456 0.759449 0.047159 0.081907
0 0.528837 0.784654 0.046790 0.075639
0 0.223113 0.175717 0.047030 0.070946
0 0.950032 0.571877 0.045070 0.074238
0 0.415551 0.830148 0.048681 0.080628
0 0.068194 0.749607 0.051951 0.078589
0 0.736753 0.620989 0.052357 0.081660
0 0.776130 0.201993 0.048280 0.070980
0 0.604478 0.310032 0.043100 0.067089
0 0.228610 0.291236 0.042728 0.067983
0 0.701665 0.338755 0.048302 0.076792
0 0.314440 0.710767 0.046280 0.080698
0 0.506044 0.492726 0.051954 0.079575
0 0.262944 0.722678 0.047718 0.080872
0 0.441976 0.611710 0.046360 0.079830
0 0.370018 0.157244 0.045033 0.073299
0 0.362089 0.844951 0.051393 0.086274
0 0.664519 0.177977 0.052055 0.077269
0 0.581405 0.497978 0.047531 0.079734
0 0.868730 0.039184 0.053320 0.078191
0 0.921983 0.394788 0.045996 0.074069
0 0.957435 0.323426 0.043976 0.071990
0 0.812533 0.125306 0.049582 0.080190
0 0.691444 0.761688 0.054506 0.084663
0 0.145465 0.610888 0.047487 0.070141
0 0.352105 0.574692 0.048370 0.081609
0 0.886541 0.443839 0.048947 0.076855
0 0.438642 0.355519 0.055443 0.083159
0 0.273093 0.525786 0.046867 0.070183
0 0.469867 0.211813 0.047438 0.066318
0 0.471938 0.082957 0.047386 0.074279
0 0.132961 0.447589 0.051198 0.076206
0 0.517967 0.052641 0.053200 0.084016
0 0.168129 0.353796 0.049143 0.075667
0 0.693580 0.259016 0.055292 0.076600
0 0.290353 0.451793 0.046515 0.079933
0 0.341067 0.434116 0.049201 0.086115
0 0.392960 0.508123 0.052935 0.082116
0 0.471988 0.285720 0.056689 0.072734
0 0.178035 0.281667 0.047429 0.069909
0 0.712369 0.116866 0.052084 0.086508
0 0.068709 0.268572 0.052082 0.080475
0 0.205930 0.030261 0.049705 0.060522
0 0.548850 0.140188 0.048018 0.072956
0 0.077935 0.643324 0.050150 0.079175
0 0.522874 0.219993 0.046674 0.072786
0 0.421629 0.178854 0.049528 0.079240
0 0.763361 0.297991 0.051319 0.082829
0 0.101789 0.553804 0.047869 0.081185
0 0.857073 0.348557 0.051392 0.084975
0 0.227843 0.095691 0.051896 0.074385
0 0.220343 0.609106 0.046583 0.079938
0 0.940198 0.045516 0.051330 0.082605
0 0.319021 0.052570 0.045939 0.076767
0 0.961373 0.223911 0.052645 0.087503
0 0.273596 0.225770 0.051080 0.082667
0 0.388824 0.247776 0.051312 0.079651
1 0.121367 0.041120 0.048353 0.067938
1 0.174399 0.133492 0.038994 0.064362
1 0.343244 0.269964 0.039774 0.070322
3 0.932835 0.778308 0.099045 0.159714
2 0.122147 0.249106 0.018717 0.026222
2 0.272274 0.076877 0.021057 0.032181
2 0.125657 0.743147 0.019497 0.022646
2 0.018813 0.843266 0.019497 0.029797
2 0.137355 0.806317 0.021057 0.032181
2 0.219632 0.693087 0.020277 0.022646
2 0.349093 0.793206 0.018717 0.020262
2 0.358451 0.366508 0.014038 0.025030
2 0.219632 0.378427 0.023396 0.029797
2 0.372099 0.308105 0.027296 0.044100
2 0.391596 0.300358 0.013258 0.028605
2 0.599435 0.086412 0.017157 0.022646
2 0.563950 0.399881 0.014818 0.027414
2 0.816242 0.209774 0.021837 0.033373
2 0.858746 0.094160 0.017937 0.021454
2 0.976118 0.386770 0.024956 0.032181
2 0.922696 0.655542 0.017937 0.028605
2 0.762820 0.792014 0.021057 0.039333
2 0.767110 0.920739 0.017157 0.022646