0 0.060867 0.002424 0.041271 0.004847
0 0.002006 0.798476 0.004012 0.060248
0 0.996111 0.085463 0.006675 0.056392
0 0.995255 0.354312 0.007955 0.051231
0 0.520222 0.992359 0.035548 0.012487
0 0.004599 0.641159 0.009199 0.058860
0 0.006246 0.568576 0.012493 0.057968
0 0.006968 0.434027 0.013936 0.071631
0 0.990626 0.014318 0.017289 0.028592
0 0.118722 0.007232 0.041430 0.014463
0 0.095490 0.350984 0.044754 0.068563
0 0.303366 0.988339 0.043838 0.020240
0 0.081888 0.302534 0.043846 0.067191
0 0.164326 0.986896 0.043944 0.023104
0 0.467425 0.010164 0.041345 0.020279
0 0.334878 0.563230 0.046937 0.074365
0 0.987928 0.833948 0.022349 0.085370
0 0.195308 0.943699 0.052229 0.078591
0 0.988794 0.454741 0.020404 0.076629
0 0.960179 0.983206 0.049053 0.030442
0 0.023130 0.880488 0.046260 0.077467
0 0.212094 0.875815 0.050754 0.075939
0 0.351116 0.503364 0.049366 0.074604
0 0.100104 0.969207 0.047816 0.058355
0 0.889689 0.982087 0.043684 0.032562
0 0.065621 0.919490 0.042999 0.084613
0 0.984642 0.288264 0.028782 0.077379
0 0.238919 0.976545 0.052742 0.043818
0 0.765008 0.298626 0.049061 0.084507
0 0.979278 0.642131 0.039355 0.075592
0 0.813963 0.845969 0.042047 0.067821
0 0.364403 0.896002 0.046174 0.069407
0 0.222002 0.522652 0.048286 0.076537
0 0.112525 0.733979 0.045061 0.070617
0 0.302419 0.626990 0.045084 0.077426
0 0.234988 0.445467 0.045196 0.080225
0 0.449340 0.967388 0.053267 0.061801
0 0.253941 0.781160 0.047477 0.071795
0 0.315468 0.752333 0.047235 0.070523
0 0.741934 0.235720 0.050457 0.070122
0 0.389136 0.459447 0.042015 0.072127
0 0.396619 0.754423 0.044071 0.068046
0 0.328215 0.948970 0.050532 0.078733
0 0.017162 0.269220 0.034293 0.076342
0 0.755490 0.971715 0.049377 0.053372
0 0.591167 0.957761 0.048889 0.077333
0 0.066081 0.418538 0.050126 0.073339
0 0.794207 0.775818 0.049619 0.074858
0 0.486746 0.866139 0.049119 0.075017
0 0.426059 0.531271 0.038401 0.078051
0 0.270546 0.692009 0.047024 0.072073
0 0.579731 0.716784 0.045999 0.072128
0 0.409697 0.922528 0.044448 0.076578
0 0.624515 0.444691 0.044883 0.071430
0 0.649388 0.878725 0.045219 0.077201
0 0.527031 0.920609 0.051274 0.072497
0 0.108998 0.838417 0.055598 0.077776
0 0.117912 0.562214 0.046970 0.072222
0 0.364266 0.817233 0.048721 0.070714
0 0.266275 0.874632 0.048566 0.080625
0 0.035028 0.709162 0.049153 0.073668
0 0.345861 0.670067 0.050008 0.075994
0 0.431577 0.428673 0.046799 0.077659
0 0.291012 0.021301 0.045992 0.042603
0 0.875467 0.686985 0.048979 0.070424
0 0.655104 0.506945 0.040856 0.080916
0 0.872854 0.897193 0.050810 0.078973
0 0.017627 0.182076 0.035215 0.084841
0 0.829226 0.721993 0.049467 0.074937
0 0.493003 0.778876 0.050175 0.075508
0 0.685692 0.396669 0.048703 0.071701
0 0.562328 0.807254 0.053985 0.076237
0 0.568894 0.621052 0.045493 0.068985
0 0.678359 0.747080 0.049010 0.073581
0 0.807007 0.943335 0.046978 0.074439
0 0.094493 0.485025 0.046832 0.083049
0 0.613853 0.663969 0.047919 0.075261
0 0.445196 0.742951 0.043817 0.080957
0 0.455127 0.657142 0.050175 0.077058
0 0.334503 0.347826 0.047278 0.072431
0 0.930134 0.788906 0.048912 0.073394
0 0.273895 0.523941 0.046831 0.077381
0 0.070833 0.650104 0.047366 0.074880
0 0.754017 0.669063 0.051701 0.078256
0 0.177781 0.293730 0.048746 0.066359
0 0.216937 0.096749 0.042934 0.067739
0 0.759727 0.894459 0.055467 0.086168
0 0.616075 0.316794 0.046352 0.075965
0 0.586003 0.516906 0.046081 0.075363
0 0.536495 0.564273 0.043942 0.078967
0 0.726534 0.591883 0.045950 0.075191
0 0.027780 0.505152 0.053171 0.080305
0 0.145737 0.371005 0.048887 0.072768
0 0.173637 0.457447 0.050786 0.074629
0 0.587179 0.030085 0.049069 0.060157
0 0.692835 0.256375 0.046264 0.069665
0 0.486844 0.592050 0.049139 0.073477
0 0.454880 0.164591 0.044755 0.069845
0 0.411859 0.034238 0.050444 0.068436
0 0.870480 0.226704 0.041565 0.071642
0 0.477336 0.375974 0.051521 0.072406
0 0.399160 0.366073 0.051105 0.076288
0 0.829370 0.541438 0.046468 0.080757
0 0.408790 0.209102 0.046883 0.072819
0 0.876495 0.609473 0.047003 0.070678
0 0.741941 0.419560 0.053917 0.073535
0 0.157809 0.675968 0.055602 0.085874
0 0.266002 0.180187 0.049279 0.070007
0 0.493374 0.301021 0.049572 0.075247
0 0.624525 0.076409 0.046505 0.074809
0 0.779007 0.518663 0.053500 0.083511
0 0.466054 0.087726 0.047633 0.072505
0 0.911766 0.193390 0.044118 0.066684
0 0.087961 0.128190 0.046865 0.070501
0 0.035624 0.108565 0.051286 0.075490
0 0.116811 0.234299 0.047927 0.074666
0 0.439194 0.300991 0.049096 0.077260
0 0.806899 0.350671 0.052484 0.082219
0 0.831222 0.442908 0.050399 0.081599
0 0.581094 0.403016 0.052106 0.084779
0 0.487304 0.506866 0.050117 0.084181
0 0.825772 0.257946 0.046611 0.069964
0 0.949911 0.572437 0.042588 0.067667
0 0.225289 0.226671 0.045574 0.081464
0 0.202187 0.031141 0.050398 0.062281
0 0.378923 0.099503 0.050889 0.081836
0 0.556645 0.162932 0.047731 0.069330
0 0.881199 0.383105 0.049093 0.076991
0 0.236333 0.360428 0.050843 0.075551
0 0.571763 0.237453 0.053172 0.082967
0 0.896393 0.037499 0.053276 0.074998
0 0.847652 0.159766 0.050036 0.075432
0 0.624472 0.224503 0.048858 0.081075
0 0.293920 0.251452 0.055322 0.073807
0 0.266113 0.100566 0.046801 0.073596
0 0.525552 0.078664 0.047529 0.071372
0 0.712901 0.174225 0.043409 0.077474
0 0.940034 0.070970 0.046547 0.074565
0 0.912291 0.513243 0.049155 0.075082
0 0.359088 0.266394 0.051975 0.086588
0 0.928129 0.426376 0.057855 0.072282
0 0.131740 0.077940 0.054363 0.082675
0 0.919678 0.323450 0.050135 0.075588
0 0.722674 0.095672 0.045396 0.071581
0 0.662581 0.174006 0.049482 0.082209
0 0.899367 0.124642 0.053525 0.069583
0 0.676266 0.074813 0.048380 0.079264
0 0.959314 0.150989 0.048940 0.076040
0 0.950937 0.244281 0.051053 0.081340
1 0.168160 0.780691 0.034315 0.085816
1 0.874343 0.758641 0.055372 0.058403
1 0.954281 0.857569 0.045233 0.065554
1 0.984160 0.707390 0.031681 0.056019
2 0.061316 0.175209 0.035875 0.042908
2 0.117468 0.164482 0.024956 0.035757
2 0.200135 0.571514 0.023396 0.034565
2 0.468025 0.430870 0.025736 0.039333
2 0.375609 0.168057 0.018717 0.026222
2 0.648568 0.280691 0.023396 0.039333
2 0.669624 0.597139 0.020277 0.028605