0 0.997373 0.845348 0.004532 0.043212
0 0.992832 0.982202 0.012476 0.032450
0 0.534307 0.849648 0.052056 0.075934
0 0.994556 0.319439 0.009437 0.057953
0 0.735136 0.843803 0.048096 0.071640
0 0.557181 0.655267 0.048603 0.077708
0 0.782051 0.003651 0.027619 0.007303
0 0.273995 0.925106 0.054009 0.081422
0 0.835676 0.100180 0.047690 0.078197
0 0.991457 0.769642 0.015349 0.071161
0 0.328051 0.007177 0.039501 0.014354
0 0.976115 0.011621 0.042918 0.023241
0 0.016954 0.982360 0.033908 0.032257
0 0.027941 0.702990 0.045752 0.068437
0 0.438774 0.074351 0.045718 0.079725
0 0.163810 0.011663 0.044325 0.023327
0 0.902492 0.011350 0.043389 0.022701
0 0.089453 0.020393 0.048611 0.040787
0 0.016928 0.185761 0.033780 0.078520
0 0.434756 0.985563 0.048122 0.025680
0 0.921247 0.516751 0.053378 0.083600
0 0.828543 0.984053 0.051161 0.028612
0 0.123374 0.057725 0.052046 0.083676
0 0.059416 0.776034 0.047588 0.076893
0 0.013645 0.859614 0.027290 0.074544
0 0.916399 0.063058 0.046066 0.077595
0 0.588646 0.306682 0.044662 0.067587
0 0.736772 0.017561 0.046679 0.035123
0 0.822314 0.028284 0.050280 0.056568
0 0.418759 0.884375 0.045753 0.067065
0 0.585206 0.026677 0.047351 0.053245
0 0.372007 0.033162 0.048708 0.066323
0 0.061156 0.641836 0.045990 0.071936
0 0.021608 0.546533 0.043216 0.074694
0 0.145426 0.897774 0.047222 0.073059
0 0.635560 0.574409 0.052006 0.077519
0 0.093144 0.745760 0.046887 0.068189
0 0.233240 0.966580 0.053249 0.063479
0 0.231584 0.869091 0.048337 0.074781
0 0.986408 0.551386 0.025163 0.077660
0 0.885993 0.160217 0.048555 0.079804
0 0.606657 0.777235 0.049470 0.072520
0 0.137783 0.981014 0.048983 0.034720
0 0.477145 0.582038 0.043927 0.068693
0 0.187663 0.616955 0.049686 0.084869
0 0.966515 0.067924 0.046061 0.076221
0 0.218415 0.735101 0.048518 0.071783
0 0.893971 0.735467 0.053568 0.083510
0 0.639830 0.905975 0.046004 0.068982
0 0.216255 0.025053 0.053719 0.050106
0 0.370333 0.455812 0.050055 0.076591
0 0.438326 0.534647 0.050343 0.078312
0 0.578244 0.968394 0.051787 0.059808
0 0.018678 0.628122 0.037357 0.083343
0 0.809565 0.412634 0.048842 0.071426
0 0.713389 0.075410 0.052615 0.083637
0 0.627564 0.055073 0.049192 0.079165
0 0.331649 0.971083 0.049836 0.054448
0 0.102847 0.677383 0.054076 0.079176
0 0.879589 0.941968 0.044522 0.080812
0 0.643586 0.408501 0.045811 0.072355
0 0.654101 0.977562 0.048254 0.041576
0 0.921615 0.959490 0.043027 0.069447
0 0.772502 0.075844 0.048047 0.077507
0 0.225236 0.656559 0.051767 0.078681
0 0.298147 0.634153 0.061470 0.077945
0 0.598556 0.525745 0.046169 0.082058
0 0.298845 0.346410 0.050022 0.074790
0 0.717642 0.602521 0.046962 0.069731
0 0.601619 0.378805 0.052568 0.082213
0 0.668724 0.120316 0.049156 0.078672
0 0.211364 0.545492 0.052429 0.083331
0 0.324604 0.050148 0.053135 0.068156
0 0.091547 0.160118 0.050632 0.079628
0 0.112696 0.536561 0.050549 0.077288
0 0.267549 0.291866 0.047345 0.081502
0 0.732344 0.174223 0.046848 0.075725
0 0.181320 0.839761 0.053361 0.082643
0 0.266239 0.711342 0.048818 0.077452
0 0.170158 0.754736 0.051781 0.082288
0 0.833607 0.931122 0.043133 0.070340
0 0.302291 0.116662 0.052569 0.080699
0 0.481411 0.047807 0.047736 0.075713
0 0.161698 0.540286 0.043665 0.077897
0 0.599180 0.697973 0.052305 0.078541
0 0.090719 0.316691 0.048376 0.076069
0 0.166684 0.100518 0.049862 0.080304
0 0.533146 0.162011 0.049923 0.081329
0 0.726954 0.961556 0.050201 0.068793
0 0.945190 0.404519 0.053637 0.079501
0 0.195827 0.180582 0.048650 0.081832
0 0.623983 0.159704 0.048609 0.079387
0 0.687380 0.897900 0.042498 0.069090
0 0.025293 0.466168 0.050355 0.073475
0 0.578120 0.896438 0.049175 0.072090
0 0.394158 0.675925 0.048361 0.069241
0 0.106559 0.828934 0.052234 0.077527
0 0.136118 0.621037 0.049850 0.078374
0 0.245865 0.098135 0.050675 0.082885
0 0.512721 0.626119 0.045874 0.073929
0 0.530472 0.345714 0.048012 0.074003
0 0.140070 0.342970 0.051814 0.081806
0 0.307004 0.562339 0.054796 0.068994
0 0.355898 0.626876 0.047808 0.076135
0 0.309484 0.869557 0.049864 0.075934
0 0.514266 0.532644 0.043906 0.069457
0 0.487773 0.128539 0.051253 0.079272
0 0.170543 0.262178 0.051811 0.080199
0 0.458535 0.949086 0.054451 0.074354
0 0.219775 0.312958 0.047479 0.069806
0 0.736238 0.671984 0.049609 0.079588
0 0.681247 0.301631 0.048819 0.077987
0 0.799589 0.870071 0.052195 0.080181
0 0.981344 0.463607 0.035165 0.077835
0 0.040868 0.392984 0.050967 0.075681
0 0.472709 0.476286 0.050225 0.077173
0 0.067312 0.561470 0.045635 0.079089
0 0.034886 0.936683 0.052654 0.076402
0 0.320122 0.702532 0.052291 0.078197
0 0.735090 0.527667 0.052414 0.083494
0 0.567584 0.238334 0.051647 0.084760
0 0.679514 0.457143 0.053895 0.077973
0 0.325046 0.787997 0.052377 0.084846
0 0.837964 0.737159 0.051758 0.076184
0 0.336890 0.400031 0.051977 0.074189
0 0.797180 0.340188 0.049534 0.076146
0 0.759323 0.451860 0.052950 0.081267
0 0.350866 0.137397 0.044935 0.072923
0 0.956106 0.586230 0.047333 0.075260
0 0.683391 0.542335 0.048407 0.080732
0 0.567291 0.101389 0.053423 0.083541
0 0.844618 0.457262 0.053043 0.082501
0 0.980848 0.907386 0.036364 0.081023
0 0.386973 0.531435 0.044438 0.072073
0 0.135614 0.469611 0.054217 0.077167
0 0.223656 0.387458 0.045516 0.065889
0 0.781807 0.190864 0.049664 0.081266
0 0.643610 0.827290 0.050825 0.077028
0 0.782650 0.601083 0.053678 0.086166
0 0.566513 0.577961 0.043839 0.068775
0 0.631319 0.284054 0.046809 0.079175
0 0.927072 0.214096 0.050939 0.084922
0 0.472544 0.880605 0.051252 0.073022
0 0.252645 0.208107 0.048716 0.079250
0 0.726663 0.255899 0.048015 0.075201
0 0.771696 0.790189 0.049227 0.076660
0 0.455514 0.741627 0.044867 0.068924
0 0.428823 0.617847 0.050325 0.074053
0 0.405855 0.343716 0.052728 0.077105
0 0.538833 0.733758 0.051594 0.078605
0 0.474466 0.804611 0.050299 0.067465
0 0.925434 0.661924 0.051996 0.083800
0 0.300831 0.250081 0.047362 0.082123
0 0.848197 0.350138 0.045413 0.077221
0 0.172732 0.400166 0.050711 0.086933
0 0.339567 0.510460 0.047395 0.084548
0 0.956695 0.790281 0.053842 0.082496
0 0.948820 0.322334 0.049608 0.075168
0 0.523472 0.427092 0.049378 0.077584
0 0.444373 0.230300 0.052133 0.086468
0 0.890057 0.309344 0.049355 0.078326
0 0.406821 0.751080 0.052232 0.082415
0 0.464793 0.359124 0.054661 0.084557
1 0.221582 0.505364 0.052252 0.088200
4 0.267985 0.452920 0.095146 0.150179
2 0.952332 0.266389 0.025736 0.034565