0 0.997571 0.441256 0.004606 0.059024
0 0.002471 0.922166 0.004919 0.049781
0 0.843839 0.435026 0.046851 0.072408
0 0.928988 0.005534 0.037044 0.011069
0 0.994462 0.949783 0.009771 0.060397
0 0.455497 0.824120 0.049034 0.075466
0 0.814141 0.876146 0.051816 0.084464
0 0.526385 0.115294 0.048366 0.078837
0 0.214508 0.992199 0.032662 0.013034
0 0.295546 0.004705 0.030885 0.009411
0 0.006782 0.673862 0.013563 0.069505
0 0.455346 0.002951 0.034096 0.005901
0 0.801086 0.256580 0.051036 0.083648
0 0.829719 0.989747 0.040272 0.017620
0 0.306550 0.184502 0.058292 0.085401
0 0.540781 0.335465 0.046941 0.069844
0 0.879106 0.987235 0.041880 0.022531
0 0.154659 0.192756 0.049830 0.073249
0 0.069575 0.906437 0.048020 0.082893
0 0.805294 0.022244 0.050179 0.044488
0 0.370761 0.021671 0.050646 0.043342
0 0.515718 0.468690 0.054599 0.063496
0 0.496949 0.582207 0.042188 0.071402
0 0.559179 0.015162 0.049196 0.030325
0 0.768456 0.935569 0.052090 0.078486
0 0.622994 0.014404 0.048426 0.028807
0 0.874882 0.865189 0.046331 0.071751
0 0.256630 0.025205 0.046883 0.050370
0 0.607421 0.982858 0.044462 0.030896
0 0.647676 0.074698 0.052928 0.083053
0 0.986530 0.213723 0.025188 0.080154
0 0.141719 0.444617 0.043631 0.073341
0 0.039292 0.026225 0.049231 0.052426
0 0.019385 0.859518 0.038770 0.079818
0 0.688791 0.034508 0.055184 0.069015
0 0.505999 0.029279 0.046942 0.058503
0 0.475773 0.683690 0.049688 0.076516
0 0.771608 0.054084 0.046740 0.077080
0 0.231151 0.069520 0.047493 0.072957
0 0.157859 0.883558 0.050360 0.074677
0 0.052453 0.822560 0.043647 0.073465
0 0.215071 0.869314 0.042690 0.068943
0 0.534907 0.780429 0.054031 0.065291
0 0.044957 0.676207 0.043233 0.070240
0 0.825196 0.163895 0.045996 0.072994
0 0.850731 0.787712 0.047056 0.074172
0 0.197480 0.028184 0.050199 0.056366
0 0.013639 0.437350 0.027240 0.076423
0 0.815316 0.087342 0.047463 0.072362
0 0.326253 0.114288 0.052226 0.071930
0 0.784338 0.643178 0.046354 0.075413
0 0.349788 0.225674 0.050313 0.078119
0 0.490670 0.202776 0.045627 0.071302
0 0.106448 0.014200 0.051200 0.028401
0 0.643762 0.908258 0.044193 0.066205
0 0.241796 0.960691 0.046959 0.072945
0 0.018902 0.769839 0.037803 0.073837
0 0.404370 0.661032 0.043146 0.068450
0 0.063148 0.526192 0.046824 0.076772
0 0.465975 0.412050 0.044213 0.072609
0 0.655505 0.970818 0.049976 0.055176
0 0.338765 0.752309 0.045805 0.069046
0 0.357497 0.686641 0.048714 0.071212
0 0.277985 0.843388 0.046643 0.072159
0 0.779037 0.385479 0.047027 0.067193
0 0.722369 0.794246 0.055122 0.081522
0 0.680106 0.668390 0.046826 0.070505
0 0.431876 0.343729 0.052291 0.081987
0 0.952246 0.154304 0.049965 0.079175
0 0.273317 0.433217 0.046896 0.072839
0 0.247143 0.724477 0.049612 0.076648
0 0.852671 0.506062 0.042862 0.065564
0 0.015928 0.308111 0.031852 0.084483
0 0.022930 0.086095 0.045837 0.074501
0 0.108146 0.071770 0.049926 0.074182
0 0.217665 0.660922 0.053735 0.085872
0 0.427247 0.884458 0.045997 0.072907
0 0.096695 0.806614 0.044071 0.082386
0 0.295288 0.691603 0.049885 0.071863
0 0.916110 0.203043 0.050374 0.074461
0 0.895616 0.271877 0.046090 0.073031
0 0.765833 0.737751 0.044701 0.082011
0 0.634288 0.638287 0.043748 0.077239
0 0.909693 0.950877 0.048270 0.079201
0 0.144310 0.116120 0.047535 0.075347
0 0.334811 0.540132 0.053387 0.076784
0 0.911148 0.098492 0.049863 0.076712
0 0.891131 0.642707 0.044033 0.069361
0 0.186651 0.952762 0.048352 0.081933
0 0.478719 0.289974 0.044825 0.069923
0 0.766720 0.313537 0.048256 0.079077
0 0.748423 0.233736 0.050378 0.077370
0 0.588941 0.933913 0.050826 0.076348
0 0.255995 0.133781 0.054744 0.076384
0 0.490453 0.982626 0.048244 0.031397
0 0.687148 0.475051 0.047743 0.076972
0 0.870888 0.711225 0.049968 0.078839
0 0.167835 0.806348 0.050355 0.073802
0 0.469694 0.926380 0.045843 0.074063
0 0.058059 0.257133 0.052198 0.079356
0 0.913085 0.774283 0.046490 0.086395
0 0.103624 0.964607 0.052034 0.067549
0 0.552707 0.180212 0.043423 0.067760
0 0.869183 0.367118 0.049184 0.081503
0 0.656878 0.407367 0.048385 0.079614
0 0.292895 0.496112 0.045476 0.067573
0 0.231060 0.282685 0.048500 0.075932
0 0.329448 0.038039 0.047476 0.070776
0 0.021284 0.600902 0.042568 0.083259
0 0.239104 0.386561 0.048252 0.081666
0 0.926241 0.857135 0.048016 0.078667
0 0.322195 0.879804 0.050665 0.079971
0 0.146108 0.335033 0.045960 0.073020
0 0.535722 0.618620 0.045795 0.070438
0 0.475606 0.080262 0.050825 0.079113
0 0.928072 0.684966 0.045828 0.071578
0 0.620653 0.131169 0.049141 0.076182
0 0.068168 0.606460 0.046153 0.071732
0 0.071648 0.183923 0.048759 0.072075
0 0.715988 0.714571 0.051020 0.075749
0 0.094320 0.676227 0.049832 0.081341
0 0.537822 0.930052 0.043978 0.070970
0 0.187491 0.603657 0.049159 0.073946
0 0.749297 0.583814 0.050498 0.087383
0 0.106523 0.291375 0.043503 0.074355
0 0.393866 0.166446 0.050972 0.078733
0 0.896889 0.482247 0.045367 0.083159
0 0.536979 0.262516 0.047258 0.067142
0 0.428060 0.112151 0.045794 0.072271
0 0.190390 0.522616 0.053547 0.080317
0 0.610177 0.794307 0.046973 0.068740
0 0.554763 0.715176 0.052512 0.074972
0 0.975564 0.892512 0.046671 0.080924
0 0.187859 0.393840 0.045903 0.081492
0 0.523467 0.402753 0.053722 0.072779
0 0.758147 0.852210 0.051800 0.081412
0 0.626546 0.217114 0.047449 0.079344
0 0.674701 0.592207 0.049962 0.074466
0 0.591399 0.335730 0.046827 0.074616
0 0.086337 0.362780 0.051712 0.078565
0 0.393321 0.280288 0.056385 0.090925
0 0.387036 0.772757 0.047499 0.076613
0 0.540659 0.850011 0.048567 0.071352
0 0.595456 0.858722 0.051703 0.075627
0 0.529309 0.530798 0.049596 0.080301
0 0.431710 0.219351 0.050945 0.080464
0 0.448616 0.590551 0.048689 0.072621
0 0.961736 0.788005 0.047797 0.078523
0 0.773512 0.162638 0.049573 0.083168
0 0.361831 0.607625 0.049532 0.075118
0 0.139540 0.739298 0.046936 0.089421
0 0.101318 0.480547 0.048503 0.079253
0 0.177379 0.274541 0.048979 0.078004
0 0.641963 0.732293 0.049381 0.081440
0 0.376582 0.867468 0.051032 0.080400
0 0.307290 0.612164 0.051777 0.083720
0 0.795085 0.541246 0.051563 0.081050
0 0.714519 0.959913 0.048672 0.076436
0 0.586043 0.601481 0.048568 0.079121
0 0.395926 0.512865 0.051733 0.073118
0 0.939351 0.438930 0.052636 0.080914
0 0.278934 0.319324 0.048178 0.079452
0 0.230139 0.490428 0.046038 0.071410
0 0.891767 0.566248 0.046655 0.071995
0 0.708159 0.398616 0.045158 0.077883
0 0.977994 0.655529 0.042976 0.068400
0 0.382743 0.418423 0.048377 0.077452
0 0.245994 0.213273 0.055252 0.079295
0 0.436177 0.750586 0.049268 0.080976
0 0.942574 0.288909 0.049379 0.085600
0 0.639369 0.302031 0.046370 0.075638
0 0.624767 0.498489 0.048214 0.076782
0 0.576953 0.511619 0.044715 0.083876
0 0.741638 0.489845 0.052240 0.087964
2 0.364301 0.091776 0.022617 0.030989
2 0.306589 0.376639 0.017937 0.028605
2 0.116298 0.408224 0.014818 0.025030
5 0.461799 0.508757 0.081313 0.113428