0 0.997125 0.163317 0.004972 0.045716
0 0.888911 0.009220 0.060318 0.018439
0 0.996636 0.683155 0.006390 0.059373
0 0.129973 0.003436 0.029186 0.006801
0 0.002085 0.545417 0.004154 0.056096
0 0.994900 0.910178 0.009079 0.064956
0 0.004207 0.217426 0.008415 0.058386
0 0.320218 0.476327 0.045678 0.081991
0 0.122359 0.994586 0.033483 0.009031
0 0.215628 0.002319 0.033437 0.004610
0 0.853083 0.764782 0.047465 0.079370
0 0.817611 0.005695 0.034908 0.011390
0 0.625810 0.652166 0.050647 0.081025
0 0.947740 0.006369 0.039614 0.012738
0 0.991893 0.590367 0.014913 0.072991
0 0.865454 0.394674 0.048718 0.074445
0 0.605775 0.991122 0.037651 0.014704
0 0.745903 0.007927 0.046329 0.015853
0 0.526008 0.008541 0.041885 0.017081
0 0.441778 0.010309 0.043939 0.020619
0 0.016122 0.976348 0.032244 0.044229
0 0.613053 0.870780 0.049713 0.083821
0 0.296282 0.805755 0.051342 0.077459
0 0.712372 0.335593 0.049469 0.072916
0 0.584995 0.015621 0.049655 0.031242
0 0.053370 0.735180 0.054411 0.081778
0 0.367196 0.018505 0.050834 0.037011
0 0.139967 0.565247 0.048613 0.074804
0 0.818806 0.984034 0.053938 0.028814
0 0.015617 0.665281 0.031229 0.072088
0 0.182708 0.245435 0.049984 0.073779
0 0.015141 0.287189 0.030215 0.066824
0 0.885096 0.206951 0.045355 0.067779
0 0.938767 0.978881 0.049594 0.039494
0 0.432551 0.454838 0.042116 0.066408
0 0.249150 0.427770 0.046957 0.071593
0 0.036354 0.365187 0.046976 0.073892
0 0.927276 0.055004 0.047082 0.069591
0 0.766309 0.970388 0.047676 0.056251
0 0.783358 0.226965 0.049043 0.077207
0 0.568478 0.904728 0.047456 0.074370
0 0.401506 0.051398 0.052460 0.077896
0 0.110772 0.069592 0.048267 0.077642
0 0.315447 0.979354 0.047703 0.037814
0 0.138436 0.354343 0.037728 0.075106
0 0.976739 0.037399 0.044819 0.074715
0 0.551334 0.419885 0.052784 0.065486
0 0.093429 0.872776 0.047710 0.072782
0 0.034064 0.932262 0.051233 0.079175
0 0.643249 0.022737 0.050047 0.045475
0 0.323575 0.861406 0.037082 0.065684
0 0.284557 0.892748 0.044102 0.074665
0 0.479284 0.036761 0.053536 0.073522
0 0.120163 0.634446 0.046499 0.076769
0 0.317174 0.926664 0.044233 0.060187
0 0.026028 0.080293 0.038676 0.067092
0 0.811239 0.384666 0.046004 0.070579
0 0.568371 0.076629 0.047475 0.069657
0 0.647122 0.574869 0.049088 0.083522
0 0.390200 0.234681 0.048856 0.075184
0 0.089769 0.246414 0.045995 0.068168
0 0.215228 0.464114 0.064249 0.069007
0 0.697469 0.044385 0.049386 0.077972
0 0.275956 0.546938 0.048701 0.076474
0 0.167984 0.970162 0.053267 0.056600
0 0.157878 0.036697 0.052622 0.073394
0 0.081706 0.677059 0.050528 0.084470
0 0.664336 0.204458 0.059057 0.083098
0 0.741059 0.175691 0.050022 0.074264
0 0.982530 0.507243 0.033043 0.076228
0 0.504240 0.706274 0.049914 0.081089
0 0.042852 0.852417 0.048977 0.073527
0 0.928877 0.171988 0.050786 0.082509
0 0.632086 0.421849 0.046033 0.061347
0 0.047115 0.611952 0.047633 0.072361
0 0.080558 0.797047 0.051375 0.076033
0 0.577138 0.210919 0.045168 0.069113
0 0.569198 0.690319 0.045048 0.066707
0 0.499108 0.107585 0.050387 0.075638
0 0.108543 0.175167 0.051450 0.077913
0 0.814661 0.060429 0.054286 0.082987
0 0.929876 0.914769 0.052607 0.080859
0 0.294464 0.334671 0.049942 0.075521
0 0.983343 0.831103 0.031601 0.074329
0 0.233994 0.592136 0.046572 0.076898
0 0.477395 0.521905 0.047793 0.072948
0 0.686687 0.981755 0.047364 0.033329
0 0.978532 0.385188 0.041134 0.082513
0 0.676055 0.123190 0.051810 0.071981
0 0.972762 0.118921 0.052392 0.078569
0 0.792700 0.455820 0.049824 0.073847
0 0.774878 0.116589 0.051033 0.080143
0 0.024630 0.158409 0.048388 0.073542
0 0.762486 0.896698 0.055576 0.083168
0 0.838002 0.167476 0.049650 0.074801
0 0.265725 0.106868 0.047934 0.070933
0 0.365588 0.927483 0.044943 0.071488
0 0.179538 0.522600 0.047807 0.076748
0 0.263215 0.692823 0.049889 0.084191
0 0.235838 0.354879 0.049930 0.073509
0 0.732854 0.417586 0.050047 0.079104
0 0.147912 0.125655 0.047788 0.075194
0 0.093354 0.321911 0.045766 0.071538
0 0.544505 0.492020 0.056174 0.075640
0 0.962705 0.310427 0.050017 0.075641
0 0.580425 0.290499 0.043069 0.071631
0 0.560857 0.832385 0.052009 0.071689
0 0.205178 0.883062 0.049233 0.076518
0 0.832405 0.245846 0.044023 0.068702
0 0.864674 0.320609 0.043559 0.066190
0 0.237780 0.223458 0.050403 0.073061
0 0.818509 0.926308 0.054210 0.078562
0 0.976832 0.234107 0.044234 0.074469
0 0.061829 0.432994 0.047495 0.078053
0 0.120383 0.429556 0.047868 0.075114
0 0.680463 0.391897 0.050376 0.077220
0 0.805453 0.306219 0.047980 0.071930
0 0.086830 0.528825 0.051138 0.082577
0 0.688871 0.607794 0.047872 0.079357
0 0.550507 0.755709 0.052972 0.076967
0 0.680172 0.923605 0.052679 0.075780
0 0.190920 0.713324 0.049737 0.077494
0 0.895359 0.109163 0.050472 0.072010
0 0.246265 0.965877 0.050658 0.064935
0 0.914182 0.269267 0.055340 0.079264
0 0.797703 0.685946 0.046121 0.071153
0 0.449447 0.661783 0.045965 0.074221
0 0.306969 0.727892 0.046610 0.069766
0 0.712611 0.237174 0.045454 0.078517
0 0.940822 0.473024 0.048781 0.082073
0 0.719141 0.667579 0.047376 0.075081
0 0.531742 0.982100 0.050593 0.032702
0 0.281944 0.040876 0.063069 0.069264
0 0.635656 0.493475 0.052504 0.072478
0 0.182622 0.330108 0.051556 0.084929
0 0.579948 0.370559 0.049805 0.073953
0 0.484010 0.605098 0.052221 0.083052
0 0.512404 0.913590 0.049787 0.082716
0 0.591257 0.529660 0.051093 0.086045
0 0.517282 0.310802 0.048141 0.076673
0 0.414878 0.390909 0.052502 0.078036
0 0.547497 0.143528 0.049287 0.074777
0 0.414067 0.960376 0.049673 0.074457
0 0.720866 0.841279 0.049624 0.078102
0 0.605142 0.136123 0.046140 0.071048
0 0.625312 0.271704 0.046759 0.074763
0 0.756331 0.550693 0.046569 0.072998
0 0.468144 0.947852 0.047149 0.076195
0 0.216681 0.803482 0.050722 0.079868
0 0.706559 0.749055 0.049965 0.081568
0 0.385763 0.751306 0.048718 0.077894
0 0.366417 0.463465 0.044722 0.079130
0 0.297050 0.161779 0.051376 0.075268
0 0.800373 0.770743 0.045582 0.078151
0 0.401654 0.141263 0.045815 0.070142
0 0.215539 0.150570 0.052747 0.086482
0 0.336540 0.281230 0.051075 0.080986
0 0.647767 0.808329 0.049957 0.079739
0 0.794778 0.606295 0.050883 0.074975
0 0.460595 0.849619 0.045138 0.080317
0 0.514133 0.208428 0.051480 0.077947
0 0.351324 0.168145 0.047510 0.077672
0 0.897595 0.848087 0.054250 0.085274
0 0.467230 0.352201 0.051666 0.080586
0 0.303554 0.631065 0.047334 0.076854
0 0.453781 0.213228 0.054105 0.085627
0 0.399463 0.667553 0.049038 0.081290
0 0.953596 0.563731 0.055685 0.086082
0 0.818235 0.533328 0.055122 0.089431
0 0.959553 0.771614 0.051680 0.082980
0 0.896706 0.559321 0.048680 0.079621
0 0.366038 0.831559 0.051437 0.082035
0 0.901780 0.691812 0.052919 0.082113
2 0.628291 0.336710 0.021837 0.029797
4 0.412684 0.548791 0.106416 0.176814