0 0.988527 0.830748 0.021196 0.078775
0 0.861767 0.994679 0.032457 0.008592
0 0.008960 0.158566 0.017921 0.082091
0 0.921284 0.993262 0.035518 0.010827
0 0.181073 0.995089 0.030633 0.007896
0 0.238484 0.001776 0.029760 0.003520
0 0.007911 0.286724 0.015777 0.068448
0 0.016603 0.424902 0.033147 0.074447
0 0.870327 0.206217 0.051762 0.087688
0 0.991308 0.546439 0.015615 0.074826
0 0.981628 0.675036 0.034737 0.073696
0 0.990580 0.152607 0.017100 0.076596
0 0.911663 0.010025 0.045239 0.020049
0 0.108902 0.778080 0.053213 0.070992
0 0.129569 0.844402 0.050781 0.074851
0 0.189112 0.010329 0.047440 0.020640
0 0.308383 0.986940 0.042929 0.022840
0 0.181633 0.385132 0.048143 0.069978
0 0.422628 0.979773 0.045973 0.036845
0 0.371299 0.010224 0.043503 0.020411
0 0.018975 0.552566 0.037916 0.065002
0 0.059642 0.564651 0.049027 0.076166
0 0.495090 0.914552 0.050910 0.075763
0 0.236279 0.985059 0.053683 0.026628
0 0.856562 0.284136 0.049153 0.066238
0 0.208053 0.921054 0.047342 0.072436
0 0.463317 0.014976 0.047445 0.029953
0 0.023560 0.934879 0.047120 0.080200
0 0.215655 0.056883 0.055314 0.083029
0 0.174977 0.174550 0.043024 0.075620
0 0.964513 0.032815 0.048527 0.065630
0 0.721366 0.985045 0.048204 0.026777
0 0.977215 0.971111 0.043499 0.054725
0 0.278833 0.027671 0.049522 0.055342
0 0.100286 0.066525 0.054614 0.070615
0 0.699174 0.027988 0.048857 0.055904
0 0.087947 0.123489 0.050779 0.067426
0 0.020689 0.820989 0.041377 0.085579
0 0.797066 0.158724 0.050460 0.075888
0 0.369118 0.902148 0.046813 0.066873
0 0.512384 0.982240 0.049071 0.032184
0 0.019537 0.059526 0.038979 0.069222
0 0.175132 0.774840 0.049673 0.077013
0 0.128627 0.030986 0.051405 0.061892
0 0.169207 0.483706 0.047584 0.075996
0 0.325995 0.938461 0.043807 0.067799
0 0.087379 0.969307 0.051645 0.057876
0 0.786523 0.095577 0.049482 0.059304
0 0.780007 0.031318 0.058649 0.062554
0 0.838665 0.024841 0.049684 0.049683
0 0.534665 0.023051 0.047724 0.046103
0 0.541884 0.152216 0.049770 0.076652
0 0.673238 0.078972 0.046861 0.068952
0 0.770051 0.916207 0.049214 0.073251
0 0.295386 0.665891 0.047495 0.073288
0 0.692606 0.891406 0.046842 0.075313
0 0.475076 0.852263 0.047452 0.074512
0 0.038697 0.146265 0.041085 0.069524
0 0.116392 0.474974 0.047179 0.077191
0 0.593713 0.903831 0.047529 0.076145
0 0.037979 0.742696 0.054368 0.085453
0 0.425549 0.140150 0.055807 0.067484
0 0.560643 0.963648 0.048962 0.068990
0 0.057776 0.444618 0.050189 0.079162
0 0.026548 0.661194 0.046422 0.075343
0 0.244504 0.792832 0.051800 0.080627
0 0.258162 0.112086 0.051248 0.080470
0 0.324881 0.051844 0.049909 0.081717
0 0.420929 0.783373 0.055389 0.081357
0 0.133488 0.553832 0.049865 0.078898
0 0.109054 0.629812 0.054057 0.081563
0 0.641481 0.551136 0.044526 0.067139
0 0.644879 0.915438 0.049364 0.077028
0 0.615451 0.968673 0.046854 0.059058
0 0.151660 0.690127 0.049983 0.076339
0 0.022369 0.348807 0.043502 0.071834
0 0.622451 0.683674 0.048502 0.080084
0 0.127348 0.929118 0.053065 0.082502
0 0.802048 0.277011 0.047403 0.073755
0 0.519267 0.080912 0.055205 0.075632
0 0.093824 0.707563 0.050045 0.072278
0 0.336638 0.700065 0.047368 0.075020
0 0.906005 0.405560 0.049046 0.088655
0 0.284896 0.843949 0.046810 0.074290
0 0.320905 0.191035 0.043935 0.070842
0 0.373677 0.968509 0.053025 0.059274
0 0.518601 0.697610 0.050069 0.070397
0 0.030011 0.237417 0.048199 0.084277
0 0.884714 0.056562 0.048875 0.084765
0 0.126006 0.170492 0.048415 0.079989
0 0.529129 0.623445 0.050353 0.073687
0 0.407479 0.203451 0.053733 0.078742
0 0.213178 0.846209 0.053133 0.070205
0 0.750441 0.845035 0.051482 0.081439
0 0.469160 0.180557 0.044791 0.067193
0 0.210332 0.728223 0.054646 0.086195
0 0.254871 0.937603 0.049569 0.073730
0 0.464620 0.965299 0.046002 0.065610
0 0.366656 0.154168 0.050889 0.081114
0 0.829275 0.817179 0.054830 0.070932
0 0.845740 0.130024 0.048286 0.077181
0 0.918772 0.258934 0.042558 0.072638
0 0.497566 0.781826 0.045716 0.081138
0 0.370678 0.622524 0.046911 0.078076
0 0.341079 0.846973 0.053499 0.081036
0 0.686463 0.692009 0.047769 0.065488
0 0.180888 0.591437 0.049354 0.074605
0 0.882210 0.337853 0.044735 0.070012
0 0.828402 0.957060 0.050427 0.076143
0 0.587336 0.116631 0.051021 0.080948
0 0.359868 0.531446 0.049529 0.076857
0 0.449666 0.718171 0.045956 0.078730
0 0.187105 0.303042 0.054380 0.084948
0 0.594298 0.803264 0.049858 0.076531
0 0.222989 0.350540 0.043407 0.070064
0 0.882920 0.954316 0.046941 0.083694
0 0.475736 0.654334 0.051270 0.077831
0 0.271640 0.592021 0.050339 0.074377
0 0.948382 0.583843 0.041429 0.068402
0 0.417704 0.661098 0.053897 0.083984
0 0.759510 0.209320 0.049586 0.079864
0 0.464551 0.321156 0.049278 0.072621
0 0.657731 0.838080 0.047245 0.072928
0 0.214987 0.444584 0.051073 0.086147
0 0.707813 0.217858 0.047663 0.070956
0 0.975634 0.900508 0.046423 0.076134
0 0.764906 0.385767 0.053594 0.084454
0 0.417079 0.871864 0.054776 0.084293
0 0.800716 0.756646 0.055160 0.080704
0 0.433087 0.064595 0.050860 0.080314
0 0.226196 0.647938 0.051032 0.080909
0 0.211044 0.531199 0.049302 0.074316
0 0.853942 0.875416 0.048857 0.077593
0 0.928778 0.773726 0.046351 0.075592
0 0.303928 0.264470 0.048004 0.076254
0 0.961886 0.191594 0.049113 0.080214
0 0.663357 0.312124 0.046866 0.080292
0 0.689887 0.150318 0.053985 0.080248
0 0.326007 0.430446 0.050208 0.077575
0 0.950934 0.371355 0.049739 0.074721
0 0.382925 0.273248 0.050155 0.075685
0 0.688092 0.409330 0.048610 0.075357
0 0.404233 0.497256 0.046593 0.078187
0 0.933278 0.948788 0.048517 0.077669
0 0.453752 0.486450 0.047743 0.078772
0 0.322982 0.608667 0.045937 0.076195
0 0.290523 0.513405 0.048949 0.081629
0 0.547125 0.873152 0.052325 0.090853
0 0.594927 0.342727 0.050330 0.083295
0 0.950771 0.106943 0.050603 0.079391
0 0.819784 0.370857 0.051472 0.081671
0 0.788183 0.457622 0.050353 0.075965
0 0.599209 0.424136 0.045786 0.069010
0 0.481006 0.247387 0.048574 0.070883
0 0.382902 0.398584 0.045921 0.072999
0 0.772316 0.698063 0.053310 0.066431
0 0.683254 0.767508 0.048906 0.078837
0 0.716111 0.300282 0.055376 0.085639
0 0.607266 0.508067 0.046630 0.073700
0 0.607984 0.248146 0.050417 0.083179
0 0.562840 0.476158 0.044553 0.070573
0 0.968829 0.296823 0.050170 0.081204
0 0.866917 0.695026 0.053975 0.078235
0 0.459196 0.398500 0.050607 0.074337
0 0.797601 0.542470 0.050506 0.076868
0 0.564448 0.581038 0.042347 0.069665
0 0.848988 0.602571 0.048135 0.073612
0 0.918613 0.674528 0.046960 0.075591
0 0.919243 0.510207 0.048333 0.094788
1 0.682492 0.597735 0.038214 0.096544
1 0.781147 0.631704 0.038994 0.071514
1 0.644668 0.629917 0.054592 0.084625
1 0.218073 0.238975 0.040554 0.058403
4 0.737662 0.620517 0.091681 0.110092