0 0.997066 0.799361 0.005435 0.055437
0 0.003032 0.101680 0.006064 0.048520
0 0.996775 0.637787 0.005788 0.060206
0 0.995466 0.005247 0.008219 0.010495
0 0.665216 0.993949 0.039834 0.009858
0 0.990335 0.923823 0.017739 0.079225
0 0.643916 0.022268 0.050037 0.044536
0 0.994967 0.264877 0.008685 0.061707
0 0.508246 0.874029 0.042690 0.068392
0 0.002556 0.015281 0.005112 0.030562
0 0.994783 0.552267 0.009200 0.060421
0 0.994321 0.083615 0.009905 0.062675
0 0.009868 0.420600 0.019661 0.072072
0 0.417177 0.079898 0.043947 0.066701
0 0.853592 0.991669 0.033039 0.014106
0 0.573593 0.413492 0.044639 0.068857
0 0.639398 0.222565 0.051266 0.080418
0 0.679166 0.469775 0.056085 0.074402
0 0.417507 0.990152 0.042851 0.016722
0 0.091094 0.007158 0.035691 0.014317
0 0.155346 0.987642 0.043177 0.021626
0 0.076911 0.246202 0.050249 0.081132
0 0.619299 0.436979 0.048322 0.075241
0 0.319992 0.845312 0.047266 0.072874
0 0.738378 0.645213 0.048738 0.071834
0 0.207963 0.987600 0.045282 0.021986
0 0.167416 0.175733 0.048638 0.074471
0 0.185672 0.011264 0.043196 0.022529
0 0.568325 0.021007 0.044579 0.042014
0 0.841113 0.019899 0.052271 0.039798
0 0.303750 0.026987 0.044593 0.053968
0 0.711611 0.183859 0.045990 0.083204
0 0.692828 0.028462 0.044468 0.056910
0 0.014578 0.177446 0.029152 0.072216
0 0.520901 0.017235 0.042065 0.034422
0 0.710591 0.275544 0.052369 0.077750
0 0.730891 0.339385 0.051930 0.078101
0 0.840753 0.326635 0.051395 0.073947
0 0.848929 0.899596 0.048885 0.076151
0 0.903159 0.012269 0.047697 0.024536
0 0.805170 0.062907 0.051840 0.076580
0 0.862103 0.395458 0.047499 0.079868
0 0.394970 0.026997 0.047465 0.053993
0 0.262519 0.051929 0.045328 0.071512
0 0.023214 0.855259 0.046428 0.078817
0 0.664830 0.153997 0.052291 0.078327
0 0.948694 0.564748 0.051444 0.074315
0 0.546965 0.982602 0.051293 0.031481
0 0.877751 0.958622 0.043282 0.067860
0 0.112601 0.753264 0.045620 0.071545
0 0.856217 0.084305 0.048390 0.083290
0 0.290134 0.771582 0.047869 0.071797
0 0.604368 0.050900 0.048610 0.081518
0 0.757456 0.149137 0.048802 0.078444
0 0.427679 0.629363 0.047789 0.071852
0 0.017415 0.776689 0.034831 0.075955
0 0.348750 0.059119 0.055336 0.081692
0 0.079339 0.053192 0.048528 0.074910
0 0.667848 0.896330 0.046739 0.074926
0 0.438472 0.412513 0.042009 0.071806
0 0.619110 0.870901 0.047293 0.067015
0 0.053003 0.462690 0.047273 0.070011
0 0.309138 0.535582 0.042119 0.073410
0 0.593787 0.172124 0.043926 0.070242
0 0.908099 0.414800 0.046622 0.077123
0 0.262591 0.287060 0.049556 0.077847
0 0.806963 0.753354 0.044588 0.074098
0 0.825338 0.962693 0.046563 0.069466
0 0.748070 0.037589 0.048049 0.073664
0 0.984412 0.707184 0.029248 0.072644
0 0.240147 0.893569 0.052997 0.084761
0 0.079474 0.134908 0.048362 0.074892
0 0.171520 0.778213 0.049941 0.064034
0 0.131381 0.041409 0.049565 0.081127
0 0.779087 0.680682 0.049654 0.081716
0 0.199280 0.934326 0.052036 0.078638
0 0.078511 0.898339 0.050206 0.078020
0 0.793235 0.202282 0.048316 0.076113
0 0.972723 0.233503 0.041492 0.068552
0 0.032006 0.378081 0.050094 0.077949
0 0.509855 0.106671 0.046131 0.072238
0 0.197224 0.078574 0.050678 0.077999
0 0.021705 0.579334 0.043411 0.077358
0 0.025608 0.066649 0.046691 0.080724
0 0.481865 0.045340 0.053391 0.080505
0 0.379965 0.125560 0.045772 0.071147
0 0.976947 0.153003 0.044154 0.080055
0 0.702807 0.098938 0.051856 0.075950
0 0.471197 0.970711 0.045010 0.055236
0 0.824776 0.599231 0.051163 0.076904
0 0.912538 0.312734 0.046558 0.077096
0 0.888845 0.660152 0.047219 0.071734
0 0.879915 0.197242 0.049164 0.074703
0 0.706614 0.858436 0.046873 0.075929
0 0.103469 0.495298 0.050960 0.081430
0 0.707865 0.523600 0.051584 0.082090
0 0.906121 0.065918 0.048866 0.071695
0 0.952376 0.361942 0.041715 0.065635
0 0.555583 0.920176 0.047746 0.072384
0 0.278482 0.121714 0.045694 0.068082
0 0.507800 0.187852 0.046794 0.074077
0 0.065870 0.818949 0.051728 0.080799
0 0.924473 0.145067 0.047433 0.074106
0 0.111777 0.320770 0.048822 0.082432
0 0.059484 0.321197 0.047909 0.076177
0 0.960535 0.079395 0.049214 0.074520
0 0.294598 0.191582 0.051336 0.078529
0 0.974341 0.423789 0.047127 0.072702
0 0.279336 0.369189 0.048759 0.077567
0 0.872468 0.481174 0.048563 0.074186
0 0.195524 0.656731 0.051059 0.076626
0 0.059379 0.537164 0.046299 0.071298
0 0.060834 0.615962 0.046993 0.076059
0 0.188101 0.390038 0.046748 0.074109
0 0.627794 0.721784 0.050049 0.076485
0 0.039593 0.947062 0.049463 0.077433
0 0.158602 0.456726 0.052234 0.079304
0 0.104094 0.412694 0.044609 0.070903
0 0.789176 0.548406 0.048128 0.080462
0 0.267331 0.833772 0.051372 0.078834
0 0.334581 0.916483 0.048074 0.073934
0 0.329676 0.734217 0.047546 0.075419
0 0.202288 0.253876 0.047087 0.076525
0 0.745406 0.226379 0.044106 0.072517
0 0.563677 0.343439 0.044530 0.070746
0 0.444336 0.138629 0.052980 0.080670
0 0.254741 0.718496 0.050723 0.078540
0 0.270686 0.449933 0.049080 0.074011
0 0.216003 0.501953 0.050260 0.075512
0 0.743930 0.567246 0.046445 0.076774
0 0.420007 0.905052 0.042835 0.071195
0 0.755166 0.757833 0.050444 0.079309
0 0.159766 0.710653 0.054225 0.078185
0 0.554599 0.131073 0.044925 0.074148
0 0.900320 0.587538 0.046538 0.072864
0 0.230141 0.346777 0.047265 0.077860
0 0.675409 0.792161 0.047738 0.073486
0 0.193099 0.574014 0.049058 0.075242
0 0.675888 0.395278 0.055704 0.071211
0 0.383691 0.860770 0.052155 0.072908
0 0.385086 0.782832 0.048310 0.071664
0 0.926364 0.227139 0.044913 0.074905
0 0.606475 0.317616 0.044432 0.073357
0 0.443605 0.720350 0.048754 0.073670
0 0.105595 0.972727 0.040379 0.051288
0 0.771706 0.961123 0.050508 0.073880
0 0.149177 0.252596 0.050218 0.079750
0 0.968545 0.499499 0.049212 0.068171
0 0.428007 0.335321 0.051312 0.082166
0 0.490997 0.797889 0.047684 0.084952
0 0.262380 0.528403 0.043694 0.072829
0 0.937215 0.830140 0.051436 0.082960
0 0.230308 0.146567 0.044961 0.070155
0 0.653944 0.657826 0.050775 0.080027
0 0.885680 0.850086 0.051703 0.089409
0 0.862789 0.267246 0.047992 0.070745
0 0.143182 0.550653 0.051245 0.080079
0 0.342643 0.597131 0.047172 0.075552
0 0.754210 0.403861 0.052063 0.079926
0 0.185382 0.846730 0.049288 0.077653
0 0.508976 0.646321 0.045066 0.075659
0 0.461593 0.267296 0.049987 0.082744
0 0.855034 0.749649 0.044215 0.071518
0 0.667349 0.321552 0.053375 0.074290
0 0.466037 0.896103 0.045325 0.075535
0 0.968463 0.630967 0.048165 0.079438
0 0.971234 0.776621 0.047463 0.079180
0 0.336994 0.311338 0.050074 0.076382
0 0.617534 0.796838 0.049552 0.070320
0 0.554285 0.239541 0.049757 0.080660
0 0.469799 0.456858 0.053007 0.078178
0 0.565352 0.539083 0.046729 0.074730
0 0.363432 0.671332 0.048008 0.080160
0 0.445465 0.804066 0.045979 0.082813
0 0.611577 0.608555 0.050158 0.080522
0 0.519534 0.569489 0.053558 0.078286
1 0.338954 0.493445 0.048353 0.081049
1 0.363521 0.424315 0.053812 0.071514
1 0.396666 0.396901 0.043673 0.085816
1 0.560441 0.632300 0.038994 0.101311
1 0.468805 0.648987 0.047573 0.108462
2 0.138915 0.503576 0.021057 0.032181
4 0.402861 0.497498 0.092227 0.129274