0 0.650037 0.992305 0.037993 0.013249
0 0.002981 0.756883 0.005961 0.049337
0 0.969380 0.003670 0.032829 0.007339
0 0.159837 0.993958 0.033195 0.010020
0 0.387529 0.003871 0.036521 0.007742
0 0.936667 0.273453 0.053709 0.068830
0 0.942036 0.327809 0.044346 0.060752
0 0.413127 0.993110 0.038275 0.011227
0 0.788574 0.990155 0.031715 0.017152
0 0.228593 0.372040 0.059271 0.063069
0 0.008216 0.934326 0.016431 0.081218
0 0.217070 0.319052 0.051974 0.071688
0 0.662659 0.904600 0.051440 0.072492
0 0.827419 0.101061 0.042881 0.070060
0 0.805278 0.125276 0.044223 0.078157
0 0.008546 0.350560 0.017091 0.072436
0 0.891741 0.009981 0.041671 0.019962
0 0.832472 0.972052 0.048872 0.052601
0 0.819205 0.916623 0.051912 0.072480
0 0.879417 0.985966 0.037498 0.024921
0 0.987525 0.104696 0.023139 0.076142
0 0.008605 0.061009 0.017165 0.073089
0 0.457214 0.443775 0.043610 0.070179
0 0.987875 0.487964 0.022302 0.064849
0 0.676466 0.842600 0.055430 0.079695
0 0.099051 0.975065 0.047965 0.046487
0 0.640092 0.957171 0.059196 0.074570
0 0.046760 0.981965 0.047679 0.032641
0 0.628374 0.013315 0.048021 0.026597
0 0.987966 0.213111 0.022238 0.078691
0 0.210171 0.439753 0.046560 0.077618
0 0.589104 0.974266 0.049601 0.048142
0 0.986666 0.300293 0.024619 0.074360
0 0.979831 0.039496 0.038363 0.069381
0 0.678864 0.748668 0.048690 0.075205
0 0.108143 0.332205 0.048301 0.075748
0 0.855926 0.417784 0.037388 0.061657
0 0.660282 0.695259 0.049408 0.069251
0 0.103528 0.867006 0.039443 0.055482
0 0.530969 0.046606 0.049128 0.079989
0 0.015757 0.828215 0.031514 0.080936
0 0.761227 0.959946 0.050255 0.076514
0 0.441379 0.951140 0.045818 0.071617
0 0.981341 0.394742 0.035236 0.068978
0 0.550148 0.092818 0.045950 0.074870
0 0.534190 0.972214 0.047050 0.052230
0 0.785554 0.856042 0.047890 0.074151
0 0.018851 0.138472 0.037702 0.079820
0 0.271120 0.018015 0.050741 0.036030
0 0.030099 0.918544 0.045500 0.085610
0 0.057657 0.019093 0.048833 0.038187
0 0.982518 0.613031 0.032812 0.072632
0 0.434841 0.392154 0.055304 0.085343
0 0.019184 0.651329 0.038368 0.077762
0 0.635943 0.785924 0.047256 0.072206
0 0.979719 0.717109 0.035828 0.075494
0 0.016954 0.533149 0.033837 0.078027
0 0.712876 0.929684 0.049456 0.080748
0 0.647382 0.351597 0.048922 0.073821
0 0.827422 0.328452 0.046337 0.064970
0 0.805418 0.397705 0.047221 0.075196
0 0.191911 0.510809 0.047513 0.077745
0 0.978504 0.912375 0.041163 0.074126
0 0.086323 0.937918 0.053362 0.068248
0 0.537913 0.876993 0.047351 0.074012
0 0.306579 0.972336 0.052223 0.051769
0 0.756416 0.569513 0.045985 0.065778
0 0.749931 0.802122 0.047763 0.071917
0 0.092617 0.264081 0.048891 0.076087
0 0.917836 0.938821 0.048423 0.070604
0 0.611963 0.384491 0.046330 0.079109
0 0.732397 0.030204 0.049992 0.060408
0 0.036686 0.394029 0.049652 0.084332
0 0.027901 0.729795 0.045126 0.065504
0 0.422444 0.899532 0.051655 0.074973
0 0.494070 0.914500 0.048662 0.074987
0 0.138237 0.926712 0.048712 0.076918
0 0.436864 0.081927 0.044243 0.072914
0 0.655995 0.539738 0.047078 0.074461
0 0.090251 0.128655 0.048797 0.073320
0 0.238035 0.964201 0.052850 0.068050
0 0.658921 0.619007 0.047057 0.071341
0 0.849958 0.260303 0.046867 0.072990
0 0.222373 0.180255 0.049014 0.081015
0 0.752464 0.645110 0.049955 0.075251
0 0.534128 0.694361 0.051779 0.077005
0 0.100659 0.048214 0.050975 0.078399
0 0.675298 0.286773 0.044855 0.072508
0 0.367696 0.901983 0.048404 0.069677
0 0.728409 0.730209 0.047397 0.075725
0 0.585992 0.664163 0.048516 0.074892
0 0.183491 0.959404 0.050549 0.075243
0 0.613240 0.590121 0.043702 0.070545
0 0.907551 0.133695 0.048456 0.078286
0 0.171402 0.044935 0.052541 0.076235
0 0.785889 0.740398 0.050769 0.081240
0 0.749482 0.337584 0.046759 0.071285
0 0.406909 0.144734 0.050240 0.073879
0 0.927756 0.862886 0.054507 0.072344
0 0.219032 0.093464 0.049455 0.079008
0 0.920779 0.050009 0.048696 0.080015
0 0.103526 0.423148 0.052413 0.077633
0 0.483783 0.639624 0.048049 0.078609
0 0.718121 0.430474 0.048399 0.075845
0 0.859997 0.633502 0.047198 0.078073
0 0.610738 0.065904 0.049267 0.074835
0 0.352823 0.831382 0.047833 0.070816
0 0.925502 0.775788 0.055075 0.068244
0 0.512159 0.812044 0.048703 0.073483
0 0.693025 0.102628 0.048418 0.081354
0 0.918806 0.598226 0.054084 0.075365
0 0.530185 0.288760 0.052509 0.100489
0 0.787951 0.280409 0.050844 0.078207
0 0.781745 0.506927 0.050706 0.078719
0 0.770414 0.186535 0.052624 0.080238
0 0.745807 0.104147 0.049604 0.075952
0 0.583835 0.169059 0.045226 0.074677
0 0.477762 0.153998 0.046022 0.079181
0 0.677412 0.179764 0.048589 0.071402
0 0.932092 0.449215 0.047338 0.073295
0 0.548084 0.614574 0.041919 0.076602
0 0.270526 0.425679 0.050101 0.079697
0 0.892608 0.363263 0.049539 0.073628
0 0.873464 0.191251 0.048092 0.074428
0 0.190412 0.250138 0.063105 0.078029
0 0.834160 0.492714 0.047882 0.073575
0 0.045560 0.302301 0.046568 0.074365
0 0.554966 0.468942 0.048012 0.079727
0 0.934261 0.530296 0.053216 0.075030
0 0.332635 0.139318 0.050692 0.076390
0 0.516510 0.526963 0.049248 0.079948
0 0.278936 0.131202 0.046148 0.090065
0 0.929350 0.679078 0.052999 0.079439
0 0.353500 0.431921 0.049654 0.075353
0 0.353560 0.722212 0.055497 0.082416
0 0.504245 0.427259 0.049694 0.079818
0 0.710071 0.608324 0.049944 0.089059
0 0.363844 0.231573 0.047530 0.074596
0 0.163874 0.366855 0.049871 0.083793
0 0.293034 0.906735 0.050809 0.073834
0 0.429083 0.598434 0.046690 0.075989
0 0.484104 0.347223 0.053138 0.082815
0 0.460361 0.532841 0.048011 0.075646
0 0.865256 0.050387 0.054789 0.083860
0 0.240427 0.629054 0.048603 0.079269
0 0.118867 0.760046 0.050253 0.075212
0 0.530954 0.174164 0.055390 0.089630
0 0.386571 0.657386 0.051875 0.077183
0 0.194691 0.854594 0.052170 0.079307
0 0.871737 0.549667 0.051321 0.079198
0 0.666405 0.455028 0.049334 0.082258
0 0.113567 0.578932 0.051488 0.074615
0 0.943497 0.197236 0.054530 0.080612
0 0.252290 0.535144 0.048805 0.084673
0 0.192699 0.590778 0.049345 0.071035
0 0.356073 0.351362 0.054481 0.076940
0 0.079188 0.710355 0.048305 0.074376
0 0.598269 0.511877 0.049382 0.081152
0 0.156289 0.696632 0.050560 0.068717
0 0.562832 0.354510 0.051176 0.081106
0 0.392710 0.774181 0.052020 0.081822
0 0.437601 0.692699 0.050748 0.079313
0 0.301825 0.785647 0.048699 0.073920
0 0.455059 0.794700 0.055735 0.075241
0 0.165043 0.164886 0.054507 0.087415
0 0.294973 0.590300 0.049492 0.082876
0 0.065793 0.620815 0.052022 0.083400
0 0.250153 0.786298 0.048675 0.077380
0 0.176517 0.772470 0.048783 0.076305
1 0.489862 0.063170 0.044453 0.090584
1 0.570969 0.930274 0.066290 0.048868
2 0.248488 0.845650 0.028076 0.041716
2 0.345193 0.516091 0.023396 0.030989
2 0.078474 0.464839 0.020277 0.030989
2 0.078474 0.361144 0.020277 0.030989
2 0.075744 0.387962 0.017937 0.025030
2 0.705889 0.322408 0.024176 0.032181