0 0.002945 0.970309 0.005891 0.056473
0 0.297012 0.994661 0.035876 0.009226
0 0.995122 0.081114 0.008522 0.064616
0 0.996194 0.861239 0.006403 0.049364
0 0.993780 0.633619 0.010746 0.042280
0 0.004729 0.846164 0.009457 0.065319
0 0.009043 0.003533 0.018062 0.006874
0 0.157125 0.005681 0.035388 0.011363
0 0.003581 0.703653 0.007162 0.044511
0 0.089008 0.805675 0.049098 0.071319
0 0.972535 0.994891 0.032335 0.008148
0 0.776729 0.969831 0.050301 0.057071
0 0.672190 0.686338 0.047711 0.078601
0 0.010125 0.397133 0.020250 0.079072
0 0.242845 0.988668 0.038361 0.019784
0 0.885483 0.988710 0.039706 0.019781
0 0.389544 0.904996 0.050551 0.072820
0 0.231795 0.010621 0.041926 0.021242
0 0.021776 0.744551 0.043351 0.071968
0 0.645230 0.882455 0.047729 0.072697
0 0.682466 0.836036 0.046384 0.074806
0 0.526751 0.980955 0.045411 0.035049
0 0.027064 0.453011 0.049430 0.076043
0 0.344079 0.866582 0.047936 0.076182
0 0.033606 0.969153 0.050865 0.058378
0 0.260431 0.803065 0.051296 0.075433
0 0.066894 0.750178 0.040649 0.070109
0 0.580266 0.286880 0.052378 0.084552
0 0.106225 0.713916 0.053826 0.088421
0 0.455035 0.902097 0.051927 0.079219
0 0.933488 0.981404 0.040268 0.033872
0 0.433246 0.014367 0.037468 0.028635
0 0.065960 0.493130 0.045243 0.069080
0 0.197767 0.375181 0.048693 0.072901
0 0.188424 0.031173 0.053340 0.062346
0 0.866131 0.019864 0.048090 0.039727
0 0.014970 0.646349 0.029921 0.070301
0 0.406893 0.764867 0.053479 0.082381
0 0.270854 0.652018 0.055170 0.073532
0 0.816444 0.015441 0.047119 0.030834
0 0.431763 0.843346 0.047705 0.081862
0 0.163328 0.931188 0.046253 0.072410
0 0.205366 0.780718 0.050205 0.063297
0 0.320512 0.480181 0.054200 0.074578
0 0.542938 0.845982 0.049563 0.071420
0 0.569316 0.790066 0.042430 0.069557
0 0.043698 0.299491 0.051275 0.076149
0 0.681735 0.931348 0.049164 0.080667
0 0.204981 0.965575 0.047258 0.065574
0 0.724621 0.869168 0.049889 0.081183
0 0.904446 0.678583 0.049937 0.074682
0 0.950171 0.017580 0.052725 0.035160
0 0.078549 0.418117 0.053474 0.076767
0 0.611582 0.826866 0.052718 0.082406
0 0.590641 0.364562 0.056107 0.081198
0 0.073779 0.024893 0.052301 0.049785
0 0.081539 0.955990 0.050850 0.081411
0 0.483229 0.959626 0.051528 0.076167
0 0.364388 0.618781 0.049680 0.079588
0 0.129002 0.638628 0.048466 0.078668
0 0.382791 0.694743 0.048126 0.072065
0 0.175005 0.439909 0.055128 0.079265
0 0.985376 0.797214 0.027400 0.075321
0 0.798228 0.052833 0.056995 0.075242
0 0.262947 0.577538 0.050418 0.071975
0 0.493413 0.829827 0.048544 0.078011
0 0.241572 0.738808 0.046411 0.079429
0 0.411174 0.966203 0.047877 0.064062
0 0.268259 0.954517 0.053412 0.081870
0 0.586949 0.972392 0.048100 0.051984
0 0.450316 0.735394 0.049711 0.076728
0 0.227318 0.908355 0.048290 0.072359
0 0.791817 0.743155 0.051816 0.068237
0 0.810295 0.809302 0.048184 0.072907
0 0.030154 0.040035 0.046679 0.079383
0 0.406267 0.503889 0.050354 0.074724
0 0.669118 0.765287 0.054986 0.070364
0 0.473444 0.384168 0.050847 0.076076
0 0.542746 0.714840 0.054485 0.079251
0 0.030292 0.816899 0.043623 0.066478
0 0.849241 0.964973 0.049065 0.066621
0 0.875598 0.400337 0.049235 0.077295
0 0.810013 0.185794 0.063391 0.064769
0 0.842920 0.892484 0.048135 0.069054
0 0.622295 0.699062 0.047837 0.077066
0 0.383230 0.828001 0.048643 0.074157
0 0.563381 0.911634 0.054044 0.080614
0 0.605374 0.623558 0.045065 0.075471
0 0.193372 0.178706 0.051822 0.071311
0 0.140675 0.757581 0.046229 0.072742
0 0.869727 0.480752 0.049636 0.073937
0 0.028320 0.578108 0.048573 0.077940
0 0.204329 0.849977 0.047007 0.070123
0 0.079562 0.636642 0.043818 0.073844
0 0.646428 0.560247 0.049105 0.076047
0 0.906534 0.527105 0.048611 0.072822
0 0.773039 0.899662 0.052459 0.072815
0 0.087826 0.085392 0.049142 0.067270
0 0.927942 0.741021 0.046676 0.065692
0 0.289466 0.719129 0.051275 0.081947
0 0.711747 0.660641 0.045178 0.071564
0 0.367822 0.078806 0.049846 0.077508
0 0.315496 0.590283 0.047017 0.075121
0 0.390835 0.026755 0.046794 0.053509
0 0.609409 0.510343 0.049346 0.078004
0 0.930079 0.813803 0.049547 0.068209
0 0.937545 0.204764 0.048776 0.080077
0 0.305326 0.029260 0.049914 0.058520
0 0.917444 0.450299 0.051283 0.077516
0 0.170216 0.238728 0.047471 0.070015
0 0.185842 0.517000 0.050664 0.070546
0 0.856724 0.554984 0.049267 0.072749
0 0.457471 0.658939 0.050008 0.074698
0 0.230095 0.431495 0.049360 0.077637
0 0.252648 0.501701 0.050543 0.072957
0 0.173258 0.590883 0.046221 0.070120
0 0.207701 0.302963 0.051534 0.071670
0 0.229876 0.235224 0.049484 0.078171
0 0.389399 0.168419 0.050053 0.073256
0 0.355712 0.534271 0.051167 0.079132
0 0.782956 0.298749 0.056655 0.085367
0 0.830604 0.350018 0.048948 0.072917
0 0.786143 0.667594 0.055474 0.074243
0 0.434512 0.437989 0.051096 0.080303
0 0.472249 0.587754 0.048956 0.072731
0 0.544722 0.633509 0.046774 0.071366
0 0.852513 0.638024 0.048974 0.077298
0 0.476950 0.025121 0.051985 0.050211
0 0.718052 0.263092 0.052318 0.079859
0 0.115743 0.333878 0.049422 0.084464
0 0.934340 0.885295 0.055337 0.066255
0 0.862311 0.820500 0.050024 0.077552
0 0.643132 0.377167 0.044570 0.075949
0 0.555716 0.553898 0.049395 0.077407
0 0.627888 0.308061 0.048277 0.074684
0 0.372896 0.420428 0.048060 0.079347
0 0.142236 0.137516 0.049998 0.082563
0 0.875333 0.735751 0.046118 0.070290
0 0.095021 0.158573 0.047486 0.076788
0 0.706399 0.527304 0.047741 0.070367
0 0.888368 0.298861 0.042500 0.065913
0 0.323457 0.400223 0.049117 0.076498
0 0.947559 0.390019 0.047188 0.075120
0 0.713133 0.449873 0.047627 0.075786
0 0.252174 0.065535 0.045875 0.071947
0 0.815282 0.115387 0.047562 0.071878
0 0.767719 0.135190 0.049149 0.077867
0 0.965202 0.947342 0.049947 0.075262
0 0.192948 0.101834 0.053972 0.071661
0 0.876733 0.232410 0.049944 0.072034
0 0.153403 0.848340 0.047604 0.082113
0 0.754675 0.212324 0.046327 0.074871
0 0.422263 0.570846 0.047339 0.070382
0 0.965632 0.508260 0.048005 0.072793
0 0.423358 0.328697 0.052950 0.083869
0 0.505163 0.222083 0.044129 0.065688
0 0.483198 0.154253 0.059845 0.070558
0 0.968491 0.066765 0.049614 0.077111
0 0.350993 0.319415 0.047579 0.076566
0 0.416950 0.115845 0.046371 0.074878
0 0.393002 0.270241 0.051255 0.075936
0 0.828845 0.252329 0.047723 0.086238
0 0.918778 0.606435 0.047782 0.071101
0 0.890825 0.169235 0.052518 0.074618
0 0.852832 0.075080 0.046784 0.074474
0 0.322542 0.239357 0.053524 0.081060
0 0.693681 0.368480 0.050680 0.089424
0 0.480263 0.085185 0.058562 0.063083
0 0.933665 0.309449 0.049049 0.086870
0 0.975636 0.147115 0.046662 0.080392
0 0.524264 0.290499 0.053471 0.088165
1 0.489082 0.315852 0.052252 0.085816
1 0.162701 0.345054 0.042114 0.098927
1 0.065996 0.351609 0.054592 0.073897
1 0.696530 0.603695 0.064730 0.079857
5 0.438389 0.206198 0.099045 0.102503