0 0.988208 0.944166 0.021851 0.070384
0 0.993914 0.502764 0.010658 0.081238
0 0.578743 0.003056 0.032786 0.006112
0 0.006227 0.570865 0.012451 0.074578
0 0.005769 0.967188 0.011537 0.062616
0 0.004858 0.817844 0.009716 0.059450
0 0.774969 0.009791 0.029654 0.019582
0 0.605472 0.355173 0.046738 0.068392
0 0.221358 0.005338 0.037806 0.010676
0 0.991164 0.798370 0.015937 0.068331
0 0.579932 0.990728 0.035908 0.015728
0 0.989386 0.280511 0.019315 0.082791
0 0.345005 0.230966 0.042441 0.069069
0 0.988933 0.380698 0.020206 0.077604
0 0.878984 0.008585 0.038853 0.017170
0 0.088655 0.989429 0.043483 0.018199
0 0.735557 0.009369 0.042588 0.018737
0 0.306226 0.010214 0.041592 0.020428
0 0.872185 0.959370 0.047187 0.073164
0 0.790730 0.048489 0.048569 0.081467
0 0.015663 0.226237 0.031262 0.079359
0 0.828126 0.015886 0.049635 0.031772
0 0.656117 0.019021 0.047303 0.038042
0 0.395112 0.015581 0.046958 0.031163
0 0.922927 0.924214 0.047000 0.078135
0 0.484358 0.963508 0.049180 0.069582
0 0.274508 0.093507 0.047700 0.087626
0 0.955752 0.970874 0.050964 0.055160
0 0.528816 0.015620 0.044256 0.031240
0 0.049596 0.186676 0.047890 0.075489
0 0.418813 0.845780 0.049672 0.084893
0 0.032361 0.546611 0.042776 0.075080
0 0.856876 0.898862 0.055394 0.079839
0 0.834904 0.075435 0.044889 0.083027
0 0.721415 0.895306 0.046703 0.072346
0 0.021918 0.459847 0.043837 0.082168
0 0.805953 0.872268 0.040704 0.102514
0 0.278351 0.419490 0.046664 0.079582
0 0.746281 0.960961 0.043606 0.072507
0 0.103802 0.045101 0.045050 0.073700
0 0.522360 0.068721 0.044014 0.066082
0 0.050212 0.728202 0.050137 0.077725
0 0.240140 0.047572 0.046410 0.070633
0 0.279366 0.699917 0.051193 0.075865
0 0.104928 0.672331 0.057099 0.080543
0 0.084949 0.930964 0.044356 0.069928
0 0.163736 0.695975 0.046877 0.074722
0 0.057043 0.808415 0.048450 0.074707
0 0.153694 0.034827 0.048206 0.069655
0 0.764789 0.845935 0.039871 0.069822
0 0.499429 0.474927 0.049704 0.072830
0 0.590064 0.041583 0.047222 0.070417
0 0.826643 0.974280 0.046233 0.048124
0 0.018139 0.301750 0.036279 0.071157
0 0.065519 0.507456 0.047616 0.086591
0 0.044150 0.967468 0.050150 0.061551
0 0.115777 0.381761 0.050518 0.075665
0 0.794940 0.777070 0.043430 0.073700
0 0.880709 0.086997 0.045253 0.081959
0 0.785065 0.276576 0.048332 0.081768
0 0.679287 0.684297 0.047393 0.076847
0 0.638524 0.757783 0.045082 0.066878
0 0.097972 0.854971 0.048302 0.075944
0 0.180786 0.865141 0.053281 0.086157
0 0.060222 0.083538 0.046995 0.077797
0 0.618419 0.962597 0.052267 0.071529
0 0.513574 0.773881 0.049445 0.069700
0 0.101971 0.446015 0.052696 0.078344
0 0.443712 0.450812 0.046534 0.074020
0 0.188345 0.765350 0.047769 0.078219
0 0.124838 0.733966 0.044100 0.070766
0 0.467154 0.385836 0.044370 0.069608
0 0.935112 0.038669 0.053839 0.077338
0 0.418517 0.655816 0.049267 0.080084
0 0.321170 0.575114 0.050313 0.078517
0 0.397091 0.768042 0.044010 0.076474
0 0.372315 0.071714 0.051904 0.072325
0 0.721072 0.057431 0.049802 0.079813
0 0.274381 0.293915 0.049071 0.087658
0 0.297037 0.771168 0.048983 0.078916
0 0.253923 0.889006 0.050516 0.084884
0 0.253813 0.203938 0.050331 0.082434
0 0.343087 0.743435 0.045483 0.068808
0 0.215812 0.111436 0.052105 0.082984
0 0.018432 0.105977 0.036821 0.080028
0 0.667718 0.956519 0.050568 0.082019
0 0.562259 0.680271 0.046562 0.071380
0 0.308833 0.959954 0.054442 0.076464
0 0.715731 0.557424 0.050887 0.082436
0 0.747217 0.778022 0.045776 0.070817
0 0.126932 0.202387 0.052916 0.081570
0 0.427399 0.079252 0.046719 0.074897
0 0.464843 0.624140 0.050708 0.082678
0 0.202996 0.192347 0.044727 0.078316
0 0.579182 0.220534 0.054135 0.078286
0 0.781170 0.477035 0.053247 0.077246
0 0.137389 0.121437 0.052357 0.074902
0 0.660088 0.831478 0.047275 0.080244
0 0.196509 0.958938 0.047821 0.078242
0 0.939984 0.717285 0.051234 0.074125
0 0.555915 0.325017 0.047107 0.074951
0 0.144674 0.965969 0.048692 0.064757
0 0.967529 0.890982 0.047496 0.074814
0 0.515412 0.851954 0.050699 0.084089
0 0.559080 0.756747 0.050314 0.076023
0 0.434109 0.932976 0.053012 0.083763
0 0.155950 0.339143 0.048536 0.081151
0 0.054958 0.612550 0.049627 0.080123
0 0.912765 0.326945 0.048375 0.079761
0 0.473894 0.063440 0.044712 0.080101
0 0.729986 0.137301 0.046015 0.071859
0 0.367836 0.592027 0.047104 0.083391
0 0.306585 0.150159 0.049763 0.078469
0 0.593181 0.121329 0.048477 0.079715
0 0.869325 0.815687 0.050356 0.077476
0 0.484315 0.548690 0.053588 0.077934
0 0.246027 0.770670 0.046870 0.078056
0 0.578051 0.441958 0.049098 0.081035
0 0.606185 0.280646 0.051789 0.073444
0 0.349407 0.669786 0.049336 0.073052
0 0.776575 0.181857 0.049981 0.080547
0 0.446827 0.772520 0.046519 0.073581
0 0.815606 0.139078 0.050414 0.081740
0 0.521113 0.387473 0.051794 0.081874
0 0.767898 0.692829 0.053652 0.082575
0 0.543888 0.125006 0.046105 0.086343
0 0.887479 0.704073 0.048300 0.078255
0 0.910992 0.211490 0.046930 0.073856
0 0.621396 0.488883 0.046376 0.071585
0 0.551317 0.514665 0.052821 0.082277
0 0.103133 0.590924 0.046204 0.076850
0 0.774835 0.607942 0.050708 0.078200
0 0.442899 0.212530 0.049697 0.077995
0 0.785339 0.394403 0.048939 0.080539
0 0.675654 0.602022 0.044662 0.079295
0 0.821363 0.706874 0.047818 0.076323
0 0.204506 0.370334 0.045515 0.075656
0 0.205456 0.582203 0.050753 0.084574
0 0.317984 0.462179 0.055615 0.091968
0 0.374111 0.151593 0.050255 0.077636
0 0.163589 0.428294 0.051993 0.078733
0 0.457902 0.135619 0.045834 0.072565
0 0.839491 0.229942 0.047630 0.076225
0 0.370351 0.440742 0.045877 0.074120
0 0.647644 0.151843 0.048322 0.080429
0 0.712894 0.400511 0.049742 0.079110
0 0.913408 0.131667 0.049866 0.077686
0 0.315108 0.340829 0.050368 0.082018
0 0.936052 0.642365 0.046927 0.074625
0 0.615737 0.689188 0.052893 0.077136
0 0.641224 0.400721 0.051857 0.085716
0 0.955507 0.413341 0.048648 0.079599
0 0.151557 0.579349 0.048809 0.081140
0 0.082206 0.249449 0.051863 0.082196
0 0.955846 0.274156 0.043937 0.080175
0 0.864787 0.352310 0.049662 0.080062
0 0.860316 0.553554 0.049906 0.084108
0 0.536490 0.950507 0.053132 0.085283
0 0.963203 0.495395 0.051407 0.085902
0 0.711583 0.311740 0.051556 0.078391
0 0.812006 0.562217 0.045495 0.085530
0 0.868368 0.469370 0.053612 0.083240
0 0.497544 0.251313 0.053987 0.083319
0 0.958667 0.186832 0.050871 0.081407
5 0.403295 0.287247 0.069409 0.126341
1 0.631800 0.883790 0.050692 0.096544
1 0.623611 0.604887 0.062391 0.106079
1 0.251218 0.647795 0.050692 0.091776