0 0.990994 0.506818 0.016286 0.068210
0 0.002982 0.678352 0.005965 0.045918
0 0.003335 0.891667 0.006670 0.055613
0 0.996262 0.334263 0.006573 0.056000
0 0.993646 0.866553 0.011547 0.081368
0 0.774142 0.003740 0.029302 0.007481
0 0.037127 0.475799 0.051969 0.079838
0 0.013787 0.335004 0.027572 0.072926
0 0.988291 0.600667 0.021590 0.070586
0 0.653167 0.979301 0.050013 0.038084
0 0.386722 0.992088 0.033884 0.013018
0 0.539368 0.991845 0.031845 0.013457
0 0.291029 0.990459 0.040749 0.016143
0 0.102451 0.712945 0.046421 0.078750
0 0.589447 0.989342 0.044214 0.018288
0 0.112828 0.971891 0.054287 0.052755
0 0.949952 0.015981 0.047244 0.031962
0 0.894762 0.254645 0.050361 0.072050
0 0.050137 0.987211 0.043562 0.022321
0 0.012249 0.967921 0.024498 0.061099
0 0.820560 0.986979 0.048491 0.022764
0 0.116826 0.009101 0.042986 0.018202
0 0.291043 0.417244 0.049056 0.089191
0 0.162673 0.986093 0.043466 0.024584
0 0.899208 0.495051 0.049260 0.072618
0 0.013152 0.727197 0.026272 0.071803
0 0.816325 0.011566 0.043661 0.023133
0 0.892687 0.011888 0.046701 0.023775
0 0.022976 0.026206 0.043843 0.052324
0 0.986370 0.264124 0.025325 0.072073
0 0.214076 0.578252 0.045277 0.075526
0 0.187560 0.811665 0.048119 0.077818
0 0.624911 0.018093 0.047253 0.036185
0 0.433119 0.978985 0.057693 0.038627
0 0.681163 0.166466 0.053212 0.067061
0 0.022619 0.806514 0.045238 0.073781
0 0.334827 0.763156 0.047968 0.065084
0 0.465179 0.348408 0.051799 0.058617
0 0.075976 0.319387 0.056490 0.076413
0 0.984181 0.766956 0.029754 0.082771
0 0.211897 0.978857 0.048645 0.039070
0 0.051345 0.695449 0.051981 0.079939
0 0.149975 0.660486 0.051581 0.072801
0 0.120900 0.604929 0.046751 0.066902
0 0.023974 0.630667 0.047935 0.071450
0 0.787902 0.923403 0.048450 0.074224
0 0.576427 0.014554 0.045170 0.029108
0 0.930407 0.976048 0.052249 0.044520
0 0.495079 0.465509 0.043385 0.076877
0 0.372654 0.903880 0.051471 0.080014
0 0.069886 0.023444 0.045021 0.046888
0 0.466319 0.429366 0.042301 0.073552
0 0.030587 0.561693 0.044707 0.066563
0 0.979794 0.055920 0.038630 0.086923
0 0.039605 0.371355 0.043156 0.077346
0 0.136390 0.799813 0.046449 0.074915
0 0.948800 0.741099 0.042576 0.089026
0 0.129292 0.534411 0.044551 0.069159
0 0.908691 0.702591 0.052843 0.071981
0 0.313397 0.335479 0.047771 0.062756
0 0.742657 0.886493 0.046665 0.070188
0 0.272612 0.568731 0.046108 0.095735
0 0.178713 0.722706 0.051600 0.083694
0 0.674405 0.031480 0.050908 0.062961
0 0.824619 0.730103 0.044366 0.071150
0 0.118926 0.900406 0.055444 0.082347
0 0.332279 0.688811 0.053568 0.077179
0 0.167605 0.571830 0.043951 0.079327
0 0.496213 0.664454 0.051707 0.075831
0 0.040568 0.912638 0.051811 0.079952
0 0.133580 0.145936 0.047237 0.077819
0 0.392837 0.013521 0.051641 0.027000
0 0.967000 0.850395 0.047739 0.080208
0 0.361124 0.826384 0.049515 0.073020
0 0.777033 0.403898 0.049242 0.059912
0 0.181011 0.900434 0.049283 0.080333
0 0.478795 0.735396 0.049128 0.070791
0 0.267506 0.672517 0.049286 0.080829
0 0.083978 0.505215 0.047715 0.068622
0 0.430380 0.924644 0.048735 0.071491
0 0.688373 0.773725 0.058987 0.079250
0 0.233479 0.503317 0.054863 0.076651
0 0.501226 0.970219 0.049260 0.056174
0 0.699629 0.694983 0.047937 0.071525
0 0.283279 0.841102 0.046783 0.077882
0 0.518563 0.395637 0.051230 0.078444
0 0.645533 0.272374 0.043493 0.069902
0 0.412966 0.666418 0.054029 0.075295
0 0.811702 0.818458 0.047025 0.074837
0 0.376038 0.727799 0.045647 0.078293
0 0.150985 0.439606 0.049562 0.080015
0 0.977345 0.684735 0.043250 0.077194
0 0.310821 0.524021 0.058148 0.067181
0 0.288889 0.928922 0.055467 0.086738
0 0.806363 0.140560 0.050247 0.066356
0 0.266510 0.144865 0.051215 0.063027
0 0.738063 0.242774 0.058906 0.073103
0 0.316742 0.600691 0.047310 0.079184
0 0.839183 0.942171 0.046223 0.071767
0 0.541903 0.881230 0.051114 0.075815
0 0.607008 0.780562 0.048523 0.075279
0 0.202561 0.449812 0.054370 0.073566
0 0.642015 0.618390 0.049810 0.078616
0 0.727664 0.545118 0.051016 0.077513
0 0.738081 0.176426 0.047600 0.062527
0 0.749507 0.963668 0.049423 0.069227
0 0.134020 0.059264 0.051151 0.084694
0 0.918816 0.829026 0.048508 0.071271
0 0.585740 0.070047 0.051791 0.076719
0 0.897472 0.937968 0.050426 0.073449
0 0.542069 0.484958 0.049517 0.071686
0 0.137477 0.362820 0.052308 0.074585
0 0.743273 0.319217 0.047238 0.074322
0 0.801180 0.065046 0.046356 0.075810
0 0.208574 0.659254 0.051671 0.074928
0 0.232127 0.899345 0.047056 0.083772
0 0.605310 0.251176 0.050642 0.070926
0 0.625508 0.555726 0.050236 0.084967
0 0.479803 0.901973 0.048363 0.073295
0 0.028551 0.120588 0.047362 0.073066
0 0.261492 0.211103 0.050556 0.067200
0 0.617379 0.382656 0.046131 0.078890
0 0.177183 0.171759 0.050818 0.080330
0 0.977680 0.959623 0.042674 0.075210
0 0.519904 0.550229 0.048919 0.078474
0 0.960795 0.170955 0.056702 0.067780
0 0.074187 0.819476 0.049485 0.078931
0 0.912190 0.628851 0.051876 0.073739
0 0.561997 0.696369 0.052794 0.079422
0 0.200915 0.233972 0.049595 0.080825
0 0.806351 0.658392 0.051257 0.077173
0 0.692013 0.614795 0.048666 0.074812
0 0.826078 0.355947 0.050820 0.078793
0 0.950683 0.227003 0.056840 0.065513
0 0.198081 0.375838 0.049374 0.070112
0 0.326795 0.457860 0.062015 0.071199
0 0.796638 0.293810 0.058196 0.078516
0 0.850988 0.175231 0.049285 0.079367
0 0.082371 0.115559 0.049992 0.073154
0 0.859828 0.838503 0.048375 0.080327
0 0.602956 0.946982 0.049828 0.072443
0 0.308395 0.174619 0.045898 0.081642
0 0.570219 0.386952 0.046108 0.081301
0 0.467233 0.557150 0.051353 0.080762
0 0.459051 0.301128 0.055704 0.060903
0 0.588960 0.193855 0.054109 0.066049
0 0.671029 0.911276 0.050962 0.078787
0 0.165810 0.303664 0.051285 0.078092
0 0.511562 0.790612 0.048025 0.079142
0 0.869298 0.388876 0.048908 0.080637
0 0.599061 0.865557 0.047175 0.070187
0 0.314377 0.267206 0.048981 0.067886
0 0.694495 0.283053 0.050032 0.080520
0 0.776755 0.572591 0.045389 0.070350
0 0.561471 0.316615 0.046617 0.070927
0 0.921422 0.413990 0.044913 0.081326
0 0.413442 0.562335 0.048843 0.072940
0 0.937542 0.548581 0.048297 0.080924
0 0.878346 0.327111 0.049553 0.067575
0 0.476198 0.229954 0.052178 0.078426
0 0.640596 0.338407 0.058242 0.069369
0 0.248970 0.083159 0.058217 0.084175
0 0.617157 0.709426 0.046407 0.070039
0 0.762532 0.720914 0.057451 0.079559
0 0.371136 0.049849 0.054836 0.069725
0 0.751504 0.057704 0.050319 0.077914
0 0.675005 0.543701 0.048475 0.075211
0 0.749395 0.625746 0.051328 0.070492
0 0.664410 0.459600 0.051494 0.080526
0 0.514438 0.313038 0.044289 0.076839
0 0.100303 0.252647 0.053338 0.078583
0 0.983059 0.422228 0.031840 0.077556
0 0.339964 0.113277 0.057940 0.078298
0 0.366338 0.308766 0.050349 0.073417
0 0.840422 0.481872 0.049182 0.073269
0 0.560100 0.791672 0.045781 0.079752
0 0.526403 0.085219 0.051320 0.074407
0 0.731162 0.466108 0.051923 0.075053
0 0.784115 0.482078 0.051025 0.081689
0 0.709643 0.401055 0.052404 0.074312
0 0.423684 0.232744 0.050174 0.076248
0 0.428258 0.091310 0.049228 0.070873
0 0.506456 0.167941 0.058383 0.078715
0 0.614713 0.139188 0.052208 0.078794
0 0.425014 0.158424 0.056731 0.066152
0 0.899682 0.140017 0.055662 0.080514
0 0.543191 0.241032 0.051217 0.078661
0 0.952130 0.346678 0.047201 0.070286
1 0.344257 0.367263 0.062352 0.079808
1 0.573790 0.556657 0.055337 0.089337
1 0.415572 0.869336 0.053779 0.088146
1 0.715250 0.838366 0.049882 0.066705
1 0.759287 0.798462 0.061573 0.072661
1 0.869571 0.734735 0.040529 0.095293
1 0.796308 0.205861 0.062352 0.097675
1 0.963099 0.112951 0.065470 0.078616
4 0.410895 0.381557 0.114572 0.158424