0 0.003118 0.605049 0.006236 0.056841
0 0.182586 0.002907 0.036196 0.005784
0 0.994510 0.950880 0.009546 0.063103
0 0.398061 0.003017 0.036644 0.006033
0 0.404902 0.990318 0.038213 0.016455
0 0.482724 0.985130 0.042736 0.026763
0 0.989692 0.035682 0.019114 0.070907
0 0.266343 0.959918 0.055432 0.076630
0 0.736166 0.007231 0.040014 0.014462
0 0.220687 0.506293 0.055677 0.082759
0 0.957048 0.386610 0.051838 0.080570
0 0.534922 0.825576 0.050341 0.087421
0 0.569685 0.985234 0.047038 0.026422
0 0.895014 0.016737 0.047205 0.033473
0 0.020073 0.885416 0.040147 0.079154
0 0.353267 0.027304 0.059380 0.054564
0 0.631054 0.980503 0.047719 0.035769
0 0.825986 0.978234 0.049803 0.040210
0 0.024131 0.446494 0.048263 0.088208
0 0.218628 0.977114 0.044338 0.042612
0 0.859923 0.654973 0.053953 0.081124
0 0.972474 0.667312 0.052212 0.085543
0 0.372760 0.082468 0.048482 0.076046
0 0.078192 0.041555 0.047436 0.073034
0 0.261712 0.073370 0.056467 0.079473
0 0.655012 0.651656 0.058080 0.067238
0 0.575028 0.414364 0.058464 0.079464
0 0.116519 0.097685 0.047759 0.075231
0 0.314843 0.117430 0.050773 0.067901
0 0.142183 0.033924 0.059958 0.067848
0 0.471787 0.294780 0.046952 0.075358
0 0.555882 0.027656 0.055375 0.055247
0 0.319072 0.933105 0.051735 0.073872
0 0.591657 0.665304 0.049334 0.082301
0 0.657475 0.577751 0.050290 0.072688
0 0.486038 0.420416 0.049135 0.081447
0 0.532588 0.536746 0.053607 0.079427
0 0.196493 0.072569 0.053575 0.084432
0 0.099318 0.356788 0.049326 0.081483
0 0.768120 0.666172 0.046053 0.070516
0 0.633019 0.144096 0.046213 0.068715
0 0.229842 0.587982 0.052765 0.075650
0 0.259279 0.857986 0.053132 0.090543
0 0.727269 0.913971 0.053482 0.083063
0 0.626136 0.348833 0.050802 0.080411
0 0.850449 0.039496 0.058321 0.077566
0 0.495659 0.658861 0.049644 0.082276
0 0.828821 0.897072 0.054483 0.085160
0 0.661318 0.452773 0.048399 0.078395
0 0.391874 0.378673 0.045232 0.082657
0 0.381152 0.597117 0.047181 0.074319
0 0.031719 0.627482 0.052514 0.075418
0 0.445255 0.509691 0.053219 0.079122
0 0.618308 0.219229 0.049815 0.078761
0 0.510253 0.346817 0.053690 0.072996
0 0.049744 0.519419 0.058100 0.080709
0 0.093334 0.688263 0.052546 0.078204
0 0.709997 0.605760 0.047914 0.076967
0 0.580269 0.755197 0.051755 0.075958
0 0.447199 0.223032 0.047387 0.078778
0 0.096388 0.931021 0.052701 0.081640
0 0.977768 0.569327 0.042322 0.080559
0 0.106833 0.813656 0.052674 0.082979
0 0.663992 0.850101 0.043301 0.071684
0 0.375380 0.820733 0.050263 0.078767
0 0.966552 0.132058 0.055622 0.068291
0 0.445371 0.948339 0.056546 0.086533
0 0.104825 0.442344 0.064148 0.079550
0 0.867153 0.407044 0.055652 0.089122
0 0.898794 0.588115 0.055754 0.081749
0 0.611530 0.925966 0.054242 0.073262
0 0.924559 0.456724 0.048184 0.073069
0 0.183988 0.671496 0.057384 0.087293
0 0.327479 0.221351 0.049425 0.078436
0 0.321897 0.400664 0.058625 0.093011
0 0.381064 0.273424 0.050401 0.079631
0 0.480937 0.871480 0.051017 0.078295
0 0.537809 0.171496 0.052144 0.083375
0 0.177335 0.203499 0.055442 0.078702
0 0.320389 0.499609 0.059752 0.081644
0 0.978415 0.478004 0.040954 0.079637
0 0.796952 0.501027 0.046415 0.080274
0 0.305929 0.751111 0.055388 0.084385
0 0.289647 0.569823 0.053887 0.082796
0 0.433786 0.047501 0.050495 0.078084
0 0.872752 0.510437 0.050025 0.080569
0 0.141229 0.612966 0.047984 0.084895
0 0.884000 0.816956 0.049598 0.075333
0 0.600583 0.513129 0.058219 0.086334
0 0.317234 0.309481 0.056517 0.080663
0 0.676939 0.364239 0.052189 0.087792
0 0.447683 0.132116 0.052338 0.078462
0 0.120226 0.527991 0.052090 0.083152
0 0.936815 0.207104 0.059033 0.084644
0 0.707418 0.111807 0.056539 0.087683
0 0.942166 0.294482 0.054202 0.080282
0 0.734745 0.478646 0.053250 0.086953
0 0.655588 0.271537 0.056773 0.087949
0 0.054318 0.291490 0.057139 0.083284
0 0.171690 0.301222 0.052142 0.082232
1 0.122927 0.315256 0.048353 0.089392
1 0.728115 0.734207 0.065510 0.066746
2 0.560051 0.228248 0.024176 0.039333
2 0.418892 0.810489 0.027296 0.038141
2 0.673524 0.703218 0.028076 0.042908
2 0.744883 0.039333 0.033535 0.047676