0 0.996734 0.831650 0.005449 0.047362
0 0.169095 0.002971 0.030075 0.005832
0 0.992716 0.953832 0.013109 0.076110
0 0.009488 0.031909 0.018975 0.062375
0 0.272248 0.002240 0.035852 0.004411
0 0.910693 0.795288 0.051873 0.085821
0 0.009714 0.424456 0.019424 0.074584
0 0.946993 0.617786 0.059824 0.078453
0 0.005828 0.308104 0.011647 0.060411
0 0.734234 0.005478 0.031024 0.010957
0 0.201173 0.645517 0.046424 0.074627
0 0.989426 0.719255 0.019315 0.079590
0 0.990689 0.269912 0.016806 0.076682
0 0.231230 0.054333 0.058936 0.079612
0 0.284964 0.365542 0.056248 0.084265
0 0.496713 0.988651 0.040657 0.019678
0 0.321387 0.985524 0.044960 0.025750
0 0.147290 0.155329 0.050077 0.077254
0 0.701970 0.985506 0.050056 0.025959
0 0.985958 0.566666 0.026019 0.079003
0 0.175381 0.054603 0.047442 0.090607
0 0.023108 0.918638 0.046216 0.082377
0 0.812060 0.979287 0.054245 0.038096
0 0.841485 0.019622 0.047639 0.039183
0 0.465567 0.326041 0.050553 0.078492
0 0.225047 0.982851 0.047799 0.031087
0 0.384214 0.982690 0.057642 0.031191
0 0.523546 0.032542 0.055023 0.064874
0 0.102201 0.434343 0.048357 0.076082
0 0.044145 0.469203 0.050942 0.067075
0 0.984385 0.467943 0.029177 0.082543
0 0.046677 0.659664 0.056430 0.080262
0 0.121250 0.728710 0.044543 0.081307
0 0.051277 0.750540 0.058124 0.091411
0 0.174632 0.858846 0.053047 0.078661
0 0.030428 0.092453 0.053152 0.084430
0 0.049931 0.848779 0.059902 0.080739
0 0.215283 0.770084 0.048725 0.080347
0 0.110382 0.623926 0.049816 0.078916
0 0.773125 0.934660 0.058490 0.073262
0 0.588796 0.980627 0.053570 0.035335
0 0.110583 0.945527 0.047268 0.072903
0 0.362147 0.495244 0.045975 0.067548
0 0.327949 0.224997 0.043106 0.065195
0 0.262021 0.885418 0.053520 0.078906
0 0.622819 0.345962 0.049930 0.079114
0 0.355272 0.699059 0.050595 0.079802
0 0.416326 0.102431 0.047932 0.074534
0 0.439147 0.953944 0.048119 0.075588
0 0.568906 0.053177 0.048356 0.084278
0 0.491018 0.225636 0.055448 0.080531
0 0.347561 0.570495 0.049858 0.077959
0 0.056785 0.572441 0.049214 0.077640
0 0.670981 0.644664 0.053762 0.079352
0 0.966256 0.901422 0.052800 0.092398
0 0.176426 0.574118 0.047787 0.077979
0 0.239571 0.696883 0.053573 0.072290
0 0.384835 0.622093 0.056525 0.087366
0 0.695630 0.483247 0.055270 0.067891
0 0.304493 0.763643 0.058467 0.079064
0 0.118482 0.052272 0.050948 0.070661
0 0.216659 0.254188 0.050355 0.081586
0 0.685799 0.736163 0.051594 0.079951
0 0.653466 0.806064 0.048391 0.071867
0 0.177195 0.483612 0.053074 0.078052
0 0.978457 0.185862 0.041119 0.080379
0 0.522671 0.141709 0.055042 0.072221
0 0.390668 0.801957 0.048521 0.077545
0 0.809199 0.070739 0.050439 0.077192
0 0.518901 0.303199 0.051649 0.074696
0 0.386785 0.926285 0.050314 0.071868
0 0.266934 0.522804 0.052042 0.082493
0 0.596251 0.756292 0.056299 0.088569
0 0.383152 0.040180 0.059831 0.080163
0 0.817798 0.509155 0.053707 0.087182
0 0.560142 0.206749 0.053599 0.073385
0 0.782843 0.439088 0.057783 0.093431
0 0.261944 0.218942 0.043145 0.076401
0 0.710598 0.124470 0.053705 0.080789
0 0.711282 0.917800 0.052595 0.079850
0 0.436656 0.463176 0.056575 0.086975
0 0.406400 0.714037 0.052496 0.086679
0 0.627804 0.936356 0.056315 0.080433
0 0.872492 0.870583 0.048560 0.080907
0 0.125358 0.312537 0.055841 0.086136
0 0.162975 0.399860 0.050212 0.077807
0 0.440392 0.180134 0.050784 0.083439
0 0.665657 0.558057 0.058818 0.084224
0 0.579486 0.391242 0.058591 0.077998
0 0.048281 0.180739 0.053638 0.083057
0 0.711757 0.826972 0.050292 0.079368
0 0.384627 0.295518 0.057597 0.067155
0 0.759858 0.589622 0.057076 0.078757
0 0.601669 0.859470 0.050422 0.080154
0 0.767363 0.733147 0.053841 0.079039
0 0.356575 0.150452 0.054658 0.085476
0 0.865661 0.464530 0.052020 0.078234
0 0.696173 0.038776 0.055336 0.077553
0 0.923154 0.156925 0.056364 0.084440
0 0.803380 0.647407 0.053786 0.082807
0 0.464058 0.827708 0.052964 0.086144
0 0.330042 0.862143 0.057679 0.085697
0 0.526435 0.850110 0.046437 0.080339
0 0.918300 0.070637 0.052758 0.075932
0 0.860881 0.741610 0.051796 0.092926
0 0.974993 0.387182 0.047653 0.077888
0 0.701383 0.211449 0.051830 0.074763
0 0.735452 0.380440 0.053069 0.087383
0 0.661941 0.281489 0.061229 0.091589
0 0.782961 0.221884 0.059604 0.090373
2 0.472314 0.393325 0.028076 0.035757
2 0.290212 0.581645 0.025736 0.040524
2 0.806884 0.761621 0.026516 0.040524
2 0.905539 0.398093 0.030415 0.047676
1 0.303080 0.079261 0.049912 0.084625
1 0.151783 0.243743 0.046793 0.079857
1 0.083543 0.361740 0.064730 0.091776
1 0.802984 0.306317 0.057711 0.085816
1 0.843148 0.331943 0.050692 0.117998
1 0.876293 0.376639 0.053032 0.092968
1 0.858356 0.948749 0.046793 0.066746