0 0.444298 0.023254 0.052654 0.046452
0 0.002312 0.684932 0.004569 0.056174
0 0.711709 0.020469 0.051440 0.040939
0 0.010952 0.608151 0.021890 0.085407
0 0.586011 0.994578 0.028987 0.009445
0 0.010845 0.768190 0.021672 0.076248
0 0.901381 0.566404 0.052590 0.082322
0 0.900170 0.004877 0.040305 0.009753
0 0.494768 0.559438 0.035879 0.072610
0 0.466323 0.542692 0.050465 0.079175
0 0.216264 0.990641 0.042523 0.016790
0 0.476605 0.262183 0.050625 0.074265
0 0.318533 0.878983 0.052225 0.075728
0 0.514827 0.302303 0.043362 0.074933
0 0.134728 0.012386 0.047935 0.024772
0 0.819826 0.436837 0.057631 0.086480
0 0.575037 0.012333 0.051289 0.024663
0 0.037994 0.014856 0.045082 0.029712
0 0.246691 0.303844 0.045601 0.076616
0 0.478594 0.971183 0.059491 0.054632
0 0.165994 0.926791 0.054300 0.084437
0 0.024779 0.174464 0.049558 0.076753
0 0.128718 0.764291 0.052882 0.080490
0 0.105981 0.297101 0.054496 0.088442
0 0.858377 0.982866 0.052668 0.032135
0 0.016061 0.078734 0.032110 0.087206
0 0.122118 0.385671 0.049292 0.079321
0 0.738177 0.978231 0.055963 0.040253
0 0.501593 0.475680 0.046834 0.071205
0 0.376817 0.516806 0.041475 0.078331
0 0.874923 0.645053 0.053035 0.076277
0 0.140380 0.644551 0.050039 0.081484
0 0.534582 0.197027 0.053154 0.085454
0 0.581096 0.595053 0.052814 0.078991
0 0.036812 0.263623 0.058949 0.094283
0 0.311502 0.170621 0.047759 0.084186
0 0.408818 0.574164 0.048725 0.084123
0 0.542327 0.964418 0.049788 0.068031
0 0.776436 0.696585 0.056819 0.088433
0 0.270517 0.024764 0.055521 0.049500
0 0.490285 0.062989 0.049002 0.075320
0 0.657827 0.973702 0.052921 0.049862
0 0.870631 0.484117 0.056736 0.076698
0 0.677182 0.644822 0.054433 0.080184
0 0.346778 0.422276 0.049121 0.080531
0 0.102072 0.590439 0.054653 0.082216
0 0.933775 0.042170 0.057114 0.084064
0 0.762355 0.234757 0.047567 0.074053
0 0.121308 0.479446 0.054258 0.084882
0 0.752937 0.059464 0.055822 0.069710
0 0.193288 0.734423 0.062049 0.066647
0 0.190918 0.382666 0.052291 0.081971
0 0.449959 0.097521 0.051685 0.089196
0 0.103350 0.201469 0.048470 0.084159
0 0.533410 0.697044 0.055007 0.076707
0 0.975188 0.237854 0.047472 0.067889
0 0.160552 0.829044 0.049862 0.080050
0 0.979585 0.378450 0.038906 0.080640
0 0.594445 0.247041 0.051896 0.080760
0 0.220704 0.461123 0.057457 0.087081
0 0.310335 0.656245 0.055326 0.090685
0 0.590708 0.688101 0.046937 0.087067
0 0.806898 0.272096 0.050671 0.075966
0 0.267077 0.211083 0.053677 0.085068
0 0.282117 0.097190 0.054151 0.083284
0 0.351740 0.120637 0.055692 0.099324
0 0.670426 0.766066 0.050658 0.076351
0 0.963765 0.163529 0.053371 0.071528
0 0.756852 0.590061 0.048949 0.107026
0 0.257248 0.754121 0.056496 0.085744
0 0.727998 0.730127 0.051671 0.074657
0 0.190330 0.038240 0.051004 0.076479
0 0.054049 0.761627 0.055880 0.081013
0 0.333819 0.509349 0.047993 0.084751
0 0.444709 0.632562 0.051285 0.081482
0 0.978460 0.089688 0.041433 0.083415
0 0.652659 0.058662 0.051639 0.078863
0 0.359420 0.336881 0.050600 0.078400
0 0.683667 0.215733 0.055126 0.084874
0 0.478802 0.180122 0.052525 0.078711
0 0.395453 0.080560 0.050193 0.071853
0 0.909260 0.934055 0.054553 0.077494
0 0.566392 0.316869 0.050522 0.081526
0 0.195492 0.291094 0.052468 0.076143
0 0.577295 0.510537 0.053326 0.077234
0 0.847818 0.731482 0.049921 0.080385
0 0.976062 0.964955 0.045838 0.066930
0 0.715240 0.529364 0.056507 0.089636
0 0.637345 0.398581 0.057164 0.085137
0 0.507233 0.801154 0.052904 0.079484
0 0.234142 0.889831 0.055402 0.086984
0 0.662709 0.564137 0.052677 0.080745
0 0.321341 0.960955 0.057179 0.075217
0 0.820220 0.649369 0.050423 0.085654
0 0.634134 0.298208 0.054625 0.066776
0 0.768011 0.799836 0.053212 0.081716
0 0.542972 0.105450 0.049654 0.074827
0 0.687468 0.128178 0.051360 0.079643
0 0.527140 0.390753 0.051704 0.087024
0 0.962134 0.310012 0.053507 0.078357
0 0.191910 0.211664 0.052660 0.077565
0 0.693201 0.841573 0.056570 0.083625
0 0.834758 0.153457 0.058027 0.088709
0 0.901926 0.770205 0.051722 0.083728
0 0.914845 0.436362 0.056691 0.083971
0 0.604645 0.898625 0.053472 0.087336
0 0.383749 0.768582 0.052596 0.085979
0 0.701964 0.307893 0.055703 0.085466
0 0.954780 0.645793 0.050961 0.068752
0 0.961264 0.783751 0.057042 0.087015
0 0.891256 0.201165 0.054803 0.083840
0 0.329035 0.788878 0.049741 0.092137
0 0.852674 0.348843 0.052646 0.087405
5 0.404464 0.424911 0.074869 0.103695
2 0.125267 0.121573 0.023396 0.035757
2 0.789336 0.038141 0.027296 0.040524
2 0.608794 0.055423 0.029636 0.039333