0 0.996271 0.092307 0.006193 0.035977
0 0.994716 0.850549 0.009046 0.058514
0 0.009332 0.554671 0.018664 0.086645
0 0.354309 0.715388 0.047069 0.080855
0 0.981382 0.009194 0.035473 0.018388
0 0.007196 0.644904 0.014393 0.071062
0 0.774033 0.993318 0.033422 0.011114
0 0.008343 0.871296 0.016686 0.077171
0 0.007310 0.058422 0.014621 0.074109
0 0.364005 0.270979 0.057562 0.078567
0 0.121380 0.006831 0.037216 0.013657
0 0.123222 0.990351 0.041806 0.016604
0 0.657370 0.991863 0.037536 0.013733
0 0.246174 0.990172 0.045868 0.016911
0 0.707227 0.008799 0.039323 0.017598
0 0.979924 0.245195 0.038160 0.074082
0 0.805673 0.008871 0.040338 0.017742
0 0.476745 0.990829 0.041971 0.015557
0 0.257803 0.022755 0.049410 0.045484
0 0.370992 0.011521 0.047801 0.023042
0 0.040238 0.982698 0.053874 0.031344
0 0.986788 0.555036 0.024454 0.081687
0 0.017415 0.471063 0.034718 0.075711
0 0.466500 0.688035 0.051616 0.093765
0 0.636918 0.014839 0.049723 0.029679
0 0.105318 0.259409 0.046972 0.071111
0 0.408424 0.388551 0.064798 0.079869
0 0.019532 0.399097 0.039049 0.081949
0 0.923078 0.016037 0.048442 0.032073
0 0.542315 0.021709 0.059722 0.043418
0 0.050066 0.287400 0.058199 0.092155
0 0.469726 0.596795 0.054547 0.078236
0 0.272542 0.096985 0.047985 0.076249
0 0.189801 0.880662 0.048053 0.084235
0 0.883224 0.977692 0.049969 0.041557
0 0.302976 0.942469 0.055842 0.080183
0 0.531911 0.874484 0.046369 0.072630
0 0.192583 0.073408 0.053169 0.076699
0 0.588434 0.611893 0.052145 0.078334
0 0.047827 0.806185 0.056642 0.081211
0 0.455036 0.346497 0.058072 0.088856
0 0.854118 0.026581 0.049530 0.053147
0 0.408993 0.618070 0.051696 0.077537
0 0.025854 0.706599 0.051652 0.083253
0 0.984197 0.170605 0.029642 0.072194
0 0.344710 0.884709 0.055895 0.092867
0 0.198069 0.961156 0.047881 0.074395
0 0.980437 0.424821 0.036904 0.083462
0 0.100339 0.907417 0.049299 0.087314
0 0.324306 0.134821 0.053827 0.081242
0 0.103104 0.465449 0.051600 0.082532
0 0.037548 0.918016 0.054385 0.086764
0 0.477524 0.776762 0.053834 0.077981
0 0.645059 0.077497 0.046161 0.072851
0 0.098526 0.373916 0.052927 0.086638
0 0.539133 0.654469 0.051673 0.082713
0 0.300074 0.704012 0.052417 0.077064
0 0.340640 0.530623 0.053501 0.076810
0 0.928989 0.157111 0.052664 0.075936
0 0.295969 0.584840 0.054244 0.087126
0 0.144665 0.315516 0.053630 0.082081
0 0.173534 0.797004 0.055453 0.085888
0 0.109319 0.791313 0.056703 0.091528
0 0.170822 0.651957 0.051838 0.085706
0 0.463255 0.518652 0.051323 0.083355
0 0.205413 0.442786 0.055031 0.074587
0 0.898061 0.914964 0.050730 0.076757
0 0.420076 0.755532 0.055011 0.091322
0 0.093302 0.041304 0.052908 0.080924
0 0.348046 0.973207 0.051548 0.050336
0 0.862318 0.567250 0.052220 0.094489
0 0.860504 0.102102 0.047906 0.071830
0 0.408866 0.974020 0.056351 0.048591
0 0.231215 0.600753 0.055179 0.090838
0 0.763184 0.527793 0.057773 0.090043
0 0.446353 0.849145 0.053566 0.076138
0 0.803245 0.607134 0.049834 0.077517
0 0.807894 0.949488 0.045218 0.075731
0 0.664217 0.850849 0.050601 0.075616
0 0.838202 0.399185 0.051954 0.077437
0 0.976230 0.644617 0.045277 0.087854
0 0.581424 0.433246 0.058332 0.077164
0 0.667943 0.929911 0.051004 0.071882
0 0.760351 0.183153 0.053819 0.083470
0 0.281389 0.414147 0.054577 0.083321
0 0.228686 0.742859 0.059451 0.090522
0 0.785370 0.077754 0.046653 0.088179
0 0.337355 0.045436 0.051966 0.089151
0 0.375603 0.810815 0.054464 0.076506
0 0.732646 0.662063 0.058989 0.091676
0 0.724588 0.908059 0.052259 0.073165
0 0.714384 0.815145 0.050282 0.078502
0 0.146494 0.539968 0.051149 0.080462
0 0.641427 0.774137 0.057938 0.093211
0 0.038624 0.170798 0.051169 0.081067
0 0.540307 0.236636 0.059665 0.083951
0 0.970816 0.323562 0.053049 0.076372
0 0.497388 0.298465 0.052005 0.080485
0 0.198834 0.188032 0.050845 0.074232
0 0.713975 0.344395 0.062461 0.083933
0 0.703661 0.113111 0.047370 0.079486
0 0.711716 0.433271 0.052522 0.082422
0 0.280513 0.220781 0.054889 0.088261
0 0.212213 0.271568 0.048191 0.076708
0 0.368835 0.187685 0.053321 0.077197
0 0.895205 0.360549 0.048947 0.079674
0 0.954199 0.728214 0.053539 0.085010
0 0.571522 0.535624 0.057508 0.088967
0 0.942038 0.076010 0.047315 0.076941
0 0.641424 0.311290 0.051701 0.086177
0 0.776886 0.307736 0.059714 0.083578
0 0.131145 0.190790 0.055745 0.090482
0 0.913643 0.479371 0.055838 0.077431
0 0.865624 0.724068 0.054050 0.092027
0 0.676520 0.239738 0.064868 0.079030
0 0.562436 0.149354 0.054427 0.088276
0 0.909486 0.827817 0.051441 0.086559
2 0.187267 0.495828 0.021057 0.033373
2 0.920746 0.239571 0.032755 0.047676
2 0.669624 0.390942 0.029636 0.033373
2 0.600605 0.738975 0.024176 0.035757
2 0.681323 0.974374 0.020277 0.029797
2 0.779198 0.923123 0.031975 0.046484
4 0.403295 0.483313 0.105284 0.153754
1 0.080423 0.110250 0.063170 0.084625