0 0.004217 0.921546 0.008433 0.055661
0 0.656793 0.315536 0.051938 0.071219
0 0.680064 0.287794 0.049267 0.083265
0 0.004733 0.722513 0.009466 0.062876
0 0.214824 0.006794 0.039811 0.013589
0 0.223726 0.994598 0.029818 0.009096
0 0.559923 0.004567 0.030531 0.009134
0 0.436295 0.306385 0.054951 0.069317
0 0.219693 0.083981 0.044543 0.069052
0 0.435739 0.253965 0.047899 0.068036
0 0.732860 0.086352 0.049587 0.069877
0 0.028805 0.254232 0.055387 0.080576
0 0.990767 0.861385 0.016785 0.063297
0 0.991562 0.766450 0.015260 0.074466
0 0.199161 0.932241 0.058325 0.073893
0 0.015625 0.212414 0.031191 0.079129
0 0.688251 0.564971 0.051615 0.067443
0 0.032774 0.011090 0.050349 0.022110
0 0.727712 0.030923 0.050120 0.061636
0 0.310677 0.010455 0.054481 0.020911
0 0.320688 0.772764 0.049066 0.073534
0 0.074545 0.046108 0.060583 0.092096
0 0.047262 0.985686 0.045088 0.025686
0 0.205987 0.039301 0.044558 0.078393
0 0.622185 0.011212 0.047549 0.022394
0 0.171509 0.963401 0.054488 0.069954
0 0.133002 0.127942 0.048273 0.071117
0 0.629411 0.203572 0.047565 0.071392
0 0.580325 0.542203 0.053067 0.076911
0 0.378252 0.647708 0.049111 0.076031
0 0.733016 0.692401 0.046666 0.079389
0 0.321765 0.703665 0.046041 0.077992
0 0.674436 0.515709 0.050378 0.077116
0 0.184764 0.110816 0.050080 0.072483
0 0.061169 0.133057 0.077029 0.080638
0 0.051416 0.734587 0.051533 0.078431
0 0.016443 0.799505 0.032887 0.079929
0 0.039748 0.488778 0.049526 0.085653
0 0.643747 0.129632 0.046581 0.075840
0 0.378141 0.104206 0.052209 0.086841
0 0.336623 0.148693 0.057677 0.078157
0 0.044661 0.924531 0.053238 0.084039
0 0.023983 0.559397 0.047965 0.095177
0 0.110625 0.576196 0.053951 0.082923
0 0.318643 0.217992 0.048358 0.077017
0 0.361066 0.598829 0.059077 0.064762
0 0.212371 0.574669 0.045246 0.074886
0 0.089026 0.208370 0.049331 0.070788
0 0.259509 0.819826 0.068955 0.108143
0 0.101181 0.757216 0.051607 0.077333
0 0.145281 0.522181 0.046400 0.079298
0 0.120025 0.662636 0.055380 0.079806
0 0.676197 0.976601 0.045310 0.043570
0 0.229752 0.650759 0.043177 0.078473
0 0.344546 0.051416 0.050971 0.085024
0 0.426476 0.875488 0.044258 0.094906
0 0.660501 0.056400 0.050436 0.083570
0 0.656863 0.796018 0.045270 0.083450
0 0.114289 0.452676 0.051145 0.080300
0 0.689542 0.147529 0.042282 0.072077
0 0.134862 0.044493 0.045804 0.082145
0 0.036486 0.364185 0.050925 0.077262
0 0.793790 0.123383 0.063560 0.109299
0 0.528108 0.467053 0.054664 0.084324
0 0.249261 0.149361 0.052851 0.075859
0 0.391036 0.220360 0.049027 0.081423
0 0.348729 0.895797 0.045066 0.075509
0 0.422909 0.963934 0.053716 0.068890
0 0.166896 0.843581 0.052596 0.077914
0 0.371221 0.521698 0.045808 0.089863
0 0.374242 0.963208 0.049028 0.069716
0 0.596536 0.229954 0.053404 0.084308
0 0.288069 0.089109 0.049849 0.083205
0 0.829451 0.619250 0.047853 0.069608
0 0.868653 0.025953 0.047121 0.051905
0 0.106556 0.842490 0.053437 0.080221
0 0.299629 0.874759 0.049216 0.074000
0 0.807506 0.762353 0.057577 0.085331
0 0.890359 0.654414 0.052729 0.075186
0 0.175721 0.631544 0.052845 0.076560
0 0.627636 0.961674 0.048020 0.073404
0 0.569028 0.103372 0.049255 0.072214
0 0.984103 0.180994 0.029954 0.076293
0 0.930619 0.966019 0.044043 0.065102
0 0.750407 0.169772 0.051988 0.073159
0 0.812658 0.030837 0.052159 0.061674
0 0.811776 0.856689 0.051395 0.082975
0 0.856208 0.536652 0.042219 0.074248
0 0.271965 0.687831 0.049631 0.082218
0 0.772137 0.646530 0.048617 0.079410
0 0.412542 0.036440 0.049554 0.072730
0 0.483876 0.051739 0.050092 0.083051
0 0.804096 0.544075 0.046523 0.081075
0 0.879098 0.242093 0.044094 0.074588
0 0.456617 0.447580 0.040941 0.070170
0 0.471647 0.910221 0.054497 0.090181
0 0.193344 0.336832 0.056377 0.088046
0 0.871948 0.960593 0.049700 0.075732
0 0.458985 0.718496 0.050111 0.070876
0 0.429813 0.661341 0.051760 0.073185
0 0.089826 0.350093 0.045628 0.086861
0 0.548125 0.677323 0.048458 0.077084
0 0.462177 0.804780 0.056266 0.075828
0 0.705613 0.761043 0.053755 0.079819
0 0.264663 0.951413 0.053905 0.078953
0 0.245694 0.439381 0.053089 0.082115
0 0.975545 0.937866 0.047137 0.083717
0 0.394080 0.812993 0.048672 0.077316
0 0.717959 0.955657 0.050721 0.067045
0 0.932397 0.028445 0.054221 0.056889
0 0.738158 0.407935 0.055164 0.085531
0 0.982515 0.441516 0.032947 0.081932
0 0.538214 0.216143 0.049833 0.087375
0 0.714277 0.866259 0.055365 0.075633
0 0.785809 0.231405 0.057553 0.081188
0 0.797826 0.453795 0.054152 0.076999
0 0.620522 0.870997 0.060424 0.082936
0 0.267020 0.570796 0.054252 0.082261
0 0.391355 0.730020 0.052978 0.081588
0 0.975665 0.689806 0.046144 0.085447
0 0.678274 0.422429 0.061333 0.081111
0 0.545364 0.974518 0.054551 0.047939
0 0.375129 0.309799 0.056529 0.083942
0 0.522921 0.563026 0.054174 0.082467
0 0.568008 0.761098 0.049502 0.087210
0 0.557351 0.377299 0.052187 0.076776
0 0.929262 0.849430 0.057760 0.081247
0 0.854957 0.710833 0.060638 0.080208
0 0.760787 0.813777 0.053365 0.082686
0 0.602057 0.458378 0.054290 0.070723
0 0.887095 0.316630 0.050967 0.077593
0 0.595836 0.319931 0.056754 0.071551
0 0.482696 0.212675 0.049786 0.085250
0 0.943718 0.615134 0.052204 0.083788
0 0.846078 0.414354 0.047490 0.085161
0 0.940655 0.251222 0.055747 0.084669
0 0.932723 0.135816 0.068973 0.061510
0 0.939696 0.391421 0.052796 0.080592
0 0.255853 0.325422 0.056896 0.086915
0 0.405496 0.466105 0.058170 0.087093
3 0.197406 0.737187 0.124001 0.146603
2 0.730845 0.286651 0.047573 0.075089
2 0.878633 0.373063 0.029636 0.040524
2 0.933614 0.500000 0.038214 0.060787
2 0.639989 0.634684 0.029636 0.046484
2 0.895400 0.824195 0.028856 0.036949
2 0.527686 0.747318 0.021837 0.038141
2 0.566290 0.884386 0.031975 0.052443
4 0.157242 0.233015 0.110743 0.179976
1 0.600995 0.646007 0.049912 0.073897
1 0.689901 0.647199 0.051472 0.078665
1 0.899300 0.506555 0.038214 0.078665