0 0.996036 0.851677 0.007110 0.059490
0 0.008136 0.124672 0.016272 0.084360
0 0.001958 0.697699 0.003917 0.072108
0 0.994506 0.942119 0.009549 0.056930
0 0.990924 0.991923 0.016585 0.013697
0 0.005092 0.834788 0.010185 0.066827
0 0.611058 0.002937 0.048573 0.005874
0 0.613904 0.143381 0.057918 0.070108
0 0.273536 0.001857 0.044671 0.003662
0 0.824611 0.016254 0.048097 0.032509
0 0.989151 0.336133 0.019993 0.072127
0 0.730532 0.920367 0.056758 0.088658
0 0.029478 0.982577 0.050675 0.031840
0 0.731301 0.012966 0.043686 0.025931
0 0.202030 0.983066 0.054517 0.030822
0 0.879531 0.020041 0.050975 0.040081
0 0.012361 0.034979 0.024722 0.069924
0 0.560866 0.984672 0.042230 0.027623
0 0.152932 0.952477 0.052310 0.081641
0 0.987336 0.063153 0.023644 0.081713
0 0.675585 0.012700 0.048526 0.025400
0 0.013431 0.933627 0.026862 0.077384
0 0.102962 0.951559 0.048465 0.079530
0 0.975926 0.224563 0.046149 0.076492
0 0.429420 0.395452 0.048957 0.074851
0 0.918570 0.981008 0.052753 0.035138
0 0.098832 0.025433 0.054788 0.050865
0 0.048787 0.398746 0.058386 0.084941
0 0.982129 0.574811 0.033681 0.077024
0 0.366723 0.797358 0.043312 0.073514
0 0.420051 0.750315 0.049795 0.079668
0 0.763029 0.369006 0.059760 0.100614
0 0.283315 0.881728 0.052584 0.080539
0 0.077103 0.853303 0.052499 0.080011
0 0.464099 0.898306 0.056799 0.080840
0 0.674292 0.069710 0.049515 0.075665
0 0.229769 0.411260 0.048470 0.077364
0 0.813358 0.853716 0.051956 0.077122
0 0.035247 0.206908 0.047837 0.073802
0 0.924249 0.465994 0.048177 0.083285
0 0.234204 0.728511 0.049750 0.076486
0 0.327548 0.366257 0.051870 0.084301
0 0.793469 0.274923 0.050373 0.075978
0 0.166821 0.871489 0.053161 0.081602
0 0.094515 0.199981 0.054379 0.075203
0 0.354425 0.887052 0.051301 0.080915
0 0.675187 0.604008 0.047650 0.082295
0 0.783004 0.768340 0.050316 0.080228
0 0.586479 0.436573 0.056797 0.080842
0 0.274103 0.336153 0.052690 0.087107
0 0.485652 0.285513 0.045057 0.070954
0 0.510891 0.705512 0.043717 0.067427
0 0.649577 0.797276 0.053400 0.075007
0 0.160589 0.216052 0.049991 0.079071
0 0.636027 0.958876 0.053539 0.078545
0 0.149051 0.399142 0.054054 0.082786
0 0.067742 0.126755 0.059299 0.087443
0 0.974795 0.408706 0.048342 0.076851
0 0.852263 0.303245 0.055266 0.084458
0 0.388791 0.485412 0.051213 0.082411
0 0.983439 0.149295 0.031303 0.079306
0 0.604678 0.321660 0.048091 0.075047
0 0.735857 0.818357 0.050157 0.074649
0 0.569624 0.664741 0.053111 0.085941
0 0.745683 0.458884 0.054175 0.070211
0 0.622499 0.604735 0.052469 0.088007
0 0.954398 0.924863 0.056376 0.085801
0 0.303325 0.660055 0.054438 0.080949
0 0.503508 0.635877 0.052685 0.067238
0 0.427858 0.141290 0.049031 0.081189
0 0.081429 0.469946 0.055150 0.079638
0 0.109413 0.308568 0.055541 0.082653
0 0.872172 0.506609 0.049685 0.074893
0 0.682017 0.731966 0.047248 0.075936
0 0.864096 0.176113 0.049716 0.079643
0 0.381332 0.051363 0.049669 0.079106
0 0.807662 0.430187 0.054501 0.081401
0 0.509919 0.560301 0.049335 0.074565
0 0.614155 0.521797 0.048253 0.074831
0 0.512730 0.037775 0.053555 0.075549
0 0.166227 0.583402 0.052504 0.080121
0 0.195738 0.667640 0.052475 0.086639
0 0.585313 0.908857 0.056896 0.074764
0 0.740290 0.710274 0.057280 0.086717
0 0.661828 0.200258 0.056446 0.086709
0 0.561630 0.511143 0.048988 0.080731
0 0.402590 0.290181 0.052549 0.074887
0 0.758722 0.180328 0.050492 0.075708
0 0.923446 0.230267 0.045529 0.081571
0 0.042428 0.310559 0.055604 0.082953
0 0.245663 0.169364 0.058440 0.094181
0 0.211207 0.289861 0.055196 0.081707
0 0.457387 0.062778 0.052207 0.092043
0 0.305205 0.520315 0.050703 0.084987
0 0.940081 0.799149 0.048394 0.072088
0 0.456157 0.230504 0.050954 0.081494
0 0.694486 0.372956 0.051309 0.083928
0 0.731726 0.620387 0.051076 0.080340
0 0.333981 0.131637 0.058673 0.088584
0 0.315591 0.249276 0.048824 0.082579
0 0.540565 0.228163 0.052359 0.072589
0 0.650454 0.291165 0.047898 0.090068
1 0.270715 0.601907 0.050692 0.047676
1 0.464125 0.727652 0.052252 0.091776
2 0.184538 0.359952 0.029636 0.042908
2 0.363131 0.312872 0.026516 0.046484
2 0.560051 0.364720 0.025736 0.042908
2 0.685222 0.296186 0.021837 0.039333
2 0.905929 0.642431 0.035875 0.054827
2 0.892281 0.858164 0.021057 0.030989
2 0.877853 0.941001 0.023396 0.034565
2 0.968319 0.977950 0.024956 0.027414
2 0.993518 0.279499 0.012964 0.046484
2 0.282803 0.620977 0.021837 0.033373