0 0.997478 0.816864 0.004910 0.089764
0 0.997493 0.672251 0.004956 0.081168
0 0.063880 0.312818 0.051251 0.068201
0 0.002360 0.804135 0.004720 0.070268
0 0.326492 0.002661 0.036732 0.005151
0 0.498618 0.001957 0.042011 0.003913
0 0.007181 0.108517 0.014363 0.066200
0 0.982735 0.992403 0.032809 0.012719
0 0.255364 0.007231 0.038932 0.014461
0 0.408577 0.008189 0.046047 0.016378
0 0.990040 0.346941 0.018939 0.083052
0 0.955943 0.006924 0.044596 0.013848
0 0.988323 0.046080 0.021943 0.076131
0 0.186550 0.990838 0.044764 0.017177
0 0.791755 0.990709 0.039351 0.016276
0 0.678989 0.008776 0.057075 0.017552
0 0.455804 0.589207 0.051002 0.082082
0 0.127109 0.157005 0.045830 0.082063
0 0.074887 0.019306 0.047970 0.038611
0 0.055530 0.258648 0.051224 0.080357
0 0.418329 0.506703 0.057864 0.087157
0 0.015477 0.926036 0.030954 0.077486
0 0.081360 0.158003 0.048617 0.071251
0 0.080850 0.575106 0.047034 0.074142
0 0.340748 0.195556 0.043720 0.078904
0 0.611269 0.014901 0.053598 0.029803
0 0.462090 0.735854 0.047085 0.082138
0 0.020317 0.508730 0.040634 0.085728
0 0.025555 0.037945 0.051109 0.075891
0 0.775000 0.023882 0.044033 0.047765
0 0.552746 0.017584 0.050502 0.035167
0 0.253118 0.378908 0.050401 0.077472
0 0.678509 0.776294 0.054944 0.079291
0 0.207325 0.025149 0.043778 0.050298
0 0.881021 0.970214 0.055910 0.056558
0 0.133732 0.625166 0.048733 0.075816
0 0.469168 0.980780 0.054696 0.035461
0 0.174361 0.084641 0.048988 0.084709
0 0.123292 0.062389 0.046674 0.083307
0 0.230495 0.305772 0.052283 0.078366
0 0.235180 0.092213 0.049197 0.076765
0 0.886808 0.029164 0.049723 0.058328
0 0.720591 0.592740 0.053429 0.070668
0 0.284001 0.717158 0.049323 0.073110
0 0.285969 0.238849 0.051212 0.077940
0 0.232016 0.877558 0.043598 0.070970
0 0.083317 0.757583 0.050652 0.072831
0 0.840752 0.072456 0.050157 0.077261
0 0.063848 0.674626 0.047547 0.084441
0 0.844046 0.455735 0.054148 0.082611
0 0.570960 0.851287 0.047136 0.071822
0 0.167560 0.555782 0.056162 0.083140
0 0.340668 0.466956 0.059481 0.090946
0 0.228184 0.223714 0.054831 0.070666
0 0.688267 0.529948 0.048247 0.073050
0 0.916534 0.221081 0.051384 0.077975
0 0.142375 0.815945 0.047907 0.075183
0 0.477846 0.879195 0.054393 0.085088
0 0.208193 0.949626 0.046483 0.073314
0 0.803003 0.367069 0.045471 0.073681
0 0.117358 0.280809 0.047838 0.071250
0 0.621967 0.366733 0.050844 0.076111
0 0.527857 0.966922 0.053181 0.062982
0 0.499836 0.793400 0.048267 0.079010
0 0.353367 0.832878 0.053409 0.083035
0 0.476871 0.228483 0.053819 0.081463
0 0.569154 0.338502 0.047768 0.083876
0 0.407416 0.393235 0.045679 0.071209
0 0.105845 0.426103 0.051425 0.086749
0 0.567439 0.528708 0.049704 0.085237
0 0.285818 0.636085 0.055760 0.076093
0 0.968386 0.266112 0.057921 0.098706
0 0.191724 0.743521 0.054367 0.084515
0 0.811806 0.815621 0.056544 0.080308
0 0.536006 0.695076 0.050961 0.080499
0 0.290375 0.049478 0.052415 0.083226
0 0.872197 0.136612 0.051000 0.074854
0 0.495301 0.147249 0.048554 0.076134
0 0.265696 0.947716 0.054245 0.082596
0 0.706189 0.064034 0.051826 0.077712
0 0.214071 0.512182 0.048368 0.073930
0 0.730738 0.809239 0.050071 0.081583
0 0.640378 0.206727 0.054334 0.084928
0 0.907317 0.331809 0.052522 0.081523
0 0.285662 0.829257 0.053050 0.077213
0 0.422720 0.686348 0.049507 0.071716
0 0.625743 0.289136 0.052119 0.074282
0 0.532325 0.268078 0.054840 0.084727
0 0.889527 0.705213 0.051592 0.079995
0 0.889175 0.893478 0.056941 0.084292
0 0.900310 0.433419 0.054320 0.089193
0 0.927670 0.137164 0.051066 0.078614
0 0.670827 0.133623 0.055266 0.085477
0 0.477486 0.361730 0.051601 0.086001
0 0.552993 0.112783 0.050839 0.084954
0 0.865000 0.552271 0.052513 0.083997
0 0.732622 0.963358 0.057327 0.070083
0 0.964407 0.929131 0.053192 0.080194
0 0.816439 0.728105 0.054517 0.084015
0 0.708968 0.705531 0.046894 0.071138
0 0.759041 0.307745 0.053047 0.081882
0 0.714774 0.251224 0.049490 0.080700
0 0.787733 0.230926 0.053700 0.080314
0 0.943698 0.680193 0.051939 0.081650
2 0.209494 0.153754 0.018717 0.028605
2 0.218853 0.172229 0.018717 0.032181
2 0.348703 0.088200 0.022617 0.033373
2 0.374829 0.131704 0.021837 0.034565
2 0.175569 0.399285 0.025736 0.040524
2 0.371709 0.412396 0.020277 0.035757
2 0.419282 0.598927 0.023396 0.036949
2 0.311658 0.601311 0.021837 0.034565
2 0.101480 0.665673 0.035095 0.044100
2 0.212613 0.818832 0.029636 0.045292
5 0.064436 0.474374 0.056152 0.083433
1 0.408364 0.085221 0.037434 0.079857
1 0.731625 0.446365 0.075649 0.070322