0 0.627039 0.992732 0.034526 0.011963
0 0.965930 0.993000 0.032917 0.011567
0 0.691920 0.274745 0.055301 0.081392
0 0.211385 0.994565 0.030620 0.008891
0 0.007666 0.989737 0.015315 0.018127
0 0.472668 0.002257 0.039866 0.004515
0 0.863987 0.162988 0.044143 0.068778
0 0.574498 0.993262 0.033640 0.010954
0 0.995427 0.034035 0.007761 0.055141
0 0.369615 0.011611 0.029718 0.023200
0 0.847064 0.119517 0.052603 0.078677
0 0.540484 0.006648 0.036745 0.013288
0 0.992794 0.575897 0.012615 0.065420
0 0.992615 0.489596 0.013077 0.069672
0 0.989652 0.918457 0.018756 0.079259
0 0.992066 0.678403 0.014065 0.072790
0 0.799567 0.018216 0.043780 0.036415
0 0.510992 0.987275 0.043110 0.021998
0 0.019920 0.688921 0.039826 0.066972
0 0.976094 0.009623 0.040369 0.019246
0 0.779891 0.985751 0.048444 0.025241
0 0.384095 0.330099 0.051771 0.075112
0 0.686328 0.984801 0.049812 0.027244
0 0.989807 0.783109 0.018520 0.072117
0 0.017125 0.749203 0.034175 0.077219
0 0.329040 0.987011 0.046602 0.022654
0 0.014600 0.915376 0.029201 0.076966
0 0.374828 0.402284 0.052850 0.083465
0 0.163402 0.985053 0.045095 0.026554
0 0.073216 0.011065 0.046164 0.022130
0 0.859476 0.981588 0.047334 0.033405
0 0.012612 0.833050 0.025207 0.075904
0 0.875593 0.014717 0.045270 0.029429
0 0.653666 0.950357 0.048344 0.070297
0 0.831917 0.039836 0.049624 0.078988
0 0.799168 0.941484 0.048527 0.070995
0 0.343346 0.152980 0.051895 0.075401
0 0.331742 0.028500 0.055108 0.056865
0 0.395348 0.644472 0.053284 0.076539
0 0.209896 0.013865 0.050057 0.027705
0 0.711322 0.573400 0.042687 0.067535
0 0.636733 0.901311 0.052788 0.070987
0 0.323732 0.103403 0.055742 0.077914
0 0.855801 0.749159 0.049083 0.064995
0 0.450847 0.973613 0.049797 0.049126
0 0.381579 0.579646 0.054164 0.080074
0 0.238194 0.619656 0.047463 0.078275
0 0.775291 0.868493 0.049265 0.077544
0 0.471643 0.369536 0.048408 0.077285
0 0.020736 0.610133 0.041472 0.085263
0 0.666614 0.762070 0.043429 0.071337
0 0.814824 0.280049 0.048520 0.077452
0 0.678490 0.505545 0.059090 0.078554
0 0.800712 0.794800 0.045485 0.073205
0 0.435644 0.699917 0.046394 0.074959
0 0.435676 0.420175 0.045673 0.080074
0 0.726781 0.798551 0.046723 0.072130
0 0.056183 0.833366 0.057032 0.078616
0 0.255454 0.969232 0.049237 0.057968
0 0.839569 0.912038 0.054143 0.081472
0 0.738998 0.946743 0.049164 0.079541
0 0.372240 0.898174 0.047340 0.080286
0 0.060243 0.569689 0.049315 0.073296
0 0.570401 0.947426 0.050039 0.073124
0 0.279343 0.655978 0.055034 0.079136
0 0.040680 0.963833 0.052770 0.069011
0 0.804600 0.443971 0.046292 0.071706
0 0.463516 0.901920 0.047624 0.068609
0 0.016904 0.269894 0.033720 0.081040
0 0.276665 0.181400 0.045071 0.062557
0 0.065612 0.763835 0.058654 0.080906
0 0.329034 0.437483 0.048651 0.078925
0 0.542571 0.827379 0.049208 0.080632
0 0.621002 0.314855 0.045770 0.069613
0 0.979965 0.112361 0.037959 0.075797
0 0.107584 0.972292 0.054048 0.051898
0 0.718250 0.453495 0.055784 0.092212
0 0.133603 0.018107 0.048399 0.036214
0 0.619182 0.705877 0.052328 0.084175
0 0.083953 0.173033 0.054567 0.078037
0 0.757839 0.408388 0.047386 0.081927
0 0.830305 0.570530 0.048553 0.078889
0 0.139079 0.558707 0.053496 0.079776
0 0.016274 0.104212 0.032503 0.081729
0 0.519589 0.606062 0.046876 0.078010
0 0.396071 0.962720 0.048145 0.070778
0 0.575547 0.031711 0.047054 0.063421
0 0.803666 0.643157 0.045288 0.072357
0 0.619721 0.236945 0.048682 0.075110
0 0.356578 0.782942 0.050972 0.074807
0 0.401885 0.480395 0.053238 0.077348
0 0.082952 0.248839 0.046870 0.084989
0 0.817506 0.204083 0.055066 0.083142
0 0.328936 0.845812 0.059216 0.086714
0 0.520567 0.897843 0.049315 0.077827
0 0.022426 0.421543 0.044851 0.081814
0 0.750391 0.727725 0.050941 0.084251
0 0.893202 0.900710 0.045674 0.072167
0 0.152478 0.479965 0.053395 0.089783
0 0.354101 0.695312 0.048175 0.076158
0 0.585018 0.873551 0.047212 0.074224
0 0.637537 0.447738 0.052376 0.084193
0 0.957272 0.954142 0.049640 0.073500
0 0.099819 0.614066 0.052919 0.084163
0 0.401904 0.752546 0.049435 0.083081
0 0.021195 0.188141 0.042332 0.077977
0 0.320615 0.931422 0.058489 0.080094
0 0.581833 0.615906 0.048252 0.076402
0 0.664360 0.202459 0.048330 0.081209
0 0.853510 0.827174 0.049188 0.080496
0 0.628108 0.821980 0.050783 0.077487
0 0.752483 0.618082 0.046899 0.091692
0 0.586546 0.433168 0.046819 0.081280
0 0.745172 0.031206 0.052512 0.062412
0 0.248486 0.414957 0.054413 0.076805
0 0.432321 0.828326 0.056653 0.079960
0 0.471185 0.750778 0.050154 0.081575
0 0.208793 0.904741 0.056347 0.074073
0 0.563889 0.746921 0.052519 0.081542
0 0.850735 0.495498 0.052264 0.078189
0 0.195315 0.542740 0.048811 0.084342
0 0.093818 0.881605 0.059144 0.075904
0 0.486446 0.449366 0.052023 0.082058
0 0.432399 0.556038 0.049616 0.086144
0 0.274062 0.572621 0.051523 0.076536
0 0.135917 0.837865 0.044084 0.078033
0 0.274938 0.037466 0.048532 0.074924
0 0.566681 0.511058 0.046269 0.080338
0 0.175922 0.626755 0.051871 0.078219
0 0.502704 0.172011 0.044771 0.082523
0 0.444768 0.303190 0.050447 0.080181
0 0.309447 0.511016 0.051942 0.080327
0 0.513783 0.524566 0.049992 0.074554
0 0.890957 0.416127 0.050121 0.078314
0 0.452107 0.143061 0.046947 0.078052
0 0.195048 0.796723 0.049669 0.075021
0 0.923030 0.035649 0.053233 0.071298
0 0.914766 0.818622 0.049676 0.082615
0 0.473306 0.642667 0.050148 0.083407
0 0.196279 0.286020 0.049750 0.082492
0 0.941622 0.600351 0.049496 0.079491
0 0.707991 0.356862 0.050039 0.078202
0 0.804040 0.363036 0.051773 0.079670
0 0.656797 0.645815 0.052664 0.087287
0 0.395180 0.109622 0.050527 0.081198
0 0.241733 0.505393 0.055512 0.086998
0 0.852986 0.672918 0.050692 0.078845
0 0.090299 0.695304 0.056028 0.079999
0 0.645356 0.035418 0.049313 0.070836
0 0.906029 0.669765 0.047021 0.074377
0 0.960636 0.518269 0.047485 0.081773
0 0.886697 0.581775 0.053055 0.067080
0 0.308618 0.346604 0.048290 0.071877
0 0.486731 0.070220 0.052933 0.084117
0 0.299865 0.733027 0.055861 0.087141
0 0.973629 0.429226 0.048175 0.078667
0 0.160338 0.716412 0.048787 0.076497
0 0.535980 0.315326 0.046753 0.081784
0 0.157880 0.361370 0.047975 0.079910
0 0.953782 0.770369 0.046827 0.081071
0 0.300213 0.266162 0.047298 0.076111
0 0.233930 0.226908 0.049936 0.080815
0 0.913957 0.153850 0.045371 0.076197
0 0.218027 0.703630 0.055328 0.079765
0 0.542966 0.106946 0.053811 0.086083
0 0.954842 0.683480 0.045766 0.077318
0 0.719456 0.097793 0.053406 0.081159
0 0.124768 0.078316 0.052036 0.075587
0 0.592814 0.149284 0.052847 0.086546
0 0.901324 0.238462 0.049318 0.079847
0 0.042789 0.340180 0.051835 0.074860
0 0.185908 0.079663 0.052437 0.083853
0 0.236339 0.130680 0.055760 0.078185
0 0.251119 0.324473 0.058036 0.079799
0 0.075082 0.405795 0.056178 0.081984
0 0.147943 0.217078 0.047646 0.081754
0 0.071845 0.093960 0.049640 0.074427
0 0.878093 0.334720 0.053578 0.081101
0 0.665054 0.114726 0.053439 0.080168
0 0.727671 0.208901 0.061562 0.092410
0 0.952761 0.216557 0.053387 0.080636
0 0.066837 0.488844 0.053797 0.078209
0 0.933775 0.343202 0.049483 0.083251
2 0.696140 0.647795 0.024956 0.029797
1 0.647008 0.368892 0.054592 0.058403
2 0.090562 0.928486 0.019497 0.028605
2 0.537044 0.200238 0.026516 0.033373
1 0.197124 0.414512 0.049661 0.100083
1 0.392766 0.194329 0.053481 0.071726
1 0.398769 0.268974 0.057847 0.070892