0 0.995800 0.362279 0.008160 0.077139
0 0.993912 0.009627 0.011942 0.019254
0 0.002939 0.166107 0.005879 0.066082
0 0.003931 0.631811 0.007863 0.065431
0 0.505288 0.005195 0.023460 0.010302
0 0.004086 0.064104 0.008153 0.061734
0 0.432970 0.658455 0.033585 0.046663
0 0.993019 0.837654 0.013547 0.080499
0 0.992531 0.634904 0.014471 0.072598
0 0.034029 0.636035 0.043383 0.082947
0 0.902740 0.794784 0.049256 0.074833
0 0.111860 0.992856 0.038602 0.013258
0 0.990521 0.115706 0.017988 0.078994
0 0.452834 0.008629 0.044375 0.017257
0 0.021995 0.985293 0.043990 0.027300
0 0.927771 0.022436 0.049341 0.044872
0 0.492851 0.983703 0.048758 0.030746
0 0.288655 0.986798 0.047477 0.024700
0 0.360487 0.876987 0.058184 0.091649
0 0.538084 0.963686 0.044662 0.070578
0 0.311215 0.446194 0.049044 0.073951
0 0.591344 0.978464 0.058387 0.041491
0 0.012303 0.438575 0.024606 0.066281
0 0.306605 0.921655 0.051485 0.076406
0 0.382079 0.539353 0.052096 0.075025
0 0.567485 0.645425 0.049870 0.081449
0 0.480034 0.620150 0.050385 0.083505
0 0.326559 0.578163 0.051495 0.094619
0 0.696092 0.604928 0.048577 0.071648
0 0.741763 0.654977 0.048899 0.076860
0 0.388814 0.792408 0.053641 0.070298
0 0.957907 0.852485 0.043488 0.067757
0 0.094463 0.913700 0.057641 0.069827
0 0.872951 0.012812 0.047116 0.025618
0 0.060892 0.717880 0.054244 0.076497
0 0.108211 0.519527 0.044503 0.070101
0 0.026453 0.021631 0.046350 0.043262
0 0.488679 0.812542 0.044666 0.081977
0 0.192888 0.013058 0.047461 0.026116
0 0.474554 0.927179 0.054431 0.076951
0 0.791387 0.865437 0.055075 0.083046
0 0.696738 0.968108 0.049130 0.061954
0 0.412766 0.605513 0.053823 0.069071
0 0.868188 0.980660 0.054416 0.037424
0 0.052003 0.844195 0.047027 0.080477
0 0.276481 0.019198 0.048438 0.038395
0 0.326993 0.688513 0.049037 0.069676
0 0.660246 0.787573 0.056501 0.085475
0 0.349456 0.104234 0.047575 0.074082
0 0.097682 0.171274 0.042972 0.069530
0 0.255032 0.805062 0.051441 0.074171
0 0.161858 0.055270 0.048486 0.074440
0 0.089114 0.785628 0.046488 0.074839
0 0.269444 0.534334 0.053727 0.093067
0 0.983109 0.443197 0.033090 0.074538
0 0.400416 0.967718 0.052023 0.063013
0 0.044721 0.939664 0.051465 0.079604
0 0.709227 0.833932 0.049505 0.075147
0 0.144760 0.961028 0.054062 0.074256
0 0.181597 0.891137 0.048347 0.069677
0 0.127342 0.315739 0.047010 0.076357
0 0.698037 0.721462 0.047450 0.082613
0 0.574410 0.903987 0.054005 0.080530
0 0.734168 0.532311 0.047545 0.076635
0 0.282279 0.625595 0.046531 0.069785
0 0.837387 0.804373 0.047873 0.074864
0 0.610791 0.571030 0.055074 0.081295
0 0.346337 0.412812 0.052100 0.080726
0 0.412325 0.476514 0.045199 0.073611
0 0.693385 0.252758 0.045465 0.080606
0 0.746497 0.937032 0.049983 0.079817
0 0.080289 0.451600 0.057827 0.086999
0 0.947431 0.491602 0.048022 0.073725
0 0.067318 0.372119 0.047645 0.072942
0 0.348352 0.275497 0.045691 0.073986
0 0.511741 0.422943 0.050029 0.079701
0 0.208610 0.704176 0.058559 0.082719
0 0.777569 0.408019 0.049029 0.077171
0 0.483884 0.255721 0.044458 0.070420
0 0.549067 0.564177 0.045778 0.086031
0 0.794923 0.320270 0.047128 0.077450
0 0.976856 0.563145 0.045895 0.080145
0 0.607575 0.220487 0.049374 0.079572
0 0.691747 0.428333 0.056963 0.068155
0 0.765653 0.485688 0.046817 0.065950
0 0.584298 0.432001 0.044140 0.071119
0 0.141377 0.823169 0.045804 0.074151
0 0.956925 0.955716 0.056683 0.071355
0 0.459240 0.323115 0.045483 0.073877
0 0.851425 0.919601 0.052009 0.078957
0 0.702749 0.343563 0.050469 0.082995
0 0.445595 0.405322 0.051337 0.081872
0 0.232627 0.390357 0.058609 0.083712
0 0.648964 0.498911 0.053731 0.080791
0 0.352636 0.030779 0.047043 0.061558
0 0.463417 0.178996 0.065718 0.101041
0 0.316344 0.338945 0.044031 0.078340
0 0.236402 0.200082 0.047379 0.072974
0 0.043558 0.163403 0.051184 0.079315
0 0.645694 0.032699 0.051955 0.065338
0 0.062670 0.076127 0.047917 0.085338
0 0.890191 0.519642 0.057046 0.089391
0 0.866154 0.429468 0.065325 0.077145
0 0.196623 0.589516 0.053383 0.077414
0 0.950413 0.275059 0.055428 0.086377
0 0.299737 0.249515 0.049159 0.089118
0 0.144595 0.213940 0.058077 0.085891
0 0.396352 0.358516 0.051461 0.081822
0 0.564540 0.323913 0.047028 0.077351
0 0.597821 0.068611 0.056647 0.093562
0 0.631614 0.143191 0.048205 0.081463
0 0.937246 0.688181 0.052865 0.081170
0 0.256300 0.101678 0.048835 0.081023
0 0.803512 0.201152 0.052187 0.082482
0 0.753026 0.251809 0.053164 0.093116
0 0.307834 0.157129 0.055114 0.081226
0 0.922655 0.194180 0.053640 0.081890
0 0.712649 0.181699 0.054393 0.081440
1 0.110839 0.098927 0.041334 0.081049
2 0.093681 0.221692 0.022617 0.033373
2 0.281633 0.379023 0.030415 0.050060
2 0.273444 0.696067 0.032755 0.042908
2 0.883702 0.340286 0.028856 0.044100
2 0.892281 0.278903 0.028856 0.038141
2 0.749172 0.598927 0.023396 0.032181
3 0.441899 0.718117 0.134140 0.127533
3 0.115908 0.622765 0.120102 0.141836
4 0.811953 0.694279 0.119322 0.170441