0 0.996230 0.829431 0.007091 0.065929
0 0.002852 0.739280 0.005703 0.078006
0 0.994883 0.623487 0.009794 0.063817
0 0.013125 0.994447 0.026251 0.009436
0 0.994073 0.277417 0.011293 0.074768
0 0.993734 0.197486 0.011784 0.060771
0 0.800509 0.994809 0.045601 0.009659
0 0.991942 0.737112 0.015385 0.076681
0 0.531174 0.005525 0.040160 0.011050
0 0.097787 0.012950 0.051945 0.025865
0 0.989846 0.466374 0.019392 0.074702
0 0.312027 0.023218 0.053087 0.046435
0 0.096645 0.584823 0.047340 0.071962
0 0.311302 0.986233 0.056656 0.025707
0 0.481273 0.574220 0.049208 0.071298
0 0.018970 0.428520 0.037940 0.084553
0 0.211181 0.034134 0.053769 0.068267
0 0.061720 0.781438 0.054593 0.083805
0 0.985233 0.048896 0.027857 0.079389
0 0.665014 0.969610 0.044206 0.058795
0 0.978703 0.909307 0.042086 0.096615
0 0.806160 0.419627 0.054218 0.069643
0 0.778096 0.220146 0.044435 0.062240
0 0.024949 0.113371 0.046055 0.070954
0 0.042346 0.031175 0.051421 0.062351
0 0.032212 0.294234 0.050307 0.076996
0 0.043541 0.561445 0.053216 0.079468
0 0.395965 0.707434 0.057076 0.088981
0 0.689679 0.697198 0.045881 0.081955
0 0.158812 0.952863 0.046087 0.077006
0 0.772686 0.364339 0.049098 0.071792
0 0.070571 0.952399 0.046222 0.073935
0 0.898590 0.962628 0.047151 0.071625
0 0.019090 0.217657 0.038181 0.085243
0 0.612579 0.972800 0.051096 0.052107
0 0.719228 0.966678 0.053181 0.064400
0 0.229707 0.105838 0.047664 0.067912
0 0.612064 0.197449 0.050206 0.070986
0 0.663723 0.774110 0.056251 0.081582
0 0.968684 0.537882 0.043782 0.068196
0 0.862106 0.872200 0.046618 0.076889
0 0.465321 0.883769 0.051386 0.082181
0 0.061184 0.460963 0.049546 0.077257
0 0.852826 0.372319 0.045167 0.078173
0 0.848839 0.217280 0.055748 0.078109
0 0.390339 0.974369 0.054540 0.049309
0 0.696377 0.058733 0.055888 0.070945
0 0.509147 0.744279 0.054632 0.081638
0 0.267422 0.167020 0.051580 0.077880
0 0.378754 0.281153 0.047642 0.069684
0 0.808491 0.299833 0.056790 0.084369
0 0.741080 0.685404 0.051944 0.089523
0 0.275107 0.076196 0.044825 0.089442
0 0.176515 0.664939 0.046039 0.079037
0 0.361211 0.148638 0.049282 0.074701
0 0.567086 0.515260 0.053425 0.079967
0 0.288891 0.903344 0.057688 0.086605
0 0.743024 0.556430 0.057122 0.081021
0 0.852198 0.468980 0.041760 0.074867
0 0.858143 0.559833 0.059102 0.076871
0 0.339812 0.578113 0.052993 0.080103
0 0.155283 0.336046 0.051766 0.082569
0 0.244879 0.436555 0.052971 0.076568
0 0.972349 0.340110 0.050130 0.074829
0 0.590093 0.030943 0.051780 0.061799
0 0.209029 0.214499 0.052028 0.065529
0 0.826255 0.746135 0.052656 0.082116
0 0.136563 0.075606 0.051667 0.072701
0 0.437808 0.647348 0.049830 0.078864
0 0.096034 0.384286 0.050304 0.084630
0 0.484763 0.040056 0.049445 0.079285
0 0.290066 0.689619 0.055659 0.069028
0 0.912034 0.425415 0.057239 0.080530
0 0.920692 0.513708 0.049529 0.075144
0 0.676891 0.151378 0.050117 0.077083
0 0.434663 0.150635 0.051294 0.066146
0 0.794468 0.640208 0.053224 0.087600
0 0.718609 0.413302 0.054376 0.078670
0 0.604975 0.378996 0.045132 0.075518
0 0.703260 0.832078 0.053269 0.086561
0 0.762529 0.145455 0.057881 0.086293
0 0.125581 0.158605 0.049679 0.071693
0 0.434867 0.075274 0.048984 0.070597
0 0.117971 0.737208 0.052381 0.089649
0 0.819553 0.142035 0.047288 0.075717
0 0.597113 0.294996 0.054265 0.080905
0 0.447671 0.509909 0.060307 0.070364
0 0.158790 0.831684 0.054909 0.088631
0 0.151285 0.249047 0.049082 0.077305
0 0.317610 0.380070 0.057059 0.077232
0 0.912404 0.037281 0.052988 0.074562
0 0.228841 0.518133 0.045657 0.075057
0 0.367856 0.443708 0.056720 0.090783
0 0.419632 0.224486 0.058404 0.079074
0 0.600444 0.892973 0.060788 0.095610
0 0.872090 0.132372 0.048730 0.078538
0 0.762884 0.472844 0.052360 0.081128
0 0.768301 0.932041 0.057710 0.085171
0 0.640616 0.468269 0.050840 0.076458
0 0.918953 0.816550 0.052336 0.081252
0 0.152524 0.579934 0.052845 0.086350
0 0.626936 0.553400 0.054814 0.083656
0 0.678692 0.241502 0.051587 0.080472
0 0.607342 0.106439 0.053959 0.084251
0 0.677051 0.332944 0.054253 0.093064
0 0.745224 0.290606 0.050942 0.077024
0 0.225126 0.301138 0.048310 0.079833
0 0.901163 0.340646 0.049858 0.075764
0 0.382181 0.360258 0.048354 0.074713
0 0.917795 0.186800 0.054402 0.080207
0 0.537732 0.250321 0.054752 0.081800
1 0.351822 0.706794 0.044453 0.090584
1 0.577988 0.227652 0.028856 0.069130
1 0.074574 0.146007 0.048353 0.070322
2 0.069895 0.624553 0.023396 0.038141
2 0.733965 0.348629 0.027296 0.041716
2 0.960910 0.689511 0.022617 0.034565
1 0.097191 0.843266 0.062391 0.079857
1 0.330376 0.094160 0.062391 0.071514