0 0.005993 0.011507 0.011950 0.023014
0 0.474062 0.012238 0.054770 0.024476
0 0.547064 0.457836 0.052078 0.081370
0 0.657154 0.074947 0.052922 0.088848
0 0.992837 0.935590 0.012799 0.071327
0 0.284630 0.906007 0.055993 0.084599
0 0.763309 0.002500 0.042100 0.004949
0 0.007951 0.197203 0.015901 0.078690
0 0.988173 0.102701 0.021897 0.072922
0 0.405756 0.991937 0.034387 0.013429
0 0.358122 0.992090 0.032489 0.013071
0 0.989349 0.445659 0.019447 0.070627
0 0.729405 0.226945 0.046332 0.088051
0 0.285497 0.474098 0.055071 0.084045
0 0.416601 0.941582 0.053082 0.080005
0 0.206674 0.021633 0.051585 0.043266
0 0.664478 0.763257 0.052070 0.084923
0 0.049658 0.613558 0.053802 0.083415
0 0.233382 0.061506 0.055242 0.082853
0 0.753951 0.983482 0.046056 0.029726
0 0.139563 0.020404 0.048667 0.040808
0 0.456190 0.418924 0.046848 0.075312
0 0.333621 0.135482 0.048516 0.086306
0 0.697363 0.626691 0.054625 0.084656
0 0.128055 0.648341 0.049316 0.083801
0 0.097869 0.573128 0.050668 0.071809
0 0.985009 0.535809 0.027985 0.080212
0 0.807561 0.981026 0.042695 0.034762
0 0.986117 0.184835 0.025925 0.080112
0 0.029168 0.977188 0.058131 0.042317
0 0.541290 0.281656 0.049794 0.072909
0 0.770754 0.286187 0.052073 0.084770
0 0.153125 0.874890 0.048057 0.081452
0 0.022438 0.760808 0.044876 0.078456
0 0.895405 0.814886 0.048942 0.076243
0 0.285657 0.643731 0.051283 0.069014
0 0.206239 0.763911 0.056120 0.081745
0 0.038627 0.042927 0.055618 0.084366
0 0.167146 0.702331 0.052085 0.074325
0 0.111541 0.796697 0.057292 0.099282
0 0.254747 0.559719 0.051666 0.073976
0 0.140818 0.535366 0.051418 0.092122
0 0.631942 0.414392 0.053551 0.079322
0 0.846873 0.559747 0.047853 0.074688
0 0.103131 0.378529 0.050051 0.073965
0 0.732954 0.381849 0.054845 0.081498
0 0.351094 0.743321 0.052375 0.083413
0 0.342426 0.917192 0.049293 0.071669
0 0.205997 0.548637 0.052940 0.081052
0 0.895720 0.031029 0.050382 0.062057
0 0.501617 0.793247 0.057090 0.065280
0 0.148369 0.965560 0.050889 0.065601
0 0.406011 0.799932 0.051267 0.074127
0 0.841162 0.038184 0.048884 0.076368
0 0.303597 0.235444 0.049392 0.079900
0 0.444009 0.337648 0.054754 0.069492
0 0.598188 0.024263 0.050166 0.048526
0 0.857257 0.261652 0.050525 0.076863
0 0.441268 0.232869 0.050694 0.065819
0 0.700325 0.310399 0.055258 0.076742
0 0.027787 0.126149 0.047141 0.078406
0 0.335940 0.566649 0.055937 0.079898
0 0.842055 0.922976 0.053288 0.087653
0 0.318870 0.027602 0.048492 0.055201
0 0.839912 0.477082 0.058260 0.085686
0 0.347556 0.482577 0.048119 0.078439
0 0.400926 0.393975 0.048413 0.079664
0 0.725308 0.855411 0.046033 0.073360
0 0.502607 0.230978 0.049470 0.093386
0 0.508831 0.389664 0.052785 0.093439
0 0.541177 0.851158 0.043842 0.082259
0 0.178766 0.186855 0.049435 0.082435
0 0.106273 0.107182 0.049772 0.078090
0 0.238188 0.847975 0.056500 0.084115
0 0.298199 0.797731 0.059512 0.081622
0 0.455880 0.145322 0.054472 0.084187
0 0.059044 0.701387 0.050117 0.082684
0 0.537877 0.636465 0.047310 0.072773
0 0.943618 0.224298 0.045931 0.080991
0 0.774661 0.125218 0.061378 0.079157
0 0.599709 0.961672 0.049309 0.073107
0 0.779122 0.565110 0.053033 0.081597
0 0.848201 0.182473 0.059436 0.083878
0 0.583814 0.351282 0.068819 0.092032
0 0.363042 0.252431 0.046740 0.083556
0 0.682041 0.446438 0.051515 0.073531
0 0.030272 0.476589 0.051886 0.084809
0 0.494101 0.921826 0.055049 0.084522
0 0.800641 0.370224 0.054172 0.088966
0 0.459834 0.671526 0.049840 0.075213
0 0.045992 0.826384 0.051759 0.081641
0 0.121033 0.212802 0.051553 0.079769
0 0.743285 0.778695 0.053385 0.079498
0 0.397899 0.053315 0.050792 0.086743
0 0.281189 0.116343 0.048053 0.082697
0 0.981741 0.280119 0.034537 0.074868
0 0.201493 0.930654 0.054510 0.086284
0 0.883392 0.380540 0.054394 0.092721
0 0.172449 0.470030 0.051273 0.083882
0 0.378064 0.633311 0.060061 0.095688
0 0.762148 0.919706 0.056180 0.086288
0 0.663522 0.528864 0.051357 0.091479
0 0.845570 0.652103 0.049767 0.085038
0 0.512121 0.561959 0.056781 0.082100
0 0.342819 0.395674 0.059431 0.085278
0 0.549057 0.178632 0.049753 0.084362
0 0.894661 0.113082 0.047290 0.090446
0 0.532940 0.720258 0.047761 0.086120
0 0.453476 0.533023 0.055138 0.090614
0 0.710462 0.138782 0.057875 0.093137
0 0.390082 0.162814 0.052599 0.094374
0 0.628629 0.676606 0.054101 0.081208
0 0.100988 0.292160 0.056131 0.084709
0 0.762546 0.470898 0.054851 0.085779
0 0.955743 0.598449 0.058314 0.088585
0 0.952361 0.692389 0.054032 0.084899
0 0.976947 0.811927 0.044167 0.076706
0 0.929048 0.449143 0.053396 0.082404
0 0.946427 0.349181 0.051862 0.085056
0 0.625962 0.214151 0.056557 0.090574
0 0.758893 0.698379 0.057953 0.081453
1 0.615812 0.296186 0.051472 0.070322
1 0.044549 0.914184 0.063170 0.073897
1 0.417333 0.718117 0.060051 0.096544
1 0.825211 0.828367 0.055372 0.102503
1 0.165041 0.382002 0.054592 0.082241
1 0.094461 0.147199 0.000780 0.001192
2 0.227041 0.158522 0.024176 0.030989
2 0.422402 0.292014 0.026516 0.040524
2 0.560051 0.776520 0.025736 0.034565
2 0.223532 0.619785 0.020277 0.030989
2 0.011551 0.882002 0.023102 0.042908