0 0.996365 0.974723 0.006331 0.048052
0 0.004230 0.878030 0.008459 0.058948
0 0.196270 0.617368 0.049340 0.085576
0 0.272045 0.003427 0.033345 0.006855
0 0.937899 0.995395 0.046762 0.008402
0 0.004860 0.560652 0.009720 0.061379
0 0.992279 0.856774 0.014391 0.079806
0 0.647161 0.994138 0.033470 0.009954
0 0.449173 0.004582 0.037853 0.009163
0 0.889176 0.986317 0.035191 0.024904
0 0.450147 0.650126 0.057319 0.072799
0 0.453082 0.982727 0.033919 0.031584
0 0.704679 0.744376 0.051053 0.084180
0 0.028522 0.765286 0.057044 0.079275
0 0.057702 0.659480 0.050379 0.075827
0 0.732274 0.021319 0.054871 0.042635
0 0.034617 0.976431 0.051725 0.044109
0 0.158006 0.675159 0.046452 0.080467
0 0.129250 0.754441 0.060328 0.077565
0 0.142509 0.835791 0.054683 0.080168
0 0.106837 0.686838 0.045159 0.069634
0 0.016019 0.337576 0.032038 0.078015
0 0.088773 0.594187 0.055585 0.075370
0 0.415065 0.968092 0.051709 0.060449
0 0.379944 0.163650 0.050060 0.084778
0 0.653956 0.731431 0.054257 0.081172
0 0.021704 0.169091 0.043409 0.079626
0 0.458300 0.721416 0.045987 0.076401
0 0.220701 0.888928 0.048080 0.075177
0 0.252785 0.659339 0.055356 0.070631
0 0.082614 0.033581 0.045533 0.067029
0 0.798300 0.222321 0.051056 0.077765
0 0.033774 0.084229 0.049740 0.084950
0 0.240876 0.821342 0.048351 0.077071
0 0.135306 0.175409 0.054709 0.080391
0 0.129438 0.391525 0.053525 0.076454
0 0.244799 0.306547 0.050481 0.084043
0 0.064061 0.836348 0.055696 0.081551
0 0.205112 0.965933 0.053883 0.064201
0 0.366375 0.089690 0.050706 0.079005
0 0.288697 0.123441 0.041705 0.071072
0 0.596097 0.702661 0.043849 0.069086
0 0.716237 0.978511 0.054038 0.039831
0 0.717213 0.445993 0.042952 0.077893
0 0.335933 0.527062 0.051918 0.090427
0 0.183023 0.238194 0.050199 0.075797
0 0.086117 0.320618 0.050798 0.076567
0 0.976052 0.196696 0.046239 0.084490
0 0.913178 0.072570 0.045927 0.067682
0 0.429517 0.188255 0.046986 0.069741
0 0.822672 0.738872 0.046580 0.083835
0 0.316575 0.685589 0.050474 0.078971
0 0.728747 0.896444 0.049708 0.082638
0 0.876506 0.026848 0.054336 0.053696
0 0.312412 0.208455 0.050774 0.085714
0 0.361962 0.890132 0.057381 0.071804
0 0.288314 0.570338 0.052389 0.085321
0 0.792387 0.974136 0.049881 0.048704
0 0.805788 0.028100 0.047825 0.056199
0 0.354729 0.969297 0.048149 0.058221
0 0.983840 0.107285 0.030512 0.081704
0 0.058967 0.390361 0.050404 0.072841
0 0.518096 0.579136 0.048197 0.087228
0 0.762260 0.496814 0.048529 0.118282
0 0.916757 0.921479 0.050112 0.077362
0 0.442027 0.544212 0.050120 0.076903
0 0.176782 0.350100 0.059156 0.081326
0 0.973573 0.681153 0.049784 0.074460
0 0.820774 0.626281 0.057972 0.079533
0 0.145378 0.038139 0.055338 0.076278
0 0.532315 0.872765 0.047933 0.077313
0 0.677689 0.493466 0.045135 0.085634
0 0.597211 0.967111 0.056289 0.062798
0 0.241893 0.149434 0.048888 0.080181
0 0.301348 0.448774 0.048584 0.081463
0 0.555827 0.532388 0.054602 0.078147
0 0.385495 0.619964 0.052611 0.077248
0 0.621925 0.510679 0.059681 0.097440
0 0.409361 0.808815 0.053085 0.070444
0 0.243837 0.058074 0.053083 0.084115
0 0.108511 0.249109 0.060728 0.078773
0 0.840802 0.248592 0.050844 0.079935
0 0.188071 0.138064 0.046141 0.082055
0 0.387782 0.491488 0.051937 0.079906
0 0.887245 0.675315 0.051437 0.077914
0 0.560332 0.244556 0.045050 0.089788
0 0.392144 0.731658 0.056244 0.079121
0 0.356411 0.413612 0.054719 0.083252
0 0.303173 0.317740 0.049036 0.080015
0 0.453521 0.253460 0.049424 0.076340
0 0.965668 0.769015 0.055729 0.080271
0 0.545743 0.444251 0.053145 0.079107
0 0.594962 0.618321 0.060054 0.080129
0 0.588512 0.813973 0.052262 0.090565
0 0.719221 0.570889 0.051461 0.085824
0 0.696277 0.359028 0.046588 0.084547
0 0.486626 0.087293 0.050852 0.083449
0 0.720317 0.130301 0.049962 0.076517
0 0.674815 0.220505 0.052127 0.084468
0 0.904896 0.488618 0.045131 0.073551
0 0.645716 0.108986 0.058047 0.074936
0 0.968802 0.569459 0.048185 0.083484
0 0.883225 0.146414 0.050025 0.085751
0 0.504314 0.319175 0.057132 0.086353
0 0.607583 0.279184 0.046922 0.085331
0 0.725995 0.273943 0.049958 0.089435
0 0.460134 0.460792 0.051766 0.076825
0 0.861952 0.388835 0.054129 0.086125
0 0.930515 0.351269 0.053778 0.080189
0 0.909255 0.250267 0.047870 0.082348
0 0.784934 0.138184 0.061090 0.085642
3 0.220022 0.737187 0.116202 0.125149
4 0.112789 0.511919 0.109183 0.168057
5 0.831060 0.486293 0.085787 0.140644
1 0.138915 0.461263 0.039774 0.047676
1 0.170110 0.587604 0.052252 0.085816
2 0.394326 0.235995 0.043673 0.054827
2 0.484402 0.585221 0.022617 0.035757
2 0.545623 0.641836 0.021837 0.034565
2 0.707059 0.635876 0.023396 0.041716
2 0.937124 0.421335 0.026516 0.034565
2 0.843538 0.125745 0.026516 0.046484
2 0.840808 0.978546 0.041334 0.042908