0 0.543330 0.853797 0.048742 0.068341
0 0.009492 0.520862 0.018984 0.074140
0 0.552916 0.803378 0.053858 0.075053
0 0.387485 0.003033 0.032192 0.006067
0 0.947498 0.224348 0.051030 0.087367
0 0.599044 0.991871 0.029494 0.013701
0 0.008708 0.619020 0.017417 0.071458
0 0.680539 0.584447 0.052049 0.059903
0 0.687162 0.993457 0.031190 0.010587
0 0.417503 0.992075 0.037447 0.013103
0 0.593036 0.005508 0.035065 0.011003
0 0.988130 0.279470 0.021866 0.082391
0 0.945191 0.006230 0.038105 0.012461
0 0.679978 0.531033 0.050924 0.081531
0 0.201483 0.952511 0.050332 0.078241
0 0.218330 0.603933 0.052483 0.075010
0 0.176116 0.590173 0.050992 0.077582
0 0.498477 0.017405 0.050063 0.034811
0 0.025522 0.654465 0.050076 0.069017
0 0.639263 0.974234 0.039176 0.048206
0 0.798732 0.987561 0.041736 0.021847
0 0.478769 0.982366 0.039084 0.032109
0 0.018061 0.798904 0.036121 0.072618
0 0.592136 0.195551 0.051826 0.079727
0 0.527817 0.982748 0.048223 0.031207
0 0.213025 0.516653 0.049381 0.077965
0 0.684598 0.052971 0.080996 0.079983
0 0.822204 0.714829 0.050659 0.075151
0 0.528155 0.063133 0.053962 0.079916
0 0.597534 0.391939 0.044677 0.077972
0 0.984661 0.029901 0.029045 0.059609
0 0.923363 0.979353 0.051753 0.038091
0 0.973804 0.964066 0.050370 0.068453
0 0.821999 0.175401 0.047515 0.078499
0 0.778723 0.136329 0.045535 0.079579
0 0.651487 0.415134 0.049477 0.078433
0 0.809427 0.054716 0.054559 0.088735
0 0.024831 0.035074 0.049663 0.070079
0 0.237443 0.882872 0.051644 0.078355
0 0.328317 0.754754 0.053041 0.077028
0 0.119602 0.030390 0.047027 0.060780
0 0.023390 0.912517 0.046611 0.074502
0 0.021059 0.360190 0.042117 0.070735
0 0.278285 0.959860 0.050464 0.074219
0 0.154679 0.203047 0.052298 0.087180
0 0.561487 0.723870 0.050679 0.069346
0 0.880444 0.924297 0.048523 0.082540
0 0.196353 0.818407 0.051980 0.078317
0 0.282742 0.718396 0.052043 0.086265
0 0.060097 0.747591 0.056485 0.078036
0 0.150243 0.517154 0.050256 0.080890
0 0.065555 0.581982 0.048383 0.077634
0 0.096932 0.518083 0.049057 0.087780
0 0.139974 0.875586 0.051939 0.075561
0 0.368396 0.703534 0.045656 0.072250
0 0.240535 0.777151 0.053926 0.076867
0 0.647320 0.836916 0.053705 0.070302
0 0.224609 0.690151 0.050281 0.085315
0 0.982072 0.133574 0.034121 0.073136
0 0.842956 0.869678 0.047404 0.071843
0 0.971852 0.513024 0.052115 0.079353
0 0.494637 0.359525 0.062299 0.079614
0 0.824325 0.365063 0.059689 0.077478
0 0.078562 0.824772 0.052895 0.076405
0 0.348503 0.503806 0.050650 0.080002
0 0.975642 0.674319 0.046843 0.081528
0 0.287904 0.102907 0.044904 0.073177
0 0.878073 0.046375 0.055112 0.091228
0 0.152311 0.957857 0.051050 0.073233
0 0.564637 0.133376 0.055571 0.086282
0 0.551767 0.930518 0.053957 0.068218
0 0.507768 0.709246 0.050601 0.081386
0 0.319855 0.905788 0.048597 0.071871
0 0.556342 0.442634 0.056854 0.075323
0 0.044530 0.197156 0.046989 0.072838
0 0.718893 0.772020 0.048148 0.070234
0 0.371819 0.966088 0.052307 0.064534
0 0.272016 0.600551 0.048700 0.093562
0 0.056325 0.110162 0.055485 0.088072
0 0.616003 0.084058 0.049521 0.080997
0 0.214281 0.029343 0.050917 0.058687
0 0.549033 0.521957 0.051716 0.075663
0 0.825259 0.478552 0.055853 0.076190
0 0.753943 0.058412 0.047372 0.088955
0 0.199488 0.248501 0.050502 0.077919
0 0.424580 0.395909 0.055748 0.084748
0 0.859540 0.656552 0.049098 0.070667
0 0.904456 0.149849 0.052353 0.074192
0 0.261963 0.277672 0.051667 0.080623
0 0.740443 0.699726 0.054338 0.076883
0 0.597634 0.277451 0.054830 0.074748
0 0.497528 0.562819 0.051879 0.080490
0 0.661870 0.758246 0.039609 0.089952
0 0.161230 0.070291 0.054628 0.095558
0 0.732744 0.616148 0.053780 0.076942
0 0.173088 0.428470 0.050134 0.071638
0 0.367211 0.419457 0.053947 0.088335
0 0.695630 0.178127 0.053355 0.072184
0 0.068745 0.957922 0.052045 0.078601
0 0.616181 0.523141 0.050410 0.083600
0 0.968427 0.883041 0.053521 0.081191
0 0.805225 0.257134 0.053775 0.084964
0 0.663466 0.912516 0.047819 0.073373
0 0.749817 0.533341 0.052009 0.083504
0 0.306075 0.827102 0.051838 0.075811
0 0.896816 0.496253 0.058890 0.082177
0 0.340598 0.054235 0.046975 0.076145
0 0.936300 0.078973 0.053859 0.080816
0 0.527107 0.213292 0.052694 0.092239
0 0.943335 0.597791 0.052075 0.070168
0 0.645316 0.330424 0.059996 0.076757
0 0.371867 0.846161 0.053595 0.081221
0 0.205970 0.348589 0.049675 0.077100
0 0.426542 0.197139 0.045163 0.075405
0 0.053810 0.301372 0.050210 0.086919
0 0.737408 0.398410 0.054347 0.089218
0 0.568475 0.607164 0.054149 0.076186
0 0.094388 0.240178 0.054446 0.080505
0 0.452335 0.617636 0.052555 0.081741
0 0.405836 0.058560 0.049058 0.079416
0 0.715181 0.299841 0.051628 0.078660
0 0.238452 0.147398 0.049286 0.080335
0 0.483676 0.272821 0.051479 0.090460
0 0.352059 0.317602 0.058164 0.082202
0 0.780997 0.871861 0.051299 0.081713
0 0.409385 0.299599 0.051656 0.081174
0 0.408449 0.778259 0.048276 0.086494
0 0.932184 0.772932 0.055319 0.085914
0 0.314127 0.244207 0.053004 0.095276
0 0.448280 0.117077 0.055030 0.088138
1 0.191167 0.137068 0.038214 0.073897
1 0.241469 0.467223 0.073309 0.069130
1 0.356112 0.609058 0.057711 0.090584
1 0.422402 0.707390 0.059271 0.070322
1 0.797525 0.535161 0.038994 0.059595
1 0.877853 0.412396 0.056152 0.061979
2 0.019983 0.158522 0.024956 0.035757
2 0.082373 0.702622 0.026516 0.039333
2 0.158802 0.824195 0.024956 0.032181
2 0.329206 0.559595 0.024176 0.034565
2 0.599045 0.914779 0.041334 0.060787
2 0.840418 0.306913 0.028076 0.039333
2 0.856016 0.324791 0.020277 0.027414
2 0.693801 0.255066 0.031195 0.035757
1 0.724216 0.917163 0.054592 0.065554