0 0.568921 0.995074 0.026400 0.008237
0 0.995511 0.592553 0.008002 0.059035
0 0.108110 0.673690 0.047305 0.080480
0 0.868715 0.866756 0.048058 0.083253
0 0.008845 0.719027 0.017690 0.076179
0 0.987886 0.433228 0.022336 0.069793
0 0.007578 0.518826 0.015156 0.077904
0 0.837427 0.992476 0.042618 0.012434
0 0.459971 0.991087 0.040601 0.015072
0 0.514501 0.592708 0.049941 0.077672
0 0.947200 0.012257 0.045793 0.024470
0 0.414308 0.235404 0.053643 0.077439
0 0.420734 0.155909 0.049495 0.079072
0 0.697107 0.987901 0.046359 0.021455
0 0.369706 0.021379 0.047410 0.042759
0 0.071278 0.641593 0.051692 0.081054
0 0.801557 0.018093 0.050000 0.036187
0 0.052262 0.535171 0.050946 0.075746
0 0.462873 0.927117 0.054677 0.071856
0 0.987009 0.774320 0.024157 0.077416
0 0.985478 0.686226 0.027122 0.071273
0 0.033357 0.054609 0.050699 0.082356
0 0.129510 0.971054 0.059196 0.055281
0 0.283746 0.172654 0.047469 0.068915
0 0.775506 0.319747 0.049477 0.080247
0 0.354672 0.660041 0.052947 0.074862
0 0.932860 0.624952 0.049853 0.067984
0 0.315584 0.029491 0.048963 0.058946
0 0.059170 0.724634 0.048427 0.073026
0 0.416781 0.782302 0.046115 0.078905
0 0.362027 0.873011 0.058319 0.085511
0 0.074347 0.226850 0.051861 0.082950
0 0.655648 0.027612 0.051665 0.055224
0 0.555318 0.704255 0.057959 0.075999
0 0.311191 0.104070 0.052877 0.076963
0 0.135470 0.080103 0.054423 0.082233
0 0.387936 0.721312 0.047843 0.075359
0 0.782363 0.411088 0.043805 0.064764
0 0.486602 0.781285 0.045014 0.067747
0 0.721730 0.823537 0.056572 0.075714
0 0.227669 0.375310 0.050784 0.076504
0 0.709723 0.084598 0.046697 0.073561
0 0.381379 0.099507 0.038372 0.096128
0 0.937832 0.824288 0.049977 0.078050
0 0.406744 0.915355 0.049072 0.073168
0 0.317127 0.587212 0.046133 0.079886
0 0.639595 0.249398 0.051462 0.078237
0 0.402362 0.605506 0.047512 0.078441
0 0.834597 0.932518 0.047627 0.072450
0 0.974509 0.075589 0.049018 0.084884
0 0.923931 0.115339 0.052164 0.087753
0 0.626865 0.413706 0.051058 0.075757
0 0.132781 0.547010 0.043856 0.073582
0 0.441669 0.416384 0.052852 0.083892
0 0.225077 0.097159 0.049198 0.076367
0 0.269201 0.825987 0.052610 0.082662
0 0.335782 0.504160 0.054125 0.083364
0 0.754252 0.713249 0.052118 0.081581
0 0.546070 0.384794 0.052987 0.080476
0 0.841535 0.080958 0.049134 0.088550
0 0.626700 0.871671 0.048984 0.079180
0 0.877707 0.773447 0.051409 0.084719
0 0.247176 0.481661 0.051978 0.083990
0 0.717197 0.168672 0.050354 0.078224
0 0.821307 0.172156 0.051157 0.082582
0 0.212965 0.575536 0.051963 0.072163
0 0.235378 0.687942 0.050268 0.080202
0 0.606303 0.778489 0.053908 0.094029
0 0.362732 0.431559 0.042734 0.070312
0 0.578236 0.184894 0.047163 0.074543
0 0.740701 0.251499 0.051512 0.080578
0 0.161381 0.918289 0.049156 0.076004
0 0.173267 0.719489 0.048213 0.074967
0 0.823707 0.608613 0.052433 0.083275
0 0.690137 0.705161 0.055469 0.074360
0 0.699372 0.590194 0.050281 0.080173
0 0.826920 0.494427 0.057523 0.087859
0 0.709290 0.358899 0.048054 0.082437
0 0.296307 0.320389 0.056279 0.078052
0 0.544123 0.839837 0.055892 0.083028
0 0.853272 0.398090 0.058944 0.085105
0 0.804992 0.766465 0.050047 0.082645
0 0.603860 0.099008 0.049210 0.080456
0 0.848256 0.277965 0.054210 0.077049
0 0.963915 0.958412 0.053363 0.079956
0 0.459024 0.045819 0.053776 0.084301
0 0.561377 0.513584 0.052123 0.082981
0 0.623539 0.532670 0.054653 0.086714
0 0.236212 0.292691 0.054235 0.081789
0 0.590015 0.323833 0.048060 0.084591
0 0.758926 0.610441 0.058791 0.086442
0 0.944201 0.533287 0.053211 0.078949
1 0.179469 0.030989 0.067850 0.061979
1 0.119418 0.345054 0.066290 0.051251
1 0.489472 0.205006 0.043673 0.083433
1 0.466465 0.553039 0.053812 0.071514
1 0.981820 0.221097 0.036360 0.087008
2 0.140864 0.458284 0.024956 0.044100
2 0.211834 0.430274 0.026516 0.038141
2 0.412263 0.464243 0.023396 0.044100
2 0.072625 0.779499 0.021057 0.030989
2 0.340514 0.980930 0.023396 0.030989
2 0.950382 0.197855 0.024956 0.035757
2 0.833789 0.335518 0.028856 0.029797