0 0.997253 0.831626 0.004500 0.048035
0 0.995626 0.045905 0.007386 0.052517
0 0.288990 0.994415 0.030082 0.009000
0 0.293146 0.277149 0.062072 0.089311
0 0.993543 0.926790 0.011396 0.069528
0 0.004685 0.633760 0.009370 0.062365
0 0.987067 0.495315 0.024045 0.082159
0 0.317606 0.420372 0.059162 0.080576
0 0.639819 0.636939 0.054742 0.081757
0 0.988925 0.243763 0.020368 0.073142
0 0.017221 0.985941 0.034442 0.025297
0 0.771261 0.971627 0.053532 0.053592
0 0.347774 0.989567 0.045133 0.018028
0 0.365425 0.613475 0.054139 0.076032
0 0.123589 0.351047 0.055832 0.084815
0 0.123943 0.013821 0.050112 0.027642
0 0.444369 0.749095 0.055619 0.072043
0 0.975858 0.015862 0.043813 0.031724
0 0.379325 0.531477 0.059048 0.087974
0 0.510558 0.986464 0.061888 0.023897
0 0.602695 0.714904 0.051811 0.073709
0 0.373322 0.788253 0.053427 0.084676
0 0.368633 0.696036 0.066248 0.082691
0 0.439887 0.948114 0.054362 0.076140
0 0.385534 0.879218 0.051442 0.080800
0 0.777340 0.884552 0.052227 0.079690
0 0.501517 0.550771 0.050449 0.076446
0 0.665560 0.014477 0.052454 0.028955
0 0.345681 0.927404 0.051444 0.076939
0 0.531253 0.781376 0.051816 0.069823
0 0.283333 0.787974 0.045976 0.069623
0 0.335488 0.848536 0.057670 0.076642
0 0.014582 0.777243 0.029165 0.078297
0 0.306173 0.021422 0.051076 0.042844
0 0.506781 0.929327 0.059525 0.070059
0 0.448575 0.880462 0.058882 0.073873
0 0.203068 0.883905 0.053268 0.077723
0 0.190511 0.463651 0.057365 0.082716
0 0.033033 0.015926 0.056496 0.031853
0 0.723447 0.016910 0.049257 0.033820
0 0.599498 0.899371 0.049498 0.076145
0 0.362206 0.019217 0.053989 0.038435
0 0.143823 0.418211 0.055261 0.089888
0 0.806705 0.606883 0.047280 0.072765
0 0.356668 0.346581 0.058202 0.081521
0 0.202585 0.762013 0.050204 0.077076
0 0.650895 0.909482 0.049227 0.079003
0 0.702748 0.069155 0.044574 0.071516
0 0.886957 0.090992 0.060717 0.090439
0 0.321014 0.507844 0.049834 0.077647
0 0.838338 0.676398 0.052746 0.088965
0 0.674437 0.347210 0.053702 0.078491
0 0.524716 0.855214 0.057628 0.071088
0 0.659215 0.559433 0.048057 0.068349
0 0.240091 0.499326 0.046680 0.075665
0 0.306487 0.591631 0.056563 0.090599
0 0.704066 0.937065 0.053097 0.088715
0 0.611611 0.427319 0.054321 0.081248
0 0.608179 0.814545 0.050953 0.077128
0 0.713727 0.807563 0.050804 0.074044
0 0.455073 0.358467 0.052325 0.083271
0 0.579817 0.531243 0.053727 0.085795
0 0.854617 0.224442 0.052073 0.085140
0 0.512267 0.265796 0.038606 0.077897
0 0.377704 0.070531 0.051497 0.076466
0 0.727227 0.285026 0.051496 0.077319
0 0.713730 0.730097 0.051010 0.069187
0 0.135978 0.808434 0.045326 0.070362
0 0.545969 0.711940 0.050457 0.078030
0 0.546978 0.408971 0.054313 0.086059
0 0.756545 0.667869 0.053733 0.074490
0 0.054801 0.621369 0.059911 0.083077
0 0.920980 0.138539 0.046486 0.073384
0 0.777918 0.031436 0.048194 0.062872
0 0.674578 0.690201 0.053682 0.080538
0 0.265400 0.856857 0.060185 0.073718
0 0.277677 0.670505 0.055229 0.079215
0 0.033735 0.070360 0.059809 0.072219
0 0.019155 0.570941 0.038311 0.075679
0 0.749655 0.093484 0.050667 0.075923
0 0.164254 0.925568 0.060205 0.080945
0 0.758788 0.391721 0.050219 0.077234
0 0.576684 0.964254 0.060278 0.068285
0 0.737519 0.500300 0.049251 0.091985
0 0.654761 0.482313 0.055613 0.075962
0 0.076711 0.406696 0.055421 0.077326
0 0.138835 0.555449 0.057445 0.089469
0 0.793984 0.265301 0.059398 0.078353
0 0.803706 0.752620 0.053898 0.078422
0 0.425698 0.023929 0.055859 0.047853
0 0.654029 0.130329 0.048887 0.074462
0 0.855354 0.973006 0.059397 0.050744
0 0.070602 0.124884 0.052355 0.078237
0 0.468140 0.175827 0.058306 0.081308
0 0.895937 0.507263 0.044134 0.070145
0 0.072599 0.699657 0.054685 0.081100
0 0.897810 0.606916 0.053147 0.080372
0 0.978344 0.322060 0.041271 0.082122
0 0.252567 0.936601 0.059170 0.083681
0 0.479547 0.473282 0.051041 0.081576
0 0.059135 0.783194 0.049563 0.086992
0 0.455256 0.254980 0.056412 0.077290
0 0.846770 0.549055 0.051998 0.074695
0 0.954889 0.203420 0.050135 0.071546
0 0.061221 0.320397 0.053571 0.088226
0 0.079011 0.873097 0.055535 0.087474
0 0.950269 0.444505 0.056323 0.088483
0 0.179085 0.252671 0.055256 0.078885
0 0.192049 0.669354 0.053707 0.083049
0 0.030397 0.495498 0.054604 0.085825
0 0.931961 0.049769 0.050441 0.077668
0 0.216802 0.298161 0.056995 0.093956
0 0.359348 0.240410 0.052892 0.082916
0 0.831765 0.913947 0.057359 0.085842
0 0.230011 0.391262 0.057020 0.089522
0 0.637150 0.254777 0.057583 0.086442
0 0.420890 0.491860 0.051155 0.087454
0 0.954940 0.611257 0.051243 0.076894
0 0.042864 0.241754 0.050614 0.077811
0 0.565242 0.038135 0.051438 0.075579
0 0.183678 0.119401 0.059973 0.088019
0 0.823560 0.382434 0.045507 0.081847
0 0.852562 0.451882 0.053369 0.078011
0 0.820979 0.827575 0.057702 0.082482
0 0.546348 0.126226 0.049507 0.065405
0 0.575696 0.332408 0.051258 0.082388
0 0.149173 0.050125 0.052212 0.074273
0 0.607745 0.089983 0.051368 0.090309
0 0.962158 0.708512 0.051800 0.081752
0 0.279531 0.063982 0.053274 0.076299
0 0.222655 0.056928 0.052914 0.078731
0 0.556700 0.250971 0.052168 0.083292
2 0.558101 0.187723 0.038994 0.044100
2 0.986499 0.394517 0.027002 0.054827
2 0.242639 0.017878 0.038214 0.035757
2 0.134235 0.286055 0.021057 0.035757
2 0.168550 0.367700 0.021057 0.032181
2 0.624781 0.537545 0.021057 0.028605
1 0.544063 0.597735 0.037434 0.117998
1 0.255897 0.753278 0.050692 0.083433
1 0.158802 0.735399 0.046793 0.085816
1 0.108499 0.759833 0.058491 0.082241
1 0.407584 0.623361 0.040554 0.092968
1 0.951162 0.535161 0.070189 0.090584
3 0.468025 0.650179 0.108404 0.137068