0 0.024100 0.575413 0.048146 0.069330
0 0.997381 0.524192 0.004964 0.053632
0 0.831442 0.923071 0.055690 0.075146
0 0.723001 0.919467 0.038699 0.086477
0 0.218757 0.004011 0.026934 0.008023
0 0.824819 0.001681 0.033159 0.003362
0 0.006439 0.156589 0.012878 0.091481
0 0.333057 0.980312 0.046352 0.036293
0 0.598408 0.994865 0.037970 0.008773
0 0.004959 0.827745 0.009919 0.073523
0 0.749116 0.958132 0.050132 0.074199
0 0.764454 0.885259 0.045823 0.072622
0 0.022269 0.521014 0.044535 0.063646
0 0.449795 0.914924 0.050709 0.076936
0 0.982536 0.991521 0.032797 0.014370
0 0.170449 0.011711 0.033298 0.023422
0 0.050600 0.683980 0.043255 0.083352
0 0.351617 0.005599 0.035413 0.011198
0 0.032049 0.990515 0.045349 0.016280
0 0.451621 0.542343 0.041678 0.076122
0 0.020677 0.662069 0.041288 0.076618
0 0.988311 0.020322 0.022014 0.040508
0 0.879690 0.006147 0.033773 0.012294
0 0.133666 0.027213 0.058908 0.054266
0 0.990658 0.407120 0.017147 0.069952
0 0.156553 0.989807 0.039608 0.018100
0 0.429637 0.585749 0.047671 0.075786
0 0.462922 0.840128 0.049000 0.071873
0 0.767107 0.815653 0.057392 0.075292
0 0.775933 0.207301 0.047170 0.073761
0 0.810220 0.166200 0.055523 0.072906
0 0.900009 0.204731 0.043560 0.077060
0 0.989412 0.695540 0.019434 0.072315
0 0.254240 0.019815 0.051522 0.039629
0 0.098338 0.394823 0.052372 0.080966
0 0.846247 0.984499 0.044828 0.027898
0 0.274472 0.197405 0.055166 0.087668
0 0.430706 0.072386 0.071486 0.086744
0 0.862107 0.197829 0.046245 0.072464
0 0.634242 0.798641 0.045993 0.080197
0 0.482401 0.023416 0.051320 0.046753
0 0.038279 0.444044 0.069844 0.081911
0 0.797034 0.977639 0.046235 0.041706
0 0.492865 0.285639 0.046494 0.079695
0 0.625044 0.293590 0.058344 0.063331
0 0.490139 0.108813 0.047827 0.066201
0 0.375247 0.047111 0.047892 0.076383
0 0.167108 0.569282 0.053033 0.079729
0 0.931740 0.018211 0.043424 0.036423
0 0.370482 0.378357 0.049048 0.088968
0 0.182761 0.715086 0.047638 0.082356
0 0.688210 0.618454 0.051255 0.078313
0 0.406384 0.156403 0.048073 0.077143
0 0.529170 0.385016 0.052371 0.079477
0 0.673070 0.891591 0.057834 0.065424
0 0.821744 0.411841 0.050326 0.076407
0 0.187774 0.895923 0.047402 0.083515
0 0.296092 0.661005 0.054071 0.074488
0 0.051010 0.779973 0.050207 0.073356
0 0.688692 0.707530 0.055377 0.084431
0 0.338109 0.622740 0.044396 0.067556
0 0.410145 0.266889 0.046646 0.084767
0 0.173662 0.441692 0.052774 0.080973
0 0.055502 0.346556 0.046300 0.104308
0 0.472053 0.438345 0.050276 0.117041
0 0.141319 0.738869 0.044447 0.071112
0 0.888492 0.893704 0.046071 0.081187
0 0.649875 0.358141 0.048098 0.069282
0 0.428321 0.344342 0.044489 0.070892
0 0.353037 0.250654 0.051044 0.076304
0 0.123180 0.277451 0.046003 0.069771
0 0.673985 0.101690 0.047112 0.070534
0 0.814266 0.316893 0.052104 0.078810
0 0.216160 0.242249 0.075132 0.082822
0 0.081751 0.964653 0.045773 0.067893
0 0.136560 0.636297 0.045139 0.074831
0 0.848046 0.693781 0.075635 0.110485
0 0.208353 0.512982 0.063235 0.070907
0 0.422768 0.763763 0.048864 0.075897
0 0.766389 0.652032 0.073381 0.086402
0 0.359757 0.751290 0.048618 0.072166
0 0.779894 0.032270 0.050298 0.064464
0 0.017432 0.283097 0.034864 0.079303
0 0.512044 0.809804 0.051875 0.069682
0 0.635812 0.041672 0.056649 0.064141
0 0.268229 0.543619 0.048677 0.068227
0 0.601896 0.101125 0.057743 0.075678
0 0.548380 0.862433 0.048377 0.068198
0 0.833218 0.781313 0.069554 0.084950
0 0.198923 0.318833 0.045532 0.074590
0 0.236365 0.959183 0.043156 0.078411
0 0.302634 0.301958 0.046688 0.077058
0 0.363510 0.902999 0.047072 0.075358
0 0.710808 0.188599 0.061459 0.100360
0 0.601632 0.850282 0.053409 0.075174
0 0.591755 0.652238 0.073113 0.102946
0 0.631545 0.432922 0.055764 0.067212
0 0.380222 0.683007 0.051073 0.073305
0 0.230453 0.869374 0.046173 0.089404
0 0.104267 0.789072 0.048742 0.074594
0 0.148554 0.350696 0.054530 0.072465
0 0.885636 0.113927 0.050190 0.079142
0 0.701729 0.437557 0.062154 0.072295
0 0.668755 0.246265 0.054387 0.087659
0 0.467564 0.683667 0.050024 0.078269
0 0.386856 0.961945 0.047197 0.072631
0 0.967960 0.209274 0.054782 0.069220
0 0.085937 0.631061 0.047626 0.082529
0 0.289261 0.878648 0.055225 0.087849
0 0.825737 0.086049 0.057090 0.075729
0 0.823747 0.517581 0.054600 0.074291
0 0.848940 0.595212 0.054757 0.080666
0 0.977226 0.774134 0.043697 0.075564
0 0.130550 0.939170 0.050559 0.077814
0 0.911546 0.966334 0.052210 0.064531
0 0.136746 0.852924 0.054802 0.072782
0 0.247967 0.616124 0.051474 0.089341
0 0.728622 0.771949 0.069134 0.101655
0 0.650675 0.962076 0.072453 0.071885
0 0.061165 0.865155 0.052975 0.084438
0 0.551043 0.459413 0.051938 0.073710
0 0.553029 0.557411 0.054063 0.078822
0 0.545683 0.080896 0.052431 0.086053
0 0.546697 0.963379 0.049772 0.070053
0 0.589721 0.745908 0.050192 0.070812
0 0.972960 0.296289 0.047413 0.088792
0 0.902935 0.639156 0.055467 0.077335
0 0.339962 0.829453 0.050485 0.076835
0 0.932808 0.839884 0.046304 0.081841
0 0.387895 0.484992 0.055101 0.076565
0 0.319324 0.509999 0.056446 0.068538
0 0.549587 0.293553 0.051287 0.080901
0 0.982321 0.616800 0.033702 0.070492
0 0.603540 0.188808 0.050007 0.077630
0 0.284526 0.414947 0.051425 0.092021
0 0.148211 0.117969 0.052827 0.085665
0 0.917799 0.284125 0.056168 0.080745
0 0.921229 0.372279 0.052414 0.080397
0 0.196896 0.627966 0.044358 0.070182
0 0.721277 0.355766 0.052581 0.086976
0 0.975175 0.127395 0.047555 0.084921
0 0.042068 0.152076 0.049743 0.080588
0 0.293739 0.078784 0.062153 0.070884
0 0.374301 0.581903 0.051445 0.083724
0 0.869676 0.467593 0.055133 0.074704
0 0.962586 0.545177 0.056429 0.077517
1 0.299960 0.755662 0.067070 0.104887
1 0.607234 0.556615 0.049912 0.073897
2 0.304250 0.019666 0.027296 0.039333
2 0.386527 0.216329 0.028076 0.039333
2 0.504679 0.230632 0.028856 0.036949
2 0.322967 0.453516 0.025736 0.039333
2 0.682102 0.421335 0.026516 0.036949
2 0.777638 0.088796 0.024176 0.034565
2 0.922696 0.783075 0.024176 0.040524
2 0.923866 0.923123 0.026516 0.041716
2 0.957791 0.933850 0.033535 0.044100
3 0.718757 0.522646 0.143498 0.103695
4 0.113958 0.502384 0.117762 0.177592