0 0.002402 0.279742 0.004786 0.061820
0 0.014903 0.547602 0.029805 0.088516
0 0.002221 0.815994 0.004442 0.074456
0 0.493186 0.994606 0.046358 0.009888
0 0.020410 0.592792 0.040772 0.063096
0 0.589713 0.022976 0.047181 0.045890
0 0.851325 0.992750 0.041923 0.012818
0 0.992785 0.585509 0.013081 0.087539
0 0.103115 0.004404 0.040543 0.008808
0 0.181203 0.186798 0.053103 0.083044
0 0.248044 0.974342 0.052732 0.049919
0 0.990614 0.410790 0.017074 0.075447
0 0.282670 0.005872 0.042973 0.011745
0 0.192929 0.989617 0.043173 0.018770
0 0.615783 0.377746 0.054188 0.091746
0 0.962756 0.021290 0.052897 0.042581
0 0.935992 0.985213 0.047347 0.027716
0 0.086237 0.984288 0.045438 0.029313
0 0.425691 0.166248 0.054031 0.081913
0 0.501225 0.276000 0.057132 0.077611
0 0.685632 0.018525 0.053468 0.037049
0 0.755610 0.023437 0.049190 0.046864
0 0.389441 0.231333 0.047184 0.079326
0 0.022174 0.209723 0.044347 0.092058
0 0.967493 0.540691 0.049409 0.070109
0 0.070778 0.103929 0.044287 0.074550
0 0.681282 0.304824 0.056918 0.073628
0 0.964651 0.815321 0.056265 0.074374
0 0.392882 0.404110 0.051684 0.072945
0 0.519796 0.028114 0.055269 0.056146
0 0.241985 0.534050 0.048247 0.075529
0 0.172615 0.031135 0.051811 0.062270
0 0.034156 0.037155 0.052428 0.074309
0 0.516331 0.832559 0.046355 0.073432
0 0.982946 0.898608 0.032352 0.074792
0 0.039566 0.965765 0.053103 0.065392
0 0.077159 0.377947 0.048894 0.081915
0 0.241579 0.906327 0.050071 0.076109
0 0.730876 0.145491 0.049842 0.072278
0 0.298466 0.639898 0.057221 0.088565
0 0.303792 0.480827 0.048509 0.079102
0 0.985412 0.094252 0.027484 0.084675
0 0.193134 0.487691 0.047350 0.080373
0 0.363480 0.027184 0.057353 0.054368
0 0.261933 0.824987 0.050599 0.083759
0 0.478582 0.145166 0.047057 0.079393
0 0.291865 0.397692 0.051462 0.076499
0 0.353355 0.527160 0.050143 0.082512
0 0.718375 0.069666 0.052816 0.082076
0 0.279532 0.179378 0.047820 0.073917
0 0.351062 0.166625 0.052793 0.076617
0 0.544777 0.098627 0.056150 0.088850
0 0.983567 0.727928 0.031035 0.076307
0 0.301993 0.924977 0.053471 0.085893
0 0.033290 0.673097 0.051006 0.080809
0 0.442690 0.046522 0.054687 0.084236
0 0.122264 0.313064 0.054558 0.079160
0 0.945015 0.760019 0.049108 0.087350
0 0.117261 0.221697 0.052957 0.085546
0 0.641834 0.200774 0.048962 0.083499
0 0.333376 0.088179 0.051760 0.072439
0 0.916423 0.935346 0.051569 0.077062
0 0.434721 0.763964 0.047460 0.078560
0 0.359287 0.310554 0.051181 0.085322
0 0.802934 0.537302 0.045228 0.068247
0 0.126077 0.421501 0.049847 0.082385
0 0.430528 0.565085 0.050663 0.079535
0 0.496255 0.702617 0.048435 0.076333
0 0.045005 0.776912 0.055096 0.088156
0 0.481209 0.361191 0.057688 0.096026
0 0.465775 0.832428 0.046255 0.078649
0 0.085477 0.699865 0.049544 0.079230
0 0.753855 0.496346 0.054605 0.088275
0 0.479698 0.923449 0.048664 0.085791
0 0.807536 0.040174 0.048318 0.080111
0 0.355043 0.903763 0.046779 0.093730
0 0.094825 0.905598 0.053712 0.088436
0 0.380721 0.748559 0.054763 0.088676
0 0.851309 0.443565 0.051026 0.069615
0 0.632226 0.507666 0.053029 0.082631
0 0.187592 0.669063 0.055452 0.085472
0 0.839165 0.662205 0.051908 0.080291
0 0.550386 0.961262 0.049762 0.075001
0 0.802307 0.148958 0.047124 0.074742
0 0.686105 0.777833 0.056137 0.094552
0 0.980641 0.188895 0.036732 0.075822
0 0.622180 0.109604 0.059645 0.088299
0 0.698359 0.958175 0.045176 0.077358
0 0.780232 0.613313 0.052505 0.081916
0 0.070371 0.527316 0.047742 0.084406
0 0.625259 0.284943 0.051972 0.080968
0 0.290867 0.748439 0.048721 0.082012
0 0.257930 0.320758 0.057532 0.083161
0 0.393985 0.837139 0.049054 0.082560
0 0.651505 0.902976 0.055813 0.080179
0 0.616541 0.963986 0.046907 0.069972
0 0.930403 0.205580 0.051678 0.076765
0 0.579209 0.472089 0.054316 0.085300
0 0.775104 0.706677 0.051619 0.078891
0 0.410863 0.670078 0.051577 0.086173
0 0.880533 0.725612 0.044694 0.074617
0 0.629127 0.791036 0.048621 0.085572
0 0.740724 0.349209 0.049360 0.089257
0 0.775425 0.938159 0.052809 0.090801
0 0.794403 0.333232 0.049025 0.093774
0 0.702969 0.669385 0.054327 0.082091
0 0.629865 0.702302 0.050375 0.077854
0 0.804589 0.801368 0.052333 0.086281
0 0.832653 0.942876 0.051237 0.082201
0 0.887080 0.839164 0.052269 0.080289
0 0.783685 0.229817 0.057392 0.088713
0 0.552013 0.770623 0.049534 0.076835
0 0.900296 0.581066 0.050349 0.081256
0 0.871663 0.147039 0.052649 0.081624
0 0.929285 0.298396 0.052103 0.077946
2 0.487132 0.470799 0.045233 0.054827
2 0.422792 0.264601 0.031975 0.045292
2 0.659486 0.073302 0.032755 0.048868
2 0.668455 0.518474 0.016378 0.035757
2 0.348703 0.598927 0.033535 0.048868
1 0.746833 0.794398 0.062391 0.072706