0 0.997633 0.029370 0.004022 0.042664
0 0.009512 0.984797 0.019023 0.028167
0 0.988900 0.306249 0.020647 0.080250
0 0.866767 0.002444 0.037122 0.004813
0 0.673711 0.996405 0.043616 0.006304
0 0.003295 0.557355 0.006590 0.058078
0 0.994182 0.920881 0.010361 0.061830
0 0.004064 0.175065 0.008128 0.063302
0 0.784477 0.995350 0.032931 0.007911
0 0.004844 0.785225 0.009689 0.063069
0 0.800041 0.022289 0.051417 0.044577
0 0.167573 0.993154 0.038782 0.011571
0 0.115460 0.603807 0.048727 0.086413
0 0.554670 0.005481 0.037759 0.010952
0 0.014459 0.895039 0.028919 0.076108
0 0.231581 0.988635 0.042735 0.020328
0 0.967623 0.011309 0.045544 0.022618
0 0.977569 0.847318 0.043045 0.078063
0 0.817338 0.799907 0.043180 0.073990
0 0.887370 0.701985 0.046186 0.073167
0 0.093574 0.010137 0.042543 0.020274
0 0.025315 0.719191 0.044712 0.087626
0 0.966673 0.968755 0.052214 0.059583
0 0.354972 0.983769 0.042691 0.029521
0 0.837468 0.718104 0.056140 0.076039
0 0.015665 0.433840 0.031331 0.072532
0 0.919589 0.936329 0.048087 0.077494
0 0.726676 0.015113 0.044663 0.030225
0 0.581486 0.983405 0.054408 0.030220
0 0.442321 0.312703 0.045988 0.075200
0 0.809197 0.585294 0.047692 0.086076
0 0.832440 0.888565 0.058493 0.083234
0 0.636347 0.012825 0.048766 0.025651
0 0.869276 0.967056 0.047924 0.063038
0 0.062261 0.638732 0.052311 0.083808
0 0.854101 0.630148 0.052147 0.077471
0 0.211049 0.018129 0.048854 0.036259
0 0.441076 0.749441 0.055471 0.083414
0 0.400648 0.298400 0.045358 0.096794
0 0.822019 0.426470 0.043586 0.084609
0 0.934299 0.502148 0.043112 0.076920
0 0.723957 0.838365 0.051884 0.078044
0 0.697480 0.394190 0.046010 0.070697
0 0.645806 0.374768 0.050351 0.080714
0 0.199317 0.356034 0.048484 0.086519
0 0.096970 0.421955 0.054131 0.081840
0 0.895808 0.321503 0.049226 0.071809
0 0.349561 0.064633 0.051928 0.084034
0 0.682371 0.774720 0.054152 0.080825
0 0.431161 0.963138 0.055445 0.070459
0 0.688627 0.682332 0.056462 0.082463
0 0.275563 0.387213 0.050390 0.074574
0 0.734618 0.975921 0.051628 0.045556
0 0.680933 0.898352 0.049268 0.086682
0 0.773969 0.873928 0.048693 0.082839
0 0.976952 0.543340 0.044069 0.076728
0 0.315689 0.596697 0.047814 0.075217
0 0.679600 0.277853 0.046148 0.077926
0 0.839967 0.505930 0.048516 0.077448
0 0.024063 0.351655 0.048127 0.082200
0 0.045153 0.208118 0.048770 0.074961
0 0.635463 0.620925 0.049363 0.078630
0 0.621934 0.879836 0.049522 0.069803
0 0.122857 0.689871 0.052645 0.073594
0 0.405698 0.678122 0.057635 0.084642
0 0.199044 0.080774 0.043368 0.070412
0 0.688829 0.513275 0.047766 0.081849
0 0.236972 0.141825 0.047800 0.083412
0 0.446168 0.028950 0.051262 0.057788
0 0.034074 0.116860 0.045563 0.087378
0 0.127129 0.868022 0.049747 0.084489
0 0.417118 0.594369 0.056583 0.076165
0 0.567048 0.465324 0.057212 0.083215
0 0.979672 0.130548 0.038851 0.081414
0 0.347070 0.262062 0.047750 0.071413
0 0.740075 0.630399 0.052137 0.083870
0 0.349097 0.500968 0.047508 0.071362
0 0.316332 0.433887 0.050524 0.078778
0 0.291266 0.305899 0.047748 0.073474
0 0.202694 0.766683 0.046624 0.082010
0 0.050289 0.935187 0.045086 0.073600
0 0.644790 0.211562 0.051361 0.086452
0 0.136575 0.053518 0.050751 0.079180
0 0.252347 0.484202 0.051483 0.086754
0 0.502975 0.934408 0.056295 0.085315
0 0.678656 0.143065 0.049022 0.076135
0 0.166193 0.565001 0.051485 0.076676
0 0.513814 0.246228 0.048964 0.074374
0 0.183385 0.225254 0.050979 0.080284
0 0.560073 0.908679 0.051467 0.080826
0 0.963280 0.427970 0.050382 0.076897
0 0.840286 0.314593 0.052158 0.084252
0 0.379879 0.907938 0.053192 0.077240
0 0.451187 0.102393 0.055995 0.074499
0 0.949588 0.292810 0.047507 0.080809
0 0.566741 0.781797 0.056492 0.084196
0 0.188206 0.895404 0.049750 0.074558
0 0.740344 0.439050 0.055725 0.084941
0 0.067681 0.289474 0.054585 0.083667
0 0.088595 0.102512 0.051164 0.081097
0 0.309737 0.180550 0.049906 0.082016
0 0.158498 0.470454 0.049389 0.079140
0 0.696460 0.062703 0.049415 0.078646
0 0.480459 0.510671 0.058433 0.078035
0 0.562550 0.133918 0.050068 0.076955
0 0.723287 0.229380 0.050916 0.082814
0 0.251133 0.863201 0.051890 0.076933
0 0.260499 0.056989 0.054688 0.085089
0 0.876492 0.252100 0.051008 0.081195
0 0.499465 0.719166 0.050062 0.086182
0 0.255620 0.748490 0.050268 0.083194
0 0.385084 0.390970 0.051205 0.080870
0 0.879334 0.164818 0.051600 0.072705
0 0.765270 0.159926 0.052413 0.082438
0 0.919751 0.107694 0.049183 0.076348
0 0.230627 0.275010 0.047661 0.088825
1 0.073015 0.475566 0.057711 0.042908
1 0.357282 0.783671 0.067850 0.077473
2 0.026222 0.658522 0.021837 0.032181
2 0.194676 0.679976 0.029636 0.044100
2 0.094461 0.945769 0.044453 0.070322
2 0.726166 0.505959 0.027296 0.041716
2 0.853287 0.216329 0.028856 0.036949
2 0.921916 0.242551 0.031975 0.041716
3 0.890331 0.808701 0.113863 0.168057
4 0.890331 0.414184 0.095146 0.132300