0 0.002730 0.691393 0.005461 0.047859
0 0.002795 0.329308 0.005575 0.069058
0 0.002564 0.230186 0.005111 0.069783
0 0.816699 0.994487 0.043946 0.008995
0 0.415489 0.648824 0.039989 0.077457
0 0.003112 0.527353 0.006223 0.055444
0 0.989986 0.990771 0.018248 0.015821
0 0.130208 0.350111 0.044122 0.075981
0 0.946584 0.993487 0.032771 0.010610
0 0.379641 0.641206 0.045435 0.071398
0 0.290700 0.841238 0.046844 0.071380
0 0.298624 0.900055 0.052345 0.074743
0 0.212106 0.514419 0.047830 0.071739
0 0.393967 0.863462 0.046605 0.080152
0 0.428182 0.874151 0.043560 0.070453
0 0.342022 0.720825 0.048728 0.077970
0 0.319136 0.764512 0.049693 0.078195
0 0.225173 0.464617 0.043046 0.069668
0 0.080249 0.134246 0.042641 0.071825
0 0.112114 0.795109 0.054393 0.085704
0 0.883821 0.014295 0.042351 0.028591
0 0.086603 0.832794 0.045353 0.064090
0 0.394067 0.563629 0.050378 0.070520
0 0.042268 0.132621 0.044996 0.062292
0 0.371226 0.525107 0.044473 0.066864
0 0.746168 0.362430 0.051573 0.107678
0 0.847611 0.928580 0.050542 0.082498
0 0.911388 0.031238 0.051586 0.062475
0 0.716595 0.072168 0.046335 0.076379
0 0.111098 0.165409 0.051058 0.079153
0 0.452493 0.237265 0.046686 0.078344
0 0.022026 0.756009 0.044052 0.100095
0 0.704645 0.324029 0.045859 0.075065
0 0.828451 0.863581 0.048392 0.072837
0 0.687455 0.093838 0.046774 0.074806
0 0.228673 0.987243 0.049685 0.022543
0 0.424898 0.197655 0.047650 0.076423
0 0.621230 0.015113 0.069566 0.030227
0 0.700028 0.010800 0.041167 0.021600
0 0.808615 0.434870 0.049926 0.081060
0 0.841567 0.397264 0.048131 0.064690
0 0.368458 0.313287 0.044086 0.079977
0 0.515944 0.554503 0.051510 0.083028
0 0.702754 0.986743 0.044292 0.023321
0 0.011762 0.870635 0.023524 0.069815
0 0.754205 0.041753 0.067516 0.075376
0 0.530400 0.492801 0.048530 0.075494
0 0.029723 0.981894 0.049532 0.033107
0 0.263423 0.965553 0.052966 0.066068
0 0.065712 0.018816 0.043951 0.037632
0 0.356022 0.011394 0.043598 0.022788
0 0.352715 0.824674 0.046127 0.080062
0 0.792629 0.909424 0.047554 0.083101
0 0.805859 0.020025 0.049912 0.040051
0 0.443269 0.800415 0.054007 0.085247
0 0.985917 0.613263 0.026153 0.072612
0 0.085967 0.906709 0.046272 0.072080
0 0.516640 0.974069 0.051709 0.048490
0 0.413821 0.045829 0.046991 0.069664
0 0.530530 0.017611 0.049232 0.035222
0 0.985041 0.725770 0.027961 0.070085
0 0.332660 0.481074 0.045779 0.076953
0 0.772028 0.126639 0.051218 0.101244
0 0.212727 0.618544 0.050855 0.072478
0 0.982334 0.837044 0.033485 0.071914
0 0.041599 0.927420 0.044489 0.072384
0 0.425662 0.952446 0.049451 0.074385
0 0.378141 0.196975 0.043147 0.072723
0 0.765524 0.972921 0.049809 0.050884
0 0.513508 0.661708 0.053036 0.081188
0 0.452934 0.408117 0.045489 0.069210
0 0.296674 0.427261 0.046387 0.083558
0 0.173779 0.906652 0.045830 0.074166
0 0.136475 0.642512 0.045601 0.073278
0 0.416983 0.312622 0.044771 0.074032
0 0.025986 0.595904 0.045118 0.066964
0 0.250559 0.300812 0.041949 0.063518
0 0.253787 0.673992 0.048634 0.078864
0 0.121872 0.967078 0.047361 0.062733
0 0.224789 0.918875 0.051269 0.088666
0 0.812544 0.789680 0.044852 0.075127
0 0.475052 0.923422 0.047745 0.076308
0 0.266167 0.582736 0.048143 0.074288
0 0.719980 0.156120 0.048953 0.073031
0 0.491177 0.449245 0.045519 0.076017
0 0.546953 0.064192 0.049229 0.075575
0 0.665923 0.644393 0.046352 0.078409
0 0.448545 0.093535 0.045980 0.074533
0 0.850663 0.606814 0.042513 0.070723
0 0.653902 0.972265 0.046229 0.052252
0 0.559445 0.739016 0.044648 0.068953
0 0.675349 0.476082 0.048180 0.070043
0 0.487320 0.357771 0.046076 0.070155
0 0.156352 0.022377 0.051228 0.044658
0 0.715586 0.515317 0.049644 0.074738
0 0.801823 0.619390 0.048336 0.069977
0 0.202476 0.699721 0.049948 0.083937
0 0.586658 0.971265 0.043941 0.054164
0 0.773759 0.737050 0.044152 0.072559
0 0.855564 0.759906 0.045928 0.082302
0 0.475294 0.608933 0.049681 0.075076
0 0.573444 0.208092 0.042329 0.070316
0 0.135444 0.431281 0.048545 0.076396
0 0.657108 0.290554 0.047276 0.075406
0 0.092013 0.461202 0.042735 0.073524
0 0.428862 0.503986 0.047624 0.073200
0 0.604705 0.770605 0.045378 0.076929
0 0.266322 0.367425 0.047330 0.078660
0 0.392678 0.419714 0.049794 0.076753
0 0.531657 0.166943 0.046061 0.077396
0 0.647245 0.165183 0.044039 0.076509
0 0.171258 0.571443 0.047503 0.084971
0 0.754572 0.235249 0.048381 0.073696
0 0.492380 0.773007 0.051389 0.078864
0 0.703238 0.593271 0.043287 0.078925
0 0.874049 0.683320 0.047693 0.087752
0 0.109741 0.574889 0.048215 0.077870
0 0.597430 0.852007 0.046755 0.078078
0 0.167056 0.768474 0.054799 0.081580
0 0.920271 0.851035 0.044131 0.072546
0 0.049594 0.283560 0.045480 0.076710
0 0.459003 0.023745 0.048682 0.047491
0 0.053012 0.664062 0.048601 0.078307
0 0.647038 0.565643 0.046777 0.080149
0 0.028238 0.509634 0.043826 0.069788
0 0.844953 0.319220 0.055041 0.080272
0 0.560916 0.621470 0.050785 0.073649
0 0.801181 0.527145 0.049334 0.079002
0 0.587087 0.129453 0.045363 0.074572
0 0.918507 0.745777 0.048518 0.078993
0 0.605611 0.389909 0.050645 0.075365
0 0.503290 0.102074 0.047556 0.073022
0 0.201951 0.375950 0.048314 0.075165
0 0.099300 0.058892 0.059257 0.082669
0 0.517582 0.295044 0.048630 0.074689
0 0.236286 0.024483 0.046002 0.048954
0 0.611706 0.252325 0.049085 0.072853
0 0.023325 0.431796 0.046568 0.076026
0 0.716748 0.687261 0.048180 0.082199
0 0.198833 0.276513 0.050523 0.078322
0 0.807849 0.244576 0.048860 0.078836
0 0.867991 0.247058 0.046693 0.072667
0 0.380251 0.110550 0.050173 0.084149
0 0.680266 0.752590 0.050259 0.084293
0 0.249548 0.227252 0.049946 0.074904
0 0.900098 0.104039 0.048298 0.082275
0 0.291871 0.167653 0.048172 0.077934
0 0.584663 0.486297 0.048729 0.081910
0 0.923159 0.656915 0.049032 0.079167
0 0.632624 0.073589 0.049873 0.075945
0 0.324962 0.086005 0.054163 0.078011
0 0.849571 0.158344 0.049243 0.078981
0 0.138756 0.233217 0.051117 0.080047
0 0.969718 0.133826 0.049263 0.078182
0 0.962730 0.238222 0.047912 0.072934
0 0.958260 0.317860 0.054246 0.077891
0 0.948738 0.550487 0.047263 0.074706
0 0.929284 0.410772 0.050844 0.079921
0 0.223392 0.132677 0.042447 0.095022
1 0.328036 0.294994 0.051472 0.096544
2 0.077304 0.188319 0.019497 0.028605
2 0.051958 0.050060 0.020277 0.028605
2 0.273444 0.053635 0.023396 0.033373
2 0.764770 0.474374 0.028076 0.045292
2 0.959350 0.187723 0.022617 0.029797
2 0.992738 0.252682 0.014523 0.035757
2 0.677033 0.024434 0.022617 0.036949
2 0.430201 0.592968 0.021837 0.034565
2 0.290212 0.486889 0.022617 0.036949
2 0.347143 0.653159 0.021057 0.040524
2 0.504289 0.713945 0.018717 0.030989
2 0.782317 0.681168 0.021057 0.032181
2 0.330766 0.981526 0.027296 0.036949
2 0.719537 0.910608 0.018717 0.033373
1 0.768669 0.836114 0.053032 0.087008
2 0.912558 0.573302 0.019497 0.030989
1 0.148009 0.319433 0.049661 0.073394