0 0.010371 0.947630 0.020743 0.080233
0 0.997541 0.689644 0.004271 0.053360
0 0.003642 0.657807 0.007285 0.056334
0 0.997586 0.495871 0.004270 0.061589
0 0.929328 0.496607 0.053217 0.080968
0 0.779675 0.994862 0.037034 0.009378
0 0.009091 0.374252 0.018181 0.087918
0 0.233703 0.886659 0.052797 0.070104
0 0.200625 0.004763 0.040359 0.009525
0 0.428550 0.990123 0.035449 0.017200
0 0.953844 0.989322 0.043763 0.018679
0 0.987351 0.948289 0.023542 0.080488
0 0.238900 0.985011 0.036272 0.027623
0 0.841417 0.575128 0.049055 0.072327
0 0.343108 0.978641 0.046548 0.039686
0 0.385563 0.012918 0.049968 0.025816
0 0.571530 0.985418 0.044468 0.026220
0 0.415568 0.725682 0.053441 0.084733
0 0.856114 0.746467 0.054584 0.091919
0 0.131435 0.018743 0.049979 0.037487
0 0.967556 0.078472 0.053823 0.080462
0 0.559967 0.821620 0.049914 0.080082
0 0.348230 0.905969 0.059536 0.091474
0 0.027580 0.598491 0.054736 0.073732
0 0.017171 0.837894 0.034341 0.089293
0 0.137128 0.392229 0.048568 0.070880
0 0.653589 0.981735 0.044573 0.033550
0 0.825409 0.970580 0.049002 0.055938
0 0.130253 0.640480 0.047909 0.081415
0 0.529227 0.354887 0.051995 0.075873
0 0.875773 0.015419 0.049777 0.030806
0 0.156823 0.763994 0.058390 0.080489
0 0.505968 0.877726 0.047202 0.079428
0 0.518630 0.978464 0.047466 0.040070
0 0.574803 0.607315 0.045510 0.072597
0 0.812695 0.884041 0.047962 0.074255
0 0.188346 0.830822 0.050787 0.080876
0 0.289364 0.024208 0.067273 0.048416
0 0.096628 0.719110 0.048495 0.076616
0 0.024880 0.717571 0.049759 0.079281
0 0.237544 0.064573 0.044990 0.076605
0 0.538281 0.032141 0.050206 0.064281
0 0.785518 0.717351 0.053528 0.081405
0 0.404808 0.937621 0.050480 0.072870
0 0.642080 0.018116 0.053537 0.036232
0 0.438974 0.645866 0.050323 0.072428
0 0.220987 0.713270 0.047436 0.077810
0 0.622362 0.658110 0.043270 0.087539
0 0.701677 0.406069 0.046861 0.073235
0 0.045987 0.186491 0.041670 0.073657
0 0.519947 0.528831 0.057369 0.075910
0 0.292374 0.867716 0.054638 0.084976
0 0.334990 0.767125 0.058588 0.088349
0 0.470639 0.952354 0.051925 0.088178
0 0.642743 0.915627 0.063391 0.084149
0 0.666599 0.816331 0.055962 0.081326
0 0.724514 0.851891 0.051253 0.077155
0 0.369848 0.578905 0.051900 0.082218
0 0.312922 0.678734 0.049081 0.081400
0 0.112239 0.479071 0.052869 0.082619
0 0.066001 0.534183 0.052382 0.081971
0 0.538840 0.440029 0.044038 0.070495
0 0.464023 0.811136 0.061810 0.081632
0 0.801054 0.425745 0.058089 0.078164
0 0.775261 0.633123 0.051356 0.074531
0 0.400579 0.464469 0.053762 0.086898
0 0.826914 0.050118 0.053237 0.078374
0 0.042509 0.452519 0.053079 0.078988
0 0.731480 0.939983 0.056933 0.083200
0 0.774079 0.214718 0.055446 0.075747
0 0.096786 0.960575 0.048574 0.073808
0 0.370336 0.670595 0.054889 0.082277
0 0.138586 0.124761 0.054745 0.084953
0 0.861106 0.652862 0.052008 0.080260
0 0.193099 0.949629 0.049320 0.078576
0 0.337929 0.346562 0.056453 0.089770
0 0.475303 0.041519 0.054786 0.083039
0 0.218562 0.540571 0.052402 0.082109
0 0.937007 0.940907 0.054943 0.078281
0 0.271257 0.622577 0.056444 0.077477
0 0.038828 0.088650 0.060363 0.085615
0 0.333071 0.136832 0.049374 0.077837
0 0.207109 0.139457 0.051834 0.086268
0 0.877528 0.944921 0.056520 0.067672
0 0.870381 0.854724 0.052848 0.082021
0 0.113454 0.290570 0.055310 0.081449
0 0.926107 0.851744 0.046517 0.072757
0 0.678501 0.205864 0.049666 0.084577
0 0.448180 0.418167 0.050446 0.078328
0 0.213212 0.239394 0.052542 0.082882
0 0.532883 0.136711 0.054760 0.086313
0 0.937505 0.183628 0.052158 0.082131
0 0.960556 0.556039 0.051713 0.080328
0 0.727815 0.591708 0.051869 0.080603
0 0.948454 0.758951 0.047578 0.078489
0 0.450011 0.158973 0.053898 0.088478
0 0.813379 0.277940 0.050812 0.082086
0 0.196643 0.631537 0.055865 0.089957
0 0.591130 0.318482 0.055705 0.086921
0 0.059080 0.321040 0.051478 0.083710
0 0.838917 0.487436 0.051929 0.082142
0 0.742934 0.449874 0.051552 0.078304
0 0.882305 0.259492 0.048610 0.079763
0 0.872853 0.129331 0.055248 0.078505
0 0.321875 0.251813 0.057509 0.092487
0 0.740132 0.309619 0.049717 0.083399
0 0.668240 0.087953 0.055109 0.084865
0 0.727707 0.157781 0.055744 0.084074
0 0.922065 0.368543 0.058514 0.088632
0 0.473900 0.340263 0.055821 0.088150
3 0.553422 0.715137 0.106064 0.159714
1 0.268765 0.520858 0.049912 0.092968
1 0.368590 0.401073 0.042114 0.072706
2 0.639209 0.764005 0.042114 0.050060
2 0.754631 0.809893 0.029636 0.046484
2 0.923086 0.706198 0.020277 0.041716