0 0.888867 0.001801 0.039482 0.003602
0 0.995269 0.089263 0.008124 0.056690
0 0.992519 0.019698 0.013688 0.039395
0 0.389043 0.318769 0.056205 0.075820
0 0.010842 0.189481 0.021685 0.075235
0 0.022870 0.001229 0.035217 0.002410
0 0.008274 0.770047 0.016549 0.068096
0 0.301322 0.004687 0.033231 0.009374
0 0.991781 0.528939 0.015204 0.064057
0 0.580913 0.041697 0.048945 0.077217
0 0.222299 0.595421 0.047597 0.076252
0 0.442833 0.986369 0.047435 0.024161
0 0.941596 0.987437 0.045445 0.022472
0 0.087928 0.009411 0.044058 0.018822
0 0.235362 0.017861 0.052516 0.035721
0 0.540551 0.821696 0.059600 0.085197
0 0.631900 0.017215 0.043841 0.034430
0 0.703119 0.019762 0.048202 0.039524
0 0.164716 0.551956 0.043173 0.070811
0 0.193506 0.981736 0.050057 0.033634
0 0.306671 0.878684 0.048521 0.079374
0 0.485444 0.019115 0.051370 0.038220
0 0.626342 0.085190 0.048972 0.081638
0 0.106572 0.903993 0.058152 0.069455
0 0.296439 0.974359 0.056925 0.047899
0 0.134205 0.639796 0.057744 0.089759
0 0.681560 0.978648 0.051818 0.039898
0 0.017880 0.104869 0.035761 0.079320
0 0.076736 0.076940 0.048146 0.069160
0 0.017488 0.421702 0.034976 0.087126
0 0.637445 0.736135 0.047817 0.069378
0 0.829083 0.806898 0.043980 0.074698
0 0.019691 0.692281 0.039382 0.078560
0 0.639106 0.260110 0.055264 0.073358
0 0.499624 0.974102 0.050741 0.048723
0 0.023003 0.317182 0.046005 0.078924
0 0.743801 0.893911 0.047268 0.072991
0 0.648487 0.930907 0.054687 0.074074
0 0.534422 0.662500 0.053391 0.088571
0 0.144513 0.959276 0.057566 0.078116
0 0.373903 0.615125 0.040348 0.087227
0 0.821383 0.973666 0.039867 0.049827
0 0.575454 0.754516 0.049577 0.080550
0 0.796896 0.734545 0.056742 0.086437
0 0.044306 0.959855 0.056333 0.077063
0 0.392388 0.762353 0.048007 0.069090
0 0.202160 0.173127 0.055700 0.090927
0 0.131218 0.215843 0.051866 0.073413
0 0.116955 0.517802 0.057627 0.082674
0 0.118330 0.403876 0.055608 0.087984
0 0.239283 0.679239 0.054875 0.083002
0 0.296362 0.617469 0.053675 0.082516
0 0.043852 0.234088 0.053405 0.080786
0 0.509249 0.321973 0.050518 0.073639
0 0.346879 0.701748 0.050234 0.076585
0 0.218367 0.839369 0.049033 0.079169
0 0.807815 0.624257 0.053924 0.085654
0 0.166410 0.094773 0.053664 0.078846
0 0.470233 0.836631 0.050673 0.078666
0 0.198210 0.295767 0.046593 0.073732
0 0.639743 0.655956 0.048167 0.072056
0 0.412542 0.660432 0.043974 0.080317
0 0.886522 0.856384 0.044433 0.070504
0 0.661299 0.154762 0.049368 0.081626
0 0.769948 0.964756 0.049934 0.067375
0 0.334788 0.562706 0.044214 0.073958
0 0.613117 0.446343 0.052538 0.088921
0 0.355236 0.844752 0.049841 0.077452
0 0.653855 0.822856 0.055530 0.079852
0 0.725188 0.815926 0.053176 0.069234
0 0.395972 0.032039 0.058424 0.064046
0 0.397355 0.124690 0.054807 0.083686
0 0.100036 0.301040 0.048151 0.085615
0 0.982223 0.688449 0.033899 0.078417
0 0.324162 0.159489 0.046158 0.080236
0 0.151277 0.848064 0.053791 0.090697
0 0.644428 0.365229 0.051131 0.076559
0 0.292435 0.255554 0.046185 0.074065
0 0.041573 0.831103 0.052511 0.079899
0 0.459894 0.587960 0.050760 0.068801
0 0.980737 0.220418 0.037038 0.081659
0 0.847235 0.551301 0.051782 0.085270
0 0.350089 0.471798 0.050850 0.074294
0 0.921178 0.776873 0.047368 0.069671
0 0.234011 0.240513 0.047259 0.082088
0 0.859661 0.714459 0.052220 0.084817
0 0.929936 0.038999 0.050901 0.077998
0 0.166821 0.360609 0.050206 0.079932
0 0.977888 0.419601 0.042618 0.085968
0 0.833404 0.398111 0.053034 0.089560
0 0.697806 0.250813 0.048843 0.083812
0 0.714845 0.520704 0.049982 0.079054
0 0.870436 0.937405 0.053553 0.080174
0 0.461161 0.166326 0.054662 0.085991
0 0.238511 0.087374 0.058160 0.066143
0 0.514606 0.523408 0.054636 0.089348
0 0.330365 0.043579 0.050362 0.075623
0 0.821468 0.053025 0.058583 0.084909
0 0.531462 0.244467 0.052360 0.082163
0 0.942166 0.531487 0.045838 0.078412
0 0.887531 0.468070 0.049013 0.075225
0 0.741082 0.198302 0.050479 0.081293
0 0.304975 0.414953 0.049655 0.082003
0 0.857164 0.135626 0.057570 0.084171
0 0.406874 0.542311 0.053747 0.082371
0 0.896876 0.358170 0.052679 0.088558
0 0.701471 0.421873 0.057063 0.080873
0 0.562544 0.349103 0.050773 0.076540
0 0.927258 0.257954 0.051940 0.086101
0 0.903808 0.618906 0.052133 0.081844
0 0.923815 0.153711 0.054291 0.083017
0 0.383622 0.231539 0.048898 0.077629
0 0.765332 0.362075 0.056049 0.085934
0 0.616730 0.571509 0.048075 0.083149
1 0.452795 0.930359 0.041475 0.070892
1 0.954587 0.626355 0.042021 0.085071
1 0.391401 0.368224 0.057301 0.079233
2 0.512552 0.166389 0.045295 0.064220
2 0.566851 0.187656 0.024012 0.041701
2 0.673267 0.309842 0.030560 0.049208
2 0.755125 0.429108 0.022920 0.039199
2 0.348562 0.246455 0.024012 0.037531
2 0.099167 0.460384 0.024012 0.040033