0 0.673320 0.010459 0.045729 0.020918
0 0.050943 0.994279 0.036742 0.009230
0 0.009567 0.101931 0.019128 0.064511
0 0.003537 0.397154 0.007073 0.053574
0 0.004034 0.170846 0.008059 0.063201
0 0.452289 0.003296 0.031479 0.006583
0 0.992007 0.857860 0.014420 0.087987
0 0.248207 0.990726 0.038841 0.015823
0 0.111380 0.987179 0.046979 0.022733
0 0.974309 0.979887 0.049076 0.037447
0 0.082692 0.456189 0.050693 0.077259
0 0.899039 0.010500 0.039457 0.020999
0 0.016388 0.468020 0.032721 0.069814
0 0.301183 0.095181 0.055370 0.075962
0 0.018554 0.946704 0.037108 0.079331
0 0.029482 0.704393 0.047858 0.070211
0 0.150519 0.013996 0.049765 0.027972
0 0.175943 0.385808 0.049765 0.074666
0 0.014003 0.553475 0.027998 0.088760
0 0.025039 0.852501 0.049904 0.074341
0 0.772930 0.016127 0.049219 0.032240
0 0.148253 0.632499 0.046997 0.074587
0 0.349710 0.133177 0.050419 0.074256
0 0.231764 0.233450 0.052136 0.066817
0 0.033373 0.057755 0.058590 0.074204
0 0.189840 0.682671 0.052066 0.076495
0 0.085728 0.689920 0.062001 0.075621
0 0.017551 0.327736 0.035043 0.075485
0 0.485337 0.738085 0.054615 0.075061
0 0.108525 0.530101 0.053660 0.082678
0 0.318308 0.680562 0.055012 0.072015
0 0.600942 0.980667 0.050885 0.035556
0 0.120679 0.756243 0.049740 0.078380
0 0.450343 0.380981 0.055015 0.062616
0 0.693977 0.714220 0.040434 0.064669
0 0.536928 0.025592 0.044499 0.051184
0 0.278877 0.178746 0.054937 0.094183
0 0.518750 0.235753 0.045293 0.080419
0 0.264035 0.616931 0.057595 0.092076
0 0.179382 0.911381 0.044828 0.071862
0 0.072912 0.601201 0.053546 0.086340
0 0.044614 0.780334 0.052455 0.074411
0 0.233518 0.930530 0.044172 0.084205
0 0.375471 0.053890 0.053975 0.075735
0 0.263843 0.821183 0.051627 0.088030
0 0.484851 0.081580 0.053011 0.088113
0 0.095395 0.852463 0.055738 0.073895
0 0.414189 0.326118 0.052436 0.074572
0 0.311486 0.974691 0.042573 0.047504
0 0.666403 0.616847 0.057542 0.091982
0 0.275967 0.728393 0.048560 0.080418
0 0.406665 0.794646 0.053060 0.076859
0 0.279073 0.027074 0.054164 0.054140
0 0.440450 0.572707 0.049076 0.071959
0 0.828158 0.386921 0.057622 0.086114
0 0.640073 0.832092 0.053467 0.072481
0 0.208283 0.843054 0.048995 0.080416
0 0.432809 0.714377 0.053130 0.084370
0 0.341430 0.546566 0.050715 0.075060
0 0.486188 0.903801 0.055855 0.076911
0 0.433913 0.464140 0.055732 0.082499
0 0.856790 0.280120 0.048403 0.077383
0 0.795031 0.899566 0.053046 0.077665
0 0.360225 0.731579 0.053276 0.075131
0 0.182266 0.567165 0.052609 0.074492
0 0.390311 0.967007 0.055352 0.062607
0 0.125121 0.929421 0.048371 0.076198
0 0.216833 0.341474 0.054702 0.081832
0 0.601116 0.062828 0.054489 0.079532
0 0.139563 0.451814 0.050360 0.080856
0 0.343630 0.280198 0.054424 0.073121
0 0.962939 0.024692 0.051661 0.049384
0 0.667958 0.293608 0.045798 0.071456
0 0.575015 0.413349 0.054034 0.081688
0 0.192194 0.062141 0.050390 0.075738
0 0.482168 0.819736 0.055231 0.074468
0 0.080651 0.222461 0.054409 0.078864
0 0.537239 0.780000 0.056736 0.084320
0 0.451663 0.269542 0.051995 0.069326
0 0.279199 0.280802 0.057610 0.087484
0 0.983542 0.389292 0.030837 0.091318
0 0.520332 0.966244 0.052151 0.064605
0 0.719238 0.035711 0.049650 0.071423
0 0.655652 0.402920 0.048934 0.072912
0 0.782097 0.201629 0.047438 0.074409
0 0.760561 0.119630 0.047194 0.072534
0 0.056061 0.145055 0.049401 0.075994
0 0.165082 0.139410 0.058505 0.085554
0 0.720379 0.934704 0.054563 0.080450
0 0.360411 0.626365 0.051843 0.078529
0 0.231285 0.513353 0.050763 0.084346
0 0.742131 0.757210 0.052006 0.075230
0 0.637387 0.740621 0.049028 0.086831
0 0.702050 0.149453 0.058882 0.085332
0 0.786215 0.449100 0.057211 0.077560
0 0.561845 0.190380 0.051919 0.076457
0 0.694146 0.845772 0.045593 0.067604
0 0.466505 0.637782 0.052383 0.077118
0 0.747269 0.261227 0.056686 0.079418
0 0.643811 0.957714 0.048540 0.073014
0 0.800128 0.817420 0.052495 0.079891
0 0.819144 0.117399 0.053384 0.086929
0 0.602607 0.498380 0.055431 0.086675
0 0.958808 0.912045 0.051047 0.087639
0 0.868193 0.073422 0.050684 0.081842
0 0.137738 0.275258 0.047463 0.087645
0 0.830734 0.501320 0.052814 0.081851
0 0.785756 0.664962 0.055162 0.069685
0 0.915493 0.248621 0.053167 0.077436
0 0.807299 0.589765 0.052738 0.073835
0 0.957079 0.631607 0.047478 0.079319
0 0.721326 0.647831 0.052800 0.084558
0 0.971310 0.269495 0.051959 0.069065
0 0.924954 0.073367 0.053752 0.067949
0 0.946961 0.811062 0.053655 0.083076
0 0.914381 0.529251 0.056921 0.087110
0 0.921827 0.370830 0.049256 0.078535
0 0.577329 0.710058 0.049645 0.080335
0 0.939221 0.172554 0.054956 0.079491
1 0.117722 0.358632 0.040383 0.071726
4 0.450066 0.140534 0.101504 0.180984
2 0.340649 0.842786 0.021283 0.035863
2 0.693186 0.560050 0.023466 0.035863
2 0.774771 0.715179 0.022920 0.034195
2 0.993529 0.318599 0.012943 0.031693