0 0.997199 0.510637 0.004927 0.047654
0 0.995988 0.784221 0.006819 0.056663
0 0.990188 0.987923 0.018008 0.021547
0 0.995998 0.237296 0.006810 0.052032
0 0.002290 0.148581 0.004580 0.056542
0 0.597474 0.003474 0.030255 0.006892
0 0.976566 0.675766 0.044795 0.084250
0 0.008014 0.284330 0.016025 0.079904
0 0.462003 0.004978 0.036067 0.009957
0 0.990703 0.146410 0.016911 0.081507
0 0.820768 0.987272 0.048873 0.022495
0 0.797485 0.031543 0.053028 0.063087
0 0.027553 0.985716 0.051128 0.025612
0 0.220393 0.147025 0.051500 0.079821
0 0.099279 0.010909 0.044472 0.021819
0 0.405847 0.670395 0.047171 0.071871
0 0.371138 0.785099 0.054847 0.080115
0 0.651891 0.430580 0.055443 0.084011
0 0.441560 0.616540 0.049510 0.073567
0 0.623534 0.912019 0.055726 0.076221
0 0.407525 0.942825 0.046400 0.079646
0 0.034121 0.808278 0.050483 0.079037
0 0.637608 0.966247 0.055270 0.064406
0 0.354401 0.875036 0.049701 0.084511
0 0.802288 0.787999 0.046456 0.074553
0 0.023691 0.454988 0.047360 0.075098
0 0.585642 0.615252 0.052570 0.081119
0 0.348687 0.317062 0.050189 0.089148
0 0.348737 0.961435 0.050244 0.073478
0 0.572238 0.779282 0.047718 0.075030
0 0.013214 0.377014 0.026392 0.081754
0 0.766595 0.963359 0.053816 0.070102
0 0.916089 0.016250 0.053822 0.032485
0 0.392226 0.278174 0.041840 0.065070
0 0.548296 0.440924 0.046005 0.068516
0 0.374562 0.016376 0.052214 0.032751
0 0.421665 0.536855 0.053163 0.084996
0 0.760734 0.841725 0.054478 0.075759
0 0.248304 0.822144 0.046877 0.079023
0 0.020213 0.563315 0.040426 0.078519
0 0.512929 0.942257 0.052653 0.090401
0 0.805961 0.342405 0.043216 0.068136
0 0.144600 0.126133 0.049073 0.066366
0 0.106218 0.772402 0.060468 0.082344
0 0.118744 0.192112 0.049752 0.077837
0 0.117866 0.944743 0.053304 0.084493
0 0.435316 0.321329 0.045821 0.069002
0 0.743674 0.420411 0.048068 0.072688
0 0.763906 0.583333 0.056151 0.083363
0 0.576692 0.972947 0.046067 0.051149
0 0.328810 0.402021 0.044635 0.066681
0 0.684749 0.842318 0.049987 0.085079
0 0.296851 0.792378 0.050055 0.080235
0 0.197642 0.033798 0.053485 0.067597
0 0.723809 0.520643 0.051268 0.082898
0 0.178179 0.213778 0.054748 0.083941
0 0.482455 0.564608 0.051342 0.084913
0 0.131181 0.854108 0.054308 0.086872
0 0.270127 0.924667 0.053318 0.088553
0 0.039406 0.044424 0.053852 0.081037
0 0.795383 0.176835 0.048555 0.074609
0 0.680620 0.736003 0.054374 0.086928
0 0.792183 0.472696 0.043566 0.082097
0 0.875061 0.553546 0.053658 0.080995
0 0.259898 0.562899 0.049225 0.072824
0 0.479595 0.254375 0.042944 0.073304
0 0.121644 0.057207 0.053679 0.079703
0 0.361327 0.071605 0.048365 0.070400
0 0.867003 0.831155 0.047042 0.071144
0 0.058933 0.925457 0.053700 0.089720
0 0.067913 0.664169 0.056586 0.085130
0 0.110643 0.394878 0.054516 0.079140
0 0.948050 0.544499 0.055280 0.076606
0 0.965201 0.961633 0.057566 0.073658
0 0.496837 0.712620 0.049321 0.078040
0 0.494898 0.081906 0.044195 0.068065
0 0.739322 0.341639 0.047051 0.073299
0 0.288558 0.653431 0.050632 0.084328
0 0.558163 0.699985 0.052487 0.077841
0 0.856728 0.711759 0.052435 0.082268
0 0.103448 0.304426 0.050261 0.085385
0 0.266621 0.029673 0.050970 0.059332
0 0.967895 0.882536 0.048997 0.078670
0 0.212645 0.693136 0.048413 0.080759
0 0.213790 0.399160 0.053994 0.082374
0 0.281657 0.332533 0.054603 0.082266
0 0.907543 0.639802 0.056962 0.090738
0 0.843414 0.138208 0.050062 0.081096
0 0.398442 0.381945 0.053174 0.074378
0 0.863783 0.356912 0.053369 0.079858
0 0.627495 0.185394 0.048046 0.082877
0 0.848974 0.942909 0.053105 0.084662
0 0.538985 0.534089 0.055224 0.087848
0 0.313746 0.230610 0.048791 0.074351
0 0.307470 0.109804 0.049376 0.084324
0 0.059865 0.249338 0.049815 0.081599
0 0.489792 0.329502 0.044278 0.072652
0 0.797930 0.706334 0.054017 0.075616
0 0.393211 0.159709 0.052380 0.080351
0 0.089949 0.568497 0.051526 0.080574
0 0.899851 0.132692 0.051271 0.085093
0 0.683992 0.215040 0.061531 0.088805
0 0.528449 0.161338 0.055798 0.073948
0 0.602469 0.067991 0.051165 0.065097
0 0.947482 0.079458 0.053707 0.085955
0 0.554011 0.359190 0.057021 0.084512
0 0.597729 0.478803 0.049836 0.079983
0 0.442692 0.201311 0.050369 0.086511
0 0.680711 0.328161 0.051897 0.076371
0 0.138007 0.470271 0.052285 0.084332
0 0.578389 0.292906 0.056580 0.075692
0 0.915101 0.472828 0.057272 0.081294
0 0.660562 0.065066 0.049200 0.077059
0 0.866440 0.262357 0.049109 0.078771
0 0.547481 0.080226 0.050777 0.088283
3 0.457707 0.843620 0.114602 0.164304
1 0.357021 0.534612 0.060575 0.048374
1 0.443791 0.731443 0.052935 0.068390
1 0.737116 0.262302 0.046932 0.079233
1 0.750487 0.198916 0.054027 0.084237
2 0.141733 0.271059 0.021829 0.033361
2 0.193850 0.565471 0.040929 0.056714
2 0.102714 0.707673 0.033289 0.057548
2 0.758127 0.121351 0.027832 0.047540
2 0.627699 0.013344 0.030015 0.026689
2 0.544204 0.908257 0.026740 0.045038
2 0.525649 0.299416 0.026740 0.043369
2 0.662898 0.541701 0.044749 0.064220