0 0.996971 0.300898 0.005028 0.051913
0 0.804441 0.014152 0.052053 0.028304
0 0.003022 0.816648 0.006044 0.053818
0 0.994309 0.948896 0.009906 0.062657
0 0.005258 0.157696 0.010516 0.059631
0 0.006686 0.343706 0.013373 0.072556
0 0.630955 0.716928 0.049214 0.080738
0 0.991538 0.395323 0.015145 0.076798
0 0.655887 0.741896 0.044940 0.080289
0 0.164505 0.990418 0.041304 0.016354
0 0.064952 0.615313 0.053646 0.079546
0 0.015695 0.902683 0.031378 0.081794
0 0.227584 0.496853 0.048489 0.082963
0 0.100076 0.981395 0.054108 0.034039
0 0.406038 0.486988 0.056205 0.088893
0 0.644969 0.878745 0.045555 0.084064
0 0.355625 0.977270 0.052566 0.042081
0 0.054840 0.034273 0.065355 0.068547
0 0.716599 0.021920 0.051168 0.043840
0 0.553402 0.912699 0.044333 0.076880
0 0.323183 0.022796 0.057696 0.045558
0 0.051038 0.957959 0.049098 0.078233
0 0.830744 0.976121 0.059612 0.044557
0 0.354216 0.567964 0.044149 0.074890
0 0.661964 0.973704 0.049010 0.049495
0 0.984190 0.488463 0.029631 0.081927
0 0.615696 0.954292 0.049139 0.082827
0 0.103674 0.727777 0.052619 0.084779
0 0.476016 0.971364 0.053978 0.053908
0 0.519610 0.797989 0.048503 0.080837
0 0.781075 0.947688 0.059922 0.086642
0 0.194905 0.223033 0.046881 0.089551
0 0.040954 0.768516 0.051903 0.075099
0 0.568907 0.976683 0.047731 0.043372
0 0.392452 0.190622 0.050136 0.073919
0 0.307634 0.420794 0.047815 0.075217
0 0.041393 0.847597 0.052929 0.068797
0 0.916432 0.974355 0.055391 0.048057
0 0.314247 0.874430 0.045915 0.086065
0 0.043513 0.401285 0.044901 0.073171
0 0.671564 0.587583 0.049014 0.076666
0 0.192562 0.809929 0.057985 0.081067
0 0.125535 0.415035 0.053509 0.085623
0 0.452859 0.827549 0.045711 0.080811
0 0.350364 0.476870 0.048006 0.076809
0 0.275914 0.349909 0.052263 0.076465
0 0.404053 0.859532 0.044384 0.074011
0 0.696331 0.877767 0.048354 0.081545
0 0.735390 0.505504 0.051999 0.078427
0 0.979561 0.173986 0.038838 0.078721
0 0.254989 0.773155 0.054569 0.082779
0 0.311074 0.665717 0.055279 0.090497
0 0.865352 0.769056 0.053730 0.085070
0 0.570300 0.033324 0.049633 0.066649
0 0.163969 0.889589 0.055172 0.087107
0 0.194098 0.059750 0.058400 0.095533
0 0.018307 0.090704 0.036580 0.087087
0 0.093202 0.308200 0.050026 0.080385
0 0.257685 0.960261 0.057758 0.075594
0 0.066572 0.517980 0.052087 0.086703
0 0.186035 0.715905 0.048192 0.072704
0 0.821171 0.556762 0.057090 0.089574
0 0.372235 0.913725 0.051779 0.084132
0 0.255447 0.871946 0.059307 0.085099
0 0.087445 0.086655 0.057396 0.090245
0 0.832420 0.702323 0.056993 0.083691
0 0.218975 0.158446 0.045321 0.079496
0 0.394429 0.693086 0.052230 0.074723
0 0.658671 0.503616 0.050798 0.080929
0 0.414593 0.598167 0.046079 0.075511
0 0.101891 0.219732 0.050923 0.083560
0 0.406209 0.389352 0.055272 0.088588
0 0.502870 0.716178 0.050760 0.075538
0 0.518263 0.035186 0.046360 0.070358
0 0.334739 0.182529 0.055755 0.089839
0 0.628940 0.166141 0.049275 0.080526
0 0.797744 0.633754 0.057628 0.078104
0 0.628683 0.632056 0.057465 0.070609
0 0.588757 0.108074 0.051215 0.074980
0 0.470823 0.634859 0.054840 0.085127
0 0.190487 0.384826 0.049216 0.091022
0 0.779180 0.386659 0.057163 0.085389
0 0.888901 0.896075 0.053889 0.081369
0 0.289235 0.062844 0.054174 0.079050
0 0.706678 0.436357 0.049995 0.075905
0 0.509676 0.262647 0.046362 0.083126
0 0.600320 0.346124 0.050773 0.103296
0 0.127973 0.145923 0.052246 0.072156
0 0.268854 0.137792 0.056094 0.086650
0 0.415422 0.768749 0.053091 0.073813
0 0.577026 0.540552 0.050926 0.085779
0 0.454408 0.248954 0.051901 0.069824
0 0.780794 0.060730 0.052721 0.072197
0 0.671222 0.223861 0.052178 0.085963
0 0.264551 0.259110 0.055819 0.091566
0 0.982371 0.861342 0.033343 0.094346
0 0.722279 0.207863 0.050336 0.074078
0 0.946690 0.033882 0.048280 0.067734
0 0.445219 0.160985 0.051060 0.088653
0 0.932560 0.725868 0.059650 0.084720
0 0.926084 0.468141 0.054988 0.086201
0 0.447949 0.331807 0.050800 0.083984
0 0.660902 0.104852 0.049023 0.085499
0 0.686824 0.321158 0.052165 0.087311
0 0.953596 0.638987 0.055232 0.084723
0 0.957091 0.550960 0.057030 0.081267
0 0.742504 0.129286 0.057243 0.080003
0 0.956160 0.269292 0.053161 0.081073
0 0.906697 0.358670 0.053833 0.084677
0 0.840385 0.278551 0.050573 0.079728
0 0.885624 0.121983 0.057073 0.089213
1 0.171475 0.570058 0.055118 0.059216
1 0.561121 0.442869 0.068215 0.083403
1 0.482810 0.092577 0.039292 0.083403
5 0.572854 0.214762 0.077493 0.114262
3 0.600140 0.823186 0.110236 0.148457
2 0.347198 0.833611 0.033289 0.045872
2 0.728385 0.385738 0.026195 0.042535
2 0.569307 0.631776 0.025649 0.032527
2 0.775590 0.879066 0.023466 0.038365
2 0.933576 0.153461 0.020737 0.033361