0 0.996056 0.972257 0.006648 0.051293
0 0.006836 0.983063 0.013671 0.031406
0 0.996402 0.632409 0.006258 0.049634
0 0.009572 0.621410 0.019139 0.093149
0 0.003547 0.837246 0.007095 0.058106
0 0.250092 0.315587 0.046703 0.074544
0 0.011060 0.136198 0.022120 0.080848
0 0.365365 0.031042 0.049193 0.062084
0 0.009403 0.035752 0.018806 0.071435
0 0.626325 0.012505 0.056154 0.025011
0 0.990836 0.484087 0.016643 0.065808
0 0.314134 0.985508 0.043119 0.026056
0 0.791775 0.984842 0.051770 0.027342
0 0.095935 0.315547 0.061886 0.074005
0 0.541311 0.399619 0.049968 0.075385
0 0.201531 0.985482 0.053993 0.025942
0 0.270902 0.456069 0.043426 0.078293
0 0.686856 0.596129 0.054239 0.086467
0 0.114914 0.550185 0.055027 0.073790
0 0.713733 0.026473 0.047826 0.052899
0 0.234094 0.399384 0.048685 0.076665
0 0.935508 0.983019 0.051942 0.030961
0 0.737437 0.795188 0.048945 0.076437
0 0.131965 0.012046 0.051784 0.024092
0 0.787764 0.391822 0.047130 0.078193
0 0.646323 0.045451 0.049345 0.073559
0 0.246824 0.621857 0.054148 0.080559
0 0.715523 0.516119 0.055886 0.064285
0 0.315089 0.032606 0.049943 0.065211
0 0.546180 0.984551 0.052455 0.027774
0 0.627192 0.119568 0.044107 0.074258
0 0.650391 0.426892 0.055719 0.080589
0 0.085322 0.623258 0.053985 0.086787
0 0.161305 0.926910 0.059964 0.086039
0 0.347663 0.377722 0.050434 0.075295
0 0.103763 0.479645 0.053187 0.070260
0 0.142857 0.742313 0.049375 0.074263
0 0.456174 0.266138 0.054575 0.078824
0 0.601340 0.225151 0.047030 0.078040
0 0.656024 0.232089 0.045830 0.068203
0 0.032923 0.367541 0.053918 0.092314
0 0.198229 0.533799 0.051714 0.082887
0 0.163110 0.368345 0.056549 0.083988
0 0.736073 0.442341 0.051219 0.073881
0 0.624910 0.327247 0.048523 0.081641
0 0.402116 0.395041 0.053466 0.078661
0 0.251361 0.536487 0.054246 0.079472
0 0.803143 0.288331 0.055304 0.081099
0 0.942564 0.383180 0.050378 0.075596
0 0.308877 0.213656 0.049220 0.075433
0 0.299727 0.647413 0.050848 0.079657
0 0.472646 0.385466 0.051747 0.083966
0 0.582753 0.143567 0.053301 0.086328
0 0.702571 0.749865 0.051076 0.078539
0 0.746555 0.341093 0.048219 0.091902
0 0.023714 0.458887 0.047428 0.085947
0 0.744920 0.189135 0.049424 0.081256
0 0.308363 0.878468 0.044363 0.084890
0 0.257544 0.724093 0.048795 0.079084
0 0.089331 0.394249 0.055086 0.077659
0 0.014744 0.261850 0.029453 0.075682
0 0.874816 0.467217 0.050432 0.075317
0 0.824063 0.197409 0.056280 0.084402
0 0.983253 0.406500 0.031747 0.077599
0 0.499767 0.081881 0.047880 0.082641
0 0.427863 0.192912 0.048994 0.077963
0 0.225318 0.935058 0.053742 0.082216
0 0.497974 0.178575 0.057297 0.079143
0 0.649900 0.742343 0.047739 0.080333
0 0.561584 0.031777 0.052189 0.063553
0 0.776520 0.034071 0.050853 0.068143
0 0.699672 0.282251 0.049887 0.087309
0 0.575784 0.651423 0.056601 0.073295
0 0.823229 0.950365 0.049545 0.075263
0 0.287323 0.108242 0.056306 0.082611
0 0.722493 0.884361 0.046992 0.074553
0 0.769610 0.560128 0.051029 0.069888
0 0.327101 0.294911 0.054940 0.081941
0 0.447002 0.028154 0.053360 0.056297
0 0.902928 0.564759 0.055728 0.076457
0 0.613801 0.974904 0.049281 0.047066
0 0.183208 0.273368 0.055380 0.078919
0 0.642689 0.920835 0.053716 0.077699
0 0.431706 0.624947 0.048097 0.090581
0 0.081282 0.714372 0.053573 0.083547
0 0.607508 0.705399 0.045799 0.073593
0 0.549850 0.249577 0.049445 0.079124
0 0.117322 0.168540 0.051454 0.081763
0 0.353955 0.159645 0.050267 0.082853
0 0.689446 0.964401 0.057508 0.067908
0 0.448185 0.497964 0.046854 0.102558
0 0.539258 0.784694 0.056094 0.086544
0 0.422845 0.101831 0.052816 0.081829
0 0.587166 0.449321 0.052456 0.084844
0 0.884342 0.233826 0.052509 0.081565
0 0.208175 0.130277 0.049526 0.083902
0 0.978295 0.734234 0.041876 0.089530
0 0.346727 0.541781 0.056008 0.089767
0 0.343656 0.945969 0.050715 0.075450
0 0.157291 0.831209 0.049245 0.086059
0 0.830258 0.669729 0.054277 0.080595
0 0.456794 0.875645 0.056136 0.087721
0 0.953769 0.657658 0.050123 0.087481
0 0.392701 0.902548 0.054804 0.080151
0 0.874201 0.930429 0.050822 0.082888
0 0.926497 0.883524 0.050729 0.082315
0 0.479326 0.667875 0.052002 0.081750
0 0.059761 0.826247 0.052610 0.084906
0 0.755363 0.642647 0.054041 0.080151
0 0.112808 0.071295 0.049738 0.078042
0 0.061406 0.200967 0.054947 0.089576
0 0.880058 0.152321 0.051172 0.074965
0 0.903620 0.039255 0.055498 0.078400
0 0.834061 0.069007 0.052994 0.078285
0 0.449205 0.774637 0.052174 0.089432
0 0.772550 0.731042 0.051948 0.091227
0 0.884355 0.652348 0.048509 0.080853
0 0.946836 0.513769 0.051853 0.080474
0 0.603977 0.558611 0.054201 0.093542
0 0.936274 0.297496 0.053738 0.083947
0 0.958745 0.813354 0.065228 0.094112
3 0.164654 0.639283 0.121150 0.149291
4 0.692367 0.116764 0.093864 0.143453
2 0.218953 0.007923 0.020192 0.015847
2 0.284167 0.010008 0.020737 0.020017
2 0.394403 0.319016 0.027286 0.052544
2 0.074882 0.495830 0.012552 0.030859
2 0.566305 0.512093 0.029469 0.043369
2 0.823068 0.433278 0.030015 0.042535
2 0.760582 0.834445 0.027286 0.042535
2 0.251151 0.986656 0.023466 0.026689
1 0.687456 0.906172 0.037109 0.054212