0 0.003571 0.203397 0.007143 0.059375
0 0.003620 0.781081 0.007240 0.046977
0 0.994007 0.556087 0.010460 0.075457
0 0.994225 0.326263 0.009961 0.061505
0 0.175981 0.004856 0.038753 0.009690
0 0.007471 0.714237 0.014934 0.067185
0 0.967530 0.173743 0.046446 0.084139
0 0.299293 0.992891 0.032903 0.011714
0 0.018615 0.992175 0.036406 0.013143
0 0.284072 0.305800 0.048777 0.077070
0 0.420242 0.005765 0.038137 0.011531
0 0.399060 0.125357 0.049558 0.084983
0 0.403325 0.688109 0.054119 0.083363
0 0.573844 0.681446 0.049490 0.071400
0 0.249936 0.408935 0.042672 0.068939
0 0.221846 0.429344 0.045245 0.070863
0 0.393937 0.986920 0.044164 0.023145
0 0.336696 0.732819 0.055204 0.068457
0 0.361158 0.256674 0.048392 0.083423
0 0.723560 0.012215 0.047812 0.024408
0 0.505953 0.333566 0.051322 0.081060
0 0.986154 0.967787 0.025908 0.061090
0 0.151334 0.694714 0.050291 0.079937
0 0.289504 0.705410 0.046135 0.077245
0 0.678136 0.659933 0.047366 0.075315
0 0.582315 0.627491 0.051005 0.086310
0 0.184700 0.741867 0.051266 0.079402
0 0.504208 0.635032 0.052368 0.076607
0 0.771685 0.471214 0.047648 0.069610
0 0.293072 0.619434 0.040800 0.076833
0 0.221736 0.664573 0.048113 0.071411
0 0.799243 0.513285 0.043495 0.073716
0 0.214018 0.523256 0.041459 0.081557
0 0.478656 0.287640 0.044307 0.083013
0 0.338361 0.860779 0.045008 0.071387
0 0.399501 0.864069 0.049970 0.073862
0 0.192682 0.605898 0.044153 0.073672
0 0.487673 0.466387 0.047494 0.080858
0 0.019192 0.839241 0.038383 0.072261
0 0.485800 0.744607 0.045062 0.076672
0 0.534692 0.555186 0.052297 0.091655
0 0.057160 0.626290 0.039172 0.067197
0 0.453004 0.654862 0.047267 0.079225
0 0.660647 0.892506 0.050856 0.073299
0 0.142180 0.613723 0.048442 0.078500
0 0.347126 0.593024 0.045491 0.076176
0 0.540055 0.976834 0.048674 0.042801
0 0.060921 0.863349 0.046207 0.069620
0 0.248874 0.917163 0.045354 0.079698
0 0.613772 0.743616 0.045255 0.076526
0 0.385994 0.523213 0.050621 0.075416
0 0.718629 0.294209 0.048508 0.075421
0 0.527946 0.410072 0.048781 0.078399
0 0.269868 0.815689 0.048176 0.072516
0 0.251677 0.607131 0.044950 0.070628
0 0.644825 0.618062 0.051105 0.083517
0 0.875681 0.904199 0.050958 0.073417
0 0.631881 0.381084 0.045901 0.069066
0 0.933326 0.893963 0.052555 0.077621
0 0.804236 0.712402 0.047959 0.072374
0 0.108087 0.582497 0.047181 0.088985
0 0.860839 0.032248 0.050081 0.064391
0 0.414581 0.937141 0.054266 0.077491
0 0.507832 0.842040 0.054182 0.081821
0 0.893726 0.702861 0.054148 0.082772
0 0.860197 0.965711 0.055539 0.065057
0 0.026137 0.524056 0.051353 0.085319
0 0.017608 0.615155 0.035216 0.089409
0 0.606542 0.030185 0.049051 0.060370
0 0.811340 0.956030 0.043993 0.075344
0 0.442221 0.823060 0.049985 0.077339
0 0.783358 0.821801 0.049326 0.076694
0 0.319857 0.114805 0.046929 0.084230
0 0.576563 0.807350 0.049236 0.087448
0 0.115557 0.193564 0.046093 0.081756
0 0.201851 0.932872 0.047135 0.082020
0 0.183512 0.381324 0.046014 0.080925
0 0.734977 0.772617 0.055006 0.078694
0 0.397870 0.602007 0.047483 0.079947
0 0.709237 0.707247 0.048718 0.075146
0 0.176729 0.513414 0.041506 0.086875
0 0.287520 0.948746 0.050786 0.076065
0 0.076687 0.489853 0.046745 0.072890
0 0.159592 0.972693 0.051833 0.051366
0 0.434846 0.416449 0.051319 0.086976
0 0.640075 0.817035 0.052727 0.082018
0 0.578605 0.505922 0.053654 0.082240
0 0.984960 0.400311 0.028155 0.073830
0 0.928649 0.654458 0.049158 0.087839
0 0.228440 0.324684 0.050459 0.081779
0 0.035999 0.044290 0.049476 0.081106
0 0.018202 0.128948 0.036347 0.078562
0 0.518490 0.063796 0.047060 0.075341
0 0.046745 0.780248 0.054375 0.086630
0 0.782276 0.160343 0.047296 0.079949
0 0.457846 0.197298 0.049196 0.089719
0 0.062088 0.703233 0.052356 0.079679
0 0.116223 0.431099 0.056599 0.080123
0 0.843613 0.417987 0.046574 0.075569
0 0.893870 0.093119 0.054018 0.087400
0 0.697046 0.947365 0.054541 0.081217
0 0.301204 0.392666 0.052425 0.074022
0 0.650364 0.060822 0.052223 0.079124
0 0.133618 0.891170 0.044180 0.067271
0 0.432885 0.552094 0.055865 0.084637
0 0.543316 0.282571 0.050038 0.079200
0 0.539886 0.130785 0.048004 0.074039
0 0.837090 0.640414 0.050438 0.081435
0 0.583804 0.350424 0.049996 0.084217
0 0.044163 0.958060 0.047746 0.077361
0 0.811401 0.104386 0.047473 0.079802
0 0.671552 0.430781 0.047172 0.076032
0 0.408956 0.209627 0.050260 0.082857
0 0.734414 0.650169 0.051528 0.077604
0 0.844478 0.289477 0.048214 0.076064
0 0.045392 0.240112 0.051474 0.086266
0 0.625390 0.234350 0.051326 0.086975
0 0.351997 0.337486 0.050352 0.078788
0 0.684181 0.214410 0.046911 0.085429
0 0.979393 0.878128 0.039279 0.084494
0 0.243184 0.229418 0.046795 0.077436
0 0.673888 0.340401 0.052693 0.083172
0 0.902042 0.329067 0.048014 0.076348
0 0.493568 0.156316 0.052187 0.096712
0 0.717623 0.096231 0.048700 0.080171
0 0.099148 0.348965 0.051735 0.085700
0 0.975558 0.627314 0.046693 0.091020
0 0.262750 0.061225 0.051232 0.071612
0 0.663649 0.138606 0.057140 0.082152
0 0.794457 0.269303 0.049908 0.080651
0 0.882304 0.494044 0.047897 0.079727
0 0.955031 0.335124 0.051113 0.079985
0 0.238368 0.147552 0.046774 0.078137
0 0.946238 0.478654 0.051656 0.080173
1 0.348016 0.175980 0.049115 0.075063
1 0.756217 0.198916 0.049115 0.079233
1 0.730568 0.241451 0.044749 0.087573
1 0.858267 0.570475 0.066578 0.058382
1 0.838621 0.516264 0.045841 0.073394
1 0.312817 0.794412 0.040929 0.082569
2 0.080340 0.292744 0.022375 0.038365
2 0.271070 0.009174 0.026195 0.018349
3 0.275708 0.505004 0.088953 0.144287
3 0.701372 0.534612 0.083496 0.171810
4 0.762220 0.356130 0.087316 0.175146
1 0.804786 0.447873 0.037109 0.066722