0 0.995957 0.123285 0.006926 0.054476
0 0.997033 0.402899 0.005363 0.060036
0 0.995891 0.730424 0.007031 0.057413
0 0.007154 0.225213 0.014291 0.063292
0 0.609897 0.992693 0.028623 0.012256
0 0.265572 0.992733 0.036367 0.011860
0 0.594390 0.004703 0.032206 0.009406
0 0.161274 0.159118 0.045610 0.066175
0 0.237773 0.003887 0.029627 0.007775
0 0.515257 0.157539 0.048973 0.074695
0 0.336608 0.365587 0.053512 0.080620
0 0.125303 0.992469 0.036446 0.012382
0 0.534271 0.484440 0.044536 0.071067
0 0.690626 0.007187 0.037019 0.014373
0 0.496136 0.536316 0.040907 0.079357
0 0.005983 0.110445 0.011965 0.062953
0 0.337590 0.621729 0.050781 0.081688
0 0.440570 0.008126 0.038809 0.016251
0 0.739033 0.295717 0.043333 0.075324
0 0.155844 0.008854 0.043373 0.017709
0 0.599760 0.501133 0.044505 0.067358
0 0.566653 0.622828 0.050653 0.078702
0 0.986251 0.545783 0.025604 0.082876
0 0.490302 0.020207 0.049309 0.040415
0 0.906653 0.979080 0.050681 0.038526
0 0.055301 0.015653 0.045003 0.031307
0 0.786913 0.969484 0.049689 0.057666
0 0.012117 0.693237 0.024197 0.076555
0 0.012296 0.584261 0.024564 0.079534
0 0.626384 0.595501 0.050525 0.075451
0 0.380102 0.317279 0.044726 0.072912
0 0.150593 0.082665 0.043956 0.065614
0 0.572007 0.440128 0.044119 0.075486
0 0.018877 0.038849 0.037746 0.077122
0 0.015422 0.800902 0.030838 0.070107
0 0.652752 0.453906 0.048954 0.073215
0 0.843286 0.624684 0.050142 0.071846
0 0.247758 0.687466 0.049902 0.093458
0 0.517561 0.601707 0.047482 0.077745
0 0.109914 0.748397 0.049641 0.077213
0 0.242529 0.562630 0.049270 0.078497
0 0.540422 0.935843 0.048673 0.083698
0 0.503369 0.872180 0.055551 0.072147
0 0.619546 0.721414 0.049138 0.071854
0 0.426492 0.310333 0.052309 0.079972
0 0.282485 0.633137 0.054150 0.080134
0 0.980105 0.854344 0.037955 0.075712
0 0.616286 0.955764 0.038099 0.060316
0 0.450087 0.625717 0.056346 0.081499
0 0.961697 0.605331 0.051499 0.079171
0 0.323521 0.697655 0.049027 0.073754
0 0.488538 0.949253 0.049309 0.079907
0 0.615813 0.402651 0.047327 0.075477
0 0.211869 0.421324 0.049079 0.072270
0 0.391362 0.581865 0.051699 0.076616
0 0.453347 0.845144 0.050263 0.079556
0 0.398564 0.967242 0.048664 0.061980
0 0.573957 0.971611 0.048862 0.053524
0 0.682070 0.602110 0.050007 0.075079
0 0.255183 0.900377 0.049114 0.079394
0 0.445685 0.546673 0.048855 0.080963
0 0.473198 0.094811 0.042639 0.089890
0 0.016732 0.483390 0.033463 0.093180
0 0.023354 0.169065 0.046308 0.074206
0 0.542916 0.379061 0.057018 0.061181
0 0.934901 0.674046 0.046051 0.078039
0 0.701753 0.528206 0.051373 0.081606
0 0.265170 0.104421 0.063004 0.078777
0 0.876887 0.684811 0.053243 0.087173
0 0.905347 0.761883 0.047020 0.068025
0 0.141767 0.562096 0.051232 0.074087
0 0.748957 0.555162 0.051835 0.072853
0 0.149155 0.790068 0.049288 0.078338
0 0.852190 0.355301 0.046564 0.074794
0 0.880188 0.426844 0.047469 0.077320
0 0.356549 0.245207 0.051581 0.078256
0 0.639055 0.888296 0.049524 0.074074
0 0.662605 0.370935 0.043078 0.068945
0 0.661749 0.956324 0.047852 0.077076
0 0.831687 0.746737 0.046196 0.069199
0 0.732904 0.796199 0.053174 0.075360
0 0.887817 0.832074 0.050055 0.073900
0 0.818780 0.925817 0.052238 0.079164
0 0.211779 0.256399 0.045225 0.069814
0 0.730184 0.036563 0.049724 0.073127
0 0.221228 0.057821 0.051897 0.084730
0 0.860787 0.029874 0.048835 0.059699
0 0.783469 0.352859 0.046978 0.076820
0 0.768826 0.204002 0.047572 0.076341
0 0.251102 0.455665 0.049433 0.075026
0 0.334782 0.163118 0.046624 0.083346
0 0.053638 0.672851 0.047917 0.074359
0 0.385372 0.766863 0.049715 0.075454
0 0.281631 0.517743 0.055088 0.075464
0 0.708162 0.938235 0.045013 0.081907
0 0.860712 0.966097 0.051657 0.064420
0 0.737322 0.459338 0.051393 0.085188
0 0.563532 0.316155 0.047686 0.070213
0 0.290000 0.183937 0.051163 0.094390
0 0.413848 0.145733 0.046387 0.072997
0 0.813260 0.497168 0.049512 0.082006
0 0.805735 0.127832 0.047493 0.076016
0 0.626052 0.123743 0.056124 0.080611
0 0.401553 0.485667 0.050220 0.078788
0 0.070670 0.807951 0.049481 0.075545
0 0.521944 0.079892 0.051315 0.071364
0 0.325819 0.034706 0.052550 0.069404
0 0.649168 0.189463 0.052334 0.078680
0 0.171139 0.491280 0.048748 0.073508
0 0.189869 0.361238 0.046226 0.072662
0 0.355194 0.831981 0.052224 0.081930
0 0.662513 0.757217 0.049014 0.078394
0 0.681561 0.088174 0.052226 0.074182
0 0.054164 0.457927 0.045324 0.087562
0 0.075948 0.237701 0.043511 0.073380
0 0.458985 0.180475 0.048186 0.073819
0 0.345264 0.490974 0.052050 0.078813
0 0.932423 0.366383 0.050790 0.078009
0 0.900650 0.255818 0.044147 0.083899
0 0.108186 0.042533 0.049831 0.082362
0 0.240728 0.202793 0.058353 0.086395
0 0.286090 0.955744 0.053427 0.073751
0 0.758298 0.731633 0.051515 0.077575
0 0.419794 0.234959 0.053993 0.061834
0 0.511389 0.738545 0.051120 0.083043
0 0.720514 0.373216 0.050989 0.079032
0 0.934417 0.148267 0.049526 0.076170
0 0.302294 0.850793 0.051453 0.078868
0 0.110989 0.671579 0.057415 0.071410
0 0.538112 0.230638 0.050060 0.076826
0 0.979734 0.331160 0.039048 0.084034
0 0.062419 0.368740 0.051772 0.081078
0 0.073487 0.936316 0.046907 0.074280
0 0.368714 0.107076 0.048719 0.086030
0 0.106735 0.161087 0.053328 0.081095
0 0.853945 0.146304 0.049218 0.078155
0 0.828321 0.253796 0.053512 0.080747
0 0.807913 0.839141 0.051514 0.077015
0 0.967329 0.086197 0.050877 0.079941
0 0.224441 0.787168 0.053308 0.080725
0 0.608809 0.269966 0.050184 0.077608
0 0.962332 0.230967 0.048715 0.078399
0 0.114359 0.373108 0.047937 0.087061
2 0.122087 0.423686 0.014189 0.021685
2 0.493997 0.213511 0.018009 0.028357
2 0.818702 0.594245 0.013643 0.027523
2 0.462618 0.987907 0.025103 0.024187
4 0.420597 0.404504 0.085133 0.143453