0 0.003686 0.935948 0.007372 0.065127
0 0.306323 0.530905 0.048243 0.068065
0 0.003934 0.789954 0.007842 0.060175
0 0.282597 0.502092 0.049818 0.081339
0 0.313351 0.184291 0.052296 0.081672
0 0.963280 0.002557 0.031051 0.005080
0 0.209892 0.565065 0.049727 0.066325
0 0.343837 0.003600 0.033457 0.007201
0 0.209247 0.510475 0.053176 0.067391
0 0.545846 0.992392 0.037653 0.012475
0 0.247565 0.005908 0.036953 0.011816
0 0.010733 0.424060 0.021440 0.076131
0 0.317060 0.621942 0.045745 0.072396
0 0.880276 0.383715 0.050724 0.070429
0 0.287737 0.599113 0.048671 0.071925
0 0.191166 0.795796 0.044102 0.074957
0 0.522138 0.006430 0.038682 0.012860
0 0.275577 0.662585 0.051152 0.074501
0 0.212926 0.757069 0.043508 0.076100
0 0.988823 0.428868 0.020437 0.074423
0 0.015306 0.539614 0.030564 0.071281
0 0.990369 0.717687 0.017440 0.072650
0 0.062011 0.267787 0.049127 0.065835
0 0.127077 0.988094 0.049618 0.020667
0 0.066491 0.321831 0.039485 0.066527
0 0.722016 0.010968 0.041720 0.021927
0 0.011608 0.212822 0.023138 0.086272
0 0.026537 0.597253 0.045847 0.076861
0 0.987251 0.342032 0.023619 0.079256
0 0.624015 0.012607 0.044846 0.025135
0 0.673797 0.015396 0.042418 0.030773
0 0.837220 0.014642 0.054140 0.029242
0 0.195363 0.973104 0.047079 0.050361
0 0.108098 0.797050 0.053335 0.071022
0 0.425820 0.983764 0.051540 0.028950
0 0.014605 0.858841 0.029209 0.071136
0 0.030436 0.351424 0.048873 0.076852
0 0.016823 0.033043 0.033623 0.066082
0 0.087772 0.876125 0.057371 0.087893
0 0.986638 0.235509 0.024794 0.082611
0 0.098993 0.576296 0.051096 0.081256
0 0.148592 0.836174 0.053105 0.074374
0 0.807678 0.978377 0.057809 0.039900
0 0.075783 0.733109 0.050358 0.074544
0 0.029067 0.933085 0.043759 0.077851
0 0.219180 0.032757 0.052221 0.065514
0 0.632566 0.306866 0.051118 0.077821
0 0.351401 0.295556 0.055015 0.078480
0 0.079588 0.432196 0.045412 0.077999
0 0.030808 0.691119 0.051230 0.080221
0 0.699313 0.977757 0.052164 0.040944
0 0.912842 0.255899 0.049134 0.082676
0 0.239922 0.923422 0.052267 0.083626
0 0.904473 0.449159 0.055418 0.073452
0 0.857408 0.320134 0.053364 0.081887
0 0.895912 0.195612 0.056438 0.068527
0 0.880482 0.042116 0.050838 0.070652
0 0.038915 0.476623 0.052905 0.091437
0 0.043726 0.205984 0.043722 0.088586
0 0.983428 0.554169 0.031089 0.083143
0 0.821094 0.633658 0.051632 0.090593
0 0.130714 0.935347 0.052201 0.080838
0 0.920222 0.364565 0.047514 0.075766
0 0.155874 0.588643 0.052963 0.080796
0 0.276357 0.850643 0.056335 0.072338
0 0.327939 0.975934 0.051703 0.044560
0 0.663063 0.364501 0.054945 0.081604
0 0.215668 0.645889 0.051332 0.081065
0 0.410144 0.173867 0.049834 0.076780
0 0.266173 0.287328 0.054656 0.089482
0 0.849094 0.882139 0.051207 0.082193
0 0.225543 0.093408 0.056429 0.073208
0 0.584906 0.901644 0.048984 0.070199
0 0.803709 0.836909 0.051944 0.086306
0 0.393203 0.883094 0.060361 0.077334
0 0.259161 0.782361 0.051953 0.073021
0 0.067846 0.968516 0.049996 0.059565
0 0.586611 0.826576 0.050791 0.073685
0 0.678441 0.711553 0.053560 0.083446
0 0.082601 0.652841 0.051513 0.076655
0 0.963998 0.482511 0.056633 0.080059
0 0.981204 0.644477 0.035462 0.067350
0 0.257677 0.395712 0.056743 0.079924
0 0.096770 0.078678 0.048972 0.076135
0 0.794956 0.447993 0.054338 0.089983
0 0.984068 0.039312 0.030148 0.078384
0 0.738987 0.820971 0.056811 0.078400
0 0.373656 0.685444 0.044574 0.074045
0 0.432220 0.683924 0.051220 0.079014
0 0.873947 0.125193 0.053949 0.080000
0 0.804172 0.099043 0.046224 0.074624
0 0.060032 0.132145 0.048999 0.079016
0 0.872479 0.640535 0.050361 0.078208
0 0.958165 0.268822 0.046784 0.079583
0 0.036582 0.787229 0.047801 0.075762
0 0.757646 0.926499 0.054579 0.098910
0 0.885526 0.528914 0.056588 0.082776
0 0.925262 0.972071 0.048737 0.052541
0 0.325228 0.789739 0.052138 0.087162
0 0.791048 0.576085 0.057490 0.086250
0 0.973954 0.920591 0.049542 0.079513
0 0.602053 0.754154 0.051325 0.074552
0 0.378551 0.960305 0.052817 0.075668
0 0.511895 0.942545 0.051286 0.082618
0 0.120502 0.152469 0.047885 0.090869
0 0.770997 0.036989 0.051318 0.073977
0 0.541567 0.732102 0.052089 0.080629
0 0.936163 0.784165 0.052141 0.082038
0 0.635488 0.952924 0.049547 0.087140
0 0.670654 0.543387 0.046006 0.075107
0 0.186590 0.908659 0.051617 0.084656
0 0.785383 0.355969 0.052355 0.082203
0 0.317003 0.438577 0.051625 0.072387
0 0.538077 0.865906 0.048643 0.087226
0 0.293544 0.042413 0.052599 0.084388
0 0.481508 0.374317 0.056292 0.075683
0 0.921967 0.116885 0.049047 0.088766
0 0.877162 0.726675 0.051688 0.085155
0 0.643817 0.223216 0.055557 0.072929
0 0.482830 0.830318 0.051989 0.075703
0 0.278505 0.125230 0.051865 0.077473
0 0.476134 0.622768 0.056366 0.084421
0 0.734690 0.739013 0.052674 0.079713
0 0.440502 0.759761 0.062637 0.078337
0 0.322122 0.703437 0.052062 0.079567
0 0.426119 0.834569 0.054879 0.084154
0 0.430317 0.431443 0.048830 0.089553
0 0.468754 0.031687 0.051817 0.063345
0 0.454849 0.940374 0.054035 0.085746
0 0.642257 0.474802 0.052189 0.076680
0 0.500498 0.240770 0.049375 0.074183
0 0.145313 0.241694 0.049870 0.080998
0 0.206335 0.419317 0.049842 0.078649
0 0.303544 0.348546 0.044688 0.078005
0 0.589030 0.353621 0.049138 0.078088
0 0.605355 0.177642 0.043996 0.074872
0 0.634836 0.611688 0.054021 0.090002
0 0.373465 0.527950 0.055581 0.077125
0 0.930709 0.627235 0.056233 0.086209
0 0.156252 0.087288 0.054240 0.081457
0 0.208212 0.210865 0.054633 0.081429
0 0.413946 0.266786 0.046126 0.074023
0 0.380156 0.449986 0.051816 0.081232
0 0.580659 0.432743 0.054367 0.077338
0 0.560458 0.289754 0.052567 0.077479
0 0.721430 0.651948 0.058666 0.086498
0 0.364313 0.211182 0.052317 0.080691
0 0.393296 0.607577 0.056627 0.080454
0 0.590925 0.672555 0.055621 0.084318
0 0.563502 0.084421 0.049704 0.085574
0 0.592225 0.507459 0.052612 0.075210
0 0.467502 0.173804 0.052386 0.084836
0 0.559839 0.205225 0.048928 0.084162
0 0.389496 0.360348 0.053999 0.086503
0 0.463492 0.290041 0.049234 0.095742
0 0.512805 0.559236 0.047909 0.078780
0 0.331647 0.106792 0.053089 0.081879
2 0.437515 0.070058 0.025103 0.036697
2 0.433149 0.352794 0.019646 0.030025
1 0.407227 0.098832 0.061667 0.070892
1 0.693459 0.265221 0.044749 0.106756
1 0.739845 0.300250 0.058938 0.083403
3 0.130819 0.347373 0.080767 0.135947
3 0.152648 0.734362 0.092773 0.119266
4 0.786504 0.231860 0.105324 0.153461