0 0.084215 0.812100 0.053424 0.081506
0 0.997665 0.635025 0.004600 0.051287
0 0.454093 0.935467 0.049373 0.078734
0 0.480532 0.906451 0.045924 0.080510
0 0.287114 0.724238 0.051563 0.074435
0 0.064441 0.782717 0.042424 0.079260
0 0.257347 0.710825 0.039536 0.072529
0 0.419915 0.848258 0.039868 0.070094
0 0.728529 0.006186 0.031497 0.012372
0 0.455302 0.844242 0.044570 0.072415
0 0.144449 0.665745 0.044903 0.085356
0 0.041311 0.994501 0.036278 0.009012
0 0.363001 0.820038 0.044433 0.078826
0 0.164362 0.235771 0.055671 0.081989
0 0.325783 0.806366 0.052145 0.084169
0 0.712112 0.880601 0.049193 0.070650
0 0.993275 0.866575 0.012115 0.072096
0 0.395871 0.991058 0.030433 0.015225
0 0.005203 0.589785 0.010407 0.065351
0 0.131918 0.978833 0.050675 0.039016
0 0.332341 0.415881 0.046394 0.074371
0 0.351321 0.379277 0.043348 0.069151
0 0.578357 0.946384 0.051512 0.066017
0 0.430217 0.984206 0.042718 0.028275
0 0.368432 0.005023 0.038923 0.010045
0 0.835304 0.575792 0.047726 0.075255
0 0.807132 0.416067 0.045561 0.079507
0 0.042968 0.453387 0.049954 0.076868
0 0.558858 0.980757 0.054080 0.035374
0 0.144891 0.400686 0.051277 0.079744
0 0.208846 0.017595 0.048354 0.035189
0 0.059712 0.401389 0.045129 0.080230
0 0.083597 0.010880 0.044523 0.021761
0 0.644455 0.908721 0.049490 0.076864
0 0.270471 0.984730 0.037588 0.027335
0 0.018542 0.389161 0.037084 0.080648
0 0.850399 0.626687 0.053070 0.078304
0 0.671141 0.984827 0.055064 0.027134
0 0.666810 0.852803 0.049082 0.074931
0 0.254734 0.926094 0.054342 0.085223
0 0.761502 0.941242 0.048873 0.071687
0 0.506586 0.015042 0.046702 0.030085
0 0.860586 0.982320 0.044699 0.032310
0 0.014141 0.945546 0.028282 0.079651
0 0.157742 0.019346 0.045573 0.038693
0 0.017903 0.320443 0.035786 0.073362
0 0.090541 0.598297 0.045190 0.081937
0 0.523139 0.947155 0.052305 0.068541
0 0.047104 0.527882 0.042641 0.072440
0 0.765698 0.414685 0.046707 0.086293
0 0.341346 0.883924 0.054604 0.072204
0 0.800587 0.916238 0.051816 0.083091
0 0.100250 0.459582 0.053834 0.086613
0 0.278337 0.022397 0.049055 0.044794
0 0.191992 0.061166 0.057121 0.080388
0 0.058283 0.655445 0.045646 0.072899
0 0.214025 0.614112 0.047109 0.079545
0 0.985267 0.766342 0.027540 0.079561
0 0.806123 0.980404 0.051505 0.036059
0 0.209609 0.688719 0.045428 0.071363
0 0.561685 0.115110 0.049867 0.082976
0 0.135651 0.575872 0.053006 0.089607
0 0.037990 0.895600 0.048556 0.078076
0 0.473892 0.693068 0.050156 0.074774
0 0.027072 0.739106 0.054145 0.074095
0 0.287158 0.863045 0.046307 0.075335
0 0.941720 0.646497 0.056988 0.073960
0 0.260196 0.602656 0.048578 0.083345
0 0.305348 0.260362 0.052493 0.083911
0 0.083575 0.938809 0.048198 0.073292
0 0.184000 0.360581 0.049638 0.087109
0 0.244167 0.341104 0.049560 0.080811
0 0.120800 0.741751 0.048879 0.073533
0 0.525550 0.757838 0.046165 0.076398
0 0.157063 0.854706 0.050844 0.066052
0 0.207830 0.974245 0.054257 0.048290
0 0.685608 0.643653 0.053590 0.075202
0 0.425740 0.417624 0.043443 0.089433
0 0.316280 0.490948 0.049954 0.078548
0 0.222528 0.430130 0.047916 0.083832
0 0.575601 0.818625 0.052023 0.085115
0 0.230295 0.838577 0.050570 0.082550
0 0.418792 0.265213 0.049394 0.082699
0 0.688784 0.028422 0.047773 0.056845
0 0.406190 0.685966 0.051232 0.077803
0 0.178384 0.751081 0.058099 0.081609
0 0.681285 0.771690 0.046270 0.083396
0 0.442312 0.032834 0.054121 0.065667
0 0.330971 0.971988 0.051420 0.052624
0 0.161175 0.937348 0.049141 0.078081
0 0.044002 0.264587 0.046866 0.080568
0 0.796429 0.832688 0.051255 0.076604
0 0.473639 0.770333 0.051505 0.079620
0 0.986783 0.162078 0.024474 0.091133
0 0.494675 0.070747 0.045945 0.080762
0 0.668399 0.346046 0.052265 0.089287
0 0.289762 0.369944 0.050341 0.085918
0 0.412396 0.770258 0.051100 0.082884
0 0.359451 0.536221 0.047285 0.089405
0 0.608486 0.638960 0.056006 0.088803
0 0.620868 0.308592 0.048283 0.082773
0 0.865686 0.702168 0.058415 0.078400
0 0.237745 0.122089 0.055836 0.073660
0 0.609595 0.205849 0.050944 0.082411
0 0.296948 0.172156 0.038908 0.084393
0 0.359642 0.297632 0.050270 0.083847
0 0.389259 0.607279 0.051754 0.085641
0 0.717479 0.325192 0.047879 0.083844
0 0.779976 0.191125 0.044121 0.084895
0 0.904385 0.758645 0.048090 0.080107
0 0.471207 0.407471 0.047866 0.080940
0 0.672044 0.227363 0.053918 0.084476
0 0.668630 0.084415 0.050188 0.072525
0 0.565366 0.702439 0.049988 0.088836
0 0.701419 0.458722 0.053873 0.077347
0 0.980448 0.684842 0.037357 0.073474
0 0.966169 0.933475 0.055695 0.083325
0 0.883032 0.850921 0.048078 0.082051
0 0.588303 0.537564 0.049949 0.078173
0 0.496513 0.628210 0.048753 0.078761
0 0.416279 0.095878 0.053695 0.075957
0 0.522918 0.462177 0.052820 0.076034
0 0.048479 0.071270 0.058397 0.077772
0 0.573690 0.394847 0.049511 0.090901
0 0.651161 0.149930 0.056486 0.081278
0 0.899497 0.514395 0.049179 0.081637
0 0.528475 0.559674 0.051126 0.076817
0 0.931577 0.345231 0.039255 0.079677
0 0.237033 0.262053 0.050180 0.075859
0 0.799731 0.278475 0.048865 0.087060
0 0.977969 0.335487 0.042757 0.077096
0 0.722021 0.580559 0.052616 0.075528
0 0.577992 0.278348 0.050220 0.079061
0 0.327161 0.069986 0.052670 0.087980
0 0.441750 0.621609 0.049147 0.083524
0 0.865576 0.115447 0.050375 0.083104
0 0.643606 0.573042 0.050779 0.085334
0 0.724975 0.219031 0.048456 0.081236
0 0.453104 0.161170 0.052524 0.082458
0 0.892161 0.381314 0.047648 0.083140
0 0.614172 0.470870 0.056831 0.078399
0 0.827867 0.178674 0.046658 0.087264
0 0.394498 0.193889 0.048318 0.088954
0 0.452387 0.328275 0.051857 0.075165
0 0.960050 0.464866 0.055123 0.089487
0 0.516519 0.176759 0.053534 0.089929
0 0.863549 0.034655 0.051379 0.069311
0 0.933134 0.035332 0.056277 0.070655
0 0.843236 0.489233 0.053492 0.079031
0 0.946490 0.201913 0.049577 0.077052
0 0.972513 0.582316 0.047948 0.082105
0 0.762187 0.750071 0.053134 0.082986
0 0.955246 0.826180 0.051835 0.083905
0 0.923247 0.118567 0.042211 0.087375
0 0.759067 0.111680 0.049940 0.084799
0 0.905877 0.258310 0.048744 0.087625
1 0.018946 0.132611 0.036018 0.108424
1 0.590044 0.899500 0.054027 0.069224
1 0.651984 0.705588 0.049115 0.093411
1 0.714742 0.944537 0.038201 0.075897
3 0.167928 0.480400 0.081858 0.148457
5 0.785958 0.623436 0.084587 0.099249
2 0.405590 0.344037 0.019100 0.027523
2 0.006744 0.665555 0.013489 0.031693
2 0.636431 0.011259 0.014735 0.022519