0 0.274445 0.003166 0.048130 0.006332
0 0.993594 0.976576 0.011351 0.043986
0 0.004113 0.032253 0.008227 0.054808
0 0.004975 0.451088 0.009951 0.061728
0 0.723066 0.975589 0.045060 0.045794
0 0.288095 0.988690 0.047378 0.019550
0 0.013552 0.976251 0.027104 0.044418
0 0.400508 0.363639 0.054252 0.085535
0 0.864653 0.969009 0.061333 0.058411
0 0.638387 0.016304 0.053400 0.032609
0 0.727185 0.872355 0.058958 0.072056
0 0.098464 0.969333 0.051320 0.058114
0 0.149746 0.969763 0.050885 0.057027
0 0.591224 0.975007 0.049490 0.046539
0 0.416342 0.973429 0.050984 0.049637
0 0.984638 0.740245 0.028850 0.084394
0 0.979294 0.027264 0.039887 0.054403
0 0.335831 0.349140 0.047845 0.087478
0 0.707981 0.935340 0.046538 0.068756
0 0.615274 0.901022 0.057844 0.069514
0 0.335889 0.970278 0.048857 0.056083
0 0.703412 0.824095 0.051431 0.075594
0 0.776036 0.593388 0.042577 0.064574
0 0.549446 0.149153 0.048074 0.075519
0 0.257037 0.672876 0.047254 0.076486
0 0.644453 0.832818 0.046834 0.077721
0 0.259201 0.304468 0.047418 0.077441
0 0.286121 0.386769 0.049770 0.080535
0 0.583507 0.337518 0.058563 0.087568
0 0.369544 0.131331 0.047229 0.076119
0 0.551164 0.941294 0.046065 0.074363
0 0.446277 0.390325 0.051040 0.075547
0 0.899262 0.917255 0.055308 0.089577
0 0.524825 0.795804 0.044315 0.073254
0 0.465512 0.969863 0.047101 0.056779
0 0.022559 0.841413 0.045117 0.076360
0 0.414816 0.096171 0.051476 0.086287
0 0.639241 0.962566 0.047146 0.070246
0 0.222917 0.885751 0.049584 0.070738
0 0.469573 0.749270 0.050393 0.077544
0 0.815011 0.901320 0.048401 0.076901
0 0.221866 0.963878 0.047782 0.068990
0 0.567398 0.078052 0.047558 0.070862
0 0.481440 0.273546 0.049745 0.069929
0 0.821597 0.306672 0.048429 0.079194
0 0.480844 0.909443 0.048128 0.066212
0 0.923912 0.500845 0.049421 0.072868
0 0.788719 0.449967 0.049652 0.074848
0 0.695078 0.561259 0.045615 0.076694
0 0.022969 0.586909 0.045938 0.073516
0 0.974750 0.412299 0.048602 0.077188
0 0.785111 0.367746 0.051613 0.078618
0 0.349248 0.907034 0.049533 0.074306
0 0.113473 0.660616 0.052611 0.081228
0 0.514784 0.095536 0.049020 0.074148
0 0.512123 0.719044 0.045934 0.072088
0 0.561174 0.859148 0.052774 0.079947
0 0.976345 0.524347 0.045378 0.078529
0 0.637232 0.355262 0.051298 0.078815
0 0.811190 0.530867 0.051717 0.081953
0 0.423179 0.902178 0.051713 0.080318
0 0.392017 0.029296 0.052113 0.058576
0 0.456906 0.127048 0.054876 0.080837
0 0.221280 0.475124 0.058487 0.070349
0 0.291756 0.628903 0.048812 0.077230
0 0.085735 0.034453 0.049198 0.068907
0 0.610543 0.770358 0.056930 0.072699
0 0.281781 0.197397 0.053532 0.082491
0 0.489459 0.352372 0.052872 0.079680
0 0.824932 0.215812 0.051539 0.077095
0 0.871151 0.441549 0.051116 0.075373
0 0.971933 0.637096 0.052751 0.091139
0 0.071659 0.222342 0.052507 0.083130
0 0.459705 0.206251 0.056602 0.070969
0 0.236390 0.406022 0.050723 0.080265
0 0.866978 0.360893 0.050777 0.075132
0 0.086924 0.821572 0.053433 0.076647
0 0.726304 0.480361 0.046722 0.078636
0 0.362882 0.818852 0.048710 0.074513
0 0.101929 0.742624 0.052215 0.078054
0 0.686299 0.752345 0.049418 0.072657
0 0.872144 0.182742 0.045578 0.072653
0 0.908415 0.278283 0.048967 0.075813
0 0.554045 0.597535 0.049999 0.079849
0 0.338709 0.045291 0.046879 0.086974
0 0.946678 0.893663 0.048229 0.079032
0 0.087080 0.427227 0.048185 0.076405
0 0.218424 0.805272 0.052292 0.080181
0 0.302694 0.720665 0.047042 0.073457
0 0.030608 0.165748 0.052572 0.086485
0 0.232112 0.547817 0.052114 0.077374
0 0.674668 0.051058 0.050241 0.079837
0 0.608918 0.688728 0.056598 0.081986
0 0.731192 0.128532 0.051158 0.078562
0 0.509060 0.472908 0.050695 0.079596
0 0.815511 0.659314 0.053342 0.086054
0 0.104786 0.498319 0.052030 0.077068
0 0.814930 0.074395 0.050644 0.084630
0 0.229327 0.163449 0.047674 0.075555
0 0.135163 0.177397 0.047485 0.068544
0 0.728079 0.212670 0.051216 0.081922
0 0.220859 0.044935 0.055771 0.088815
0 0.965602 0.314810 0.047430 0.072163
0 0.885033 0.801434 0.049244 0.077738
0 0.159665 0.616414 0.053312 0.085188
0 0.059058 0.300795 0.044947 0.071146
0 0.375437 0.747095 0.054674 0.077548
0 0.147933 0.261008 0.042318 0.070202
0 0.972383 0.134062 0.052723 0.083333
0 0.705866 0.301625 0.060495 0.086996
0 0.882222 0.094680 0.055472 0.090400
1 0.385747 0.324195 0.065510 0.090584
2 0.101480 0.181764 0.021057 0.029797
2 0.406414 0.163886 0.016378 0.027414
2 0.579548 0.137664 0.019497 0.029797
2 0.586177 0.174017 0.021837 0.035757
2 0.514038 0.663290 0.024176 0.039333
2 0.253557 0.911800 0.016378 0.026222
2 0.937904 0.197855 0.020277 0.026222
3 0.351043 0.239571 0.095925 0.150179
1 0.295627 0.280651 0.044749 0.082569