0 0.995521 0.741814 0.007339 0.055153
0 0.996625 0.386681 0.005384 0.050404
0 0.003216 0.922904 0.006432 0.050870
0 0.003113 0.320941 0.006225 0.056329
0 0.978422 0.002625 0.031515 0.005213
0 0.782375 0.934968 0.045783 0.075023
0 0.881482 0.008546 0.019575 0.017056
0 0.558858 0.992443 0.037795 0.012435
0 0.008540 0.104073 0.017045 0.074821
0 0.006932 0.806435 0.013851 0.070368
0 0.934039 0.909565 0.054111 0.079248
0 0.005795 0.643902 0.011586 0.059791
0 0.009318 0.574205 0.018532 0.068356
0 0.006296 0.495133 0.012575 0.062596
0 0.590693 0.311062 0.047084 0.067143
0 0.917859 0.007617 0.037419 0.015234
0 0.989011 0.625373 0.020036 0.078987
0 0.506479 0.985503 0.045297 0.025654
0 0.181357 0.875095 0.054930 0.079751
0 0.458631 0.783144 0.047988 0.073287
0 0.197780 0.010841 0.043873 0.021682
0 0.895841 0.984844 0.047109 0.026903
0 0.258035 0.764884 0.046272 0.076428
0 0.414442 0.963574 0.049908 0.069115
0 0.626508 0.980314 0.044148 0.035937
0 0.356855 0.608384 0.047637 0.072753
0 0.317095 0.981038 0.044994 0.034541
0 0.143456 0.183356 0.045633 0.063548
0 0.312579 0.013183 0.052467 0.026366
0 0.023204 0.968263 0.046408 0.060250
0 0.489720 0.440370 0.047719 0.071592
0 0.694730 0.019163 0.048128 0.038326
0 0.089803 0.294410 0.050464 0.074159
0 0.288526 0.375244 0.046798 0.067434
0 0.230660 0.581315 0.043129 0.069155
0 0.194419 0.196156 0.047922 0.070386
0 0.953401 0.970410 0.047635 0.055623
0 0.774565 0.133465 0.042516 0.065634
0 0.746484 0.099334 0.046988 0.075062
0 0.465055 0.887521 0.048032 0.073659
0 0.164658 0.094177 0.040877 0.062751
0 0.043351 0.900635 0.049685 0.073985
0 0.983549 0.520290 0.030752 0.072483
0 0.043654 0.609135 0.047146 0.072759
0 0.521366 0.384513 0.048158 0.074824
0 0.983552 0.907910 0.030964 0.077132
0 0.403389 0.895338 0.048722 0.064093
0 0.856281 0.411909 0.051589 0.068756
0 0.129133 0.652454 0.049393 0.071540
0 0.271194 0.623649 0.046319 0.075525
0 0.541915 0.528511 0.053695 0.077595
0 0.336940 0.520213 0.047962 0.070401
0 0.020107 0.422694 0.040214 0.079451
0 0.985166 0.135646 0.027689 0.069627
0 0.285715 0.223730 0.051486 0.076356
0 0.514688 0.601836 0.041855 0.076826
0 0.428569 0.572526 0.045278 0.069023
0 0.353803 0.334491 0.047706 0.073451
0 0.243200 0.163531 0.048197 0.087624
0 0.474907 0.655583 0.050780 0.070775
0 0.058880 0.538582 0.044776 0.066022
0 0.857471 0.136477 0.044303 0.073186
0 0.150168 0.812716 0.051350 0.066401
0 0.105678 0.967779 0.056438 0.061117
0 0.294512 0.060256 0.048462 0.065766
0 0.150797 0.488110 0.045225 0.074174
0 0.410414 0.643945 0.049269 0.070556
0 0.559911 0.621295 0.047263 0.070932
0 0.312406 0.442998 0.052528 0.082733
0 0.042475 0.090048 0.046502 0.074793
0 0.040259 0.353233 0.052505 0.069731
0 0.239331 0.685386 0.050069 0.071145
0 0.219944 0.801580 0.047295 0.077151
0 0.168767 0.741686 0.056671 0.073809
0 0.284441 0.137110 0.047950 0.075933
0 0.288990 0.815755 0.057505 0.076853
0 0.384440 0.551626 0.044818 0.076066
0 0.035935 0.280077 0.042792 0.066611
0 0.834094 0.973269 0.042035 0.049866
0 0.063096 0.027431 0.050409 0.054815
0 0.803036 0.024549 0.051772 0.049098
0 0.231790 0.433064 0.050073 0.073406
0 0.114334 0.887151 0.053893 0.079226
0 0.763250 0.762250 0.046876 0.076395
0 0.486687 0.743920 0.046459 0.076911
0 0.179962 0.591992 0.052056 0.069101
0 0.095127 0.599825 0.046564 0.071805
0 0.111352 0.724049 0.050945 0.075138
0 0.440374 0.031588 0.046323 0.062977
0 0.306182 0.888199 0.050900 0.077830
0 0.173931 0.411086 0.049099 0.076631
0 0.270852 0.967239 0.047180 0.062019
0 0.029496 0.772105 0.047291 0.078724
0 0.591842 0.823502 0.047681 0.069345
0 0.055949 0.683056 0.052544 0.069141
0 0.071155 0.149816 0.053013 0.069934
0 0.218857 0.358622 0.046458 0.068695
0 0.746897 0.028147 0.049170 0.056294
0 0.515962 0.278061 0.049976 0.079694
0 0.855304 0.484067 0.055068 0.067182
0 0.711096 0.625023 0.051756 0.075142
0 0.678794 0.405595 0.049105 0.075323
0 0.526777 0.860958 0.046908 0.075979
0 0.962368 0.806177 0.039996 0.070625
0 0.049489 0.210987 0.051621 0.072676
0 0.535053 0.740016 0.045809 0.078058
0 0.730900 0.419006 0.047760 0.073295
0 0.489207 0.208490 0.051809 0.062099
0 0.540563 0.455270 0.050610 0.069158
0 0.184195 0.667942 0.049277 0.072222
0 0.812809 0.182177 0.045828 0.071131
0 0.235765 0.074802 0.049500 0.072675
0 0.789874 0.399815 0.050788 0.068867
0 0.839725 0.556086 0.052262 0.070070
0 0.871398 0.741373 0.046466 0.068669
0 0.663635 0.724469 0.051784 0.083524
0 0.445663 0.392177 0.054091 0.071511
0 0.357248 0.811636 0.060383 0.070811
0 0.786974 0.256167 0.049120 0.076708
0 0.195307 0.518206 0.051324 0.068440
0 0.824037 0.085061 0.055094 0.077925
0 0.248815 0.510402 0.048109 0.071182
0 0.895170 0.168609 0.051560 0.084191
0 0.545222 0.195386 0.049893 0.078635
0 0.610803 0.377793 0.045914 0.072541
0 0.117800 0.117136 0.047228 0.080952
0 0.143140 0.256495 0.047722 0.072827
0 0.814426 0.321906 0.047014 0.080381
0 0.834975 0.800798 0.057480 0.075117
0 0.721052 0.867821 0.050398 0.069947
0 0.624168 0.671180 0.050741 0.075658
0 0.329883 0.268769 0.048232 0.071000
0 0.136374 0.344300 0.052613 0.080050
0 0.664051 0.587486 0.049350 0.066620
0 0.647131 0.928106 0.050404 0.077931
0 0.660562 0.847663 0.051064 0.075264
0 0.954251 0.467751 0.051112 0.074967
0 0.486004 0.138201 0.047269 0.068604
0 0.803611 0.606648 0.049636 0.071323
0 0.614602 0.478732 0.042987 0.071479
0 0.595240 0.563465 0.049148 0.076080
0 0.852021 0.881724 0.051380 0.079191
0 0.546436 0.930884 0.053594 0.080439
0 0.871448 0.599242 0.048132 0.077736
0 0.714914 0.790162 0.054236 0.071825
0 0.879830 0.357857 0.048128 0.075392
0 0.410445 0.229075 0.053800 0.079654
0 0.707548 0.955968 0.055285 0.080195
0 0.519320 0.089921 0.049965 0.071623
0 0.976360 0.210140 0.045021 0.076708
0 0.718337 0.709374 0.049323 0.077734
0 0.747239 0.572604 0.045174 0.073907
0 0.225732 0.267419 0.053197 0.079773
0 0.936689 0.074322 0.051095 0.077386
0 0.425609 0.148862 0.046337 0.074328
0 0.953386 0.655237 0.051658 0.070373
0 0.918052 0.827447 0.051764 0.083561
0 0.688282 0.520794 0.051984 0.070817
0 0.582956 0.239794 0.055320 0.076230
0 0.735934 0.301126 0.049067 0.072254
0 0.353618 0.068433 0.053057 0.072208
0 0.604352 0.749924 0.062802 0.075548
0 0.897937 0.679412 0.055501 0.078854
0 0.372981 0.450692 0.050381 0.085259
0 0.692227 0.098614 0.053342 0.084400
0 0.689057 0.326744 0.053697 0.074540
0 0.617339 0.100500 0.051631 0.075963
0 0.781440 0.500537 0.048890 0.077633
0 0.850697 0.277120 0.050614 0.082730
2 0.255244 0.303169 0.014189 0.027523
2 0.947765 0.708924 0.027286 0.038365
2 0.017309 0.857381 0.025103 0.033361
1 0.564122 0.301501 0.037109 0.050876
1 0.328370 0.627606 0.052389 0.065888
1 0.435332 0.844871 0.053481 0.075063
1 0.764402 0.678065 0.043658 0.080067
1 0.497271 0.036697 0.057301 0.073394
3 0.651711 0.195997 0.099867 0.141785
4 0.307633 0.710592 0.084041 0.131776