0 0.002888 0.765099 0.005741 0.058851
0 0.002360 0.026521 0.004719 0.040224
0 0.118676 0.002123 0.033224 0.004207
0 0.128318 0.871505 0.047864 0.072527
0 0.010748 0.496252 0.021496 0.074028
0 0.009019 0.686482 0.017965 0.073562
0 0.638957 0.108089 0.053819 0.081050
0 0.940092 0.216167 0.051071 0.083244
0 0.018158 0.004652 0.033287 0.009304
0 0.032548 0.344025 0.044840 0.070960
0 0.323090 0.005029 0.032071 0.010057
0 0.007500 0.150808 0.014967 0.068274
0 0.393393 0.005591 0.035143 0.011182
0 0.505279 0.355009 0.044150 0.068947
0 0.229028 0.011376 0.046399 0.022725
0 0.493797 0.987700 0.045102 0.021277
0 0.498076 0.012103 0.045794 0.024164
0 0.821271 0.011856 0.047325 0.023689
0 0.180263 0.014778 0.032686 0.029529
0 0.084619 0.739736 0.048971 0.076176
0 0.015008 0.881419 0.030017 0.080890
0 0.912679 0.979129 0.050257 0.038422
0 0.057415 0.216934 0.045630 0.071749
0 0.984307 0.834548 0.029389 0.069610
0 0.669073 0.021838 0.049697 0.043676
0 0.442101 0.016216 0.049496 0.032432
0 0.497188 0.674001 0.047532 0.074885
0 0.124102 0.594560 0.044895 0.068031
0 0.406077 0.598071 0.039527 0.072770
0 0.111796 0.802285 0.048225 0.077555
0 0.217060 0.547872 0.052225 0.070560
0 0.020966 0.969802 0.041932 0.057341
0 0.408258 0.899805 0.046572 0.071759
0 0.960844 0.028623 0.044728 0.057246
0 0.747953 0.173405 0.053971 0.068342
0 0.561175 0.188804 0.043832 0.066464
0 0.600520 0.977252 0.058209 0.042000
0 0.044243 0.702578 0.048073 0.078834
0 0.436979 0.958350 0.048661 0.072587
0 0.236040 0.380374 0.048057 0.076574
0 0.376056 0.962981 0.053486 0.070042
0 0.914478 0.030389 0.042354 0.060778
0 0.373076 0.429033 0.053744 0.064141
0 0.261417 0.583132 0.050738 0.077003
0 0.731853 0.772974 0.047789 0.074581
0 0.071618 0.858257 0.052263 0.085228
0 0.437097 0.082820 0.046733 0.074071
0 0.027460 0.557022 0.047231 0.074965
0 0.287265 0.645164 0.052965 0.082187
0 0.877115 0.194322 0.046820 0.058420
0 0.281165 0.027399 0.050315 0.054795
0 0.251617 0.787746 0.045998 0.071833
0 0.191320 0.607223 0.051733 0.084488
0 0.096100 0.436172 0.045116 0.075952
0 0.119602 0.520621 0.053711 0.067512
0 0.082381 0.159950 0.044786 0.070710
0 0.797175 0.287869 0.044743 0.066111
0 0.669765 0.386683 0.041469 0.065378
0 0.525733 0.111111 0.040692 0.071413
0 0.292097 0.835292 0.046600 0.067291
0 0.850201 0.058432 0.047009 0.073667
0 0.933702 0.650681 0.045012 0.067509
0 0.472213 0.544247 0.048934 0.075993
0 0.666707 0.818620 0.047297 0.071836
0 0.020428 0.075598 0.040856 0.080541
0 0.159216 0.692766 0.049211 0.084450
0 0.754207 0.545282 0.049143 0.069718
0 0.020660 0.270491 0.041320 0.081580
0 0.833222 0.336348 0.048378 0.080727
0 0.750575 0.471223 0.046732 0.067319
0 0.835019 0.155879 0.044764 0.067753
0 0.457288 0.731254 0.044438 0.075459
0 0.977515 0.669486 0.042423 0.070665
0 0.099924 0.071631 0.050837 0.076899
0 0.709741 0.702060 0.051462 0.067263
0 0.940735 0.095353 0.048062 0.074314
0 0.591419 0.518756 0.046547 0.075940
0 0.590701 0.363933 0.047819 0.074121
0 0.304406 0.085564 0.051330 0.075710
0 0.983309 0.074230 0.031495 0.073248
0 0.341191 0.131921 0.052946 0.078373
0 0.584812 0.611675 0.044484 0.071301
0 0.236664 0.319434 0.052390 0.060151
0 0.430745 0.165393 0.046401 0.077928
0 0.045256 0.449815 0.051546 0.074348
0 0.937695 0.817723 0.041342 0.065732
0 0.285490 0.254019 0.045265 0.076217
0 0.782489 0.217676 0.051433 0.077185
0 0.722137 0.035822 0.044445 0.070795
0 0.127081 0.135108 0.050350 0.075816
0 0.869397 0.835738 0.051083 0.079203
0 0.382457 0.184954 0.045864 0.071642
0 0.980430 0.521804 0.036873 0.072575
0 0.388127 0.666942 0.051469 0.070379
0 0.797765 0.107095 0.049163 0.080671
0 0.975705 0.760058 0.046280 0.075324
0 0.846150 0.536966 0.043890 0.063782
0 0.547552 0.474935 0.049539 0.070175
0 0.538921 0.040619 0.053853 0.064965
0 0.679057 0.607132 0.051630 0.079967
0 0.823746 0.788555 0.050860 0.075284
0 0.537277 0.632687 0.046021 0.080862
0 0.627464 0.187105 0.048202 0.072178
0 0.211317 0.708848 0.049638 0.075105
0 0.845554 0.919828 0.051346 0.083584
0 0.546716 0.552756 0.053972 0.072366
0 0.746156 0.951895 0.049405 0.073226
0 0.977038 0.907370 0.043352 0.072569
0 0.495448 0.776457 0.050440 0.080505
0 0.335390 0.803762 0.050907 0.084213
0 0.819261 0.689933 0.049399 0.075124
0 0.735361 0.110509 0.055195 0.077100
0 0.868323 0.390408 0.047029 0.074270
0 0.775046 0.725452 0.043006 0.083970
0 0.650818 0.670691 0.050325 0.070065
0 0.593440 0.692866 0.050898 0.080293
0 0.311219 0.411852 0.053552 0.074383
0 0.157295 0.067094 0.053581 0.070705
0 0.580925 0.114930 0.051035 0.077043
0 0.353910 0.503776 0.047706 0.076708
0 0.728690 0.641365 0.052763 0.076023
0 0.290564 0.172689 0.052515 0.075226
0 0.894748 0.131833 0.048340 0.069745
0 0.884644 0.646509 0.045459 0.077284
0 0.480857 0.136944 0.046571 0.069261
0 0.449066 0.630088 0.056205 0.097737
0 0.408317 0.739237 0.047867 0.078345
0 0.363003 0.592713 0.041186 0.088426
0 0.208762 0.860870 0.047540 0.081976
0 0.637543 0.331862 0.050174 0.074223
0 0.100954 0.257208 0.045510 0.088454
0 0.237104 0.246619 0.051915 0.078630
0 0.689708 0.486413 0.048466 0.065011
0 0.512780 0.856578 0.054027 0.077137
0 0.649878 0.748503 0.055941 0.075145
0 0.617231 0.924023 0.057242 0.074594
0 0.912138 0.511002 0.050714 0.071719
0 0.262322 0.710913 0.045841 0.075155
0 0.641538 0.547993 0.049175 0.077457
0 0.165549 0.487220 0.053609 0.091644
0 0.801849 0.491286 0.045073 0.071883
0 0.480938 0.461503 0.047377 0.078820
0 0.461517 0.390797 0.046104 0.071593
0 0.323332 0.593353 0.041133 0.078968
0 0.871514 0.726505 0.056842 0.081639
0 0.216632 0.469409 0.048363 0.071267
0 0.419816 0.822253 0.052100 0.079803
0 0.906719 0.898189 0.054945 0.077384
0 0.488093 0.218715 0.052993 0.075469
0 0.930586 0.728047 0.048556 0.076954
0 0.834753 0.611139 0.044846 0.074154
0 0.610115 0.847362 0.051945 0.079400
0 0.217624 0.091175 0.053194 0.079781
0 0.805633 0.401763 0.055365 0.081422
0 0.492078 0.932430 0.053351 0.076643
0 0.405749 0.385304 0.053461 0.076825
0 0.783272 0.622712 0.049208 0.083230
0 0.868020 0.278949 0.042459 0.067037
0 0.931519 0.577336 0.057658 0.072806
0 0.976537 0.257810 0.044581 0.076880
0 0.298349 0.339520 0.052186 0.073808
0 0.961298 0.439615 0.048369 0.082785
0 0.974877 0.351841 0.047359 0.076671
4 0.419779 0.505421 0.085678 0.126772
2 0.253606 0.459967 0.021829 0.035863
2 0.043503 0.500834 0.019646 0.027523
2 0.313636 0.218098 0.019646 0.034195
2 0.585951 0.749374 0.019646 0.025855
2 0.594956 0.772310 0.021283 0.031693
2 0.706010 0.748540 0.016372 0.025855
1 0.630973 0.260634 0.061667 0.065888
1 0.913657 0.425771 0.040929 0.087573
1 0.568761 0.834445 0.048569 0.087573