0 0.994260 0.142859 0.010055 0.073417
0 0.996944 0.719863 0.005187 0.042833
0 0.002714 0.643743 0.005403 0.055341
0 0.994528 0.542919 0.009515 0.063801
0 0.989525 0.652784 0.019140 0.073443
0 0.005280 0.990107 0.010545 0.017055
0 0.007316 0.225156 0.014631 0.082109
0 0.001400 0.387958 0.002801 0.071228
0 0.089197 0.891814 0.046262 0.070868
0 0.180280 0.624362 0.048494 0.073298
0 0.906803 0.125386 0.050813 0.081298
0 0.005939 0.877145 0.011879 0.068367
0 0.421741 0.992043 0.037156 0.013091
0 0.732810 0.990309 0.043583 0.016449
0 0.921770 0.005719 0.041711 0.011438
0 0.256369 0.415764 0.059594 0.085076
0 0.645462 0.335734 0.052249 0.076597
0 0.573465 0.257297 0.052263 0.077105
0 0.648845 0.985800 0.042953 0.025225
0 0.829109 0.641757 0.050387 0.080167
0 0.018169 0.571340 0.036338 0.072965
0 0.062998 0.110885 0.046794 0.075034
0 0.086642 0.974221 0.043224 0.048185
0 0.184940 0.023408 0.051008 0.046817
0 0.181895 0.980843 0.055099 0.035109
0 0.326011 0.352059 0.043623 0.079941
0 0.982584 0.976516 0.032951 0.043700
0 0.042544 0.930973 0.045257 0.070055
0 0.098348 0.613873 0.043768 0.068533
0 0.015529 0.801488 0.031012 0.070405
0 0.900877 0.815034 0.040887 0.070032
0 0.515355 0.763250 0.051871 0.070804
0 0.263762 0.021003 0.048112 0.042006
0 0.910084 0.920877 0.044222 0.067406
0 0.553929 0.715973 0.040944 0.062363
0 0.403987 0.725511 0.049902 0.074928
0 0.582206 0.505601 0.041867 0.061407
0 0.871683 0.871140 0.044939 0.069934
0 0.240981 0.827889 0.049687 0.080249
0 0.030535 0.168119 0.048613 0.072971
0 0.296166 0.877722 0.055008 0.088955
0 0.041555 0.237960 0.045888 0.064164
0 0.187383 0.914827 0.052582 0.078049
0 0.248389 0.971978 0.048394 0.052506
0 0.347322 0.910218 0.057396 0.077512
0 0.460335 0.015463 0.047964 0.030846
0 0.124956 0.681538 0.050319 0.075834
0 0.092333 0.809158 0.049228 0.078119
0 0.141082 0.859477 0.048482 0.074113
0 0.792766 0.975204 0.045926 0.046303
0 0.758871 0.744818 0.044163 0.065008
0 0.200207 0.456421 0.049170 0.073712
0 0.798995 0.019093 0.049744 0.038186
0 0.025309 0.732734 0.050521 0.073140
0 0.195377 0.379296 0.047948 0.072178
0 0.156637 0.214957 0.047339 0.071860
0 0.752224 0.881749 0.051580 0.068853
0 0.281696 0.349577 0.047165 0.068671
0 0.688081 0.955041 0.048857 0.071761
0 0.979986 0.913573 0.038027 0.067780
0 0.699874 0.788100 0.049615 0.074140
0 0.883218 0.975892 0.041454 0.044918
0 0.103621 0.358795 0.050847 0.073657
0 0.671897 0.730368 0.046816 0.069059
0 0.746900 0.953663 0.054034 0.065944
0 0.030312 0.036641 0.053566 0.073264
0 0.649769 0.193428 0.049769 0.074443
0 0.937819 0.977170 0.048159 0.042285
0 0.318536 0.458008 0.042771 0.063872
0 0.171208 0.121974 0.046860 0.071577
0 0.501376 0.682228 0.050530 0.077640
0 0.148592 0.561457 0.051966 0.079916
0 0.810909 0.283508 0.047484 0.070736
0 0.244563 0.504305 0.050980 0.075695
0 0.272356 0.760712 0.047448 0.073516
0 0.598859 0.972465 0.047668 0.051694
0 0.872498 0.280619 0.047169 0.070811
0 0.771824 0.678619 0.052463 0.068373
0 0.286637 0.650902 0.047559 0.074625
0 0.215033 0.075933 0.051988 0.070549
0 0.970527 0.022318 0.048281 0.044637
0 0.346220 0.831356 0.049173 0.073059
0 0.681482 0.562665 0.045860 0.066267
0 0.665714 0.263259 0.048874 0.070606
0 0.533488 0.836667 0.052111 0.073437
0 0.858000 0.706997 0.047271 0.072636
0 0.772644 0.606729 0.055170 0.069628
0 0.239525 0.312279 0.044887 0.070981
0 0.507964 0.539672 0.044516 0.070371
0 0.042742 0.508291 0.055158 0.077751
0 0.072119 0.694050 0.045651 0.083167
0 0.130900 0.038980 0.054064 0.077959
0 0.310373 0.163696 0.045807 0.069938
0 0.319035 0.078808 0.044791 0.067677
0 0.780968 0.816495 0.057222 0.079635
0 0.203182 0.264632 0.050462 0.074285
0 0.709413 0.215232 0.049657 0.073633
0 0.042554 0.313102 0.049429 0.075471
0 0.386947 0.961327 0.054722 0.073287
0 0.528515 0.616354 0.052715 0.077295
0 0.375147 0.659991 0.047397 0.071299
0 0.576335 0.788192 0.049762 0.077545
0 0.130735 0.432145 0.050228 0.081353
0 0.909313 0.711446 0.046278 0.073410
0 0.575838 0.911719 0.050249 0.075966
0 0.108346 0.500044 0.049604 0.076222
0 0.232531 0.648363 0.051349 0.078700
0 0.614765 0.621496 0.049443 0.068170
0 0.207019 0.183469 0.053340 0.077112
0 0.162851 0.317239 0.050528 0.074909
0 0.622300 0.540597 0.045289 0.070525
0 0.458031 0.949905 0.048123 0.074386
0 0.447635 0.768153 0.048955 0.074810
0 0.895393 0.388132 0.044503 0.075581
0 0.415977 0.297031 0.041167 0.073790
0 0.910870 0.199088 0.054932 0.075270
0 0.468371 0.612770 0.052261 0.078837
0 0.739256 0.437596 0.053321 0.077096
0 0.493643 0.890263 0.048964 0.074034
0 0.303972 0.556774 0.048348 0.074997
0 0.755161 0.507672 0.056748 0.073567
0 0.598155 0.119888 0.049947 0.074047
0 0.530009 0.298651 0.045858 0.079636
0 0.839557 0.226588 0.047475 0.074951
0 0.121324 0.151831 0.053129 0.078086
0 0.707938 0.672816 0.052378 0.077684
0 0.962034 0.696605 0.052872 0.075121
0 0.427265 0.546058 0.046255 0.074936
0 0.351754 0.520912 0.048513 0.081114
0 0.781415 0.074826 0.053331 0.070879
0 0.467518 0.157211 0.046159 0.068409
0 0.925752 0.639820 0.049033 0.078783
0 0.610024 0.700219 0.052996 0.076222
0 0.769869 0.209674 0.051903 0.071497
0 0.364357 0.041774 0.054492 0.076475
0 0.660118 0.056136 0.049037 0.071669
0 0.924010 0.511259 0.050595 0.074298
0 0.822922 0.419445 0.050415 0.076785
0 0.459565 0.400715 0.049438 0.071196
0 0.092571 0.263215 0.052788 0.082158
0 0.933480 0.267165 0.055264 0.080436
0 0.947336 0.827270 0.047153 0.074813
0 0.563282 0.355059 0.052502 0.082620
0 0.494630 0.085073 0.050214 0.076065
0 0.975254 0.104286 0.047381 0.086811
0 0.356551 0.188394 0.044304 0.075852
0 0.439928 0.470775 0.052996 0.072625
0 0.936728 0.434353 0.054914 0.076860
0 0.786039 0.148036 0.052416 0.066444
0 0.439265 0.065783 0.051508 0.070852
0 0.602354 0.042048 0.051219 0.079549
0 0.407253 0.171690 0.051293 0.079028
0 0.367208 0.306627 0.047866 0.073369
0 0.468712 0.240431 0.047194 0.066584
0 0.868042 0.521813 0.051593 0.079710
0 0.801894 0.551228 0.050443 0.079041
0 0.751175 0.268964 0.056126 0.070420
0 0.768961 0.340437 0.051571 0.074421
0 0.974567 0.204313 0.048365 0.085746
0 0.975711 0.306684 0.045887 0.073273
0 0.548236 0.057363 0.051140 0.081518
0 0.540610 0.439216 0.058755 0.085044
0 0.481593 0.328266 0.050280 0.078631
0 0.293679 0.274096 0.056220 0.079934
0 0.702920 0.367839 0.053766 0.082364
1 0.564395 0.145538 0.048569 0.082569
1 0.685546 0.132611 0.054027 0.095079
1 0.728385 0.142619 0.052389 0.073394
1 0.745029 0.035446 0.052935 0.062552
1 0.958680 0.556714 0.051298 0.087573
1 0.856357 0.346539 0.051844 0.077565
1 0.341195 0.732694 0.039838 0.052544
2 0.430148 0.647623 0.024558 0.035863
2 0.340103 0.126772 0.020192 0.033361
2 0.989240 0.582152 0.019646 0.028357
4 0.370391 0.410342 0.091681 0.131776