0 0.010328 0.945992 0.020645 0.069209
0 0.005135 0.124333 0.010245 0.058063
0 0.991535 0.991546 0.015301 0.014410
0 0.898311 0.995703 0.041394 0.007329
0 0.883520 0.475005 0.044746 0.073714
0 0.004613 0.797824 0.009226 0.057749
0 0.007075 0.876499 0.014147 0.058925
0 0.987769 0.675780 0.022546 0.074441
0 0.007163 0.050261 0.014325 0.063993
0 0.746516 0.894732 0.049251 0.073340
0 0.806133 0.989452 0.045896 0.018490
0 0.084295 0.007826 0.040070 0.015652
0 0.749239 0.978955 0.043885 0.038871
0 0.963998 0.009707 0.046934 0.019394
0 0.580376 0.007721 0.040996 0.015443
0 0.776679 0.200426 0.055260 0.080817
0 0.021602 0.012571 0.043099 0.025143
0 0.021517 0.223572 0.043033 0.079804
0 0.059001 0.985161 0.043749 0.026496
0 0.149977 0.010461 0.047695 0.020922
0 0.011725 0.715738 0.023451 0.074991
0 0.165458 0.117048 0.046392 0.062313
0 0.082829 0.429369 0.045236 0.069126
0 0.982777 0.775318 0.032464 0.069858
0 0.049358 0.919127 0.046517 0.066706
0 0.630525 0.016238 0.047142 0.032476
0 0.843014 0.942165 0.046122 0.068085
0 0.089141 0.763698 0.047926 0.069779
0 0.557449 0.570126 0.041222 0.066385
0 0.148548 0.446507 0.048785 0.075663
0 0.786525 0.655022 0.049773 0.062717
0 0.067734 0.695035 0.044149 0.068859
0 0.128673 0.968251 0.053759 0.060131
0 0.740142 0.019562 0.050462 0.039125
0 0.176496 0.734786 0.048931 0.077667
0 0.703497 0.851463 0.047072 0.070933
0 0.409480 0.925689 0.053430 0.081743
0 0.089385 0.845350 0.047403 0.078510
0 0.934028 0.042551 0.052729 0.071338
0 0.090697 0.624388 0.051769 0.071270
0 0.343977 0.016662 0.052394 0.033323
0 0.117266 0.697793 0.048131 0.080549
0 0.370741 0.524526 0.049461 0.073921
0 0.418042 0.796955 0.046524 0.071039
0 0.311740 0.975796 0.047970 0.045040
0 0.828508 0.594151 0.042754 0.075600
0 0.037751 0.844253 0.047492 0.075584
0 0.454757 0.967463 0.048858 0.061555
0 0.385931 0.403449 0.041743 0.065490
0 0.803448 0.727379 0.046226 0.078779
0 0.704432 0.773383 0.048733 0.074452
0 0.201196 0.940824 0.048298 0.079605
0 0.260543 0.967912 0.049046 0.060685
0 0.638012 0.888824 0.052639 0.073625
0 0.352597 0.454115 0.046891 0.072685
0 0.441449 0.030466 0.049603 0.060866
0 0.868175 0.726729 0.044500 0.068029
0 0.417367 0.090610 0.050784 0.082332
0 0.819042 0.019764 0.052912 0.039527
0 0.708497 0.947942 0.048796 0.076993
0 0.105473 0.511516 0.042573 0.068876
0 0.758483 0.732177 0.057112 0.074296
0 0.852085 0.862093 0.044671 0.066587
0 0.088830 0.056832 0.045129 0.070022
0 0.882083 0.179785 0.041792 0.067728
0 0.282314 0.039809 0.052478 0.079619
0 0.313246 0.908231 0.055254 0.074349
0 0.162305 0.656414 0.046234 0.078230
0 0.444287 0.866450 0.048256 0.070447
0 0.131713 0.300944 0.045931 0.073633
0 0.404511 0.194571 0.048834 0.081591
0 0.390800 0.620420 0.048635 0.071788
0 0.260414 0.843870 0.050326 0.077337
0 0.563675 0.706243 0.045359 0.066285
0 0.039145 0.322150 0.046058 0.073496
0 0.567312 0.387168 0.049013 0.074847
0 0.917508 0.546899 0.049282 0.058710
0 0.601199 0.547032 0.044983 0.073673
0 0.347379 0.593334 0.053609 0.088209
0 0.064809 0.556778 0.051346 0.081007
0 0.764290 0.071055 0.049789 0.075118
0 0.335526 0.833652 0.050602 0.075338
0 0.509874 0.872371 0.047121 0.077110
0 0.148987 0.812322 0.051006 0.083063
0 0.516691 0.612407 0.057687 0.083887
0 0.465921 0.115585 0.048118 0.074931
0 0.215113 0.237759 0.044255 0.069995
0 0.309422 0.422816 0.047184 0.075081
0 0.943057 0.869182 0.048786 0.070532
0 0.610903 0.429955 0.044732 0.074794
0 0.719741 0.682705 0.049761 0.078287
0 0.794229 0.502435 0.052253 0.073273
0 0.498910 0.535327 0.050375 0.073876
0 0.451975 0.500818 0.047150 0.069466
0 0.817778 0.081617 0.050107 0.072842
0 0.195949 0.480551 0.048433 0.080489
0 0.215928 0.036475 0.047044 0.070906
0 0.787478 0.581721 0.041164 0.076384
0 0.289447 0.245595 0.049630 0.071730
0 0.176696 0.559977 0.055413 0.076461
0 0.570706 0.638049 0.049113 0.067524
0 0.932909 0.779798 0.048617 0.077265
0 0.442363 0.366840 0.052078 0.080063
0 0.928342 0.486301 0.038315 0.072344
0 0.778888 0.822383 0.052503 0.079494
0 0.962294 0.936411 0.049011 0.079902
0 0.510804 0.959264 0.046585 0.073384
0 0.405313 0.469855 0.046743 0.069623
0 0.616948 0.957145 0.051210 0.077392
0 0.171177 0.382590 0.050688 0.081606
0 0.495644 0.041845 0.052130 0.083524
0 0.166155 0.060302 0.051340 0.072976
0 0.653376 0.376369 0.048290 0.074986
0 0.208808 0.627006 0.048498 0.076689
0 0.576578 0.156072 0.048742 0.075876
0 0.493801 0.380712 0.043531 0.072231
0 0.750305 0.453757 0.050958 0.080506
0 0.621369 0.818195 0.048448 0.077307
0 0.968059 0.562297 0.044561 0.070615
0 0.343026 0.754955 0.054825 0.078745
0 0.471843 0.796566 0.045181 0.082075
0 0.440024 0.251312 0.046478 0.077150
0 0.309293 0.104932 0.059612 0.083150
0 0.926550 0.223221 0.051268 0.078633
0 0.562716 0.492988 0.049955 0.075729
0 0.228389 0.537572 0.049093 0.077778
0 0.482936 0.185057 0.053239 0.073630
0 0.183666 0.303736 0.050224 0.072231
0 0.223343 0.399474 0.048201 0.076908
0 0.963001 0.097717 0.052366 0.078997
0 0.206041 0.829599 0.048801 0.079711
0 0.218630 0.117538 0.051178 0.076152
0 0.389338 0.707163 0.052103 0.080530
0 0.779289 0.281580 0.050644 0.075221
0 0.482310 0.298885 0.052541 0.077105
0 0.968640 0.464832 0.043930 0.076813
0 0.837046 0.450131 0.050962 0.081700
0 0.316117 0.306998 0.048627 0.072170
0 0.742216 0.604555 0.051319 0.086594
0 0.639565 0.496969 0.052982 0.081687
0 0.975808 0.174875 0.046664 0.078256
0 0.910319 0.119691 0.048754 0.073944
0 0.587217 0.321028 0.054809 0.082274
0 0.366617 0.330223 0.048623 0.074197
0 0.868292 0.359779 0.052893 0.080850
0 0.877297 0.273440 0.050649 0.080452
1 0.171202 0.229358 0.050206 0.061718
1 0.186210 0.179733 0.062758 0.070892
1 0.578038 0.054212 0.062758 0.076731
1 0.546114 0.099666 0.055664 0.087573
1 0.794144 0.139700 0.056209 0.075897
1 0.968152 0.711843 0.063695 0.084237
1 0.780774 0.954962 0.050206 0.073394
3 0.886917 0.640117 0.122788 0.130942
4 0.087434 0.156797 0.136976 0.151793
2 0.637795 0.769808 0.021829 0.035029
2 0.811607 0.929942 0.023466 0.028357
2 0.671903 0.008340 0.024558 0.016681