0 0.234500 0.001789 0.033962 0.003570
0 0.996918 0.729781 0.005178 0.045304
0 0.698572 0.980311 0.046048 0.036298
0 0.996046 0.352216 0.006624 0.051621
0 0.011502 0.237250 0.023004 0.075390
0 0.994109 0.475765 0.010119 0.060561
0 0.007684 0.552679 0.015352 0.064924
0 0.005699 0.832532 0.011398 0.060133
0 0.482120 0.823300 0.049690 0.076082
0 0.694709 0.843607 0.052489 0.067939
0 0.990173 0.919400 0.017921 0.074365
0 0.722505 0.004963 0.034691 0.009926
0 0.920897 0.990501 0.044038 0.016162
0 0.845613 0.007249 0.036672 0.014498
0 0.988847 0.109676 0.020540 0.068533
0 0.155474 0.030041 0.043902 0.060082
0 0.048966 0.989870 0.036629 0.017223
0 0.644121 0.984439 0.052133 0.028102
0 0.085809 0.009357 0.048899 0.018678
0 0.788843 0.985891 0.051719 0.025100
0 0.155984 0.986566 0.044887 0.023608
0 0.576483 0.011125 0.043350 0.022198
0 0.843894 0.979954 0.046483 0.036784
0 0.593327 0.978648 0.049197 0.039394
0 0.635662 0.813876 0.044987 0.064309
0 0.737337 0.895795 0.051747 0.072705
0 0.226987 0.640232 0.043812 0.067703
0 0.046491 0.783844 0.047818 0.075138
0 0.195289 0.018840 0.039144 0.037642
0 0.370600 0.567259 0.046748 0.062011
0 0.651484 0.085648 0.055490 0.081336
0 0.771532 0.084817 0.048526 0.075304
0 0.200637 0.305753 0.044985 0.082245
0 0.092314 0.978663 0.046728 0.039292
0 0.429656 0.457634 0.036927 0.077179
0 0.535905 0.978079 0.048838 0.040497
0 0.604991 0.787536 0.049593 0.072029
0 0.417296 0.943184 0.049210 0.075206
0 0.522804 0.912273 0.048015 0.068353
0 0.971893 0.414576 0.053944 0.077108
0 0.665491 0.020394 0.050985 0.040788
0 0.791950 0.553129 0.047483 0.068558
0 0.158789 0.253932 0.045712 0.073062
0 0.194610 0.897812 0.045513 0.060295
0 0.974266 0.854531 0.049290 0.079586
0 0.095267 0.385649 0.050573 0.073000
0 0.594340 0.614606 0.045051 0.067674
0 0.313439 0.676372 0.040948 0.069039
0 0.284778 0.446924 0.050371 0.076905
0 0.443530 0.882815 0.054264 0.072794
0 0.056747 0.050854 0.047102 0.081414
0 0.979093 0.668506 0.039654 0.071494
0 0.422526 0.814900 0.050303 0.076143
0 0.384088 0.020752 0.052674 0.041412
0 0.156022 0.849487 0.049192 0.072286
0 0.794135 0.355555 0.050757 0.083924
0 0.332765 0.835483 0.048661 0.070659
0 0.132289 0.312208 0.047158 0.072337
0 0.332282 0.471309 0.046022 0.081244
0 0.128136 0.493077 0.049241 0.066176
0 0.103892 0.820531 0.047366 0.064325
0 0.776804 0.835236 0.052376 0.069141
0 0.034158 0.278585 0.051512 0.078714
0 0.419504 0.540811 0.044642 0.066714
0 0.514654 0.654724 0.050871 0.079843
0 0.286617 0.952532 0.047127 0.070330
0 0.908783 0.027995 0.047281 0.055861
0 0.621943 0.676992 0.050043 0.080001
0 0.108989 0.049629 0.051783 0.075986
0 0.351146 0.296582 0.054784 0.072809
0 0.487595 0.473639 0.048703 0.069528
0 0.518677 0.419438 0.052169 0.072467
0 0.377683 0.494709 0.046059 0.076352
0 0.528945 0.787598 0.050493 0.077519
0 0.318561 0.757163 0.052915 0.081656
0 0.242696 0.878827 0.047637 0.067993
0 0.982981 0.189744 0.032068 0.077955
0 0.261201 0.694018 0.048497 0.080638
0 0.793343 0.767235 0.046580 0.074269
0 0.793630 0.906033 0.052820 0.081001
0 0.820701 0.421769 0.047328 0.070665
0 0.922569 0.853921 0.047742 0.076015
0 0.905632 0.283111 0.051730 0.077876
0 0.373699 0.881363 0.057697 0.083289
0 0.831533 0.823627 0.051007 0.073949
0 0.945797 0.926162 0.055062 0.079058
0 0.678191 0.692103 0.044888 0.070313
0 0.407116 0.312100 0.045316 0.068398
0 0.446559 0.201824 0.047296 0.072937
0 0.748616 0.405266 0.051004 0.078305
0 0.502389 0.260504 0.047506 0.077659
0 0.204745 0.223751 0.045413 0.073560
0 0.646211 0.407193 0.046214 0.070250
0 0.973821 0.770661 0.049646 0.077283
0 0.126206 0.748457 0.050468 0.076335
0 0.298333 0.530238 0.049425 0.076593
0 0.798412 0.155216 0.051854 0.089674
0 0.447388 0.743947 0.046437 0.072950
0 0.821871 0.613288 0.057113 0.084745
0 0.859606 0.234901 0.068852 0.074873
0 0.245337 0.360821 0.044213 0.067993
0 0.727592 0.751229 0.047751 0.080124
0 0.219674 0.432858 0.049361 0.077816
0 0.023067 0.366578 0.046134 0.074868
0 0.019040 0.734751 0.038080 0.084557
0 0.767071 0.493027 0.047225 0.074259
0 0.570786 0.183712 0.053617 0.084837
0 0.647813 0.608913 0.042888 0.069097
0 0.202623 0.820358 0.051855 0.072002
0 0.927388 0.525190 0.049198 0.074744
0 0.077803 0.522564 0.052508 0.077366
0 0.340970 0.955891 0.052794 0.083776
0 0.242481 0.269198 0.046800 0.071433
0 0.033110 0.470256 0.051862 0.080811
0 0.539093 0.558040 0.043690 0.077396
0 0.203049 0.964881 0.050858 0.066820
0 0.755841 0.302578 0.060346 0.077895
0 0.025711 0.895537 0.050686 0.078403
0 0.551404 0.715874 0.046821 0.074757
0 0.375336 0.758825 0.050104 0.075262
0 0.890807 0.680815 0.061513 0.073863
0 0.153542 0.379807 0.049612 0.077928
0 0.622690 0.337810 0.046886 0.073573
0 0.159029 0.688510 0.052961 0.080678
0 0.516903 0.181413 0.048537 0.076856
0 0.863848 0.071684 0.051207 0.074827
0 0.871784 0.502291 0.051557 0.074869
0 0.275704 0.596946 0.052488 0.075663
0 0.199217 0.740515 0.050108 0.075403
0 0.281159 0.221607 0.045212 0.079080
0 0.258728 0.124839 0.044027 0.082675
0 0.932825 0.357908 0.052441 0.084992
0 0.773828 0.229173 0.050287 0.075756
0 0.913738 0.447697 0.050753 0.077326
0 0.546068 0.043116 0.044739 0.070387
0 0.886930 0.591432 0.048651 0.075376
0 0.073745 0.183032 0.045030 0.070634
0 0.675479 0.773399 0.056767 0.077966
0 0.323228 0.381272 0.052272 0.077275
0 0.080348 0.310374 0.050156 0.080333
0 0.969710 0.037982 0.051492 0.075792
0 0.075642 0.646285 0.053745 0.080611
0 0.854513 0.325859 0.056971 0.085626
0 0.715711 0.506414 0.047608 0.076489
0 0.238211 0.510703 0.049756 0.076618
0 0.458338 0.597043 0.047341 0.077174
0 0.380819 0.411369 0.048959 0.077604
0 0.860570 0.153503 0.057512 0.083256
0 0.741862 0.658873 0.040640 0.071409
0 0.955511 0.590398 0.048303 0.076051
0 0.460195 0.345835 0.048453 0.071853
0 0.172580 0.611591 0.050199 0.076749
0 0.343242 0.626086 0.048100 0.076052
0 0.597502 0.245973 0.048333 0.079136
0 0.617140 0.143814 0.048775 0.072551
0 0.690641 0.369324 0.050708 0.071605
0 0.519026 0.340523 0.052690 0.074849
0 0.364009 0.152160 0.051268 0.070821
0 0.551747 0.281085 0.051514 0.084374
0 0.237943 0.046695 0.048573 0.074963
0 0.381887 0.225108 0.047946 0.071667
0 0.475145 0.139234 0.047425 0.073273
0 0.949728 0.240237 0.050914 0.073599
0 0.327192 0.222845 0.052368 0.087338
0 0.381757 0.082493 0.054681 0.075940
0 0.552240 0.479436 0.050542 0.079778
2 0.087980 0.725188 0.034381 0.049208
2 0.979690 0.508757 0.020192 0.031693
2 0.714742 0.451626 0.022920 0.029191
2 0.832072 0.188490 0.019646 0.033361
3 0.621150 0.912427 0.109690 0.130108
1 0.607507 0.551293 0.036563 0.080067
1 0.027677 0.186405 0.044749 0.094245
1 0.557301 0.856547 0.043112 0.066722
4 0.171475 0.130108 0.153348 0.176814
1 0.562485 0.109675 0.057847 0.070892