0 0.003227 0.148430 0.006454 0.058632
0 0.002425 0.595611 0.004850 0.051943
0 0.595914 0.375729 0.046528 0.082921
0 0.007271 0.677896 0.014541 0.077510
0 0.953833 0.668707 0.046378 0.071847
0 0.692426 0.001608 0.035366 0.003184
0 0.988432 0.292645 0.021494 0.079850
0 0.153595 0.002734 0.036376 0.005468
0 0.993448 0.148201 0.011673 0.046521
0 0.993239 0.374948 0.011988 0.070119
0 0.418838 0.005667 0.033834 0.011334
0 0.992068 0.095928 0.014478 0.055284
0 0.835151 0.823854 0.044555 0.076300
0 0.264904 0.008188 0.037929 0.016376
0 0.789121 0.297439 0.053317 0.085479
0 0.021562 0.013034 0.043075 0.026068
0 0.448781 0.585653 0.043998 0.076010
0 0.949359 0.983183 0.042405 0.030695
0 0.985419 0.032674 0.027835 0.065161
0 0.325364 0.024727 0.049957 0.049454
0 0.455731 0.157708 0.041276 0.068293
0 0.060514 0.945456 0.046538 0.075746
0 0.616977 0.969907 0.056797 0.056745
0 0.017641 0.879654 0.035282 0.074904
0 0.782188 0.580975 0.050401 0.080010
0 0.437965 0.978123 0.050310 0.040154
0 0.057056 0.861142 0.046086 0.076755
0 0.972732 0.925771 0.046800 0.082972
0 0.037834 0.787960 0.040519 0.069100
0 0.516056 0.552040 0.045479 0.071864
0 0.243096 0.425419 0.050591 0.076731
0 0.985975 0.706957 0.026155 0.079605
0 0.532313 0.606018 0.042737 0.065446
0 0.901526 0.975145 0.048654 0.046340
0 0.104802 0.975835 0.051382 0.044849
0 0.349280 0.078867 0.044053 0.077361
0 0.012737 0.237775 0.025446 0.070305
0 0.178769 0.884427 0.040445 0.072345
0 0.324034 0.416467 0.052245 0.081137
0 0.082949 0.796806 0.045178 0.073647
0 0.984666 0.841657 0.028840 0.074297
0 0.114815 0.705135 0.051381 0.081601
0 0.013346 0.312567 0.026656 0.075628
0 0.377953 0.029309 0.043793 0.058583
0 0.044451 0.566260 0.041860 0.080175
0 0.203858 0.627071 0.040415 0.067298
0 0.257703 0.686609 0.048893 0.080109
0 0.924709 0.925868 0.048151 0.064390
0 0.804777 0.021636 0.053535 0.043250
0 0.967267 0.785963 0.041148 0.073748
0 0.096474 0.443684 0.049220 0.079236
0 0.790298 0.865928 0.048390 0.071897
0 0.363378 0.474131 0.048116 0.076779
0 0.984440 0.604602 0.029206 0.078540
0 0.035365 0.709537 0.049394 0.072875
0 0.382018 0.734652 0.046273 0.072631
0 0.560814 0.433965 0.050252 0.072394
0 0.770116 0.958727 0.049045 0.077772
0 0.243331 0.866829 0.048661 0.079709
0 0.355805 0.969866 0.055164 0.056937
0 0.714554 0.196557 0.042761 0.066327
0 0.281173 0.928623 0.057045 0.079665
0 0.563647 0.863287 0.051803 0.081973
0 0.720609 0.739754 0.049438 0.072165
0 0.793355 0.773772 0.049895 0.076950
0 0.723037 0.602478 0.042348 0.065399
0 0.209070 0.810548 0.047192 0.077375
0 0.730445 0.032205 0.052038 0.064358
0 0.308643 0.852982 0.045173 0.073101
0 0.179616 0.563968 0.048309 0.073104
0 0.308642 0.699718 0.044666 0.070553
0 0.286608 0.504368 0.048124 0.079440
0 0.975518 0.195943 0.046122 0.083072
0 0.599633 0.701657 0.050618 0.075698
0 0.653920 0.027833 0.049350 0.055571
0 0.958881 0.080065 0.048395 0.078627
0 0.482121 0.648314 0.048917 0.078418
0 0.668795 0.707962 0.055071 0.087637
0 0.659573 0.626894 0.053533 0.071698
0 0.159222 0.790271 0.047093 0.077926
0 0.858354 0.653576 0.047763 0.075434
0 0.392228 0.833885 0.051477 0.078296
0 0.211138 0.717690 0.051014 0.083640
0 0.410088 0.669101 0.045465 0.074785
0 0.726459 0.817332 0.051099 0.075238
0 0.150136 0.957363 0.051460 0.078764
0 0.692960 0.533609 0.046522 0.073147
0 0.116989 0.136216 0.047209 0.076079
0 0.534757 0.945767 0.049096 0.085151
0 0.195092 0.356979 0.050385 0.078490
0 0.648030 0.934253 0.047472 0.072115
0 0.926998 0.189258 0.044838 0.073635
0 0.836217 0.726920 0.051256 0.080235
0 0.127278 0.549168 0.050533 0.076318
0 0.663254 0.179351 0.050282 0.079440
0 0.372683 0.608915 0.054817 0.086067
0 0.277444 0.253785 0.046458 0.076231
0 0.684940 0.370212 0.047020 0.078011
0 0.586538 0.628178 0.045936 0.069225
0 0.530447 0.799867 0.046834 0.075335
0 0.400239 0.538037 0.052493 0.083546
0 0.718822 0.113550 0.052762 0.080334
0 0.110468 0.217338 0.047049 0.070621
0 0.150345 0.432841 0.051596 0.081953
0 0.422078 0.111571 0.050130 0.086793
0 0.276938 0.595073 0.053121 0.087832
0 0.226192 0.034826 0.049287 0.069652
0 0.620887 0.121059 0.054740 0.071051
0 0.455243 0.235458 0.052135 0.080748
0 0.897474 0.547243 0.050216 0.081734
0 0.488015 0.844279 0.050410 0.080103
0 0.361267 0.189497 0.045729 0.075893
0 0.228227 0.217004 0.048631 0.070863
0 0.769449 0.661351 0.052316 0.075216
0 0.215738 0.120672 0.048574 0.077148
0 0.054711 0.081785 0.048718 0.077611
0 0.832774 0.215513 0.049824 0.079027
0 0.311768 0.197180 0.046580 0.080895
0 0.413431 0.421032 0.053085 0.082000
0 0.775111 0.073286 0.056064 0.091772
0 0.786997 0.165533 0.045381 0.074154
0 0.102746 0.359794 0.053256 0.083238
0 0.673369 0.277786 0.048007 0.077569
0 0.819506 0.964953 0.049302 0.066624
0 0.279238 0.341690 0.051459 0.083923
0 0.612344 0.194734 0.050831 0.082072
0 0.477707 0.939788 0.055958 0.092708
0 0.277558 0.112152 0.053180 0.082321
0 0.492052 0.103829 0.051789 0.083121
0 0.566242 0.509724 0.045017 0.071253
0 0.052788 0.175016 0.050039 0.073642
0 0.167064 0.150301 0.045926 0.074853
0 0.050675 0.276857 0.051427 0.078803
0 0.146132 0.312790 0.053541 0.090196
0 0.599278 0.057351 0.059115 0.088144
0 0.581029 0.780722 0.052850 0.084614
0 0.837923 0.580220 0.046449 0.075708
0 0.626506 0.571542 0.052937 0.087274
0 0.943303 0.586487 0.047587 0.081458
0 0.449162 0.476254 0.054500 0.083458
0 0.889539 0.853503 0.050397 0.081139
0 0.873488 0.433902 0.053108 0.081750
0 0.894442 0.124227 0.049974 0.079287
0 0.469250 0.035811 0.049178 0.070997
0 0.560966 0.315278 0.054527 0.082025
0 0.719734 0.432576 0.050976 0.082456
0 0.116927 0.046533 0.057659 0.086546
0 0.733764 0.279262 0.053623 0.083262
0 0.571253 0.230066 0.053072 0.083037
1 0.574218 0.020851 0.066032 0.041701
1 0.060148 0.649708 0.063850 0.068390
1 0.519373 0.691827 0.062212 0.084237
1 0.395767 0.358632 0.054027 0.086739
2 0.523193 0.743953 0.022920 0.033361
2 0.949402 0.873645 0.040383 0.050876
2 0.385944 0.102585 0.031106 0.053378
5 0.343378 0.324854 0.068215 0.109258
2 0.664262 0.892827 0.019100 0.030859