0 0.006803 0.565918 0.013605 0.064678
0 0.233495 0.658617 0.051374 0.075933
0 0.997708 0.512307 0.004078 0.051484
0 0.995858 0.202446 0.007119 0.052584
0 0.279208 0.504776 0.053744 0.078240
0 0.003972 0.401935 0.007930 0.066230
0 0.562870 0.004143 0.036223 0.008287
0 0.324346 0.994052 0.034015 0.009818
0 0.652027 0.447703 0.044699 0.070966
0 0.991922 0.970716 0.014435 0.055246
0 0.006130 0.208468 0.012261 0.058978
0 0.877061 0.717510 0.042746 0.086322
0 0.038061 0.008181 0.045095 0.016362
0 0.105212 0.990653 0.043719 0.015897
0 0.874899 0.006201 0.038523 0.012402
0 0.059199 0.740661 0.049488 0.059715
0 0.017764 0.509557 0.035525 0.071319
0 0.678134 0.874723 0.050594 0.076910
0 0.015370 0.638772 0.030695 0.065707
0 0.050588 0.685418 0.053953 0.064700
0 0.923790 0.011693 0.042021 0.023385
0 0.111864 0.473991 0.041019 0.063112
0 0.442824 0.814296 0.047314 0.068445
0 0.013443 0.280932 0.026809 0.068703
0 0.325290 0.023305 0.054554 0.046611
0 0.341501 0.955022 0.054800 0.074124
0 0.332882 0.748386 0.046177 0.069467
0 0.325253 0.877904 0.049205 0.072447
0 0.211201 0.017506 0.050854 0.035013
0 0.803091 0.156941 0.045409 0.073187
0 0.904482 0.657579 0.050585 0.069839
0 0.084436 0.888927 0.052422 0.083336
0 0.398429 0.863127 0.054625 0.072357
0 0.508892 0.919836 0.050623 0.079745
0 0.898299 0.583125 0.048547 0.072410
0 0.874074 0.056169 0.046940 0.069231
0 0.103602 0.714072 0.043707 0.075361
0 0.243259 0.963789 0.049106 0.069107
0 0.144367 0.869244 0.052556 0.076346
0 0.661199 0.763209 0.045359 0.079159
0 0.970473 0.025025 0.048352 0.050050
0 0.018612 0.824996 0.037225 0.085913
0 0.778484 0.723616 0.049330 0.072294
0 0.506910 0.562024 0.041331 0.063433
0 0.520038 0.031955 0.052479 0.063897
0 0.394120 0.785183 0.048192 0.073391
0 0.298768 0.436538 0.050104 0.068199
0 0.860023 0.521790 0.050431 0.075283
0 0.517336 0.372264 0.044577 0.069577
0 0.220686 0.887888 0.047726 0.073171
0 0.462071 0.395344 0.055420 0.079552
0 0.259904 0.596202 0.051735 0.082490
0 0.611533 0.963121 0.047404 0.069866
0 0.853643 0.611465 0.048986 0.085762
0 0.813479 0.476644 0.048222 0.080151
0 0.781717 0.235310 0.049953 0.079631
0 0.902850 0.881013 0.048270 0.074073
0 0.139817 0.765503 0.046438 0.071842
0 0.764265 0.651517 0.050789 0.078248
0 0.477127 0.472296 0.045490 0.082877
0 0.287038 0.732815 0.044931 0.076587
0 0.868770 0.442375 0.047350 0.072806
0 0.490457 0.691534 0.049764 0.076487
0 0.975221 0.766426 0.046019 0.071695
0 0.983457 0.695927 0.031109 0.073055
0 0.300153 0.809417 0.049589 0.068182
0 0.213442 0.335117 0.044053 0.069701
0 0.841703 0.689413 0.055668 0.084682
0 0.328670 0.233609 0.040726 0.066362
0 0.127397 0.947377 0.055751 0.080349
0 0.453681 0.745122 0.046904 0.065309
0 0.573187 0.360915 0.050206 0.076355
0 0.979958 0.395270 0.038132 0.080455
0 0.293457 0.182402 0.051264 0.080072
0 0.696633 0.468228 0.046500 0.070211
0 0.183731 0.062615 0.049645 0.077216
0 0.316334 0.303196 0.046398 0.072120
0 0.558654 0.965012 0.051214 0.066307
0 0.047339 0.058214 0.050501 0.079491
0 0.699490 0.797397 0.051216 0.082211
0 0.191770 0.808788 0.051096 0.071949
0 0.945675 0.551668 0.046815 0.078702
0 0.523946 0.492692 0.050605 0.075013
0 0.061547 0.810075 0.047392 0.070380
0 0.860380 0.918621 0.049618 0.077462
0 0.767083 0.797122 0.045541 0.069948
0 0.980706 0.615777 0.036531 0.070436
0 0.819667 0.785705 0.049670 0.079874
0 0.579648 0.052029 0.050719 0.080377
0 0.437370 0.676044 0.051813 0.076080
0 0.866369 0.125414 0.051418 0.065447
0 0.626570 0.116811 0.050029 0.075072
0 0.288720 0.070299 0.051728 0.082332
0 0.754460 0.156037 0.043568 0.072421
0 0.732174 0.261729 0.046167 0.072783
0 0.736036 0.859193 0.057376 0.077517
0 0.711387 0.110883 0.058258 0.082427
0 0.381194 0.630552 0.049110 0.069604
0 0.238458 0.763056 0.049362 0.083610
0 0.943444 0.940304 0.052742 0.080236
0 0.739533 0.571326 0.056756 0.081032
0 0.922550 0.076387 0.052052 0.082737
0 0.619851 0.894128 0.056104 0.065910
0 0.775006 0.527003 0.050385 0.081203
0 0.165105 0.304073 0.048576 0.081316
0 0.018536 0.138582 0.037050 0.079335
0 0.671388 0.160830 0.049926 0.083299
0 0.850864 0.187557 0.051391 0.067338
0 0.429904 0.041254 0.047149 0.070649
0 0.809570 0.074399 0.052116 0.083183
0 0.237720 0.259268 0.050282 0.079675
0 0.579410 0.472200 0.053318 0.078171
0 0.236932 0.071835 0.047962 0.083760
0 0.890447 0.802580 0.054034 0.077304
0 0.545094 0.872121 0.050790 0.073986
0 0.456186 0.113663 0.051113 0.080965
0 0.406365 0.949005 0.058661 0.084533
0 0.308339 0.653171 0.052313 0.077471
0 0.978606 0.250547 0.040851 0.083044
0 0.623530 0.812566 0.050203 0.076464
0 0.414732 0.184243 0.049887 0.076570
0 0.726976 0.035622 0.053542 0.071244
0 0.676695 0.248931 0.054811 0.081877
0 0.330517 0.379102 0.046251 0.076057
0 0.459914 0.573944 0.049009 0.075527
0 0.163536 0.475442 0.054872 0.074605
0 0.968174 0.319227 0.059986 0.077770
0 0.592197 0.184648 0.053504 0.094244
0 0.309144 0.570732 0.051713 0.074772
0 0.567869 0.806417 0.054239 0.081577
0 0.329150 0.499727 0.046516 0.076444
0 0.093028 0.348872 0.047511 0.082268
0 0.429353 0.335039 0.058643 0.082349
0 0.574766 0.726043 0.054437 0.075890
0 0.618845 0.267937 0.051907 0.079738
0 0.702894 0.699557 0.056018 0.083883
0 0.536389 0.303366 0.054546 0.081938
0 0.238354 0.174376 0.054176 0.081484
0 0.435514 0.250099 0.052713 0.079748
0 0.146210 0.639980 0.049823 0.082642
0 0.178890 0.389401 0.052001 0.078828
0 0.340583 0.107924 0.049645 0.079234
0 0.962590 0.131756 0.054041 0.089459
0 0.853350 0.268116 0.055967 0.081541
1 0.284985 0.264387 0.050752 0.083403
1 0.148009 0.537948 0.054027 0.076731
1 0.837529 0.336947 0.056755 0.080067
1 0.872183 0.356547 0.049661 0.074229
1 0.917750 0.395329 0.052389 0.083403
1 0.615693 0.404504 0.050752 0.075063
3 0.071608 0.590492 0.123879 0.146789
4 0.738753 0.365721 0.183363 0.152627
1 0.918842 0.477481 0.055664 0.080901
2 0.465074 0.899917 0.025649 0.035029
2 0.377485 0.743536 0.022920 0.034195
2 0.957588 0.495413 0.024012 0.038365