0 0.008156 0.980729 0.016311 0.035571
0 0.817311 0.994683 0.031663 0.008788
0 0.022364 0.824868 0.044728 0.086888
0 0.184686 0.002375 0.036955 0.004726
0 0.004467 0.517970 0.008935 0.061705
0 0.821145 0.002809 0.037073 0.005606
0 0.900095 0.988030 0.034175 0.021120
0 0.992873 0.926341 0.012586 0.070282
0 0.074864 0.991645 0.042987 0.013832
0 0.469480 0.003472 0.030656 0.006943
0 0.298107 0.831954 0.042914 0.074531
0 0.427501 0.274390 0.042242 0.073207
0 0.498729 0.988252 0.039757 0.020251
0 0.627268 0.008103 0.041806 0.016206
0 0.989575 0.024863 0.019312 0.049671
0 0.303020 0.955702 0.046931 0.074632
0 0.881897 0.010541 0.045436 0.021082
0 0.510216 0.014333 0.042879 0.028667
0 0.059622 0.186615 0.055841 0.070418
0 0.262902 0.980546 0.047073 0.035299
0 0.316103 0.124393 0.063885 0.083097
0 0.292192 0.011717 0.045203 0.023343
0 0.953208 0.013820 0.046322 0.027640
0 0.373326 0.983547 0.052262 0.029353
0 0.184777 0.978096 0.046266 0.040559
0 0.218558 0.873705 0.050063 0.081721
0 0.564395 0.015531 0.049747 0.031063
0 0.985630 0.755286 0.026756 0.075599
0 0.640603 0.884510 0.042205 0.070843
0 0.403609 0.154048 0.051153 0.074984
0 0.887597 0.515428 0.051046 0.075967
0 0.831642 0.856468 0.046251 0.071468
0 0.110612 0.186666 0.049375 0.070544
0 0.712847 0.814018 0.047075 0.069634
0 0.677283 0.848804 0.042380 0.068978
0 0.754713 0.857370 0.044471 0.067407
0 0.341352 0.016261 0.046472 0.032522
0 0.012214 0.423292 0.024415 0.074649
0 0.549151 0.970916 0.045393 0.054709
0 0.321063 0.588171 0.040024 0.063284
0 0.767624 0.973555 0.051626 0.049686
0 0.823034 0.511935 0.047520 0.065985
0 0.686296 0.922500 0.050702 0.075768
0 0.911237 0.436217 0.048330 0.084955
0 0.733771 0.612749 0.047420 0.070003
0 0.495638 0.506094 0.049465 0.079659
0 0.334076 0.201583 0.046507 0.069871
0 0.810163 0.125983 0.047565 0.074263
0 0.738655 0.303362 0.047353 0.079599
0 0.437996 0.819039 0.047217 0.079002
0 0.524550 0.611912 0.047698 0.066742
0 0.353088 0.074767 0.046280 0.073792
0 0.071575 0.245386 0.050694 0.074009
0 0.024785 0.075482 0.049278 0.083220
0 0.224737 0.491700 0.037765 0.071507
0 0.334803 0.312733 0.046980 0.077678
0 0.065745 0.442323 0.056938 0.069695
0 0.115544 0.786994 0.049724 0.076437
0 0.930329 0.954017 0.047690 0.078771
0 0.632151 0.609981 0.050562 0.075388
0 0.411331 0.751456 0.048606 0.079959
0 0.780528 0.595103 0.043335 0.068906
0 0.369317 0.675836 0.047218 0.079039
0 0.019718 0.265476 0.039436 0.078992
0 0.446043 0.646417 0.044951 0.073073
0 0.936002 0.491349 0.044015 0.073619
0 0.971334 0.469589 0.046291 0.069350
0 0.271998 0.202368 0.054492 0.083773
0 0.024854 0.336920 0.049313 0.077762
0 0.123647 0.632408 0.053589 0.080735
0 0.981940 0.328611 0.034070 0.077468
0 0.764671 0.719213 0.057378 0.069312
0 0.982300 0.559811 0.033312 0.077054
0 0.280872 0.620643 0.046034 0.070190
0 0.372493 0.925129 0.045920 0.072021
0 0.301107 0.260658 0.054603 0.074431
0 0.577987 0.645453 0.053277 0.083921
0 0.565872 0.456348 0.051899 0.081712
0 0.604950 0.843316 0.051645 0.085598
0 0.834143 0.441085 0.044746 0.073581
0 0.616568 0.541265 0.056086 0.074298
0 0.782911 0.329350 0.046649 0.074016
0 0.075061 0.746466 0.051665 0.080772
0 0.965160 0.633007 0.053265 0.082168
0 0.191125 0.749430 0.051277 0.062490
0 0.981436 0.164982 0.035105 0.072436
0 0.513454 0.430943 0.044777 0.074269
0 0.138253 0.871498 0.053318 0.076495
0 0.784336 0.660965 0.062806 0.065489
0 0.393841 0.033160 0.054442 0.066320
0 0.898001 0.645720 0.056314 0.084884
0 0.186179 0.479326 0.045793 0.079573
0 0.076238 0.651931 0.047685 0.078528
0 0.772614 0.208186 0.046966 0.074645
0 0.961088 0.816377 0.060270 0.064170
0 0.617856 0.955272 0.055381 0.075512
0 0.867418 0.581767 0.056907 0.080396
0 0.233890 0.025943 0.055475 0.051886
0 0.726358 0.119121 0.050984 0.078841
0 0.474429 0.894737 0.047346 0.075045
0 0.751581 0.421805 0.053818 0.084316
0 0.227732 0.583948 0.052960 0.078798
0 0.401003 0.612914 0.043796 0.075813
0 0.283692 0.531727 0.046847 0.081481
0 0.651242 0.185294 0.050479 0.077433
0 0.077615 0.321363 0.050114 0.070621
0 0.116435 0.408360 0.050483 0.082407
0 0.847653 0.288146 0.046855 0.074648
0 0.536190 0.209873 0.049559 0.074365
0 0.857113 0.074007 0.058508 0.087466
0 0.080437 0.844886 0.055610 0.082210
0 0.962075 0.888274 0.054219 0.073643
0 0.870124 0.827552 0.053127 0.082581
0 0.572876 0.728281 0.051744 0.073226
0 0.640463 0.102691 0.054098 0.084299
0 0.539935 0.539771 0.048290 0.077844
0 0.206690 0.396472 0.050774 0.071271
0 0.959517 0.391332 0.051964 0.078002
0 0.478832 0.747690 0.050022 0.078542
0 0.173729 0.811101 0.051599 0.068868
0 0.119885 0.267630 0.045263 0.082430
0 0.588206 0.373010 0.048655 0.077095
0 0.588042 0.149270 0.055230 0.088334
0 0.107549 0.565751 0.052775 0.072482
0 0.460068 0.965644 0.047007 0.065204
0 0.128117 0.501302 0.056525 0.075581
0 0.347415 0.843451 0.049424 0.084421
0 0.161473 0.230093 0.047547 0.078430
0 0.448344 0.200080 0.051795 0.076389
0 0.262453 0.453133 0.050550 0.083220
0 0.969917 0.257685 0.050084 0.079116
0 0.351077 0.462033 0.057814 0.089528
0 0.629542 0.465493 0.054518 0.087390
0 0.218738 0.315859 0.053113 0.092385
3 0.839166 0.940784 0.133156 0.116764
1 0.772315 0.791076 0.064941 0.065888
1 0.538746 0.776063 0.042021 0.090909
1 0.728930 0.232277 0.056755 0.077565
1 0.802330 0.258549 0.056209 0.071726
1 0.885826 0.359049 0.054027 0.079233
1 0.939852 0.124687 0.061667 0.077565
1 0.947765 0.062552 0.063304 0.068390
1 0.570671 0.067973 0.064395 0.084237
1 0.703554 0.149291 0.060575 0.080067
1 0.343651 0.528774 0.064395 0.090075
1 0.273798 0.861134 0.058938 0.069224
1 0.223592 0.929525 0.054572 0.057548
1 0.025026 0.685154 0.050052 0.087573
1 0.482810 0.292744 0.055664 0.081735
1 0.521283 0.272310 0.056209 0.090909
2 0.008109 0.746038 0.016217 0.035863
2 0.178570 0.931610 0.031106 0.038365
2 0.260701 0.798582 0.029469 0.037531
2 0.318002 0.409925 0.024012 0.039199
2 0.604779 0.036697 0.023466 0.043369
4 0.092073 0.082569 0.118967 0.165138
5 0.460708 0.449124 0.076947 0.122602