0 0.004259 0.620128 0.008519 0.054944
0 0.493625 0.994844 0.035148 0.008521
0 0.990974 0.960893 0.016401 0.065758
0 0.992521 0.195018 0.013361 0.067419
0 0.962716 0.992825 0.035441 0.011795
0 0.651834 0.326394 0.051882 0.072855
0 0.991483 0.293598 0.015273 0.084853
0 0.336804 0.991432 0.040833 0.014037
0 0.930181 0.505226 0.053457 0.076693
0 0.188885 0.989146 0.038479 0.018790
0 0.503925 0.292780 0.041060 0.073183
0 0.990066 0.641558 0.018050 0.077368
0 0.744765 0.233346 0.049388 0.077679
0 0.986246 0.760774 0.025643 0.079482
0 0.538239 0.987637 0.046966 0.021635
0 0.579706 0.435440 0.051141 0.071534
0 0.024818 0.984345 0.048706 0.028041
0 0.601935 0.303776 0.046516 0.073908
0 0.013769 0.425062 0.027493 0.071654
0 0.338394 0.072267 0.056617 0.081844
0 0.677963 0.661283 0.050429 0.076378
0 0.012733 0.502812 0.025438 0.071016
0 0.082887 0.068567 0.049627 0.067316
0 0.109689 0.741921 0.049716 0.076312
0 0.099580 0.971485 0.045462 0.053582
0 0.128175 0.426118 0.048558 0.070460
0 0.877458 0.459599 0.046376 0.062468
0 0.950018 0.772527 0.047998 0.067477
0 0.155232 0.962345 0.053585 0.071622
0 0.360512 0.587079 0.044682 0.074947
0 0.205831 0.414366 0.049226 0.080614
0 0.862162 0.511697 0.055621 0.077181
0 0.291658 0.614033 0.051398 0.081268
0 0.495010 0.025985 0.049718 0.051899
0 0.241978 0.588140 0.046325 0.070258
0 0.047694 0.400534 0.049388 0.075715
0 0.034657 0.658325 0.051008 0.076109
0 0.257842 0.015533 0.060026 0.031066
0 0.337591 0.455458 0.048838 0.081086
0 0.485143 0.419759 0.048007 0.076764
0 0.214085 0.323606 0.048019 0.071197
0 0.099713 0.481214 0.053405 0.069646
0 0.434776 0.678972 0.049758 0.078543
0 0.460340 0.251753 0.054936 0.063100
0 0.542267 0.646598 0.050846 0.082502
0 0.972184 0.433965 0.051706 0.079181
0 0.804242 0.017660 0.055114 0.035287
0 0.702077 0.022418 0.054409 0.044836
0 0.174579 0.892293 0.054178 0.076727
0 0.709377 0.944856 0.054015 0.077190
0 0.444413 0.966618 0.048270 0.063266
0 0.527176 0.456861 0.057200 0.088383
0 0.815760 0.465333 0.055148 0.071217
0 0.396842 0.632289 0.055317 0.089819
0 0.173370 0.024352 0.049098 0.048703
0 0.203701 0.540222 0.047761 0.076668
0 0.084781 0.346535 0.048436 0.081516
0 0.084874 0.553810 0.055664 0.081195
0 0.234243 0.960930 0.056760 0.070739
0 0.172065 0.654463 0.050823 0.078448
0 0.857938 0.131629 0.054955 0.067522
0 0.032094 0.572670 0.057994 0.083845
0 0.094754 0.899034 0.053332 0.082416
0 0.317973 0.274242 0.048000 0.088105
0 0.017403 0.320050 0.034806 0.083260
0 0.019542 0.218097 0.039083 0.083430
0 0.833337 0.409483 0.050704 0.068036
0 0.588621 0.612511 0.047791 0.080640
0 0.276907 0.715310 0.048182 0.071266
0 0.951142 0.914867 0.050861 0.073097
0 0.783655 0.190843 0.043245 0.067588
0 0.578384 0.940664 0.052206 0.082863
0 0.085883 0.673538 0.053326 0.082849
0 0.248481 0.505526 0.051144 0.085051
0 0.629825 0.394926 0.053696 0.078573
0 0.148571 0.558965 0.050109 0.077580
0 0.291663 0.952289 0.052355 0.075283
0 0.525492 0.938803 0.046839 0.081190
0 0.275991 0.793460 0.049301 0.075442
0 0.402981 0.545959 0.055223 0.075600
0 0.704025 0.487164 0.050673 0.076691
0 0.469730 0.346921 0.050642 0.077650
0 0.438047 0.828936 0.050415 0.076775
0 0.267952 0.073353 0.059107 0.077038
0 0.713123 0.756020 0.056216 0.071983
0 0.519516 0.209787 0.050016 0.073900
0 0.412106 0.467722 0.049128 0.078067
0 0.268199 0.287961 0.048843 0.083937
0 0.893566 0.399865 0.062497 0.071029
0 0.374346 0.948852 0.053020 0.078623
0 0.806889 0.103174 0.044467 0.091548
0 0.862102 0.032939 0.050020 0.065878
0 0.027119 0.105224 0.054239 0.093180
0 0.358198 0.295444 0.053672 0.074872
0 0.136672 0.068790 0.051368 0.079879
0 0.302914 0.869948 0.060492 0.078824
0 0.546260 0.035408 0.049214 0.070815
0 0.162602 0.369894 0.048568 0.082762
0 0.834136 0.197900 0.050272 0.079470
0 0.251330 0.366608 0.053481 0.083962
0 0.210021 0.797584 0.052013 0.082077
0 0.585325 0.050771 0.047461 0.068975
0 0.194308 0.114033 0.053227 0.085497
0 0.347930 0.376841 0.052822 0.074007
0 0.725642 0.150298 0.043362 0.066915
0 0.457313 0.750443 0.051530 0.091977
0 0.763933 0.307927 0.053426 0.073409
0 0.957668 0.069264 0.061062 0.061638
0 0.338013 0.153569 0.052769 0.072566
0 0.951384 0.311449 0.047901 0.077745
0 0.166437 0.189458 0.051313 0.075609
0 0.158247 0.269001 0.049326 0.075419
0 0.224573 0.248131 0.051608 0.082308
0 0.284338 0.181502 0.052291 0.092331
0 0.952888 0.136433 0.052696 0.074810
0 0.963391 0.222374 0.049632 0.080668
0 0.890136 0.189617 0.056153 0.077422
0 0.367965 0.858954 0.053497 0.083329
0 0.456613 0.051458 0.059408 0.084585
0 0.763879 0.061835 0.049308 0.090610
0 0.392041 0.133653 0.050255 0.091747
0 0.436242 0.111681 0.051468 0.080360
0 0.650463 0.070755 0.051105 0.085869
1 0.536018 0.286489 0.045295 0.069224
1 0.567670 0.258549 0.056209 0.071726
1 0.644616 0.277731 0.063850 0.051710
1 0.892647 0.085905 0.062212 0.080067
1 0.898923 0.337781 0.067124 0.068390
1 0.891283 0.271059 0.067124 0.073394
1 0.292080 0.476230 0.059484 0.090075
1 0.664535 0.893661 0.062212 0.062552
1 0.082795 0.018766 0.061121 0.037531
2 0.069971 0.825271 0.023466 0.030859
2 0.091527 0.119266 0.025103 0.030025
2 0.412957 0.882402 0.024012 0.040033
2 0.784321 0.907840 0.025649 0.034195
2 0.975051 0.842369 0.049115 0.065054
2 0.979417 0.880317 0.015280 0.025855
2 0.991150 0.888657 0.014735 0.019183
2 0.990800 0.908674 0.018400 0.027523
2 0.732205 0.051710 0.021829 0.031693
4 0.606962 0.193078 0.147891 0.157631
1 0.465347 0.192244 0.058938 0.062552
1 0.356748 0.217681 0.060029 0.081735