0 0.994718 0.114459 0.009073 0.056428
0 0.005032 0.304892 0.010046 0.060488
0 0.004478 0.951463 0.008956 0.062386
0 0.007050 0.850796 0.014075 0.067081
0 0.007280 0.224671 0.014491 0.064059
0 0.196071 0.301196 0.073339 0.089111
0 0.384691 0.979118 0.053290 0.038007
0 0.900667 0.991786 0.041690 0.013509
0 0.913939 0.005857 0.037032 0.011714
0 0.362197 0.005756 0.038215 0.011512
0 0.827425 0.990055 0.044678 0.016802
0 0.246952 0.988692 0.039888 0.019625
0 0.744873 0.324345 0.044119 0.076819
0 0.574052 0.008100 0.041889 0.016200
0 0.011117 0.723210 0.022186 0.078734
0 0.612233 0.723768 0.049808 0.080257
0 0.363898 0.271980 0.047519 0.071839
0 0.632751 0.009383 0.048565 0.018708
0 0.555391 0.704647 0.050354 0.076631
0 0.072544 0.544910 0.049408 0.075217
0 0.128523 0.980582 0.048905 0.035435
0 0.042413 0.974812 0.050816 0.046782
0 0.107172 0.208202 0.046461 0.066918
0 0.242258 0.723954 0.046000 0.072845
0 0.712136 0.022528 0.046514 0.045057
0 0.444766 0.016921 0.049094 0.033842
0 0.035767 0.484076 0.052012 0.075116
0 0.296207 0.087947 0.040783 0.073208
0 0.021949 0.032134 0.043898 0.064269
0 0.980623 0.963160 0.036777 0.069439
0 0.523571 0.833692 0.049720 0.074586
0 0.047989 0.724130 0.045164 0.069838
0 0.655420 0.884278 0.049050 0.080955
0 0.531427 0.974279 0.048017 0.047771
0 0.081164 0.441118 0.050632 0.073009
0 0.100239 0.135770 0.055086 0.073480
0 0.052518 0.883046 0.048624 0.082317
0 0.322275 0.741116 0.036848 0.070585
0 0.019915 0.605180 0.039829 0.087137
0 0.179431 0.066374 0.051074 0.084687
0 0.694835 0.930522 0.043736 0.067869
0 0.040224 0.194791 0.047621 0.072399
0 0.022476 0.800458 0.044919 0.083489
0 0.872822 0.486114 0.049005 0.071410
0 0.978012 0.367624 0.041754 0.092254
0 0.488827 0.763500 0.049045 0.079668
0 0.047776 0.091273 0.046289 0.073669
0 0.025076 0.404102 0.049627 0.085535
0 0.593385 0.967856 0.049997 0.060641
0 0.631940 0.646457 0.045475 0.074136
0 0.288294 0.689104 0.048469 0.075841
0 0.764825 0.888154 0.046928 0.081128
0 0.735511 0.974698 0.052054 0.047109
0 0.701123 0.472109 0.046021 0.065428
0 0.430300 0.743033 0.051058 0.078342
0 0.721662 0.845030 0.053927 0.085576
0 0.710925 0.556455 0.051995 0.076424
0 0.375005 0.435559 0.053126 0.076492
0 0.158214 0.221762 0.045226 0.068385
0 0.409015 0.926041 0.052477 0.081091
0 0.540543 0.319060 0.047687 0.074717
0 0.661913 0.747923 0.054118 0.085353
0 0.071265 0.798776 0.051423 0.080652
0 0.906796 0.600288 0.052767 0.078208
0 0.364836 0.727535 0.046065 0.077755
0 0.213978 0.121247 0.050023 0.069062
0 0.748161 0.410101 0.050779 0.081041
0 0.066416 0.375017 0.047942 0.070937
0 0.920207 0.482232 0.047487 0.083909
0 0.493659 0.031018 0.042894 0.062036
0 0.579571 0.360806 0.048161 0.072163
0 0.231223 0.841123 0.045885 0.078728
0 0.695521 0.400364 0.052164 0.072010
0 0.558768 0.522409 0.046036 0.073427
0 0.570970 0.799073 0.049354 0.073193
0 0.197096 0.899095 0.055677 0.085988
0 0.737714 0.761309 0.052399 0.084837
0 0.114836 0.897081 0.054006 0.081392
0 0.463735 0.092528 0.048662 0.071547
0 0.803961 0.518357 0.048548 0.074109
0 0.323227 0.182695 0.049849 0.073860
0 0.803904 0.440166 0.052025 0.072284
0 0.189938 0.762981 0.047653 0.087389
0 0.798587 0.745519 0.054706 0.083113
0 0.764336 0.583342 0.051780 0.075073
0 0.458913 0.888002 0.048888 0.079458
0 0.789479 0.341811 0.048924 0.081294
0 0.416471 0.659009 0.050301 0.080566
0 0.871733 0.567990 0.051002 0.080845
0 0.104663 0.611382 0.056886 0.079208
0 0.779107 0.666801 0.047876 0.080848
0 0.973046 0.823374 0.045251 0.079593
0 0.182306 0.651435 0.054053 0.082048
0 0.849600 0.289777 0.051846 0.082577
0 0.805826 0.926948 0.048222 0.078694
0 0.861834 0.789659 0.050046 0.079447
0 0.974036 0.277338 0.049170 0.084172
0 0.350882 0.115517 0.048955 0.079477
0 0.433147 0.479143 0.048020 0.071568
0 0.617737 0.403032 0.047780 0.072897
0 0.249643 0.484263 0.050773 0.077112
0 0.978063 0.186079 0.041736 0.074294
0 0.229781 0.048199 0.049387 0.081026
0 0.506522 0.404171 0.047334 0.076004
0 0.926982 0.843656 0.047549 0.075154
0 0.826031 0.027210 0.052856 0.054373
0 0.833925 0.138987 0.048655 0.083918
0 0.347788 0.929076 0.053645 0.077106
0 0.265165 0.620505 0.059494 0.078592
0 0.467671 0.639539 0.053939 0.087721
0 0.908916 0.405110 0.048042 0.082102
0 0.637881 0.951487 0.053877 0.083414
0 0.276766 0.946752 0.051705 0.076211
0 0.328562 0.569576 0.050782 0.072698
0 0.698243 0.328382 0.051557 0.078955
0 0.285048 0.539149 0.047324 0.076722
0 0.865494 0.409259 0.044865 0.083897
0 0.586533 0.283498 0.049232 0.075574
0 0.867180 0.199202 0.052001 0.074355
0 0.375441 0.198507 0.048120 0.073078
0 0.737704 0.074873 0.052463 0.077018
0 0.904076 0.695548 0.050319 0.085741
0 0.615842 0.055327 0.049967 0.073989
0 0.353501 0.363718 0.049632 0.075287
0 0.530066 0.068712 0.047917 0.074077
0 0.897268 0.306881 0.049527 0.082437
0 0.400679 0.837148 0.054097 0.085382
0 0.444079 0.254921 0.054556 0.074243
0 0.879766 0.120066 0.050875 0.074335
0 0.396515 0.075607 0.052125 0.075415
0 0.041717 0.292993 0.046904 0.075836
0 0.137466 0.492251 0.049552 0.074333
0 0.270776 0.410118 0.051074 0.078080
0 0.287393 0.309489 0.050027 0.075016
0 0.331783 0.040559 0.050759 0.070396
0 0.420130 0.567701 0.052083 0.079172
0 0.449908 0.387149 0.049806 0.080540
0 0.795495 0.089142 0.055259 0.082890
0 0.445194 0.168808 0.051119 0.077816
0 0.904833 0.056341 0.053867 0.068718
0 0.627131 0.241733 0.049116 0.075660
0 0.641178 0.483018 0.048447 0.075892
0 0.890525 0.945851 0.055494 0.078593
0 0.118798 0.298201 0.055767 0.081891
0 0.241928 0.262797 0.055829 0.085577
0 0.958297 0.076965 0.051649 0.078509
0 0.595046 0.147462 0.055320 0.084033
0 0.512342 0.149883 0.051751 0.082586
0 0.651015 0.140862 0.052282 0.080887
0 0.616496 0.557755 0.050663 0.081398
1 0.131365 0.109675 0.048024 0.057548
1 0.136822 0.039199 0.056755 0.073394
1 0.523466 0.244370 0.057301 0.091743
1 0.768768 0.263970 0.062212 0.070892
1 0.227957 0.366555 0.050206 0.070892
2 0.503274 0.222269 0.022375 0.034195
5 0.499727 0.502502 0.086224 0.117598