0 0.483275 0.995210 0.041455 0.009167
0 0.379040 0.910070 0.045176 0.068355
0 0.760576 0.666432 0.041147 0.062183
0 0.996979 0.671142 0.006012 0.063563
0 0.659873 0.519441 0.036528 0.060519
0 0.797036 0.663071 0.039722 0.059425
0 0.728538 0.001654 0.047427 0.003242
0 0.895291 0.434788 0.062725 0.088057
0 0.002077 0.434072 0.004153 0.070258
0 0.894330 0.364915 0.049915 0.074102
0 0.333237 0.167731 0.054570 0.059141
0 0.390736 0.185916 0.065071 0.103183
0 0.653828 0.569369 0.048628 0.079534
0 0.216923 0.993702 0.035255 0.010842
0 0.233095 0.319612 0.046725 0.061440
0 0.996489 0.283112 0.006724 0.075320
0 0.006690 0.978884 0.013381 0.039631
0 0.749081 0.713236 0.042050 0.068144
0 0.006024 0.796909 0.012049 0.072430
0 0.336502 0.683012 0.077739 0.097843
0 0.235093 0.260607 0.053440 0.073814
0 0.247554 0.362971 0.048469 0.071213
0 0.624937 0.509613 0.046604 0.068040
0 0.007369 0.566773 0.014734 0.065741
0 0.383938 0.775474 0.079354 0.081819
0 0.977268 0.987817 0.043109 0.021755
0 0.987919 0.578499 0.023084 0.111224
0 0.734036 0.461694 0.043723 0.058772
0 0.134376 0.209906 0.050395 0.077959
0 0.205298 0.059202 0.042446 0.073960
0 0.122842 0.143065 0.049062 0.071819
0 0.594366 0.983800 0.051485 0.029348
0 0.218038 0.194567 0.045735 0.077414
0 0.648756 0.983558 0.048356 0.029923
0 0.086854 0.984582 0.071518 0.028081
0 0.986615 0.932398 0.025172 0.074437
0 0.019813 0.289075 0.039627 0.106407
0 0.197706 0.709530 0.046060 0.067393
0 0.984267 0.755203 0.029929 0.097622
0 0.979707 0.194682 0.039827 0.071909
0 0.178201 0.027757 0.051162 0.055507
0 0.503955 0.915282 0.072623 0.077345
0 0.318733 0.851989 0.056864 0.101892
0 0.308272 0.741981 0.048074 0.071628
0 0.153243 0.729511 0.056514 0.109809
0 0.440418 0.680389 0.046117 0.068110
0 0.028521 0.676004 0.057043 0.075559
0 0.265082 0.858415 0.041719 0.074357
0 0.491422 0.649826 0.048787 0.071887
0 0.710795 0.848853 0.073788 0.076278
0 0.080694 0.841564 0.072640 0.094175
0 0.921475 0.578280 0.047514 0.105647
0 0.553509 0.863340 0.046860 0.069093
0 0.791730 0.814876 0.047866 0.066998
0 0.045087 0.496699 0.047025 0.068870
0 0.452438 0.610072 0.047239 0.082497
0 0.487498 0.486666 0.040118 0.068784
0 0.319392 0.300174 0.048143 0.110044
0 0.786745 0.886998 0.046787 0.071334
0 0.391554 0.972567 0.047373 0.051891
0 0.786233 0.971783 0.049130 0.053420
0 0.258032 0.956321 0.044376 0.065325
0 0.333113 0.967885 0.050543 0.061208
0 0.073142 0.924532 0.052165 0.067652
0 0.694409 0.770652 0.071361 0.074004
0 0.655682 0.712961 0.045751 0.067036
0 0.169144 0.863886 0.048932 0.072719
0 0.592262 0.910589 0.055631 0.096464
0 0.364424 0.271489 0.044988 0.073157
0 0.623344 0.789218 0.042281 0.069936
0 0.864229 0.014835 0.046836 0.029671
0 0.277872 0.203633 0.047887 0.063287
0 0.922724 0.971286 0.047167 0.054771
0 0.352653 0.499610 0.042670 0.075957
0 0.504269 0.813410 0.046384 0.068439
0 0.832953 0.941762 0.047992 0.077719
0 0.822375 0.436952 0.043604 0.072854
0 0.472766 0.075517 0.054799 0.073912
0 0.882889 0.941373 0.044441 0.079181
0 0.731961 0.972132 0.050286 0.052940
0 0.842515 0.635394 0.053100 0.078020
0 0.046235 0.769854 0.045298 0.069858
0 0.851778 0.858209 0.051421 0.086159
0 0.702659 0.696056 0.044314 0.073978
0 0.224388 0.780427 0.049478 0.074419
0 0.507598 0.119287 0.045659 0.075711
0 0.978564 0.843483 0.041588 0.076020
0 0.956919 0.241865 0.049065 0.068717
0 0.187770 0.628493 0.045582 0.077188
0 0.828067 0.717010 0.045869 0.078747
0 0.692773 0.628820 0.047819 0.071247
0 0.412099 0.017896 0.046900 0.035793
0 0.111419 0.270551 0.046157 0.079350
0 0.606667 0.724459 0.047275 0.070834
0 0.577559 0.798633 0.045347 0.070943
0 0.366912 0.436585 0.047722 0.070847
0 0.634344 0.646687 0.052065 0.071657
0 0.220400 0.898109 0.050564 0.080004
0 0.167837 0.952598 0.047230 0.068433
0 0.973588 0.657282 0.051538 0.074520
0 0.038495 0.426366 0.050609 0.076827
0 0.466762 0.739472 0.048968 0.076983
0 0.080415 0.597081 0.049247 0.080190
0 0.823271 0.343185 0.046638 0.071687
0 0.054161 0.357698 0.051563 0.073112
0 0.525831 0.711526 0.065415 0.097021
0 0.250697 0.618020 0.047113 0.071480
0 0.936510 0.714468 0.050720 0.077060
0 0.496134 0.560957 0.049304 0.074125
0 0.438268 0.831883 0.051822 0.069473
0 0.126281 0.407418 0.047748 0.067617
0 0.584937 0.482370 0.043409 0.074748
0 0.332818 0.100339 0.048716 0.068791
0 0.670053 0.396905 0.046602 0.069880
0 0.875568 0.723947 0.047671 0.072026
0 0.651415 0.256724 0.047901 0.070165
0 0.612718 0.020565 0.046970 0.041107
0 0.065961 0.282593 0.047060 0.077743
0 0.959023 0.508502 0.047943 0.075338
0 0.447379 0.165962 0.045219 0.076048
0 0.871536 0.306028 0.051975 0.073896
0 0.163245 0.277698 0.048353 0.072398
0 0.172525 0.129056 0.045725 0.070844
0 0.658292 0.330505 0.051982 0.068997
0 0.206223 0.412958 0.054373 0.085470
0 0.450581 0.253406 0.045996 0.076806
0 0.348972 0.025616 0.049335 0.051221
0 0.902767 0.243305 0.046725 0.070442
0 0.948603 0.365572 0.047400 0.071806
0 0.249900 0.126158 0.046440 0.079916
0 0.282499 0.411016 0.045328 0.074450
0 0.323955 0.567755 0.044147 0.077157
0 0.517389 0.269534 0.057089 0.110464
0 0.721661 0.399870 0.052755 0.073218
0 0.430186 0.411741 0.068016 0.081738
0 0.331758 0.395228 0.047529 0.080384
0 0.426852 0.321852 0.045008 0.076082
0 0.901202 0.098415 0.049268 0.066921
0 0.598424 0.408844 0.047794 0.076093
0 0.534647 0.485873 0.047933 0.080185
0 0.041540 0.113713 0.044751 0.075167
0 0.976024 0.118002 0.047270 0.073334
0 0.750092 0.244882 0.047034 0.067743
0 0.661052 0.177705 0.047649 0.073577
0 0.739076 0.325306 0.048225 0.078049
0 0.855749 0.069074 0.052241 0.075624
0 0.697953 0.231203 0.047881 0.076624
0 0.877257 0.171210 0.049608 0.078041
0 0.407406 0.525461 0.052236 0.085166
0 0.583374 0.176713 0.053192 0.068523
0 0.658582 0.054597 0.047633 0.077304
0 0.608298 0.083378 0.049605 0.074431
0 0.517254 0.407120 0.055698 0.082369
0 0.696230 0.116900 0.051468 0.080855
0 0.600875 0.290550 0.053940 0.081357
0 0.765456 0.128465 0.051920 0.097495
4 0.131116 0.521454 0.141159 0.179976
4 0.779588 0.556615 0.135699 0.178784
2 0.091732 0.206794 0.021837 0.032181
2 0.011941 0.017878 0.023882 0.035757
2 0.374439 0.067342 0.030415 0.046484
2 0.684442 0.283075 0.026516 0.036949
2 0.487132 0.238379 0.026516 0.040524
2 0.854456 0.249106 0.026516 0.040524
2 0.891501 0.629917 0.027296 0.044100
2 0.854456 0.405840 0.017157 0.027414
2 0.531585 0.562574 0.021837 0.033373
2 0.296841 0.529201 0.023396 0.040524
2 0.173229 0.433254 0.021057 0.029797
2 0.083933 0.744338 0.024956 0.041716
2 0.519107 0.975566 0.021837 0.034565
2 0.847437 0.793206 0.037434 0.046484
2 0.799475 0.702622 0.016378 0.022646