0 0.002837 0.474549 0.005675 0.060404
0 0.005143 0.698968 0.010266 0.066754
0 0.995965 0.061139 0.006789 0.055617
0 0.856155 0.005707 0.036914 0.011414
0 0.153809 0.003940 0.037349 0.007879
0 0.345253 0.555160 0.055298 0.077040
0 0.059868 0.315082 0.064831 0.075689
0 0.992039 0.847371 0.014194 0.066705
0 0.031402 0.005552 0.036089 0.011104
0 0.391848 0.005581 0.031248 0.011161
0 0.458392 0.561211 0.053264 0.069374
0 0.969144 0.445473 0.049108 0.081707
0 0.359622 0.286522 0.057431 0.085231
0 0.719772 0.165359 0.050332 0.079025
0 0.871188 0.990355 0.036205 0.016270
0 0.337858 0.823789 0.046436 0.069450
0 0.567304 0.140761 0.047601 0.078605
0 0.634798 0.558947 0.049239 0.077646
0 0.624787 0.511776 0.053116 0.061131
0 0.383597 0.410896 0.046666 0.074584
0 0.129288 0.727629 0.051686 0.081411
0 0.542735 0.603493 0.042055 0.066287
0 0.923114 0.983003 0.049411 0.030591
0 0.696238 0.456457 0.055005 0.073566
0 0.367064 0.369440 0.050408 0.070907
0 0.296720 0.955363 0.049587 0.078951
0 0.294448 0.521060 0.045598 0.079185
0 0.705444 0.518119 0.048140 0.073150
0 0.445896 0.493537 0.049358 0.072245
0 0.168141 0.124696 0.052998 0.075200
0 0.591513 0.984428 0.049865 0.027714
0 0.675075 0.391766 0.046996 0.081076
0 0.111502 0.787174 0.055005 0.074533
0 0.985492 0.735032 0.026954 0.074299
0 0.020307 0.545674 0.040607 0.081943
0 0.586557 0.578196 0.044357 0.077897
0 0.022642 0.976745 0.045269 0.043280
0 0.236503 0.608254 0.053481 0.072294
0 0.279821 0.870702 0.050750 0.078144
0 0.021917 0.916546 0.043834 0.073018
0 0.913135 0.016990 0.049993 0.033981
0 0.494171 0.486764 0.045299 0.078023
0 0.750521 0.015123 0.048370 0.030178
0 0.221261 0.675641 0.050309 0.067928
0 0.247768 0.744558 0.049160 0.076980
0 0.153969 0.629028 0.054882 0.075212
0 0.274936 0.649017 0.048872 0.078640
0 0.431464 0.019939 0.042482 0.039749
0 0.169334 0.806716 0.044183 0.067711
0 0.758989 0.981228 0.047499 0.034153
0 0.511636 0.645943 0.044187 0.069814
0 0.695799 0.604636 0.050617 0.078383
0 0.527737 0.929409 0.047968 0.074546
0 0.769229 0.188365 0.048473 0.076223
0 0.209398 0.541129 0.039921 0.074507
0 0.036981 0.730693 0.050219 0.074036
0 0.830227 0.436459 0.048118 0.068041
0 0.075302 0.849952 0.051703 0.079563
0 0.527286 0.434129 0.049380 0.083510
0 0.743864 0.847054 0.049286 0.071372
0 0.479603 0.024522 0.046342 0.048977
0 0.497584 0.974795 0.051669 0.046792
0 0.016906 0.354808 0.033744 0.085278
0 0.747959 0.924591 0.047314 0.072949
0 0.158405 0.431706 0.047050 0.072077
0 0.724176 0.389577 0.046430 0.072987
0 0.460476 0.936589 0.051389 0.079076
0 0.820869 0.969665 0.047884 0.057223
0 0.605418 0.442233 0.043227 0.074502
0 0.092931 0.559351 0.049148 0.075442
0 0.262230 0.399924 0.045713 0.075469
0 0.060227 0.391886 0.054301 0.072717
0 0.570301 0.386134 0.048976 0.075742
0 0.287637 0.793779 0.050421 0.073896
0 0.106949 0.441424 0.051139 0.078240
0 0.065582 0.663186 0.047292 0.077998
0 0.319055 0.408856 0.051473 0.078149
0 0.407825 0.792307 0.046624 0.071590
0 0.824962 0.901693 0.051208 0.074937
0 0.417737 0.892308 0.050876 0.079599
0 0.406945 0.318743 0.047288 0.078316
0 0.594357 0.765902 0.046682 0.079595
0 0.336243 0.911953 0.046206 0.078707
0 0.395593 0.971240 0.050455 0.053909
0 0.780821 0.435054 0.047033 0.078696
0 0.647106 0.274099 0.051926 0.078764
0 0.569318 0.669843 0.052650 0.080607
0 0.839360 0.662100 0.053200 0.082958
0 0.974525 0.659118 0.048239 0.075950
0 0.751814 0.300889 0.045524 0.081859
0 0.185729 0.876287 0.051378 0.078468
0 0.738948 0.650214 0.052331 0.084961
0 0.164233 0.967285 0.053956 0.062051
0 0.143008 0.184136 0.049956 0.076039
0 0.627116 0.678666 0.055245 0.083856
0 0.227433 0.054422 0.056371 0.092626
0 0.465495 0.677363 0.053225 0.083593
0 0.969030 0.802136 0.053904 0.077683
0 0.955919 0.592404 0.044062 0.071843
0 0.808088 0.600947 0.050114 0.074459
0 0.666496 0.906964 0.046602 0.070019
0 0.700563 0.288775 0.049985 0.076089
0 0.668869 0.195747 0.053189 0.086881
0 0.644294 0.967940 0.048107 0.060720
0 0.820970 0.135667 0.052409 0.074523
0 0.860495 0.492487 0.048116 0.074883
0 0.394873 0.489352 0.047129 0.080081
0 0.517907 0.265015 0.055739 0.075308
0 0.395594 0.716217 0.053481 0.078555
0 0.779373 0.784885 0.051853 0.082134
0 0.328542 0.642029 0.048752 0.080317
0 0.541366 0.767585 0.053463 0.082721
0 0.601539 0.328375 0.047146 0.075628
0 0.640456 0.837152 0.054301 0.074553
0 0.281524 0.266455 0.046999 0.075761
0 0.161109 0.550706 0.052201 0.079076
0 0.977293 0.272614 0.043029 0.075933
0 0.112829 0.357718 0.047873 0.082504
0 0.877812 0.049530 0.050137 0.084457
0 0.810963 0.522667 0.053254 0.074774
0 0.864298 0.847917 0.053345 0.082765
0 0.720514 0.781763 0.050276 0.073117
0 0.297992 0.338612 0.055874 0.076350
0 0.455830 0.809823 0.046169 0.073085
0 0.029197 0.454324 0.051114 0.083172
0 0.965499 0.042640 0.050483 0.085006
0 0.829415 0.063287 0.047187 0.071803
0 0.858591 0.586017 0.047280 0.087922
0 0.381666 0.196785 0.050311 0.080352
0 0.828318 0.361578 0.053784 0.074061
0 0.927706 0.698451 0.055621 0.080778
0 0.787296 0.700466 0.049434 0.077049
0 0.109925 0.230406 0.049537 0.084390
0 0.045278 0.242523 0.048152 0.072522
0 0.165254 0.044607 0.055825 0.075531
0 0.907634 0.612352 0.048590 0.077619
0 0.965912 0.932137 0.053102 0.084662
0 0.523285 0.845421 0.053646 0.083440
0 0.823720 0.279068 0.049754 0.078596
0 0.521041 0.188045 0.048490 0.074071
0 0.554529 0.052328 0.051296 0.078948
0 0.909462 0.926216 0.052223 0.077150
0 0.224308 0.250405 0.050045 0.078899
0 0.572347 0.250437 0.045588 0.085157
0 0.309759 0.187228 0.049625 0.081048
0 0.167156 0.261898 0.050588 0.071126
0 0.426808 0.247272 0.049081 0.078819
0 0.452541 0.095298 0.046795 0.075859
0 0.060563 0.045326 0.053194 0.090257
0 0.217210 0.429730 0.044819 0.082795
0 0.665680 0.041265 0.052295 0.075357
0 0.880140 0.322393 0.051973 0.081164
0 0.368508 0.038957 0.048403 0.072677
0 0.160174 0.357824 0.046511 0.078040
0 0.931556 0.395669 0.055938 0.088540
0 0.900910 0.153068 0.047918 0.082986
0 0.954762 0.517105 0.054833 0.071597
0 0.356867 0.119555 0.052052 0.080214
0 0.636672 0.128764 0.053751 0.080135
0 0.721774 0.078821 0.051427 0.082776
0 0.256284 0.180288 0.053696 0.083207
0 0.045062 0.129782 0.053838 0.085959
0 0.963759 0.197231 0.052227 0.081441
1 0.105170 0.633028 0.046932 0.078399
1 0.167655 0.706839 0.044204 0.070892
1 0.038319 0.830275 0.054027 0.072560
1 0.376121 0.648040 0.042021 0.075063
1 0.438606 0.603837 0.053481 0.075063
3 0.456069 0.403670 0.108053 0.146789
5 0.538746 0.521268 0.069307 0.106756
2 0.019219 0.795663 0.025649 0.045038
2 0.137095 0.520434 0.027832 0.038365
2 0.745029 0.518349 0.028923 0.039199
2 0.755398 0.408674 0.021283 0.038365