0 0.002203 0.284049 0.004402 0.059343
0 0.997562 0.404088 0.004372 0.055279
0 0.004882 0.454436 0.009765 0.059669
0 0.993744 0.977308 0.011093 0.042548
0 0.009985 0.352420 0.019950 0.074705
0 0.213051 0.172908 0.050746 0.083015
0 0.062154 0.878656 0.056920 0.089447
0 0.320451 0.691527 0.063080 0.075859
0 0.327710 0.496350 0.047593 0.074587
0 0.318621 0.629962 0.046163 0.058123
0 0.990296 0.098302 0.017894 0.084599
0 0.424961 0.017370 0.044072 0.034740
0 0.243955 0.006689 0.040801 0.013378
0 0.484206 0.015078 0.052058 0.030155
0 0.406248 0.989555 0.046850 0.018365
0 0.245702 0.985819 0.046002 0.025613
0 0.123285 0.018960 0.048388 0.037921
0 0.727947 0.985735 0.050406 0.025708
0 0.314893 0.444304 0.057269 0.081355
0 0.731221 0.582312 0.057832 0.070618
0 0.985281 0.024509 0.028153 0.048888
0 0.793675 0.904784 0.055271 0.075620
0 0.229897 0.815653 0.049315 0.090677
0 0.495999 0.817359 0.064357 0.101132
0 0.632162 0.675308 0.048392 0.081567
0 0.196058 0.767960 0.052916 0.086114
0 0.967340 0.952657 0.055966 0.091427
0 0.033488 0.497622 0.064751 0.075854
0 0.494108 0.664333 0.047882 0.089850
0 0.682594 0.560821 0.053423 0.085801
0 0.131668 0.457972 0.044352 0.071650
0 0.076795 0.715844 0.054548 0.078838
0 0.185379 0.550359 0.045925 0.076585
0 0.098600 0.958107 0.059453 0.081340
0 0.834463 0.975549 0.057098 0.045485
0 0.047585 0.030263 0.053343 0.060525
0 0.202759 0.032181 0.050820 0.064362
0 0.015933 0.194940 0.031853 0.093957
0 0.921063 0.912389 0.050078 0.081489
0 0.133938 0.676785 0.050563 0.089886
0 0.023956 0.560190 0.047912 0.084554
0 0.627273 0.396403 0.049549 0.075845
0 0.701935 0.786346 0.050536 0.081364
0 0.739827 0.653064 0.054248 0.077878
0 0.451717 0.646220 0.049698 0.090717
0 0.562726 0.865370 0.054392 0.092077
0 0.176484 0.637320 0.049932 0.084161
0 0.616502 0.868915 0.051626 0.097920
0 0.174576 0.486183 0.068882 0.092526
0 0.622323 0.030442 0.060962 0.060883
0 0.277748 0.243317 0.053948 0.084047
0 0.687617 0.207210 0.050002 0.071696
0 0.607028 0.585637 0.052444 0.082648
0 0.054033 0.785363 0.058869 0.087178
0 0.308808 0.305948 0.051878 0.071349
0 0.357745 0.794793 0.046812 0.079709
0 0.322122 0.855093 0.056616 0.090655
0 0.105582 0.116677 0.053417 0.086631
0 0.891833 0.550517 0.054432 0.083135
0 0.660847 0.465866 0.054385 0.083710
0 0.442439 0.426130 0.052786 0.077668
0 0.561454 0.719235 0.052170 0.082800
0 0.026470 0.106097 0.052659 0.081691
0 0.409958 0.778738 0.055918 0.080960
0 0.427654 0.844885 0.053808 0.082651
0 0.669119 0.861006 0.049864 0.093304
0 0.249901 0.658293 0.061720 0.089588
0 0.401028 0.516585 0.050625 0.088859
0 0.152987 0.175965 0.053313 0.080464
0 0.954685 0.485309 0.055596 0.087766
0 0.793169 0.426178 0.049933 0.082819
0 0.036586 0.424047 0.053089 0.089354
0 0.263340 0.882913 0.055910 0.099553
0 0.085862 0.449833 0.044079 0.091754
0 0.196943 0.262248 0.054163 0.086891
0 0.235499 0.558205 0.050140 0.097974
0 0.726661 0.512555 0.059407 0.078893
0 0.844628 0.528471 0.054197 0.088730
0 0.535743 0.034023 0.054699 0.068047
0 0.527972 0.226494 0.051167 0.078148
0 0.348191 0.173239 0.048213 0.084072
0 0.498086 0.506269 0.059979 0.078924
0 0.743479 0.440413 0.048887 0.078442
0 0.418981 0.696420 0.056797 0.081660
0 0.844710 0.767246 0.051767 0.089233
0 0.832472 0.376259 0.054040 0.086741
0 0.598779 0.340883 0.058437 0.089733
0 0.774922 0.035241 0.053315 0.070482
0 0.449904 0.556573 0.056581 0.085555
0 0.786143 0.509811 0.057688 0.086994
0 0.979051 0.860329 0.039986 0.087915
0 0.705074 0.137177 0.059626 0.080690
0 0.268597 0.159798 0.056796 0.087244
0 0.399860 0.168101 0.051097 0.091761
0 0.551132 0.603410 0.053483 0.087617
0 0.713992 0.293870 0.060776 0.102654
0 0.931245 0.174662 0.055014 0.079467
0 0.396083 0.080502 0.049616 0.079788
0 0.816377 0.211205 0.056662 0.087275
0 0.750249 0.200606 0.050002 0.099451
0 0.564206 0.168000 0.057126 0.089370
0 0.449142 0.078611 0.051752 0.079672
0 0.973972 0.237908 0.049914 0.077487
0 0.877955 0.260454 0.051049 0.079517
0 0.717021 0.061638 0.070563 0.077476
0 0.532430 0.441758 0.056692 0.085478
0 0.236091 0.452473 0.052945 0.085672
1 0.075974 0.628440 0.047478 0.099249
1 0.336010 0.245204 0.067670 0.090075
1 0.093983 0.056714 0.056209 0.076731
1 0.700826 0.708090 0.061667 0.078399
1 0.753215 0.753545 0.048569 0.094245
1 0.794144 0.784821 0.049661 0.095079
4 0.378031 0.611760 0.081858 0.122602