0 0.997412 0.162726 0.004777 0.055373
0 0.996906 0.239050 0.005590 0.061337
0 0.434016 0.995334 0.041582 0.008413
0 0.004384 0.506939 0.008768 0.063588
0 0.317235 0.789255 0.053502 0.060353
0 0.010817 0.141862 0.021613 0.093973
0 0.007463 0.773512 0.014926 0.066241
0 0.311363 0.740205 0.051675 0.077872
0 0.364878 0.645836 0.047762 0.078637
0 0.007914 0.692602 0.015807 0.076141
0 0.466839 0.629346 0.045334 0.078551
0 0.225627 0.992172 0.042033 0.013320
0 0.602704 0.396493 0.046004 0.084963
0 0.482865 0.674708 0.052749 0.069078
0 0.472792 0.564503 0.043304 0.077618
0 0.592624 0.008003 0.036810 0.016007
0 0.652257 0.394169 0.052878 0.088622
0 0.486837 0.008918 0.043301 0.017836
0 0.091814 0.009226 0.039949 0.018451
0 0.802950 0.226719 0.052459 0.091028
0 0.754867 0.905488 0.048543 0.083897
0 0.553253 0.383467 0.050850 0.082857
0 0.246190 0.327895 0.057332 0.087892
0 0.295966 0.484771 0.054772 0.067852
0 0.324591 0.451035 0.047470 0.085364
0 0.647011 0.014416 0.055788 0.028832
0 0.761115 0.011407 0.045129 0.022814
0 0.851594 0.296326 0.047443 0.087642
0 0.074980 0.950832 0.050042 0.068362
0 0.523532 0.333304 0.051123 0.077721
0 0.024410 0.933665 0.048821 0.083504
0 0.693051 0.973655 0.048201 0.049810
0 0.333267 0.544664 0.052937 0.082129
0 0.368359 0.020788 0.056062 0.041575
0 0.124213 0.970441 0.046060 0.055939
0 0.452367 0.519651 0.051152 0.083461
0 0.679248 0.318177 0.048761 0.075966
0 0.919819 0.021321 0.044265 0.042641
0 0.671602 0.678198 0.046667 0.076600
0 0.867264 0.016175 0.053997 0.032349
0 0.254033 0.731327 0.049956 0.064726
0 0.894261 0.315095 0.048600 0.071762
0 0.985716 0.747423 0.026725 0.084407
0 0.092645 0.696486 0.046072 0.082027
0 0.327095 0.063861 0.058370 0.085783
0 0.121240 0.759136 0.047165 0.092071
0 0.285893 0.966543 0.043050 0.064044
0 0.207797 0.391738 0.046514 0.069530
0 0.680288 0.576637 0.053621 0.083076
0 0.845756 0.404616 0.054986 0.083582
0 0.154637 0.134732 0.056166 0.075712
0 0.678259 0.123385 0.054554 0.084970
0 0.455237 0.757628 0.049472 0.077433
0 0.751830 0.278137 0.051008 0.079460
0 0.362627 0.121622 0.049090 0.081115
0 0.581085 0.712780 0.048828 0.071903
0 0.550540 0.257521 0.058189 0.084637
0 0.923884 0.604394 0.050922 0.072324
0 0.074940 0.880085 0.056299 0.086332
0 0.051104 0.529320 0.056308 0.086882
0 0.019672 0.305809 0.039343 0.083164
0 0.283175 0.567335 0.054757 0.083948
0 0.175012 0.699098 0.052246 0.081414
0 0.836625 0.534452 0.052858 0.079620
0 0.737521 0.454232 0.056985 0.085305
0 0.040049 0.086792 0.047940 0.072143
0 0.413090 0.700785 0.060961 0.078981
0 0.218102 0.578630 0.052012 0.075392
0 0.112552 0.484556 0.052471 0.077640
0 0.555139 0.861977 0.054753 0.090458
0 0.039342 0.199163 0.053291 0.081745
0 0.057922 0.395216 0.057068 0.087569
0 0.225057 0.498890 0.049097 0.075367
0 0.180490 0.966095 0.051451 0.065290
0 0.609419 0.296839 0.057467 0.068652
0 0.338322 0.205960 0.053068 0.078079
0 0.269621 0.412738 0.058384 0.080378
0 0.700188 0.225722 0.053454 0.090080
0 0.043684 0.683190 0.049453 0.093371
0 0.234621 0.928093 0.056614 0.077227
0 0.677943 0.482705 0.057801 0.082625
0 0.654332 0.939048 0.060856 0.091320
0 0.887939 0.070176 0.056606 0.077263
0 0.127055 0.617187 0.054920 0.081717
0 0.689252 0.040391 0.051358 0.073858
0 0.137742 0.210103 0.052776 0.076124
0 0.545480 0.974239 0.057036 0.048495
0 0.605336 0.483408 0.053137 0.084008
0 0.468677 0.330818 0.047335 0.081109
0 0.134912 0.056714 0.054732 0.075279
0 0.401193 0.787358 0.053846 0.086264
0 0.496948 0.230859 0.053317 0.078591
0 0.461438 0.172125 0.053404 0.087093
0 0.239457 0.829361 0.051555 0.082706
0 0.744480 0.589416 0.053992 0.085145
0 0.628481 0.206723 0.048545 0.079395
0 0.569123 0.179236 0.060847 0.087014
0 0.190602 0.032839 0.052900 0.065678
0 0.291781 0.868284 0.055171 0.092896
0 0.950216 0.312304 0.047579 0.092117
0 0.804625 0.946955 0.059344 0.087073
0 0.872078 0.220063 0.052788 0.072251
0 0.259439 0.250206 0.047594 0.073543
0 0.597514 0.792895 0.048409 0.089576
0 0.532457 0.111273 0.056103 0.081410
0 0.583853 0.080330 0.047531 0.081763
0 0.903931 0.423557 0.052344 0.082021
0 0.801490 0.629640 0.049520 0.091364
0 0.882320 0.721742 0.053060 0.079833
0 0.780254 0.063430 0.051646 0.070697
0 0.163708 0.441530 0.057940 0.085325
0 0.703118 0.890441 0.052628 0.084986
0 0.982343 0.348054 0.033550 0.085532
0 0.412380 0.242882 0.049298 0.080216
0 0.335481 0.358827 0.050715 0.082291
0 0.895854 0.509559 0.055893 0.081753
0 0.525625 0.731714 0.056608 0.097547
0 0.459980 0.412782 0.052349 0.083230
0 0.940542 0.691227 0.057520 0.068296
0 0.953108 0.924161 0.058315 0.093322
0 0.733673 0.805802 0.049646 0.079147
0 0.666950 0.781567 0.053472 0.085321
0 0.401481 0.341086 0.049762 0.089399
0 0.796835 0.728565 0.060949 0.084335
0 0.248839 0.170846 0.049435 0.074595
0 0.970679 0.146928 0.049299 0.079347
0 0.185007 0.271691 0.044778 0.086579
0 0.917243 0.119695 0.051243 0.083066
0 0.421190 0.118305 0.054976 0.083385
0 0.865335 0.646368 0.058519 0.078679
0 0.954836 0.527299 0.055842 0.087397
0 0.876201 0.819336 0.055540 0.091606
4 0.035668 0.840701 0.071335 0.111760
3 0.150465 0.877398 0.093864 0.143453
3 0.398496 0.457465 0.103142 0.150959
4 0.930848 0.223937 0.080767 0.115930
1 0.297537 0.658465 0.055118 0.087573
1 0.769314 0.352377 0.045841 0.060884
2 0.065332 0.020017 0.017463 0.031693
2 0.507640 0.574646 0.021283 0.035029
2 0.614329 0.872811 0.017463 0.029191
2 0.764402 0.165138 0.021829 0.031693