0 0.964547 0.993559 0.031251 0.010595
0 0.996135 0.589962 0.006510 0.048391
0 0.807043 0.994970 0.028666 0.008130
0 0.888590 0.003605 0.034409 0.007209
0 0.010271 0.658406 0.020542 0.086441
0 0.011655 0.092401 0.023307 0.080128
0 0.171034 0.814215 0.045504 0.073916
0 0.253014 0.636323 0.052081 0.072972
0 0.761141 0.990515 0.032570 0.016083
0 0.540908 0.665188 0.048949 0.079082
0 0.351542 0.968370 0.041611 0.059740
0 0.936616 0.005003 0.036194 0.010005
0 0.358548 0.545415 0.041994 0.073064
0 0.178727 0.989099 0.037452 0.019181
0 0.544817 0.007097 0.036749 0.014187
0 0.301032 0.015331 0.053355 0.030663
0 0.483698 0.518805 0.051081 0.079452
0 0.504945 0.990271 0.041865 0.016521
0 0.972110 0.744591 0.047000 0.071069
0 0.502647 0.766740 0.048780 0.073769
0 0.136310 0.022227 0.047610 0.044445
0 0.411140 0.982578 0.049025 0.031462
0 0.403109 0.426696 0.049617 0.075797
0 0.985342 0.879814 0.027448 0.075247
0 0.378109 0.637023 0.045775 0.079853
0 0.358403 0.383011 0.046898 0.072543
0 0.618083 0.904597 0.051819 0.077151
0 0.370881 0.476124 0.054213 0.070747
0 0.850901 0.555742 0.049904 0.072061
0 0.337971 0.603586 0.043910 0.072883
0 0.667735 0.019828 0.048063 0.039657
0 0.379275 0.864498 0.044090 0.072675
0 0.471098 0.727208 0.047852 0.074369
0 0.657905 0.712222 0.051010 0.080544
0 0.910660 0.982506 0.047033 0.031782
0 0.129116 0.775107 0.050306 0.080852
0 0.538785 0.808766 0.044707 0.066868
0 0.280354 0.923459 0.050466 0.079034
0 0.493148 0.593952 0.048905 0.063040
0 0.368943 0.714422 0.047687 0.077131
0 0.383989 0.015937 0.047608 0.031874
0 0.061780 0.902808 0.053029 0.078356
0 0.983337 0.960127 0.031559 0.073284
0 0.585810 0.026407 0.044105 0.052814
0 0.581978 0.863827 0.048778 0.081302
0 0.122644 0.882393 0.047987 0.070402
0 0.319819 0.671101 0.052075 0.080462
0 0.572100 0.754068 0.042621 0.065757
0 0.915399 0.112541 0.044311 0.070411
0 0.599438 0.696818 0.047612 0.075124
0 0.142118 0.970598 0.041841 0.055903
0 0.983760 0.193732 0.030609 0.076446
0 0.492546 0.662491 0.041441 0.070495
0 0.025735 0.795363 0.051471 0.068913
0 0.277183 0.702425 0.046861 0.079231
0 0.054732 0.740682 0.047407 0.067800
0 0.659639 0.874991 0.046176 0.073761
0 0.322134 0.231085 0.047445 0.073458
0 0.470160 0.882102 0.049093 0.075923
0 0.144105 0.120156 0.047382 0.083379
0 0.011695 0.542765 0.023345 0.074462
0 0.626484 0.438234 0.049881 0.075846
0 0.393764 0.932573 0.046363 0.071120
0 0.475704 0.015713 0.051840 0.031425
0 0.258223 0.857234 0.043908 0.070028
0 0.358980 0.285901 0.046640 0.079067
0 0.034516 0.034973 0.048732 0.069945
0 0.228500 0.032225 0.050675 0.064450
0 0.419354 0.730909 0.046168 0.071820
0 0.081261 0.023461 0.048841 0.046921
0 0.567877 0.456744 0.049266 0.078695
0 0.304867 0.764522 0.052499 0.072999
0 0.307511 0.349228 0.047625 0.063137
0 0.138339 0.334336 0.045212 0.074151
0 0.019897 0.235020 0.039778 0.086097
0 0.445867 0.661642 0.046077 0.067146
0 0.601077 0.620008 0.046227 0.069278
0 0.236974 0.395775 0.048131 0.081030
0 0.038707 0.296884 0.042987 0.067507
0 0.718664 0.215892 0.048989 0.079457
0 0.177969 0.928124 0.047064 0.084636
0 0.108271 0.166795 0.044595 0.072380
0 0.052696 0.190292 0.048057 0.069447
0 0.100525 0.468392 0.052540 0.066478
0 0.310373 0.422750 0.050401 0.083244
0 0.341651 0.159667 0.049642 0.074751
0 0.631873 0.051882 0.049339 0.070285
0 0.422422 0.879912 0.043912 0.064945
0 0.598343 0.273849 0.052969 0.077459
0 0.718850 0.786117 0.047448 0.075023
0 0.098632 0.953474 0.050015 0.087018
0 0.289341 0.089927 0.045603 0.076604
0 0.175151 0.054732 0.050556 0.074532
0 0.481085 0.383424 0.047641 0.072116
0 0.601491 0.354842 0.051440 0.076921
0 0.755176 0.046969 0.043346 0.066106
0 0.390393 0.076974 0.045905 0.078562
0 0.430622 0.379867 0.048705 0.076295
0 0.118532 0.526017 0.048159 0.070742
0 0.805624 0.685453 0.047643 0.079435
0 0.044830 0.668681 0.047139 0.082525
0 0.518680 0.482012 0.055088 0.091514
0 0.679566 0.450706 0.050665 0.076071
0 0.187526 0.390417 0.046913 0.082532
0 0.094149 0.405676 0.049473 0.064162
0 0.211900 0.871637 0.048829 0.087463
0 0.787189 0.185950 0.049589 0.069031
0 0.215389 0.586113 0.045644 0.073560
0 0.018484 0.468114 0.036968 0.079070
0 0.146402 0.630832 0.049653 0.071715
0 0.979087 0.403655 0.039461 0.071690
0 0.089621 0.338172 0.045011 0.067983
0 0.544998 0.591757 0.045514 0.066426
0 0.339431 0.082379 0.048834 0.070849
0 0.195180 0.131571 0.052736 0.093483
0 0.631469 0.968430 0.052982 0.059563
0 0.204740 0.750870 0.047439 0.078710
0 0.924148 0.647310 0.045867 0.084689
0 0.096139 0.699032 0.047688 0.084845
0 0.450133 0.952845 0.053854 0.075076
0 0.655102 0.796459 0.051913 0.072732
0 0.730971 0.960817 0.047600 0.074598
0 0.222785 0.199402 0.050134 0.079497
0 0.648907 0.602934 0.048531 0.075174
0 0.743792 0.458353 0.045647 0.081755
0 0.206250 0.302648 0.048259 0.071220
0 0.757519 0.668491 0.048420 0.074752
0 0.421257 0.807899 0.050534 0.069251
0 0.699221 0.144087 0.044483 0.067662
0 0.565574 0.217422 0.046188 0.079396
0 0.524065 0.251473 0.046210 0.082538
0 0.885054 0.605568 0.054689 0.085093
0 0.049415 0.113157 0.052716 0.077799
0 0.075459 0.619241 0.049907 0.074774
0 0.264134 0.253727 0.048828 0.080893
0 0.681726 0.961897 0.043279 0.072573
0 0.071514 0.825276 0.050389 0.074420
0 0.691639 0.069075 0.050461 0.071679
0 0.550512 0.381642 0.053265 0.079093
0 0.202237 0.667373 0.049600 0.077598
0 0.526152 0.165774 0.053936 0.075070
0 0.117351 0.249801 0.053318 0.085805
0 0.858491 0.404743 0.051758 0.073891
0 0.784920 0.331613 0.045843 0.070765
0 0.972365 0.818851 0.046771 0.068939
0 0.967077 0.262526 0.048999 0.074758
0 0.868748 0.136247 0.051267 0.083567
0 0.853826 0.225175 0.052116 0.079395
0 0.771692 0.919297 0.048714 0.078405
0 0.896895 0.274067 0.045541 0.076121
0 0.736015 0.313430 0.043625 0.072887
0 0.763396 0.244775 0.043840 0.069389
0 0.968261 0.669399 0.043825 0.070052
0 0.954321 0.143276 0.050264 0.080394
0 0.899738 0.536667 0.046645 0.066522
0 0.747026 0.847681 0.047684 0.075805
0 0.409267 0.233496 0.050197 0.078544
0 0.164784 0.561620 0.046586 0.074521
0 0.699996 0.379167 0.047298 0.075512
0 0.750136 0.592466 0.046220 0.072545
0 0.664912 0.278647 0.046861 0.075723
0 0.701437 0.592617 0.047766 0.083858
0 0.784754 0.408895 0.052817 0.074776
0 0.760777 0.744855 0.048899 0.067949
0 0.863056 0.324068 0.050493 0.078193
0 0.466924 0.141738 0.044078 0.071945
0 0.476083 0.271061 0.061121 0.096009
0 0.932932 0.046839 0.049057 0.067367
0 0.465788 0.066639 0.050251 0.068840
0 0.961263 0.473998 0.048840 0.077498
0 0.171048 0.489839 0.047304 0.066527
0 0.968546 0.337256 0.046325 0.068621
0 0.932466 0.407125 0.046422 0.074216
0 0.853335 0.480672 0.051762 0.069460
0 0.877385 0.043614 0.047583 0.074528
0 0.795331 0.109491 0.051452 0.079637
0 0.944926 0.589199 0.044401 0.073643
4 0.424145 0.569641 0.107507 0.135113
1 0.450339 0.468307 0.050752 0.060884
1 0.388127 0.177648 0.049661 0.080067
1 0.180207 0.251460 0.040929 0.069224
1 0.103533 0.587573 0.053481 0.072560
1 0.661807 0.530025 0.060029 0.079233
1 0.719926 0.511259 0.055118 0.086739
1 0.940125 0.219766 0.046932 0.070892