0 0.997028 0.280252 0.004855 0.043897
0 0.002546 0.972850 0.005092 0.042094
0 0.097546 0.295342 0.044589 0.074265
0 0.996139 0.203943 0.006479 0.052184
0 0.653897 0.010352 0.043045 0.020680
0 0.995217 0.675910 0.007991 0.052608
0 0.495318 0.877667 0.049990 0.063787
0 0.043223 0.469681 0.042763 0.064894
0 0.770797 0.705592 0.050932 0.076504
0 0.698765 0.531083 0.049945 0.085843
0 0.606065 0.439182 0.052292 0.075750
0 0.772211 0.992150 0.026326 0.013142
0 0.795704 0.757960 0.049933 0.073056
0 0.349398 0.990565 0.031715 0.016102
0 0.560440 0.006447 0.036060 0.012894
0 0.509412 0.011960 0.040644 0.023921
0 0.443270 0.008692 0.043301 0.017374
0 0.481188 0.113148 0.051109 0.076279
0 0.973615 0.595660 0.050264 0.092052
0 0.659458 0.185136 0.049763 0.072792
0 0.235444 0.063774 0.045763 0.070268
0 0.123770 0.030053 0.039850 0.060107
0 0.238861 0.017065 0.047090 0.034131
0 0.802483 0.324291 0.042298 0.080161
0 0.895110 0.954017 0.045130 0.071236
0 0.372312 0.248355 0.034937 0.060878
0 0.923462 0.554634 0.043577 0.075695
0 0.132851 0.085923 0.043193 0.073149
0 0.762837 0.014590 0.045422 0.029181
0 0.971751 0.533440 0.041260 0.067421
0 0.811424 0.986546 0.041221 0.023822
0 0.843366 0.075257 0.039611 0.071306
0 0.023566 0.335630 0.047133 0.076537
0 0.118285 0.165100 0.038702 0.062489
0 0.311626 0.016966 0.050168 0.033933
0 0.940931 0.982687 0.045059 0.031400
0 0.659579 0.414079 0.048282 0.064439
0 0.189294 0.338464 0.042215 0.084735
0 0.263021 0.903584 0.046967 0.078265
0 0.881610 0.112546 0.046388 0.062766
0 0.017799 0.411445 0.035598 0.071058
0 0.275087 0.319691 0.041048 0.065384
0 0.707255 0.015537 0.051779 0.031074
0 0.513201 0.439773 0.042588 0.068361
0 0.355709 0.527493 0.051029 0.078564
0 0.477200 0.048682 0.054599 0.066206
0 0.885461 0.214573 0.042642 0.070124
0 0.058507 0.374862 0.044029 0.079428
0 0.155293 0.753570 0.044999 0.084014
0 0.236185 0.356739 0.045929 0.070238
0 0.264102 0.111655 0.042911 0.077544
0 0.311341 0.467306 0.049019 0.081965
0 0.115135 0.710165 0.052962 0.062599
0 0.017820 0.850788 0.035640 0.071275
0 0.222972 0.722728 0.050587 0.074191
0 0.775300 0.257138 0.054615 0.079039
0 0.758701 0.610448 0.040256 0.064919
0 0.442606 0.128469 0.049981 0.075449
0 0.193658 0.030288 0.046330 0.059667
0 0.013986 0.139271 0.027922 0.067409
0 0.146510 0.210708 0.047060 0.071280
0 0.358067 0.451122 0.045702 0.064610
0 0.398317 0.108186 0.047977 0.067897
0 0.802026 0.446175 0.044602 0.072356
0 0.017548 0.579499 0.035095 0.073283
0 0.017415 0.037174 0.034764 0.074095
0 0.022806 0.254332 0.045613 0.073942
0 0.144624 0.319411 0.045369 0.085582
0 0.072455 0.809189 0.046744 0.072419
0 0.060446 0.724115 0.044911 0.068206
0 0.032975 0.975811 0.051968 0.045172
0 0.841888 0.165046 0.049691 0.075132
0 0.295449 0.863609 0.045745 0.071978
0 0.938483 0.026870 0.047403 0.053617
0 0.149836 0.453389 0.051613 0.079542
0 0.600646 0.154489 0.041470 0.076898
0 0.892831 0.441606 0.043319 0.079133
0 0.020892 0.761026 0.041576 0.074364
0 0.357825 0.062377 0.043574 0.081466
0 0.287094 0.058131 0.055293 0.066294
0 0.471733 0.398035 0.051229 0.079191
0 0.196057 0.814192 0.062110 0.075458
0 0.506300 0.526330 0.045210 0.071988
0 0.301801 0.960536 0.042195 0.072374
0 0.848345 0.447043 0.043881 0.078407
0 0.456777 0.978575 0.053787 0.039366
0 0.120598 0.827783 0.048038 0.070549
0 0.058627 0.647110 0.049117 0.077482
0 0.855048 0.974900 0.040311 0.046827
0 0.559401 0.543152 0.047008 0.066740
0 0.609294 0.505176 0.051999 0.062691
0 0.345493 0.374403 0.048293 0.077816
0 0.516026 0.289952 0.048134 0.073617
0 0.810271 0.884329 0.040094 0.067639
0 0.226515 0.268114 0.047339 0.076470
0 0.326513 0.739957 0.042002 0.068111
0 0.983769 0.940291 0.030635 0.075439
0 0.202618 0.435558 0.050399 0.078196
0 0.510020 0.722933 0.048524 0.074386
0 0.582798 0.295604 0.049659 0.065215
0 0.560290 0.178923 0.043062 0.078286
0 0.985463 0.865423 0.027027 0.071427
0 0.040202 0.195617 0.048634 0.067595
0 0.050277 0.537338 0.053809 0.079829
0 0.062593 0.932978 0.048454 0.075667
0 0.621525 0.323720 0.044746 0.078643
0 0.556733 0.102523 0.056346 0.079706
0 0.689297 0.228152 0.041295 0.076194
0 0.924873 0.397348 0.051261 0.074286
0 0.558883 0.469872 0.042886 0.074795
0 0.849532 0.923686 0.052204 0.072254
0 0.844297 0.795411 0.050680 0.079154
0 0.581790 0.053788 0.047148 0.077430
0 0.274097 0.703137 0.056694 0.086792
0 0.739599 0.205557 0.055308 0.083710
0 0.873169 0.370640 0.049133 0.074287
0 0.439261 0.469217 0.045864 0.072117
0 0.663573 0.293939 0.048908 0.071234
0 0.692191 0.676257 0.051444 0.071279
0 0.644518 0.116556 0.048116 0.078211
0 0.796122 0.103097 0.042646 0.071707
0 0.116754 0.639378 0.048692 0.074626
0 0.866353 0.645493 0.048429 0.076620
0 0.604345 0.571402 0.049325 0.077960
0 0.405311 0.519411 0.047930 0.082144
0 0.145229 0.540005 0.056648 0.074295
0 0.642329 0.650291 0.046196 0.076266
0 0.934050 0.095837 0.043018 0.072529
0 0.493985 0.807419 0.044192 0.071276
0 0.264796 0.804566 0.046900 0.072209
0 0.408172 0.279074 0.042597 0.075710
0 0.744302 0.086630 0.048951 0.082603
0 0.200210 0.661262 0.052701 0.073148
0 0.603781 0.234572 0.048342 0.071511
0 0.406854 0.199166 0.052034 0.074456
0 0.422976 0.045661 0.050969 0.065521
0 0.309342 0.181781 0.052685 0.068762
0 0.697509 0.776372 0.049910 0.077381
0 0.396347 0.899138 0.048159 0.075495
0 0.334576 0.295018 0.055430 0.080385
0 0.875396 0.534352 0.044782 0.074764
0 0.533737 0.352150 0.054811 0.097043
0 0.207758 0.519345 0.045751 0.078836
0 0.133354 0.973943 0.048404 0.048932
0 0.836917 0.703430 0.051345 0.078984
0 0.635856 0.045675 0.053409 0.069426
0 0.391997 0.347250 0.049986 0.072203
0 0.447623 0.323226 0.042008 0.075815
0 0.380415 0.659606 0.043450 0.067837
0 0.184324 0.160929 0.048036 0.075757
0 0.254080 0.206969 0.046959 0.075459
0 0.451779 0.739638 0.047668 0.068634
0 0.695401 0.358435 0.045425 0.086766
0 0.395960 0.825193 0.049975 0.073209
0 0.888427 0.040082 0.047221 0.079943
0 0.902513 0.762280 0.042499 0.069544
0 0.488378 0.650690 0.052005 0.083306
0 0.624924 0.908489 0.054572 0.066063
0 0.334001 0.828612 0.049041 0.068868
0 0.426357 0.671112 0.043948 0.074724
0 0.447962 0.813750 0.042559 0.069134
0 0.304045 0.647807 0.048911 0.076763
0 0.448639 0.913949 0.046409 0.078780
0 0.770802 0.910712 0.041854 0.085841
0 0.819853 0.523388 0.046631 0.072657
0 0.939995 0.911131 0.054193 0.069994
0 0.693493 0.118904 0.040426 0.082390
0 0.558261 0.937182 0.047880 0.072247
0 0.494907 0.222732 0.050697 0.080711
0 0.719903 0.482435 0.048269 0.081511
0 0.597984 0.965996 0.040846 0.064919
0 0.798544 0.589483 0.046331 0.085210
0 0.510345 0.956536 0.045945 0.078879
0 0.679346 0.872175 0.045565 0.070254
0 0.697324 0.612308 0.045877 0.067157
0 0.590344 0.729217 0.053249 0.077131
0 0.746829 0.350367 0.054176 0.078681
0 0.957025 0.779305 0.046268 0.071097
0 0.628397 0.839881 0.051221 0.069233
0 0.965817 0.463585 0.048421 0.070568
0 0.747787 0.782697 0.043310 0.081832
0 0.974124 0.347068 0.041667 0.081791
0 0.916245 0.280531 0.050117 0.077793
0 0.743399 0.974366 0.046384 0.048186
0 0.341849 0.919347 0.050587 0.081555
0 0.860376 0.867611 0.054438 0.074097
0 0.389266 0.739867 0.044488 0.075620
0 0.933564 0.841344 0.054598 0.066542
0 0.958583 0.191016 0.047725 0.077879
0 0.968782 0.265691 0.042284 0.074981
0 0.957151 0.708069 0.048743 0.068983
0 0.671496 0.946560 0.044275 0.085457
5 0.068061 0.104254 0.087316 0.146789
1 0.118267 0.907006 0.056755 0.077565
1 0.162744 0.883653 0.047478 0.092577
1 0.231778 0.852377 0.043658 0.083403
1 0.678178 0.475396 0.043658 0.078399
1 0.844624 0.288157 0.078584 0.072560
1 0.832891 0.247706 0.054027 0.076731
1 0.977234 0.050459 0.044749 0.100917
1 0.734388 0.874896 0.060029 0.070058
1 0.638613 0.750209 0.049661 0.080901
1 0.549934 0.774812 0.060029 0.081735
1 0.539019 0.831526 0.050206 0.078399
2 0.360568 0.718515 0.021829 0.030859
2 0.098348 0.015847 0.024558 0.031693