0 0.001957 0.529631 0.003914 0.055830
0 0.071661 0.990222 0.038258 0.016751
0 0.007863 0.808093 0.015726 0.066204
0 0.004627 0.272009 0.009252 0.056210
0 0.084981 0.002983 0.030100 0.005966
0 0.007016 0.976860 0.014033 0.043507
0 0.007789 0.203452 0.015575 0.071032
0 0.988778 0.088243 0.020720 0.081697
0 0.511469 0.989863 0.031829 0.017515
0 0.723280 0.023550 0.048804 0.046985
0 0.258815 0.728730 0.043105 0.084656
0 0.989468 0.314914 0.019177 0.077557
0 0.189911 0.989496 0.039184 0.018075
0 0.799894 0.011925 0.053716 0.023846
0 0.714815 0.083475 0.051860 0.078561
0 0.450976 0.386615 0.052617 0.087813
0 0.425010 0.016745 0.054482 0.033454
0 0.777471 0.476721 0.035381 0.065765
0 0.625930 0.590176 0.051832 0.068448
0 0.977030 0.019658 0.044121 0.039278
0 0.613608 0.015757 0.049388 0.031485
0 0.014451 0.915698 0.028902 0.082865
0 0.569599 0.671813 0.051015 0.080181
0 0.344692 0.823635 0.046656 0.077453
0 0.984853 0.234947 0.028289 0.071707
0 0.346245 0.921001 0.047662 0.068643
0 0.384155 0.502662 0.046864 0.071452
0 0.535777 0.828773 0.046671 0.060629
0 0.064006 0.880199 0.046800 0.069154
0 0.218433 0.683889 0.053673 0.082428
0 0.417495 0.822069 0.048656 0.066295
0 0.168111 0.769941 0.050638 0.067718
0 0.544898 0.455231 0.046861 0.073483
0 0.574076 0.512834 0.049152 0.077335
0 0.019626 0.735803 0.039251 0.084177
0 0.553071 0.025749 0.045966 0.051450
0 0.649528 0.427918 0.053570 0.079886
0 0.432637 0.516611 0.047459 0.067805
0 0.543927 0.606070 0.051365 0.073393
0 0.424571 0.970342 0.046680 0.055817
0 0.222022 0.790732 0.041582 0.065549
0 0.830548 0.777518 0.046819 0.075648
0 0.398716 0.576903 0.050613 0.071316
0 0.496032 0.463082 0.046452 0.080783
0 0.247107 0.936018 0.045789 0.080975
0 0.189794 0.612575 0.053073 0.081611
0 0.286598 0.974543 0.049424 0.047663
0 0.105466 0.922741 0.046221 0.074913
0 0.116429 0.443210 0.046036 0.070351
0 0.213674 0.025313 0.050326 0.050522
0 0.018332 0.336884 0.036607 0.075893
0 0.696372 0.405104 0.043173 0.079241
0 0.694535 0.184666 0.048411 0.085896
0 0.418067 0.436526 0.049371 0.073028
0 0.891523 0.955635 0.050527 0.082968
0 0.055722 0.951608 0.049374 0.067618
0 0.215947 0.554351 0.052623 0.071874
0 0.670840 0.118706 0.051733 0.074626
0 0.654660 0.952460 0.047844 0.070286
0 0.344813 0.588980 0.048945 0.078297
0 0.480941 0.878534 0.049769 0.081075
0 0.269430 0.405805 0.054812 0.070264
0 0.077166 0.712799 0.046410 0.073452
0 0.321943 0.177240 0.049378 0.074626
0 0.389368 0.764767 0.050639 0.076837
0 0.685880 0.712930 0.045335 0.081011
0 0.572853 0.962768 0.047704 0.070129
0 0.332907 0.747878 0.058546 0.062485
0 0.247752 0.611490 0.054694 0.072118
0 0.731582 0.448727 0.047101 0.072018
0 0.369160 0.198768 0.043476 0.060934
0 0.316658 0.678690 0.053503 0.077837
0 0.389229 0.690144 0.051257 0.062818
0 0.203147 0.401878 0.047206 0.067611
0 0.980175 0.919392 0.037689 0.081383
0 0.660991 0.034430 0.046792 0.068581
0 0.108398 0.800190 0.045106 0.075495
0 0.698478 0.805264 0.047364 0.077335
0 0.353408 0.115799 0.043307 0.069144
0 0.460204 0.787875 0.044931 0.070088
0 0.681477 0.298463 0.047093 0.070632
0 0.914344 0.030235 0.041559 0.060470
0 0.343467 0.255034 0.046660 0.082706
0 0.153139 0.840320 0.043264 0.073302
0 0.614961 0.116396 0.050947 0.077351
0 0.032072 0.531774 0.049434 0.078332
0 0.574202 0.864166 0.049945 0.067307
0 0.419557 0.306570 0.041682 0.077674
0 0.203328 0.860293 0.051211 0.074553
0 0.298335 0.112159 0.043488 0.068208
0 0.298511 0.892621 0.051270 0.075995
0 0.487840 0.346142 0.046641 0.078363
0 0.380730 0.289130 0.042565 0.077830
0 0.047960 0.388544 0.043433 0.068932
0 0.978446 0.556661 0.039170 0.086170
0 0.805709 0.544634 0.055297 0.073932
0 0.830426 0.614986 0.050510 0.085853
0 0.175126 0.932719 0.048053 0.082349
0 0.092296 0.637763 0.044753 0.082665
0 0.242878 0.093448 0.052549 0.075832
0 0.742370 0.520841 0.043692 0.066012
0 0.934794 0.912610 0.048520 0.083760
0 0.875009 0.473660 0.044719 0.081314
0 0.032684 0.192922 0.044270 0.073242
0 0.453753 0.165370 0.050054 0.077118
0 0.246253 0.177851 0.050008 0.077561
0 0.643873 0.251726 0.049533 0.069402
0 0.081956 0.562908 0.051895 0.066845
0 0.575410 0.297230 0.043193 0.065542
0 0.296363 0.811198 0.043403 0.072274
0 0.956482 0.061889 0.045095 0.071619
0 0.522293 0.270099 0.050640 0.073875
0 0.858875 0.123585 0.048551 0.075734
0 0.640321 0.523012 0.054228 0.083238
0 0.237029 0.308445 0.048276 0.068127
0 0.185661 0.077710 0.052412 0.070928
0 0.945300 0.195680 0.042623 0.068144
0 0.154146 0.403926 0.044791 0.072941
0 0.071124 0.483869 0.043564 0.079927
0 0.209038 0.475672 0.048772 0.071764
0 0.191599 0.151439 0.051022 0.066946
0 0.050792 0.809365 0.055837 0.071795
0 0.147729 0.263788 0.051565 0.074930
0 0.789373 0.175468 0.053047 0.079294
0 0.728978 0.679597 0.044419 0.082239
0 0.129904 0.695218 0.050724 0.075488
0 0.511090 0.155492 0.046860 0.078777
0 0.580543 0.394451 0.049528 0.079778
0 0.701147 0.980099 0.047607 0.036634
0 0.172587 0.324576 0.048556 0.070816
0 0.366276 0.401775 0.050852 0.080599
0 0.165487 0.198908 0.049242 0.075572
0 0.775257 0.727458 0.048737 0.084512
0 0.680865 0.492443 0.051736 0.073724
0 0.767999 0.048989 0.052447 0.075265
0 0.469911 0.966313 0.046928 0.064081
0 0.113666 0.221059 0.043455 0.089777
0 0.696082 0.908589 0.045574 0.080611
0 0.529972 0.372434 0.048596 0.078949
0 0.850363 0.266667 0.047357 0.068367
0 0.824503 0.049599 0.051934 0.077706
0 0.896484 0.852136 0.048590 0.090002
0 0.280856 0.039162 0.050968 0.075236
0 0.399711 0.066094 0.051959 0.077046
0 0.766819 0.321215 0.045728 0.072161
0 0.560420 0.200896 0.046239 0.072469
0 0.923557 0.416743 0.045394 0.071368
0 0.560050 0.118608 0.051161 0.071482
0 0.295440 0.272087 0.050898 0.076588
0 0.798750 0.107844 0.054460 0.071969
0 0.293575 0.349799 0.054196 0.071560
0 0.802832 0.392534 0.051215 0.082695
0 0.107424 0.039420 0.051025 0.078789
0 0.895449 0.085453 0.050564 0.078934
0 0.935150 0.551720 0.041692 0.073653
0 0.861111 0.399892 0.059965 0.088184
0 0.069204 0.098199 0.049693 0.073516
0 0.967877 0.372443 0.044987 0.074248
0 0.858121 0.694235 0.045315 0.094915
0 0.955751 0.281576 0.044439 0.082334
0 0.134706 0.122795 0.048516 0.071449
0 0.028072 0.650245 0.047654 0.077090
0 0.060342 0.310658 0.049490 0.072522
0 0.876484 0.583275 0.049659 0.076598
0 0.980762 0.458514 0.036376 0.077519
0 0.118806 0.519668 0.051035 0.077276
0 0.406762 0.162235 0.040921 0.084084
0 0.070576 0.226855 0.043049 0.088444
0 0.823482 0.471015 0.050785 0.080761
0 0.918494 0.328641 0.045302 0.084267
1 0.455251 0.575480 0.057301 0.075063
1 0.395221 0.639283 0.064941 0.050876
1 0.640796 0.702252 0.042021 0.096747
1 0.634248 0.780234 0.039838 0.074229
1 0.596320 0.799833 0.051298 0.080067
1 0.529196 0.766889 0.068761 0.060884
1 0.491541 0.736447 0.056755 0.061718
1 0.539019 0.691410 0.049115 0.076731
1 0.868635 0.211009 0.052389 0.091743
1 0.912839 0.231860 0.048024 0.085071
1 0.978248 0.157214 0.043503 0.077565
1 0.875457 0.331526 0.056209 0.085905
1 0.608053 0.057965 0.056209 0.059216
1 0.647618 0.187239 0.052389 0.079233
1 0.281984 0.461635 0.070944 0.059216
1 0.348016 0.459133 0.053481 0.060884
1 0.694823 0.593828 0.048569 0.041701
1 0.549934 0.912844 0.056755 0.062552
4 0.482810 0.653044 0.076401 0.123436
5 0.286350 0.531276 0.087316 0.110092