0 0.744202 0.313133 0.046796 0.086755
0 0.197408 0.499036 0.041842 0.082803
0 0.004182 0.099962 0.008365 0.061274
0 0.602770 0.003055 0.026760 0.006007
0 0.731822 0.993356 0.024415 0.010867
0 0.994396 0.281892 0.009643 0.070078
0 0.186660 0.452690 0.047912 0.072737
0 0.004610 0.238991 0.009221 0.058709
0 0.029381 0.567693 0.048080 0.071314
0 0.039717 0.608975 0.055548 0.082041
0 0.005344 0.534849 0.010687 0.069989
0 0.707568 0.739999 0.043679 0.078144
0 0.007602 0.954928 0.015204 0.069706
0 0.627074 0.539914 0.046209 0.078153
0 0.068375 0.726441 0.054633 0.076501
0 0.750957 0.470492 0.041083 0.070286
0 0.286389 0.699603 0.053440 0.075970
0 0.991885 0.166532 0.014565 0.059059
0 0.031995 0.717808 0.046961 0.085772
0 0.201589 0.708446 0.050535 0.075553
0 0.303114 0.646224 0.040771 0.074629
0 0.599146 0.510121 0.044079 0.068247
0 0.198047 0.005264 0.036046 0.010528
0 0.660802 0.626343 0.048692 0.082967
0 0.604197 0.137625 0.048549 0.073633
0 0.329642 0.260493 0.054659 0.068357
0 0.023311 0.984875 0.039608 0.027210
0 0.886301 0.988047 0.038202 0.020856
0 0.567281 0.989158 0.040588 0.018809
0 0.768438 0.420845 0.053138 0.065334
0 0.188496 0.643969 0.048948 0.077219
0 0.148792 0.719562 0.050801 0.071640
0 0.750863 0.724600 0.043374 0.072674
0 0.050264 0.491959 0.051094 0.079747
0 0.453866 0.614644 0.049298 0.074025
0 0.067279 0.794647 0.057512 0.086747
0 0.123868 0.484966 0.049469 0.072456
0 0.496880 0.643515 0.042913 0.072048
0 0.990237 0.434381 0.017608 0.074432
0 0.691768 0.436717 0.050539 0.070448
0 0.544329 0.523376 0.051592 0.067328
0 0.860039 0.009838 0.040330 0.019676
0 0.073427 0.450810 0.048381 0.072900
0 0.640497 0.702404 0.048486 0.069187
0 0.438060 0.554829 0.042551 0.071263
0 0.274643 0.462988 0.048030 0.081041
0 0.193700 0.889430 0.048538 0.091045
0 0.929022 0.968910 0.052815 0.058884
0 0.988991 0.093630 0.020232 0.073784
0 0.135615 0.652020 0.045963 0.074218
0 0.109099 0.981880 0.044743 0.033195
0 0.098873 0.594405 0.055713 0.067610
0 0.012608 0.672724 0.025205 0.067314
0 0.983978 0.013948 0.030265 0.027863
0 0.550332 0.772868 0.043839 0.070999
0 0.160707 0.588959 0.042781 0.068506
0 0.158337 0.940709 0.060235 0.068849
0 0.119069 0.806784 0.045685 0.080248
0 0.026642 0.033878 0.050456 0.067636
0 0.325535 0.570459 0.042668 0.072243
0 0.724554 0.917633 0.048349 0.070634
0 0.669682 0.922007 0.044328 0.070255
0 0.171951 0.775688 0.049205 0.077086
0 0.352600 0.226952 0.050766 0.076936
0 0.493971 0.574621 0.045882 0.068438
0 0.705783 0.012106 0.045325 0.024140
0 0.532419 0.019344 0.042238 0.038662
0 0.014099 0.465182 0.028199 0.062883
0 0.063459 0.976805 0.042838 0.043486
0 0.594305 0.693970 0.053214 0.079124
0 0.329383 0.735049 0.046780 0.087594
0 0.403856 0.217800 0.042884 0.063442
0 0.950185 0.925142 0.048582 0.081000
0 0.503919 0.815963 0.046069 0.068426
0 0.655242 0.021236 0.044222 0.042472
0 0.501870 0.751935 0.048302 0.065485
0 0.145066 0.869130 0.048036 0.072258
0 0.245575 0.651957 0.044878 0.068371
0 0.824046 0.976412 0.050140 0.043931
0 0.348979 0.628250 0.045785 0.078589
0 0.606148 0.761355 0.044202 0.069689
0 0.409434 0.791241 0.046787 0.079112
0 0.481835 0.886112 0.050582 0.077020
0 0.485147 0.219718 0.038847 0.078072
0 0.068083 0.873041 0.045956 0.065190
0 0.805638 0.557845 0.043900 0.076806
0 0.403952 0.457714 0.045369 0.068944
0 0.595148 0.429009 0.043679 0.081502
0 0.193812 0.375729 0.045167 0.070977
0 0.361139 0.413820 0.048121 0.076737
0 0.288900 0.203226 0.057018 0.063635
0 0.542918 0.670198 0.051435 0.075650
0 0.326675 0.499522 0.045561 0.075427
0 0.560817 0.462104 0.044681 0.073638
0 0.799500 0.476419 0.048931 0.080757
0 0.257104 0.018373 0.037847 0.036708
0 0.700346 0.969309 0.056682 0.058036
0 0.366840 0.759171 0.040260 0.097406
0 0.441921 0.245272 0.045702 0.075801
0 0.066587 0.315826 0.049318 0.078036
0 0.112854 0.350346 0.050979 0.073626
0 0.456810 0.806540 0.041553 0.069500
0 0.409090 0.720469 0.043358 0.068335
0 0.378228 0.943879 0.044784 0.075731
0 0.532761 0.858120 0.044879 0.074733
0 0.766570 0.965437 0.053405 0.066119
0 0.576957 0.830502 0.049195 0.081530
0 0.947187 0.826257 0.036140 0.063772
0 0.229373 0.428535 0.039712 0.071875
0 0.338486 0.331978 0.047105 0.083809
0 0.880168 0.527006 0.050990 0.061829
0 0.466673 0.364096 0.042278 0.082946
0 0.542929 0.594349 0.044233 0.070186
0 0.794766 0.711086 0.047016 0.089566
0 0.782105 0.632823 0.045254 0.072286
0 0.758206 0.548884 0.044355 0.075980
0 0.029540 0.382991 0.047996 0.076944
0 0.868372 0.664585 0.043884 0.073935
0 0.310353 0.887420 0.048889 0.070624
0 0.023546 0.896053 0.047093 0.075616
0 0.515400 0.160085 0.050150 0.073879
0 0.254802 0.906570 0.051066 0.075263
0 0.275483 0.568337 0.050426 0.071016
0 0.833400 0.411030 0.048092 0.069078
0 0.201049 0.971868 0.046482 0.053153
0 0.453702 0.727042 0.045291 0.079130
0 0.846413 0.580239 0.042354 0.069724
0 0.804504 0.024653 0.050700 0.049305
0 0.294479 0.961081 0.044435 0.074233
0 0.607600 0.611765 0.053737 0.080244
0 0.715833 0.520907 0.042560 0.075533
0 0.851833 0.919136 0.045035 0.072863
0 0.792502 0.834293 0.049420 0.073103
0 0.191643 0.298748 0.049211 0.073913
0 0.559536 0.225811 0.046980 0.080080
0 0.802308 0.909863 0.048783 0.069724
0 0.519969 0.077706 0.050028 0.077886
0 0.688147 0.823226 0.050535 0.083620
0 0.738514 0.839318 0.041436 0.079274
0 0.019051 0.165733 0.038101 0.068925
0 0.475206 0.503758 0.050533 0.076243
0 0.554745 0.380794 0.043931 0.075831
0 0.853988 0.479984 0.041033 0.070819
0 0.623889 0.968140 0.046560 0.060581
0 0.388279 0.873370 0.051940 0.073298
0 0.846223 0.820343 0.050390 0.077632
0 0.849164 0.056555 0.043786 0.069080
0 0.249138 0.972191 0.045185 0.052309
0 0.734873 0.623238 0.046705 0.075152
0 0.111689 0.054408 0.044778 0.071295
0 0.458307 0.166698 0.057830 0.075173
0 0.166939 0.216403 0.049261 0.074996
0 0.031794 0.099496 0.047187 0.076801
0 0.151446 0.024502 0.048880 0.048987
0 0.282324 0.324897 0.048987 0.077803
0 0.910616 0.704004 0.041627 0.071873
0 0.424706 0.956470 0.044847 0.075917
0 0.787288 0.355056 0.048089 0.075143
0 0.975625 0.773968 0.046363 0.069397
0 0.912182 0.782450 0.051773 0.073144
0 0.018142 0.311011 0.036273 0.077816
0 0.910526 0.576743 0.053169 0.071293
0 0.965021 0.708485 0.054801 0.059590
0 0.258290 0.259967 0.048514 0.074095
0 0.563096 0.305480 0.043394 0.066165
0 0.857332 0.224042 0.038979 0.074581
0 0.742508 0.085586 0.051088 0.075222
0 0.718392 0.142746 0.053614 0.058482
0 0.815873 0.186210 0.044600 0.068129
0 0.976815 0.221430 0.043341 0.070780
0 0.636861 0.820199 0.046329 0.085786
0 0.198076 0.145207 0.045134 0.068543
0 0.978386 0.874216 0.040823 0.077885
0 0.614171 0.217793 0.044082 0.083499
0 0.374172 0.036438 0.043550 0.072855
0 0.902665 0.461008 0.047710 0.072346
0 0.719967 0.219936 0.043036 0.066528
0 0.821304 0.271199 0.043768 0.070937
0 0.327373 0.048096 0.044302 0.073534
0 0.794818 0.109435 0.045017 0.072370
0 0.217933 0.213711 0.047733 0.071276
0 0.300366 0.404077 0.050051 0.085589
0 0.768110 0.171714 0.042096 0.078355
0 0.950631 0.413908 0.049307 0.075335
0 0.482259 0.298931 0.056524 0.084166
0 0.970904 0.593454 0.045341 0.070549
0 0.231798 0.328718 0.041629 0.077015
0 0.886633 0.872608 0.049287 0.088433
0 0.423222 0.031368 0.052603 0.062671
0 0.619319 0.374478 0.045045 0.083235
0 0.678132 0.344002 0.048715 0.067215
0 0.680269 0.266756 0.046381 0.079499
0 0.238084 0.098885 0.047975 0.064032
0 0.851775 0.126447 0.059441 0.068760
0 0.853810 0.349577 0.045778 0.070455
0 0.897947 0.176832 0.049997 0.076704
0 0.904290 0.068161 0.046447 0.074416
0 0.909254 0.369334 0.049520 0.074287
0 0.949886 0.511671 0.049095 0.072838
0 0.296218 0.136562 0.051393 0.077941
0 0.950843 0.079739 0.042930 0.073944
0 0.949491 0.156752 0.047630 0.068892
0 0.959003 0.330902 0.044594 0.082024
5 0.230959 0.804420 0.082404 0.137615
4 0.401224 0.324020 0.084587 0.137615
1 0.053599 0.244370 0.048569 0.090075
1 0.104624 0.239783 0.044749 0.074229
1 0.121814 0.276480 0.059484 0.085905
1 0.254971 0.504587 0.068215 0.080067
1 0.105443 0.532527 0.062758 0.072560
1 0.382397 0.589241 0.041475 0.089241
1 0.417050 0.623019 0.036563 0.103420
1 0.724292 0.684320 0.068215 0.044204
1 0.827160 0.665138 0.043658 0.104254
1 0.895376 0.266889 0.036018 0.078399
1 0.940398 0.234362 0.045295 0.088407
1 0.669720 0.486656 0.060575 0.067556
1 0.603687 0.073812 0.050752 0.062552
1 0.568761 0.100500 0.048569 0.080901
1 0.668082 0.211843 0.054027 0.076731
1 0.662625 0.138449 0.050752 0.066722
1 0.960317 0.650542 0.055664 0.066722
1 0.455796 0.922435 0.048569 0.080067
1 0.152375 0.379900 0.043112 0.104254
1 0.083068 0.090075 0.050752 0.096747
1 0.669174 0.732694 0.044204 0.117598
2 0.500000 0.367389 0.021283 0.037531
2 0.576947 0.597998 0.022375 0.035029
2 0.588134 0.198082 0.020737 0.034195
2 0.765494 0.926606 0.021829 0.028357