0 0.692164 0.023061 0.046734 0.045995
0 0.997243 0.722823 0.004734 0.045529
0 0.996034 0.426111 0.006791 0.050948
0 0.361778 0.715325 0.048843 0.077860
0 0.009616 0.327417 0.019211 0.066056
0 0.020671 0.144171 0.041092 0.075213
0 0.995175 0.257869 0.008253 0.054752
0 0.004930 0.566860 0.009860 0.053441
0 0.992468 0.986463 0.013201 0.024115
0 0.325175 0.994450 0.027736 0.008894
0 0.006991 0.682298 0.013983 0.065427
0 0.993401 0.112976 0.011587 0.058043
0 0.633442 0.111286 0.042744 0.071538
0 0.938540 0.686190 0.049200 0.087464
0 0.006917 0.757688 0.013833 0.068550
0 0.987682 0.493655 0.022687 0.067425
0 0.409608 0.604675 0.047085 0.073417
0 0.141201 0.574351 0.046477 0.068885
0 0.874375 0.236165 0.046002 0.077443
0 0.419507 0.990859 0.037046 0.015195
0 0.905761 0.007233 0.035782 0.014466
0 0.279646 0.987391 0.042147 0.022123
0 0.593168 0.990885 0.035923 0.015258
0 0.104771 0.008355 0.038022 0.016709
0 0.842808 0.963010 0.052525 0.070425
0 0.218449 0.007455 0.041077 0.014910
0 0.481837 0.519897 0.049920 0.071472
0 0.557730 0.674958 0.051768 0.074053
0 0.791547 0.866617 0.049114 0.077492
0 0.584349 0.724125 0.045603 0.084527
0 0.237931 0.545038 0.041298 0.068899
0 0.056699 0.009974 0.041064 0.019948
0 0.360192 0.605295 0.043924 0.077037
0 0.632912 0.757371 0.047273 0.069744
0 0.627747 0.818880 0.055444 0.072741
0 0.153357 0.013717 0.045697 0.027433
0 0.378920 0.395269 0.046915 0.069557
0 0.295060 0.013513 0.046133 0.027026
0 0.987192 0.027159 0.024035 0.054156
0 0.086751 0.545444 0.045082 0.076603
0 0.077161 0.823690 0.051957 0.073477
0 0.550063 0.979569 0.044112 0.037360
0 0.456557 0.054625 0.042634 0.063668
0 0.325145 0.775809 0.044983 0.082988
0 0.186920 0.053678 0.053766 0.081966
0 0.012911 0.042964 0.025821 0.071716
0 0.575491 0.613177 0.045564 0.072475
0 0.058524 0.638837 0.049718 0.070067
0 0.791271 0.154110 0.048024 0.080860
0 0.335336 0.500682 0.041793 0.064013
0 0.364206 0.310310 0.051640 0.069356
0 0.828968 0.253120 0.043885 0.074137
0 0.746942 0.899063 0.053801 0.087385
0 0.489725 0.212680 0.048456 0.076595
0 0.831238 0.703308 0.050734 0.071815
0 0.563554 0.020543 0.049693 0.041085
0 0.019896 0.516152 0.039792 0.068276
0 0.469865 0.357854 0.043832 0.069426
0 0.482633 0.447301 0.047123 0.064210
0 0.302667 0.447813 0.046758 0.079234
0 0.476904 0.108807 0.047493 0.084200
0 0.254464 0.183013 0.047369 0.077513
0 0.805854 0.651626 0.047018 0.083273
0 0.037089 0.583421 0.050269 0.076067
0 0.413722 0.028832 0.050940 0.057586
0 0.458364 0.582346 0.046290 0.071716
0 0.417349 0.797992 0.047491 0.073695
0 0.074138 0.926635 0.049051 0.080246
0 0.589834 0.454782 0.050023 0.081176
0 0.096974 0.440309 0.045756 0.073949
0 0.829733 0.019523 0.050783 0.039047
0 0.427221 0.686232 0.049950 0.076988
0 0.257390 0.866734 0.046532 0.065932
0 0.012818 0.880579 0.025635 0.071300
0 0.052149 0.429625 0.039863 0.073522
0 0.655370 0.468503 0.049361 0.078346
0 0.518371 0.376335 0.048487 0.082210
0 0.015705 0.439356 0.031410 0.085029
0 0.846564 0.455005 0.047191 0.074928
0 0.322649 0.919140 0.043978 0.068028
0 0.211192 0.761759 0.038575 0.067909
0 0.309282 0.622658 0.044567 0.071798
0 0.319358 0.116315 0.046899 0.065114
0 0.331684 0.380065 0.041947 0.076980
0 0.198584 0.395420 0.042849 0.067959
0 0.428960 0.403199 0.044515 0.072764
0 0.636585 0.376026 0.041338 0.068230
0 0.282983 0.243935 0.049403 0.071779
0 0.720286 0.738150 0.046955 0.070753
0 0.614988 0.518705 0.050130 0.070201
0 0.256304 0.767010 0.049737 0.071772
0 0.985238 0.342966 0.027528 0.076623
0 0.633677 0.657256 0.053100 0.076732
0 0.498314 0.633161 0.048371 0.078389
0 0.151023 0.127753 0.048111 0.075971
0 0.283752 0.320071 0.049574 0.070403
0 0.047365 0.071569 0.050781 0.071006
0 0.258142 0.944729 0.049648 0.079431
0 0.228561 0.626163 0.044894 0.068608
0 0.174445 0.521797 0.046274 0.075028
0 0.399518 0.103021 0.047125 0.071711
0 0.338870 0.850866 0.046186 0.074415
0 0.201729 0.292444 0.047074 0.073712
0 0.267508 0.389040 0.048176 0.077113
0 0.464055 0.976805 0.042227 0.043072
0 0.336210 0.052899 0.046591 0.069265
0 0.027668 0.954996 0.050680 0.080780
0 0.617428 0.593367 0.049040 0.071125
0 0.107603 0.765388 0.039385 0.086642
0 0.935785 0.855455 0.052757 0.088926
0 0.503704 0.740021 0.042738 0.075704
0 0.168792 0.233597 0.048078 0.075629
0 0.149360 0.645904 0.051265 0.079044
0 0.696418 0.805922 0.044196 0.070892
0 0.541369 0.211148 0.044771 0.071642
0 0.759486 0.819504 0.054229 0.079726
0 0.213599 0.838254 0.045821 0.076589
0 0.358656 0.166112 0.054084 0.066566
0 0.532951 0.286647 0.044556 0.067508
0 0.860230 0.313793 0.044582 0.067526
0 0.506508 0.033787 0.045408 0.067574
0 0.079435 0.278429 0.045060 0.068738
0 0.682316 0.397661 0.045662 0.070537
0 0.857060 0.069441 0.042635 0.076581
0 0.736217 0.121951 0.038645 0.081384
0 0.759947 0.687273 0.044466 0.085619
0 0.588569 0.947483 0.044023 0.069457
0 0.815533 0.100301 0.046691 0.086085
0 0.891715 0.845636 0.049960 0.074509
0 0.590903 0.069442 0.048138 0.078726
0 0.746813 0.323844 0.045603 0.066763
0 0.418704 0.300086 0.046861 0.085026
0 0.116320 0.871422 0.049666 0.092336
0 0.376519 0.237124 0.052701 0.071847
0 0.518642 0.146753 0.046986 0.074370
0 0.216943 0.474055 0.045862 0.075380
0 0.186548 0.956415 0.046006 0.077823
0 0.730564 0.256992 0.054065 0.076248
0 0.695646 0.513784 0.048680 0.071654
0 0.288848 0.552645 0.050492 0.071442
0 0.070808 0.140945 0.048237 0.075612
0 0.443144 0.909264 0.049205 0.076168
0 0.282166 0.691507 0.043105 0.081667
0 0.862577 0.897376 0.050219 0.078790
0 0.030437 0.797209 0.048552 0.083771
0 0.113298 0.967263 0.050154 0.062297
0 0.659463 0.231186 0.046957 0.077012
0 0.669703 0.723018 0.047200 0.080506
0 0.790605 0.779024 0.042880 0.074990
0 0.612231 0.310360 0.050538 0.074679
0 0.762694 0.397176 0.047841 0.073690
0 0.068909 0.712725 0.046338 0.076079
0 0.202609 0.139131 0.049863 0.076875
0 0.833374 0.781846 0.042048 0.077283
0 0.545393 0.920297 0.043902 0.070566
0 0.166916 0.857647 0.047111 0.079179
0 0.569175 0.858059 0.048615 0.074393
0 0.590165 0.224708 0.049010 0.076726
0 0.667798 0.310639 0.048588 0.071164
0 0.913485 0.966996 0.050700 0.062525
0 0.613135 0.891049 0.042224 0.078198
0 0.381882 0.911067 0.050423 0.080907
0 0.101107 0.211815 0.050116 0.080278
0 0.907440 0.447269 0.042167 0.072942
0 0.773509 0.594922 0.049912 0.082938
0 0.133560 0.291639 0.047749 0.076749
0 0.976654 0.562719 0.040325 0.068310
0 0.806464 0.322564 0.048190 0.076886
0 0.066186 0.353317 0.048242 0.076258
0 0.874196 0.391185 0.046978 0.072634
0 0.932289 0.048249 0.050483 0.078193
0 0.970759 0.160552 0.042216 0.068084
0 0.859003 0.159350 0.047238 0.067431
0 0.460473 0.835986 0.051305 0.081834
0 0.776455 0.048916 0.047549 0.075364
0 0.671479 0.068875 0.057879 0.072197
0 0.712912 0.588991 0.048318 0.076806
0 0.762176 0.209784 0.047359 0.076191
0 0.683237 0.160624 0.047937 0.071163
0 0.131291 0.389783 0.050221 0.088683
0 0.915947 0.264006 0.043905 0.078374
0 0.924769 0.181494 0.050040 0.077014
0 0.962394 0.408324 0.040565 0.066563
0 0.929944 0.772988 0.044967 0.078291
0 0.977231 0.773241 0.043625 0.078886
0 0.745523 0.472259 0.053904 0.080522
0 0.978474 0.640169 0.041026 0.072725
0 0.880514 0.770124 0.045766 0.081305
0 0.951255 0.501862 0.043275 0.075732
0 0.964026 0.269352 0.048024 0.080029
4 0.400951 0.503753 0.089498 0.143453
1 0.925663 0.113845 0.055118 0.059216
2 0.659351 0.872811 0.022375 0.042535
2 0.682271 0.882402 0.024558 0.035029
2 0.965228 0.331109 0.021829 0.031693