0 0.997326 0.476529 0.004558 0.045260
0 0.006423 0.879827 0.012847 0.071239
0 0.011851 0.099621 0.023637 0.073896
0 0.010488 0.597990 0.020953 0.070440
0 0.003073 0.670330 0.006146 0.045236
0 0.005426 0.740796 0.010852 0.056885
0 0.904166 0.994081 0.034876 0.009692
0 0.010378 0.517014 0.020757 0.062801
0 0.013172 0.992952 0.026344 0.011762
0 0.814761 0.134565 0.053484 0.076575
0 0.006146 0.447533 0.012292 0.056369
0 0.966069 0.991416 0.043559 0.014513
0 0.664917 0.990059 0.038029 0.017200
0 0.548699 0.989661 0.039026 0.017805
0 0.633492 0.956099 0.055108 0.079293
0 0.231699 0.681744 0.054979 0.064025
0 0.890076 0.024981 0.058003 0.049962
0 0.769872 0.275501 0.049064 0.072144
0 0.466327 0.777905 0.049090 0.068337
0 0.603193 0.008320 0.042669 0.016640
0 0.521229 0.654095 0.053688 0.070227
0 0.777085 0.008404 0.042923 0.016808
0 0.355373 0.008867 0.048216 0.017734
0 0.329208 0.795248 0.053791 0.072172
0 0.516231 0.935468 0.052527 0.076526
0 0.526763 0.798560 0.047355 0.072804
0 0.201187 0.022636 0.048618 0.045272
0 0.985830 0.017482 0.026705 0.034906
0 0.964178 0.942933 0.054633 0.075388
0 0.488614 0.970455 0.048449 0.055565
0 0.154535 0.018825 0.049850 0.037641
0 0.331543 0.653860 0.057567 0.068319
0 0.292576 0.011803 0.047460 0.023606
0 0.440998 0.978316 0.048945 0.040073
0 0.390348 0.682859 0.050083 0.066218
0 0.541707 0.589145 0.059878 0.072125
0 0.019551 0.256147 0.039102 0.075275
0 0.106685 0.096140 0.042327 0.068761
0 0.362827 0.977705 0.048604 0.041213
0 0.483691 0.880526 0.054547 0.068372
0 0.178908 0.354969 0.052951 0.070824
0 0.217051 0.065553 0.051997 0.066052
0 0.063791 0.420558 0.050153 0.058224
0 0.827335 0.018531 0.048595 0.037062
0 0.070028 0.612392 0.047992 0.067144
0 0.534318 0.730327 0.049846 0.067692
0 0.018434 0.178364 0.036835 0.074191
0 0.718362 0.977919 0.049515 0.041089
0 0.987223 0.311645 0.023691 0.070762
0 0.045785 0.557833 0.056867 0.076259
0 0.182705 0.652904 0.047812 0.069628
0 0.029345 0.363565 0.056557 0.067891
0 0.444175 0.395461 0.046527 0.062246
0 0.096004 0.970861 0.052708 0.055049
0 0.408302 0.954468 0.049630 0.071457
0 0.241082 0.623783 0.048914 0.068643
0 0.317944 0.708711 0.050398 0.075629
0 0.223631 0.756587 0.049652 0.067109
0 0.149726 0.134636 0.054420 0.070651
0 0.206672 0.569154 0.052709 0.074605
0 0.405754 0.364209 0.054477 0.068672
0 0.114523 0.404418 0.050368 0.074422
0 0.777456 0.942338 0.049153 0.075138
0 0.060079 0.097890 0.047538 0.071853
0 0.621500 0.506084 0.050974 0.077491
0 0.764754 0.645671 0.052604 0.054244
0 0.678320 0.273927 0.049202 0.069632
0 0.244487 0.881844 0.051435 0.073405
0 0.290170 0.611045 0.042532 0.080402
0 0.313589 0.880713 0.047672 0.072173
0 0.025678 0.038782 0.051356 0.071209
0 0.654873 0.591031 0.051454 0.060575
0 0.796190 0.867387 0.048767 0.072470
0 0.472572 0.248070 0.048222 0.069169
0 0.641639 0.315357 0.051200 0.082366
0 0.176168 0.192768 0.052208 0.066489
0 0.835146 0.790888 0.051011 0.073826
0 0.832333 0.971274 0.054354 0.054364
0 0.074801 0.304093 0.045496 0.061891
0 0.676227 0.795717 0.046371 0.077898
0 0.625107 0.421511 0.042854 0.067811
0 0.185947 0.902441 0.047363 0.092303
0 0.653569 0.029178 0.050735 0.058357
0 0.453317 0.683177 0.048712 0.071965
0 0.230521 0.968783 0.049915 0.059106
0 0.472465 0.028217 0.046497 0.056434
0 0.641180 0.746758 0.051111 0.071324
0 0.038410 0.717648 0.048635 0.071534
0 0.262951 0.806336 0.050558 0.075241
0 0.792807 0.202489 0.053936 0.066507
0 0.052968 0.482519 0.054769 0.064257
0 0.903079 0.533888 0.051038 0.069697
0 0.124510 0.808008 0.048220 0.074860
0 0.338183 0.523296 0.048749 0.074577
0 0.679773 0.649836 0.055909 0.076983
0 0.592506 0.900211 0.058391 0.075230
0 0.181919 0.816907 0.054228 0.072191
0 0.315650 0.427175 0.052691 0.073351
0 0.781914 0.579432 0.046291 0.070363
0 0.567932 0.829448 0.048512 0.067527
0 0.239147 0.120623 0.049828 0.071757
0 0.405708 0.294228 0.050114 0.067962
0 0.589912 0.721697 0.049509 0.077596
0 0.602050 0.266382 0.056348 0.075715
0 0.124500 0.571662 0.052120 0.069985
0 0.420306 0.467414 0.060919 0.076695
0 0.850942 0.327707 0.055799 0.071148
0 0.183833 0.428969 0.051470 0.068334
0 0.889824 0.798963 0.046389 0.065480
0 0.646380 0.212370 0.047276 0.064230
0 0.817821 0.430560 0.057703 0.083328
0 0.459043 0.606855 0.055527 0.067857
0 0.509245 0.406107 0.053554 0.071534
0 0.152381 0.293515 0.048886 0.067577
0 0.818185 0.717654 0.054234 0.069760
0 0.870970 0.469006 0.049017 0.071451
0 0.984284 0.626687 0.029501 0.071286
0 0.719221 0.201708 0.051786 0.072499
0 0.589062 0.361241 0.058236 0.071778
0 0.572957 0.216223 0.055086 0.068732
0 0.976188 0.195093 0.045537 0.070290
0 0.868622 0.105595 0.050662 0.068369
0 0.925710 0.080928 0.054905 0.078749
0 0.686367 0.444954 0.054892 0.071882
0 0.946322 0.777411 0.056782 0.071556
0 0.044357 0.879741 0.053195 0.080194
0 0.289899 0.183706 0.051308 0.072928
0 0.668156 0.143862 0.053537 0.069512
0 0.868307 0.180402 0.054867 0.068497
0 0.299082 0.294370 0.058931 0.075579
0 0.556245 0.492884 0.056081 0.079293
0 0.871904 0.622835 0.053485 0.073509
0 0.887055 0.393843 0.053187 0.075040
0 0.734180 0.869402 0.054199 0.074435
0 0.219075 0.488254 0.045998 0.073614
0 0.649576 0.867932 0.052445 0.076220
0 0.895454 0.244298 0.050707 0.071962
0 0.616896 0.083404 0.051306 0.068449
0 0.779738 0.065286 0.047888 0.064141
0 0.439831 0.076987 0.054763 0.069821
0 0.381745 0.051583 0.050182 0.070132
0 0.279240 0.359052 0.049397 0.074128
0 0.514156 0.220421 0.048422 0.081543
0 0.374921 0.612387 0.046956 0.075030
0 0.459213 0.150685 0.052153 0.069436
0 0.964194 0.714145 0.051904 0.068964
0 0.830250 0.256314 0.055545 0.073900
0 0.961210 0.127988 0.057846 0.077617
0 0.336122 0.248202 0.051370 0.064883
0 0.417254 0.223452 0.047373 0.069545
0 0.954301 0.268151 0.057799 0.077909
0 0.369565 0.185341 0.048207 0.080200
0 0.594507 0.151254 0.052182 0.073181
0 0.472713 0.332882 0.048501 0.073167
0 0.301050 0.110834 0.049503 0.068019
0 0.721677 0.085646 0.051737 0.071826
0 0.673601 0.529531 0.055756 0.078269
0 0.198392 0.269374 0.046831 0.069072
0 0.962903 0.387259 0.047084 0.069330
1 0.104624 0.879066 0.061121 0.086739
1 0.103260 0.740617 0.061667 0.066722
1 0.152921 0.714345 0.059484 0.065888
1 0.560575 0.672227 0.040929 0.055046
1 0.761674 0.775646 0.063304 0.065054
1 0.718289 0.738115 0.052935 0.083403
1 0.928938 0.858632 0.069307 0.089241
1 0.915022 0.937448 0.075310 0.063386
1 0.513643 0.554212 0.057301 0.074229
1 0.498363 0.487073 0.066032 0.083403
1 0.418960 0.745621 0.072035 0.056714
3 0.084705 0.203920 0.109690 0.149291
3 0.417323 0.843203 0.112419 0.160133
2 0.405590 0.415763 0.030015 0.042535
1 0.575855 0.040450 0.072581 0.070892