0 0.684819 0.220755 0.048637 0.071784
0 0.995534 0.173893 0.007537 0.051938
0 0.908159 0.992636 0.031618 0.012206
0 0.004563 0.565616 0.009126 0.066453
0 0.006349 0.486263 0.012699 0.056829
0 0.004136 0.174565 0.008271 0.053689
0 0.864576 0.993305 0.028716 0.010778
0 0.992384 0.857338 0.013675 0.087453
0 0.991799 0.093118 0.014846 0.074678
0 0.008798 0.273233 0.017537 0.082598
0 0.076616 0.002459 0.030005 0.004919
0 0.467958 0.375988 0.039017 0.075495
0 0.987707 0.757531 0.022727 0.069001
0 0.229693 0.992599 0.027289 0.012239
0 0.990506 0.280277 0.017301 0.074024
0 0.980234 0.974687 0.037526 0.047633
0 0.990656 0.020265 0.017143 0.040454
0 0.191236 0.277541 0.041369 0.097526
0 0.904857 0.008576 0.038675 0.017142
0 0.681771 0.008022 0.038026 0.016044
0 0.669892 0.989655 0.046541 0.017795
0 0.381288 0.984682 0.039865 0.027508
0 0.987302 0.528406 0.023488 0.074945
0 0.869352 0.936237 0.047888 0.071841
0 0.886350 0.564741 0.053038 0.071996
0 0.389585 0.010665 0.039180 0.021330
0 0.645250 0.670003 0.045977 0.070489
0 0.356451 0.427092 0.047495 0.064485
0 0.795831 0.898332 0.049364 0.069745
0 0.137350 0.011473 0.044092 0.022923
0 0.016835 0.736012 0.033646 0.071678
0 0.014879 0.418378 0.029758 0.070788
0 0.981880 0.613394 0.034224 0.076868
0 0.637573 0.604188 0.044252 0.075195
0 0.582028 0.015029 0.046640 0.030057
0 0.021303 0.652849 0.042604 0.075617
0 0.020106 0.344896 0.040189 0.069050
0 0.291009 0.876488 0.047962 0.078488
0 0.768293 0.631677 0.057720 0.058884
0 0.390581 0.305620 0.046178 0.076469
0 0.587445 0.673934 0.045881 0.070846
0 0.746517 0.294168 0.045415 0.076061
0 0.233700 0.833841 0.041488 0.075637
0 0.889346 0.715806 0.041018 0.076971
0 0.858293 0.019141 0.044510 0.038282
0 0.741490 0.928097 0.044106 0.076446
0 0.182161 0.893552 0.043542 0.069712
0 0.215559 0.538542 0.045519 0.081585
0 0.039531 0.031921 0.044211 0.063779
0 0.795148 0.251911 0.041753 0.069870
0 0.730016 0.426878 0.046177 0.073615
0 0.266447 0.504743 0.044588 0.077383
0 0.435939 0.537425 0.046915 0.072465
0 0.654697 0.481113 0.035558 0.072963
0 0.451026 0.787010 0.038832 0.083576
0 0.249917 0.597851 0.044372 0.070266
0 0.161051 0.407224 0.046990 0.078546
0 0.734865 0.226594 0.046394 0.069404
0 0.710212 0.492964 0.045607 0.069755
0 0.674010 0.427607 0.038704 0.064164
0 0.117144 0.578812 0.047313 0.073848
0 0.017513 0.850786 0.035023 0.070764
0 0.266424 0.674360 0.047720 0.082481
0 0.129680 0.774706 0.046752 0.076602
0 0.318597 0.807983 0.039796 0.081154
0 0.799381 0.974779 0.048124 0.047210
0 0.194071 0.467251 0.045197 0.069413
0 0.057278 0.701782 0.049389 0.070439
0 0.398401 0.822534 0.044005 0.080774
0 0.277972 0.796633 0.042137 0.079686
0 0.845768 0.072113 0.048999 0.065309
0 0.317172 0.336385 0.049416 0.071341
0 0.189396 0.032716 0.044853 0.065415
0 0.815337 0.591314 0.043887 0.077277
0 0.613369 0.742295 0.045114 0.069062
0 0.118370 0.057113 0.044159 0.075257
0 0.048873 0.510596 0.038953 0.067522
0 0.289385 0.035079 0.042138 0.070041
0 0.465488 0.585169 0.046140 0.072626
0 0.354605 0.852386 0.040433 0.070214
0 0.611780 0.933831 0.043202 0.075938
0 0.486608 0.757121 0.046832 0.086713
0 0.631092 0.414585 0.045020 0.065966
0 0.583766 0.516560 0.047261 0.067971
0 0.963765 0.065212 0.049291 0.080526
0 0.243856 0.380250 0.042559 0.067737
0 0.287816 0.424086 0.045645 0.075748
0 0.080640 0.875114 0.044499 0.062359
0 0.777098 0.180525 0.047003 0.077428
0 0.275888 0.284369 0.043684 0.076831
0 0.074559 0.806613 0.044035 0.065860
0 0.933274 0.375961 0.043917 0.079665
0 0.610105 0.469349 0.046766 0.066733
0 0.914731 0.637231 0.040418 0.090388
0 0.733942 0.030796 0.046035 0.061591
0 0.712810 0.727317 0.042172 0.078061
0 0.516401 0.603021 0.046210 0.076079
0 0.971717 0.915543 0.051611 0.077293
0 0.136033 0.329760 0.046638 0.084802
0 0.036693 0.581706 0.051356 0.071425
0 0.587777 0.861782 0.046816 0.073877
0 0.119663 0.929872 0.046242 0.075681
0 0.363104 0.370281 0.048452 0.066726
0 0.355224 0.544322 0.045159 0.081467
0 0.421534 0.950082 0.045709 0.085696
0 0.089992 0.298741 0.040198 0.075390
0 0.544362 0.246244 0.041107 0.082515
0 0.669685 0.933924 0.049157 0.081461
0 0.471048 0.110778 0.045440 0.077053
0 0.253703 0.211250 0.043914 0.068754
0 0.312741 0.514008 0.045444 0.077833
0 0.345379 0.035395 0.047904 0.070705
0 0.677273 0.797806 0.048287 0.072086
0 0.189776 0.802695 0.042804 0.082127
0 0.959628 0.710224 0.045968 0.071023
0 0.081216 0.966272 0.055363 0.064299
0 0.780512 0.417990 0.044122 0.078203
0 0.589425 0.603892 0.043379 0.071950
0 0.041472 0.110155 0.044198 0.077749
0 0.042554 0.287175 0.044817 0.084808
0 0.692291 0.106121 0.045165 0.077059
0 0.239556 0.937765 0.047098 0.071458
0 0.087996 0.137758 0.045278 0.075403
0 0.153171 0.253457 0.045112 0.080241
0 0.318508 0.096667 0.045825 0.074043
0 0.796933 0.073527 0.044164 0.076710
0 0.425502 0.408598 0.048416 0.074674
0 0.488221 0.669265 0.043985 0.075005
0 0.422419 0.696612 0.047176 0.074466
0 0.376655 0.925066 0.044195 0.083146
0 0.700523 0.311159 0.044112 0.081646
0 0.507983 0.419950 0.044829 0.074100
0 0.272026 0.124922 0.042757 0.083241
0 0.426191 0.147225 0.041141 0.084461
0 0.831560 0.351282 0.042274 0.085201
0 0.588461 0.223641 0.044875 0.078169
0 0.243248 0.047078 0.043484 0.071213
0 0.322241 0.677040 0.048523 0.078181
0 0.088699 0.492870 0.043878 0.073083
0 0.728704 0.828147 0.048012 0.077199
0 0.575574 0.148475 0.041854 0.069644
0 0.961396 0.142772 0.043856 0.075316
0 0.379078 0.179617 0.048905 0.069910
0 0.156169 0.106563 0.050052 0.081331
0 0.460897 0.038486 0.051553 0.075130
0 0.924817 0.807010 0.046152 0.070248
0 0.448248 0.469786 0.051139 0.075105
0 0.883217 0.323780 0.044398 0.081424
0 0.213060 0.120072 0.045600 0.074647
0 0.513911 0.057797 0.046576 0.077022
0 0.413343 0.069730 0.047436 0.074442
0 0.510031 0.318752 0.043457 0.090561
0 0.344150 0.267615 0.045957 0.077281
0 0.525204 0.153462 0.047439 0.076285
0 0.872434 0.241675 0.044053 0.085369
0 0.603784 0.322325 0.044399 0.074017
0 0.556129 0.434471 0.043891 0.085106
1 0.313636 0.221852 0.040383 0.073394
1 0.234233 0.293995 0.036563 0.092577
1 0.584587 0.074646 0.049661 0.072560
1 0.633975 0.145121 0.050206 0.083403
1 0.662352 0.056714 0.041475 0.073394
1 0.833436 0.196831 0.046386 0.088407
1 0.873547 0.144704 0.050206 0.085905
1 0.915840 0.124270 0.046386 0.083403
1 0.960044 0.226022 0.052935 0.070058
1 0.963318 0.311093 0.047478 0.086739
1 0.985343 0.414512 0.029315 0.093411
1 0.972595 0.454128 0.051844 0.077565
1 0.923753 0.453294 0.049115 0.080901
1 0.894557 0.507089 0.054027 0.061718
1 0.960044 0.566722 0.051844 0.077565
1 0.829889 0.521268 0.046932 0.085071
1 0.779410 0.539616 0.040929 0.091743
1 0.874638 0.639283 0.044749 0.082569
1 0.739299 0.561718 0.055664 0.084237
1 0.872183 0.817765 0.055118 0.067556
1 0.840531 0.811093 0.044204 0.074229
1 0.783503 0.839450 0.056755 0.072560
1 0.861814 0.880317 0.055118 0.064220
1 0.760855 0.708507 0.035472 0.080901
1 0.395221 0.750209 0.054027 0.069224
1 0.554572 0.564220 0.042021 0.102585
1 0.675450 0.579650 0.045841 0.088407
3 0.824159 0.712260 0.093319 0.155129
5 0.158924 0.668474 0.084587 0.127606
2 0.319093 0.155546 0.024012 0.032527
2 0.114720 0.692244 0.020192 0.033361
2 0.220590 0.767306 0.020192 0.036697