0 0.566434 0.921608 0.050627 0.067160
0 0.795953 0.176260 0.039093 0.072388
0 0.117999 0.484115 0.047979 0.069893
0 0.644760 0.409865 0.049389 0.072371
0 0.661091 0.460953 0.044731 0.073292
0 0.573645 0.969890 0.052943 0.057413
0 0.997807 0.923285 0.004199 0.061397
0 0.768181 0.273744 0.045092 0.074681
0 0.745927 0.315384 0.047349 0.075744
0 0.654735 0.994314 0.031628 0.009949
0 0.808768 0.423001 0.049887 0.078326
0 0.455504 0.060469 0.048918 0.077613
0 0.705343 0.827140 0.045815 0.064289
0 0.729334 0.787180 0.044763 0.074648
0 0.611772 0.993015 0.036167 0.012356
0 0.995910 0.058434 0.007007 0.055084
0 0.827307 0.370655 0.049681 0.076612
0 0.431993 0.031689 0.044663 0.063327
0 0.572837 0.424487 0.047787 0.073923
0 0.236168 0.005089 0.035673 0.010178
0 0.006011 0.311543 0.012023 0.063540
0 0.533576 0.402973 0.051411 0.078543
0 0.006830 0.028906 0.013660 0.057801
0 0.867637 0.140383 0.049511 0.075466
0 0.316651 0.485974 0.048773 0.080979
0 0.993854 0.533829 0.011329 0.065702
0 0.298298 0.019692 0.043843 0.039383
0 0.227736 0.934007 0.046164 0.075234
0 0.992678 0.137144 0.013274 0.069231
0 0.008488 0.953741 0.016977 0.070791
0 0.200717 0.906192 0.042752 0.060719
0 0.008819 0.856965 0.017623 0.079058
0 0.037541 0.988586 0.043170 0.020082
0 0.088662 0.536281 0.048565 0.072414
0 0.819394 0.011433 0.045854 0.022867
0 0.989122 0.342126 0.020638 0.068911
0 0.392040 0.018263 0.043035 0.036526
0 0.924133 0.986780 0.056319 0.024038
0 0.050110 0.561521 0.050613 0.075985
0 0.989770 0.833690 0.019309 0.073549
0 0.086280 0.976290 0.049488 0.044524
0 0.844141 0.303890 0.047638 0.061355
0 0.638536 0.542971 0.049441 0.075752
0 0.155039 0.585351 0.052231 0.077037
0 0.789253 0.845693 0.068712 0.099130
0 0.517039 0.981928 0.055004 0.033484
0 0.649330 0.798696 0.042239 0.067082
0 0.613071 0.864650 0.075843 0.084455
0 0.238780 0.617912 0.044426 0.074601
0 0.833870 0.907932 0.076300 0.080043
0 0.100282 0.929888 0.044260 0.063731
0 0.415496 0.983666 0.047945 0.029893
0 0.025083 0.626051 0.050166 0.084596
0 0.830914 0.600337 0.038530 0.071756
0 0.478037 0.523952 0.047558 0.066708
0 0.270265 0.046240 0.050871 0.071383
0 0.099043 0.633235 0.073986 0.085332
0 0.133084 0.968121 0.049759 0.061405
0 0.191965 0.630829 0.052391 0.080443
0 0.107810 0.020017 0.041834 0.040033
0 0.986563 0.267132 0.025865 0.068088
0 0.718264 0.418022 0.052344 0.078977
0 0.817026 0.248405 0.047160 0.071500
0 0.689818 0.968156 0.048098 0.060927
0 0.021480 0.507015 0.042957 0.072376
0 0.679210 0.015676 0.048685 0.031351
0 0.149688 0.755421 0.048349 0.073899
0 0.463953 0.853033 0.044626 0.075028
0 0.975378 0.967065 0.047792 0.064015
0 0.265379 0.701030 0.048249 0.079536
0 0.894817 0.365601 0.042297 0.064404
0 0.612031 0.483672 0.049552 0.077554
0 0.977818 0.020559 0.043000 0.041090
0 0.187600 0.977402 0.048975 0.042736
0 0.142736 0.371743 0.047711 0.073285
0 0.710965 0.903826 0.048055 0.079676
0 0.353412 0.927696 0.047525 0.076412
0 0.854620 0.461401 0.046036 0.074494
0 0.312002 0.722967 0.048671 0.077656
0 0.392547 0.073705 0.049777 0.065233
0 0.103099 0.720912 0.063561 0.090014
0 0.694767 0.347112 0.051975 0.074608
0 0.976108 0.434779 0.047134 0.113458
0 0.203065 0.390702 0.048018 0.081973
0 0.590697 0.681367 0.048247 0.073822
0 0.823195 0.526222 0.055697 0.069116
0 0.359567 0.750190 0.049642 0.070528
0 0.134068 0.823877 0.046335 0.071505
0 0.931659 0.577545 0.044717 0.067422
0 0.178211 0.316665 0.053102 0.075147
0 0.028631 0.350788 0.047761 0.077611
0 0.404183 0.472535 0.054352 0.071170
0 0.282290 0.424008 0.054731 0.075317
0 0.493344 0.916407 0.049999 0.078520
0 0.806291 0.740750 0.046813 0.067110
0 0.981021 0.707436 0.036745 0.082132
0 0.896672 0.876528 0.044670 0.072568
0 0.550550 0.640901 0.050656 0.073768
0 0.872229 0.968112 0.050748 0.061756
0 0.216938 0.800748 0.048983 0.077856
0 0.286226 0.864408 0.048696 0.078715
0 0.409010 0.883674 0.047379 0.074651
0 0.323495 0.577017 0.050306 0.087461
0 0.352099 0.206893 0.047584 0.075190
0 0.091500 0.337058 0.047243 0.075954
0 0.406073 0.393310 0.063005 0.089641
0 0.022911 0.771652 0.045822 0.081897
0 0.689125 0.745532 0.049862 0.082268
0 0.920805 0.810348 0.044721 0.070229
0 0.531670 0.495366 0.047041 0.087162
0 0.620848 0.741176 0.049903 0.075231
0 0.290269 0.963929 0.048688 0.069127
0 0.847006 0.809361 0.051744 0.076101
0 0.607267 0.289957 0.053001 0.074822
0 0.082477 0.870028 0.047534 0.071444
0 0.355618 0.660725 0.052384 0.072222
0 0.676718 0.246954 0.051802 0.088581
0 0.488765 0.772660 0.050337 0.081586
0 0.367284 0.833315 0.053400 0.084801
0 0.966111 0.627864 0.050626 0.083288
0 0.561850 0.801739 0.052503 0.078026
0 0.574540 0.020002 0.042911 0.039978
0 0.635580 0.199275 0.045467 0.082268
0 0.659940 0.064024 0.046978 0.074419
0 0.342729 0.282445 0.046814 0.071598
0 0.317028 0.083377 0.050470 0.077571
0 0.556620 0.329530 0.051994 0.080402
0 0.458193 0.704067 0.044692 0.077265
0 0.413324 0.734625 0.047187 0.077151
0 0.638893 0.637048 0.049627 0.077125
0 0.247146 0.203610 0.046935 0.081851
0 0.625805 0.115463 0.047291 0.065859
0 0.963204 0.091742 0.047186 0.070813
0 0.695991 0.564563 0.051745 0.082996
0 0.876285 0.723918 0.053129 0.080370
0 0.590952 0.219948 0.047581 0.071617
0 0.061159 0.034417 0.046607 0.068834
0 0.961443 0.519395 0.048114 0.072737
0 0.956274 0.867188 0.048782 0.079454
0 0.552987 0.168527 0.045248 0.071024
0 0.459290 0.455614 0.051402 0.082263
0 0.848175 0.050817 0.049232 0.075273
0 0.872871 0.635761 0.047350 0.078677
0 0.901411 0.215224 0.049279 0.074359
0 0.717905 0.163000 0.047552 0.077550
0 0.199071 0.250996 0.053141 0.080481
0 0.103117 0.104992 0.053002 0.076819
0 0.201037 0.045110 0.050026 0.073271
0 0.701636 0.651743 0.054170 0.082627
0 0.892786 0.291733 0.046361 0.072967
0 0.479153 0.329758 0.051060 0.078591
0 0.576296 0.084362 0.045712 0.073599
0 0.216270 0.133882 0.046794 0.083620
0 0.142818 0.049860 0.050755 0.080937
0 0.909972 0.064284 0.046696 0.082723
0 0.038626 0.252260 0.045827 0.073328
0 0.413766 0.247932 0.047324 0.070673
0 0.711818 0.081083 0.044356 0.075504
0 0.932966 0.153843 0.048171 0.076231
0 0.509577 0.102300 0.047648 0.076985
0 0.761339 0.120368 0.044692 0.083758
0 0.507628 0.209419 0.048392 0.080968
0 0.132856 0.234913 0.052092 0.080593
0 0.762483 0.622813 0.048834 0.078242
0 0.048708 0.164481 0.050447 0.074251
2 0.384577 0.123361 0.024176 0.036949
2 0.445018 0.302741 0.023396 0.033373
2 0.233670 0.398093 0.015598 0.026222
2 0.514038 0.548868 0.031975 0.048868
2 0.931665 0.356973 0.026516 0.036949
2 0.632580 0.019070 0.019497 0.026222
2 0.255897 0.803933 0.024176 0.034565
2 0.190777 0.834327 0.021837 0.033373
2 0.130726 0.877235 0.026516 0.035757
1 0.171280 0.102503 0.037434 0.054827
2 0.931275 0.911204 0.022617 0.034565
1 0.282023 0.535757 0.057711 0.075089
3 0.224312 0.513111 0.124781 0.182360
1 0.014930 0.412844 0.029860 0.051710