0 0.995799 0.381109 0.007048 0.047917
0 0.997218 0.148091 0.004763 0.041054
0 0.004701 0.225561 0.009401 0.057962
0 0.403453 0.004572 0.034991 0.009067
0 0.568003 0.010146 0.043887 0.020292
0 0.666588 0.988046 0.039849 0.020941
0 0.128311 0.993106 0.030756 0.011588
0 0.004620 0.467541 0.009239 0.059165
0 0.991919 0.702483 0.014495 0.074947
0 0.006869 0.597197 0.013738 0.077591
0 0.007309 0.338617 0.014618 0.076786
0 0.926683 0.300250 0.049208 0.081228
0 0.037319 0.424363 0.045684 0.072025
0 0.869236 0.007921 0.037061 0.015842
0 0.126918 0.008358 0.036236 0.016717
0 0.101793 0.354780 0.041414 0.071411
0 0.011994 0.860283 0.023973 0.080607
0 0.989402 0.454179 0.019258 0.068481
0 0.471728 0.983738 0.038511 0.029383
0 0.868301 0.814485 0.051219 0.075964
0 0.311554 0.986214 0.051544 0.024353
0 0.694703 0.662743 0.047751 0.073209
0 0.693064 0.955358 0.051780 0.072774
0 0.090415 0.972592 0.045750 0.051578
0 0.012524 0.683006 0.025048 0.070496
0 0.068101 0.012223 0.041823 0.024447
0 0.233572 0.868335 0.046024 0.069723
0 0.069838 0.889101 0.046827 0.081219
0 0.617819 0.824225 0.043048 0.078427
0 0.251020 0.982902 0.047385 0.030932
0 0.351505 0.416689 0.049708 0.084745
0 0.428307 0.543230 0.045254 0.075612
0 0.489403 0.020093 0.051609 0.040186
0 0.784922 0.549353 0.043464 0.077734
0 0.137237 0.214809 0.041373 0.073054
0 0.379337 0.879304 0.044008 0.069276
0 0.024364 0.786939 0.042110 0.065714
0 0.238557 0.935732 0.050071 0.073638
0 0.470789 0.773787 0.049436 0.065927
0 0.427287 0.395382 0.044550 0.070674
0 0.111565 0.158663 0.049103 0.067489
0 0.124205 0.743890 0.044743 0.080596
0 0.610932 0.743974 0.043953 0.070057
0 0.424707 0.733330 0.053227 0.062563
0 0.489291 0.396291 0.049441 0.078899
0 0.840742 0.525980 0.043019 0.071820
0 0.040027 0.613463 0.044859 0.072527
0 0.985022 0.926608 0.028090 0.071072
0 0.090229 0.438238 0.043071 0.070351
0 0.193396 0.836602 0.047076 0.089463
0 0.178824 0.759677 0.052252 0.064083
0 0.278573 0.896988 0.046402 0.076312
0 0.658197 0.721980 0.042394 0.072126
0 0.024339 0.547452 0.042292 0.064261
0 0.040282 0.354546 0.040060 0.066277
0 0.503571 0.570413 0.055857 0.073876
0 0.919136 0.667428 0.045968 0.082668
0 0.485171 0.706753 0.051055 0.072699
0 0.045589 0.842534 0.045716 0.074096
0 0.567211 0.740927 0.042183 0.073343
0 0.614763 0.026594 0.048339 0.053145
0 0.833685 0.975810 0.050952 0.045072
0 0.632687 0.956579 0.045270 0.077241
0 0.698487 0.783273 0.046075 0.077925
0 0.700447 0.522143 0.041408 0.080438
0 0.221549 0.014958 0.046312 0.029917
0 0.402545 0.658308 0.049710 0.071662
0 0.520132 0.752418 0.045195 0.074091
0 0.816466 0.614002 0.044712 0.074143
0 0.279985 0.434663 0.058632 0.056975
0 0.101950 0.595687 0.045707 0.073087
0 0.364960 0.599168 0.053520 0.084867
0 0.400068 0.343606 0.041272 0.079463
0 0.517230 0.472936 0.051453 0.082666
0 0.288938 0.757252 0.049907 0.073386
0 0.727004 0.723988 0.045880 0.066316
0 0.747638 0.647800 0.042674 0.076974
0 0.878037 0.637361 0.047203 0.080194
0 0.477984 0.307510 0.044205 0.081293
0 0.727377 0.396254 0.055665 0.088175
0 0.647040 0.134930 0.042259 0.079424
0 0.906879 0.386471 0.045449 0.076128
0 0.617941 0.657602 0.050195 0.082009
0 0.826710 0.432086 0.042875 0.072165
0 0.400136 0.196441 0.047432 0.081909
0 0.405906 0.475293 0.049568 0.079616
0 0.772715 0.971408 0.049694 0.053992
0 0.090783 0.528360 0.048636 0.072656
0 0.987365 0.538078 0.023161 0.064128
0 0.582828 0.552068 0.042536 0.084684
0 0.608821 0.096275 0.047412 0.077115
0 0.668077 0.884151 0.049427 0.070435
0 0.027526 0.957763 0.044126 0.070430
0 0.979216 0.608750 0.039501 0.072301
0 0.476990 0.846216 0.048197 0.069713
0 0.563387 0.410136 0.045451 0.071277
0 0.184613 0.973908 0.050566 0.048880
0 0.621527 0.402743 0.045909 0.072766
0 0.421114 0.972171 0.051984 0.052513
0 0.418446 0.806016 0.046688 0.073852
0 0.778315 0.325331 0.048890 0.079624
0 0.781616 0.904235 0.043935 0.077337
0 0.250665 0.690369 0.045975 0.078791
0 0.801999 0.681004 0.048939 0.073798
0 0.041713 0.721526 0.046363 0.073247
0 0.129446 0.860577 0.054407 0.071428
0 0.137268 0.677588 0.049894 0.078050
0 0.236838 0.778881 0.047785 0.077809
0 0.358815 0.811970 0.052922 0.074508
0 0.038173 0.205480 0.050972 0.080036
0 0.143986 0.401904 0.045287 0.081832
0 0.020238 0.110025 0.040477 0.077678
0 0.324322 0.301546 0.040808 0.083780
0 0.490866 0.931299 0.049342 0.079467
0 0.798491 0.789244 0.047135 0.074851
0 0.068713 0.304647 0.047567 0.075915
0 0.628059 0.588131 0.049423 0.074415
0 0.562722 0.333591 0.047488 0.073883
0 0.244020 0.378847 0.051863 0.072310
0 0.935598 0.513726 0.041226 0.070647
0 0.301907 0.680411 0.057151 0.074529
0 0.885093 0.967372 0.047195 0.062054
0 0.407246 0.041476 0.042588 0.064113
0 0.191835 0.387259 0.046255 0.076478
0 0.540501 0.974281 0.046135 0.048216
0 0.742547 0.528885 0.043436 0.083199
0 0.336805 0.512426 0.049530 0.081412
0 0.356674 0.329953 0.041002 0.082011
0 0.236541 0.612355 0.053600 0.077125
0 0.113189 0.938998 0.052233 0.084307
0 0.779770 0.029599 0.056966 0.059103
0 0.852384 0.310288 0.050134 0.071041
0 0.608074 0.296389 0.047556 0.080477
0 0.626589 0.212189 0.049564 0.073018
0 0.732994 0.891980 0.051637 0.080320
0 0.940301 0.439499 0.047442 0.067694
0 0.865327 0.400669 0.040236 0.084162
0 0.317584 0.935478 0.050522 0.071478
0 0.291189 0.589068 0.049281 0.074921
0 0.519894 0.064864 0.050901 0.084500
0 0.922157 0.914507 0.050878 0.078577
0 0.886151 0.507070 0.048738 0.069965
0 0.694259 0.093882 0.046472 0.074802
0 0.137130 0.106691 0.046544 0.080178
0 0.435590 0.906948 0.048711 0.074212
0 0.231999 0.533710 0.053561 0.083520
0 0.833867 0.238257 0.050855 0.076873
0 0.326257 0.168029 0.054734 0.075423
0 0.662644 0.335594 0.053433 0.082762
0 0.728888 0.316615 0.048594 0.072538
0 0.648686 0.481923 0.046470 0.082341
0 0.520420 0.224086 0.047640 0.079530
0 0.717367 0.239765 0.048267 0.068998
0 0.315583 0.086278 0.047618 0.078867
0 0.370937 0.121996 0.044570 0.073096
0 0.982758 0.072324 0.032627 0.084672
0 0.456603 0.054519 0.043626 0.074830
0 0.766882 0.256618 0.045222 0.063308
0 0.960370 0.702226 0.047754 0.083964
0 0.491898 0.136829 0.047569 0.075239
0 0.687856 0.175707 0.049047 0.075707
0 0.981973 0.849322 0.034151 0.073452
0 0.183136 0.202071 0.043948 0.078515
0 0.176612 0.086876 0.044947 0.077135
0 0.664612 0.036040 0.044851 0.072080
0 0.284624 0.510876 0.051072 0.080692
0 0.349098 0.037399 0.046383 0.066755
0 0.196674 0.309103 0.052488 0.071398
0 0.432699 0.292713 0.048580 0.081306
0 0.187283 0.641491 0.053089 0.083715
0 0.783738 0.101333 0.044206 0.075226
0 0.541035 0.138905 0.048676 0.081580
0 0.094777 0.238499 0.048948 0.077680
0 0.139587 0.519591 0.047518 0.082576
0 0.853228 0.737288 0.050413 0.077221
0 0.075171 0.097713 0.049522 0.082150
0 0.423977 0.131746 0.045193 0.074509
0 0.270848 0.166668 0.047209 0.075806
0 0.565648 0.243628 0.044600 0.089156
0 0.925813 0.588186 0.054159 0.073475
0 0.943471 0.841807 0.045596 0.081118
0 0.219479 0.150292 0.042300 0.073566
0 0.220294 0.069446 0.048023 0.079527
0 0.889243 0.252185 0.053597 0.074609
0 0.956916 0.193852 0.050970 0.078050
0 0.917307 0.041285 0.045681 0.078412
0 0.850753 0.164175 0.054267 0.073661
0 0.781997 0.181579 0.048925 0.068666
0 0.930911 0.127718 0.043311 0.074124
0 0.978754 0.319851 0.040485 0.076637
0 0.867845 0.088628 0.049743 0.078840
1 0.031225 0.040450 0.046386 0.072560
1 0.976961 0.410342 0.037655 0.080067
1 0.556482 0.663470 0.045841 0.077565
1 0.589498 0.909925 0.051844 0.085071
1 0.542021 0.539616 0.046386 0.081735
1 0.516099 0.648874 0.049115 0.086739
4 0.561939 0.829024 0.101504 0.133445
5 0.271615 0.301918 0.072035 0.115096