0 0.002884 0.109580 0.005768 0.055716
0 0.603004 0.994672 0.032031 0.008727
0 0.394812 0.991615 0.040457 0.014534
0 0.790273 0.165779 0.052193 0.076451
0 0.942086 0.123798 0.050811 0.081571
0 0.992597 0.192001 0.013013 0.066814
0 0.007564 0.930091 0.015129 0.068583
0 0.122085 0.991991 0.038753 0.013248
0 0.969245 0.006708 0.038184 0.013415
0 0.990624 0.781114 0.016880 0.071953
0 0.269791 0.426081 0.048656 0.076544
0 0.339852 0.006831 0.044094 0.013662
0 0.868892 0.814219 0.046973 0.076378
0 0.795982 0.466445 0.043058 0.076957
0 0.283719 0.010995 0.042432 0.021990
0 0.015153 0.043302 0.030306 0.066569
0 0.548618 0.977673 0.053389 0.041317
0 0.419165 0.425178 0.052038 0.083117
0 0.691880 0.011317 0.041388 0.022633
0 0.195182 0.014259 0.043872 0.028519
0 0.970086 0.981029 0.046357 0.034679
0 0.909359 0.010292 0.045530 0.020585
0 0.786789 0.984606 0.048445 0.027576
0 0.656311 0.614581 0.053004 0.077829
0 0.914034 0.875300 0.052179 0.077609
0 0.970428 0.569890 0.052000 0.072213
0 0.124433 0.020613 0.047299 0.041226
0 0.418275 0.018773 0.047991 0.037547
0 0.737560 0.622982 0.039159 0.059837
0 0.954644 0.620534 0.056197 0.081114
0 0.330878 0.453955 0.044490 0.068276
0 0.346806 0.391172 0.046892 0.055592
0 0.279817 0.955062 0.049530 0.075048
0 0.187793 0.772166 0.040938 0.065970
0 0.497657 0.410745 0.044913 0.071951
0 0.121725 0.204865 0.047651 0.071514
0 0.602090 0.905346 0.053890 0.077352
0 0.393504 0.358104 0.044886 0.077195
0 0.099498 0.466839 0.044449 0.064318
0 0.856936 0.017872 0.053139 0.035744
0 0.090039 0.117619 0.043800 0.069561
0 0.322954 0.277584 0.048015 0.080329
0 0.633360 0.755134 0.048575 0.074588
0 0.510655 0.301329 0.047016 0.080206
0 0.375291 0.901797 0.046961 0.074901
0 0.082946 0.398338 0.051472 0.080338
0 0.249118 0.153862 0.051450 0.072575
0 0.117594 0.933082 0.052185 0.077701
0 0.058274 0.512787 0.046647 0.076165
0 0.479465 0.726784 0.055395 0.080292
0 0.601192 0.358912 0.049868 0.074758
0 0.036301 0.449455 0.048661 0.077774
0 0.064180 0.030034 0.047549 0.060068
0 0.518405 0.775418 0.046026 0.076163
0 0.917108 0.980507 0.046551 0.036015
0 0.632469 0.026720 0.049777 0.053396
0 0.726018 0.493885 0.044915 0.069001
0 0.163884 0.962492 0.048723 0.071770
0 0.663456 0.882345 0.047565 0.070328
0 0.044783 0.847870 0.048473 0.082472
0 0.644192 0.307197 0.055101 0.083460
0 0.176436 0.223875 0.045701 0.072742
0 0.093370 0.866238 0.047581 0.081338
0 0.745549 0.295510 0.047640 0.070126
0 0.776310 0.688022 0.047331 0.077705
0 0.150839 0.722093 0.051531 0.079968
0 0.596333 0.442226 0.049534 0.080222
0 0.109662 0.282634 0.049096 0.071823
0 0.194905 0.385127 0.051627 0.072155
0 0.105879 0.538093 0.047578 0.074626
0 0.816020 0.233579 0.041898 0.074540
0 0.172226 0.056135 0.046070 0.069431
0 0.644924 0.964277 0.050698 0.068102
0 0.812740 0.772230 0.046242 0.073079
0 0.567634 0.056596 0.047118 0.072423
0 0.467436 0.275355 0.053317 0.093588
0 0.251654 0.326497 0.048101 0.074352
0 0.644056 0.225397 0.051905 0.070692
0 0.648367 0.402133 0.047824 0.068823
0 0.029005 0.226942 0.044795 0.068102
0 0.731756 0.734942 0.046756 0.079371
0 0.980056 0.314275 0.037778 0.074581
0 0.331923 0.943553 0.047227 0.077753
0 0.132350 0.635445 0.051252 0.079861
0 0.040599 0.110733 0.048760 0.076936
0 0.057011 0.288519 0.052774 0.070037
0 0.601046 0.147011 0.045815 0.071496
0 0.304859 0.070765 0.048601 0.069802
0 0.694456 0.557765 0.051311 0.079503
0 0.317696 0.836689 0.049568 0.070025
0 0.699459 0.412932 0.046673 0.080320
0 0.459775 0.043208 0.049457 0.081126
0 0.568036 0.671519 0.051670 0.082945
0 0.785404 0.351881 0.045198 0.073122
0 0.267312 0.874847 0.056580 0.079433
0 0.342955 0.212681 0.051843 0.084476
0 0.178228 0.307885 0.049311 0.077966
0 0.274057 0.259556 0.045865 0.068761
0 0.907748 0.065458 0.040013 0.075598
0 0.511303 0.530669 0.050120 0.080096
0 0.381409 0.277516 0.049714 0.079769
0 0.513943 0.912882 0.053776 0.078333
0 0.228226 0.608711 0.049131 0.076467
0 0.028589 0.719685 0.053868 0.072971
0 0.563930 0.188396 0.053119 0.081738
0 0.936659 0.432951 0.050762 0.076680
0 0.695611 0.939231 0.046166 0.079894
0 0.817038 0.076938 0.043310 0.076482
0 0.651304 0.145922 0.046189 0.077549
0 0.314421 0.751186 0.045159 0.077740
0 0.875517 0.720506 0.052210 0.078075
0 0.263031 0.519544 0.045233 0.087112
0 0.574861 0.582845 0.052836 0.083673
0 0.784711 0.894769 0.047533 0.072479
0 0.903246 0.642527 0.050852 0.077243
0 0.443415 0.352621 0.051721 0.082345
0 0.555341 0.269240 0.051478 0.076351
0 0.216603 0.273036 0.050475 0.081840
0 0.751393 0.409264 0.050523 0.079949
0 0.757056 0.222134 0.043871 0.067327
0 0.179629 0.579554 0.050472 0.077778
0 0.698170 0.213598 0.049870 0.078621
0 0.080808 0.607294 0.049206 0.063789
0 0.536693 0.360788 0.051558 0.078710
0 0.552253 0.499415 0.052254 0.076147
0 0.498847 0.646774 0.048671 0.078657
0 0.976973 0.929374 0.044052 0.076771
0 0.158122 0.130094 0.049620 0.073214
0 0.891933 0.385068 0.049577 0.078411
0 0.307136 0.590065 0.050283 0.075741
0 0.379853 0.531776 0.050051 0.075918
0 0.865985 0.220156 0.049691 0.073241
0 0.324928 0.136554 0.050512 0.071960
0 0.838579 0.306917 0.052388 0.079650
0 0.668064 0.805661 0.050047 0.077103
0 0.973835 0.065615 0.044714 0.075914
0 0.447872 0.196281 0.050288 0.071462
0 0.094515 0.711525 0.045649 0.077292
0 0.866449 0.910417 0.052020 0.078397
0 0.510357 0.059606 0.046159 0.077795
0 0.265354 0.769101 0.050172 0.073754
0 0.442029 0.120332 0.051330 0.072691
0 0.453736 0.820290 0.049113 0.080328
0 0.699944 0.327338 0.048051 0.078698
0 0.846032 0.421857 0.044729 0.088002
0 0.764228 0.038283 0.049080 0.076567
0 0.851578 0.526110 0.048776 0.079096
0 0.871950 0.138267 0.051728 0.074511
0 0.845516 0.971418 0.056370 0.053840
0 0.915348 0.258421 0.048634 0.074530
0 0.746764 0.951097 0.048733 0.086146
0 0.936318 0.334147 0.052601 0.083432
0 0.956359 0.705032 0.051594 0.077129
0 0.452166 0.532224 0.052789 0.084660
0 0.713183 0.136327 0.053019 0.077393
0 0.369443 0.819705 0.052675 0.081713
2 0.104351 0.162636 0.023466 0.031693
2 0.367117 0.094662 0.021829 0.035863
2 0.248695 0.466639 0.018555 0.030859
2 0.376940 0.747289 0.017463 0.031693
2 0.966593 0.474145 0.024558 0.032527
1 0.111991 0.354462 0.047478 0.065054
1 0.956770 0.518349 0.063850 0.065888
1 0.388673 0.971643 0.059484 0.056714
1 0.032939 0.793161 0.065878 0.073394
4 0.241601 0.060467 0.092773 0.120934
4 0.439971 0.914929 0.110782 0.133445