0 0.996349 0.663904 0.006571 0.061780
0 0.005374 0.114632 0.010739 0.062900
0 0.376791 0.632162 0.051572 0.078211
0 0.002042 0.027377 0.004042 0.054212
0 0.381173 0.571884 0.045537 0.066788
0 0.851796 0.994794 0.037674 0.008749
0 0.004638 0.816165 0.009276 0.062348
0 0.009032 0.716352 0.018043 0.076946
0 0.698466 0.074817 0.049636 0.079999
0 0.193342 0.992381 0.036435 0.013046
0 0.989295 0.794314 0.019820 0.076755
0 0.398392 0.763364 0.051964 0.079237
0 0.069029 0.008149 0.039099 0.016298
0 0.987211 0.022929 0.024057 0.045853
0 0.978276 0.275976 0.041260 0.080518
0 0.242321 0.983092 0.043637 0.031079
0 0.896239 0.010954 0.046625 0.021907
0 0.101380 0.033885 0.047959 0.067770
0 0.414983 0.710736 0.050978 0.072177
0 0.686867 0.903044 0.057291 0.074197
0 0.023284 0.199268 0.046569 0.078027
0 0.701043 0.848328 0.055194 0.078146
0 0.347390 0.780277 0.045525 0.078435
0 0.551257 0.116889 0.052640 0.069525
0 0.706490 0.015692 0.050697 0.031384
0 0.063160 0.971952 0.046508 0.052916
0 0.423546 0.547652 0.046814 0.078423
0 0.069255 0.196178 0.040161 0.070818
0 0.457626 0.594227 0.044044 0.073788
0 0.601501 0.706668 0.051319 0.086964
0 0.233710 0.176390 0.051462 0.083027
0 0.432607 0.015934 0.046887 0.031825
0 0.569856 0.618712 0.047569 0.072323
0 0.035876 0.657669 0.053236 0.085728
0 0.471020 0.866211 0.049215 0.074202
0 0.627063 0.437535 0.051054 0.083342
0 0.257283 0.505474 0.050751 0.079831
0 0.553762 0.545881 0.049364 0.072568
0 0.016864 0.577489 0.033728 0.072512
0 0.344656 0.922239 0.046691 0.079272
0 0.612411 0.877003 0.049419 0.072427
0 0.659139 0.499778 0.051675 0.077779
0 0.049506 0.878101 0.050180 0.079932
0 0.462772 0.373760 0.048381 0.072494
0 0.167580 0.958300 0.048456 0.073783
0 0.470051 0.784388 0.057128 0.076833
0 0.667686 0.373584 0.053502 0.071196
0 0.559590 0.020662 0.043723 0.041323
0 0.771077 0.022745 0.047370 0.045474
0 0.503393 0.908937 0.044059 0.065771
0 0.585669 0.248906 0.041649 0.067263
0 0.524891 0.661242 0.049070 0.077032
0 0.275615 0.578222 0.054151 0.072338
0 0.193762 0.894927 0.055880 0.086989
0 0.614541 0.202192 0.044283 0.067535
0 0.540707 0.457927 0.046119 0.072276
0 0.237072 0.632386 0.048519 0.078006
0 0.044079 0.774304 0.050584 0.079589
0 0.556037 0.763010 0.054346 0.078622
0 0.171266 0.033773 0.042915 0.067545
0 0.735065 0.320260 0.042401 0.082268
0 0.406490 0.438178 0.046465 0.085984
0 0.218482 0.025354 0.050561 0.050680
0 0.296522 0.883307 0.053692 0.055388
0 0.105293 0.911517 0.048327 0.075625
0 0.444866 0.223776 0.046747 0.063932
0 0.905005 0.420655 0.050033 0.072874
0 0.173692 0.737516 0.047764 0.080043
0 0.631751 0.658492 0.049229 0.078236
0 0.106671 0.737379 0.054808 0.087512
0 0.598995 0.509186 0.052953 0.085727
0 0.506809 0.584670 0.047958 0.078649
0 0.698721 0.437753 0.049262 0.081893
0 0.202490 0.517884 0.054468 0.081956
0 0.375450 0.154222 0.047403 0.073219
0 0.867285 0.326476 0.047440 0.072840
0 0.064763 0.579802 0.048205 0.079485
0 0.636812 0.823720 0.055405 0.079100
0 0.063545 0.451985 0.047043 0.075314
0 0.224668 0.743229 0.047018 0.086737
0 0.454518 0.457086 0.049205 0.078121
0 0.671015 0.760022 0.052042 0.085839
0 0.571743 0.177376 0.052131 0.082995
0 0.934793 0.474381 0.044778 0.074196
0 0.790248 0.866928 0.054837 0.083309
0 0.093581 0.643231 0.055694 0.088287
0 0.910552 0.339158 0.047568 0.078871
0 0.531733 0.071155 0.045899 0.077154
0 0.652512 0.027796 0.044975 0.055592
0 0.499687 0.727562 0.059485 0.089035
0 0.696744 0.542561 0.050140 0.074822
0 0.359035 0.415539 0.049787 0.077478
0 0.022232 0.491943 0.044463 0.086589
0 0.964624 0.556584 0.055489 0.085738
0 0.828741 0.926214 0.049716 0.072600
0 0.104927 0.829157 0.050511 0.077462
0 0.579021 0.381688 0.049494 0.080201
0 0.430131 0.956839 0.045530 0.067489
0 0.267395 0.707342 0.050239 0.077441
0 0.391116 0.226631 0.051852 0.083916
0 0.100712 0.243903 0.048732 0.073351
0 0.281594 0.380187 0.048568 0.072434
0 0.974721 0.958599 0.046529 0.078917
0 0.186116 0.143827 0.050449 0.074568
0 0.293698 0.462491 0.053275 0.083089
0 0.839423 0.583131 0.049806 0.083558
0 0.216854 0.441962 0.056750 0.079930
0 0.894695 0.854262 0.049887 0.082544
0 0.591003 0.948646 0.054916 0.094911
0 0.064134 0.079289 0.050984 0.079415
0 0.113541 0.420040 0.050502 0.080814
0 0.167980 0.392869 0.054042 0.079626
0 0.474169 0.973994 0.051671 0.048971
0 0.634956 0.287851 0.049252 0.079828
0 0.514811 0.337664 0.051080 0.081563
0 0.281371 0.820648 0.056076 0.083041
0 0.268958 0.230260 0.046363 0.074307
0 0.772184 0.365905 0.048148 0.078709
0 0.235070 0.085501 0.052443 0.075753
0 0.758779 0.123152 0.046076 0.072551
0 0.124899 0.176210 0.053379 0.079071
0 0.346643 0.089769 0.052797 0.075234
0 0.952537 0.868448 0.049989 0.078749
0 0.069558 0.299654 0.054581 0.083137
0 0.915650 0.724164 0.051505 0.080794
0 0.320618 0.159055 0.053159 0.076815
0 0.687827 0.685753 0.051100 0.069228
0 0.446471 0.298154 0.051692 0.077638
0 0.220615 0.833108 0.054417 0.084615
0 0.850741 0.443183 0.052935 0.076667
0 0.285741 0.948805 0.051952 0.075176
0 0.876114 0.635664 0.051498 0.080549
0 0.551679 0.850490 0.054702 0.083815
0 0.203167 0.248804 0.051507 0.076532
0 0.278603 0.300094 0.052348 0.077970
0 0.800032 0.533165 0.051355 0.082545
0 0.641878 0.143725 0.053446 0.074837
0 0.794571 0.182004 0.053649 0.075862
0 0.477770 0.042425 0.050255 0.078639
0 0.764335 0.252296 0.046462 0.078789
0 0.882509 0.522896 0.050758 0.086157
0 0.379870 0.033316 0.050507 0.066632
0 0.298647 0.041982 0.051899 0.079280
0 0.927659 0.165742 0.050169 0.073475
0 0.324208 0.241053 0.055040 0.077591
0 0.837514 0.047883 0.050121 0.077388
0 0.837733 0.750219 0.049765 0.079145
0 0.492998 0.248938 0.049229 0.081520
0 0.896852 0.091548 0.052345 0.076550
0 0.446877 0.158876 0.056912 0.067776
0 0.811336 0.671690 0.055044 0.083215
0 0.971620 0.118126 0.045767 0.073936
0 0.754807 0.671073 0.048372 0.075645
0 0.977378 0.388866 0.043027 0.078694
0 0.962731 0.660374 0.053785 0.084710
0 0.506752 0.165752 0.054799 0.065356
0 0.929110 0.272787 0.049421 0.078772
1 0.127545 0.057548 0.050206 0.085071
1 0.036136 0.136364 0.042021 0.064220
1 0.350199 0.483736 0.058938 0.071726
1 0.343378 0.546706 0.048569 0.085905
1 0.731932 0.731443 0.066032 0.061718
1 0.728385 0.797748 0.063304 0.077565
1 0.699461 0.120934 0.057847 0.060050
1 0.687456 0.316931 0.043658 0.078399
1 0.340376 0.838198 0.057847 0.075063
1 0.687728 0.613011 0.069307 0.078399
2 0.078975 0.361968 0.024012 0.030025
2 0.143371 0.103003 0.026195 0.034195
2 0.705192 0.959550 0.030015 0.034195
2 0.821703 0.988741 0.021829 0.022519
2 0.903562 0.990409 0.024012 0.019183
3 0.703009 0.215596 0.092227 0.139283
2 0.642161 0.224771 0.020737 0.034195
4 0.405044 0.871143 0.100959 0.144287