0 0.991827 0.991481 0.014668 0.014378
0 0.987269 0.931971 0.023567 0.072986
0 0.996635 0.105833 0.005616 0.049075
0 0.995798 0.294212 0.006922 0.052702
0 0.605615 0.084006 0.050173 0.077238
0 0.993288 0.577805 0.011686 0.069386
0 0.933248 0.993337 0.030947 0.010738
0 0.506863 0.003649 0.030604 0.007299
0 0.157281 0.992938 0.036170 0.011768
0 0.585275 0.004241 0.033814 0.008481
0 0.553799 0.565467 0.047886 0.078527
0 0.030094 0.485249 0.047185 0.077950
0 0.581566 0.360381 0.048102 0.077932
0 0.024258 0.971260 0.048182 0.054110
0 0.467169 0.240423 0.052603 0.074426
0 0.339875 0.703945 0.048150 0.076435
0 0.559144 0.320197 0.046468 0.082111
0 0.986548 0.430890 0.024727 0.075629
0 0.699140 0.285191 0.048489 0.073215
0 0.830974 0.984100 0.046788 0.028631
0 0.015595 0.794748 0.031183 0.077738
0 0.538191 0.718230 0.062188 0.074402
0 0.633025 0.887232 0.038553 0.064595
0 0.546845 0.653821 0.052443 0.077554
0 0.205257 0.981082 0.048695 0.034719
0 0.015018 0.711953 0.029989 0.078193
0 0.012749 0.180743 0.025477 0.078301
0 0.285203 0.572059 0.041644 0.056865
0 0.499694 0.885056 0.053445 0.073004
0 0.021872 0.579186 0.043743 0.078108
0 0.970936 0.023739 0.048488 0.047436
0 0.332631 0.516512 0.044827 0.078615
0 0.114679 0.509893 0.052396 0.074111
0 0.638247 0.506275 0.054019 0.083025
0 0.556662 0.426133 0.054615 0.071225
0 0.113656 0.578468 0.059454 0.069832
0 0.452735 0.765808 0.048654 0.076146
0 0.612657 0.572992 0.054006 0.076525
0 0.353380 0.965757 0.051737 0.065133
0 0.442892 0.974043 0.049134 0.048543
0 0.750241 0.451769 0.052760 0.084118
0 0.583109 0.478357 0.055666 0.085300
0 0.581640 0.894353 0.055444 0.080130
0 0.276508 0.026048 0.049925 0.052087
0 0.983326 0.214353 0.031359 0.082406
0 0.093818 0.452018 0.052609 0.073713
0 0.881713 0.201771 0.048741 0.073957
0 0.374676 0.650006 0.047446 0.074298
0 0.718210 0.745792 0.045753 0.072820
0 0.538437 0.800520 0.042734 0.084084
0 0.980146 0.670386 0.037377 0.070351
0 0.099248 0.379043 0.053078 0.066322
0 0.864012 0.883960 0.052326 0.078936
0 0.396088 0.585455 0.055154 0.084168
0 0.125146 0.652932 0.050720 0.077865
0 0.657243 0.436664 0.055307 0.079291
0 0.640207 0.969333 0.046846 0.058172
0 0.043183 0.385674 0.051377 0.087344
0 0.521351 0.264360 0.053165 0.077237
0 0.663093 0.353411 0.042723 0.079447
0 0.026191 0.870228 0.046996 0.080965
0 0.075494 0.967764 0.050151 0.061077
0 0.946629 0.435906 0.046136 0.076465
0 0.177244 0.841864 0.048877 0.071889
0 0.115234 0.801436 0.046834 0.080479
0 0.436586 0.304600 0.053287 0.081250
0 0.494354 0.809442 0.045426 0.072187
0 0.375441 0.426651 0.046433 0.069295
0 0.904075 0.962298 0.051446 0.071737
0 0.635749 0.729059 0.052438 0.078842
0 0.676051 0.609795 0.054207 0.083622
0 0.742412 0.530358 0.047872 0.074455
0 0.691844 0.518284 0.045704 0.079610
0 0.197611 0.917482 0.048915 0.082275
0 0.071286 0.752993 0.054556 0.083119
0 0.147161 0.407911 0.045000 0.073521
0 0.220822 0.508753 0.048849 0.068833
0 0.724623 0.026998 0.045807 0.053935
0 0.230607 0.181025 0.048807 0.069386
0 0.019636 0.308438 0.039271 0.081156
0 0.239428 0.404776 0.046749 0.081569
0 0.160144 0.765368 0.054630 0.077649
0 0.249555 0.882233 0.048502 0.078980
0 0.396258 0.754306 0.051324 0.083368
0 0.789244 0.551257 0.045191 0.077214
0 0.681968 0.888172 0.050509 0.072988
0 0.535759 0.035673 0.053606 0.071299
0 0.731268 0.211528 0.051076 0.077980
0 0.300913 0.852296 0.052178 0.080427
0 0.749242 0.960272 0.054040 0.075848
0 0.307708 0.641275 0.052574 0.088779
0 0.112732 0.252877 0.056390 0.078928
0 0.831933 0.224050 0.048385 0.074433
0 0.280184 0.507083 0.056001 0.068208
0 0.239195 0.578351 0.047282 0.083658
0 0.664030 0.145756 0.046917 0.078751
0 0.445882 0.025521 0.049623 0.051043
0 0.876673 0.468844 0.048986 0.086238
0 0.305193 0.756912 0.047965 0.077622
0 0.374625 0.902959 0.051952 0.080725
0 0.853281 0.655261 0.057594 0.072447
0 0.387655 0.501071 0.049637 0.072415
0 0.786763 0.681041 0.048638 0.077360
0 0.028140 0.114153 0.047761 0.076765
0 0.875366 0.729696 0.052025 0.086439
0 0.511887 0.188081 0.048707 0.078415
0 0.946383 0.192802 0.052072 0.077090
0 0.192964 0.411985 0.039703 0.078522
0 0.636577 0.297256 0.051990 0.078222
0 0.949883 0.928641 0.045332 0.078873
0 0.084561 0.310387 0.058882 0.080950
0 0.252417 0.111943 0.049358 0.078921
0 0.236794 0.782254 0.048531 0.083999
0 0.780093 0.331710 0.057568 0.076369
0 0.980439 0.830563 0.036987 0.077966
0 0.219190 0.058128 0.052987 0.084525
0 0.909129 0.382188 0.056043 0.085596
0 0.152264 0.310332 0.049788 0.083989
0 0.349891 0.195934 0.046959 0.070903
0 0.797436 0.173771 0.048228 0.072199
0 0.694634 0.072520 0.055511 0.080866
0 0.306213 0.060618 0.056430 0.085814
0 0.163298 0.480984 0.051960 0.072916
0 0.715793 0.142110 0.050107 0.073956
0 0.853020 0.808488 0.051068 0.072165
0 0.774766 0.254356 0.051157 0.081679
0 0.275073 0.339162 0.045725 0.073042
0 0.299085 0.435805 0.052405 0.081356
0 0.919470 0.611073 0.047844 0.085835
0 0.710437 0.381958 0.050922 0.080032
0 0.270583 0.220732 0.047854 0.081624
0 0.797529 0.821947 0.050340 0.085556
0 0.147652 0.950211 0.054049 0.080638
0 0.050977 0.217451 0.050056 0.080631
0 0.767788 0.889774 0.059224 0.081650
0 0.874246 0.307605 0.046760 0.077521
0 0.409372 0.373361 0.050137 0.076675
0 0.871164 0.589656 0.048910 0.086857
0 0.965816 0.597217 0.044121 0.076477
0 0.826084 0.370459 0.054839 0.080862
0 0.820683 0.500161 0.051344 0.071415
0 0.695936 0.812435 0.062560 0.080604
0 0.317395 0.249722 0.048279 0.082369
0 0.928988 0.506810 0.048854 0.070528
0 0.590233 0.232873 0.047834 0.078787
0 0.436259 0.471228 0.052081 0.087736
0 0.430672 0.117681 0.056939 0.083166
0 0.917249 0.849584 0.058677 0.079956
0 0.462037 0.390538 0.052946 0.084354
0 0.929036 0.048396 0.055773 0.081150
0 0.128323 0.185549 0.051876 0.086715
0 0.926763 0.770510 0.053521 0.082289
0 0.184967 0.699473 0.052612 0.082407
0 0.358673 0.124831 0.059757 0.073824
0 0.812715 0.069720 0.052248 0.080126
0 0.760819 0.101618 0.050358 0.081791
0 0.106345 0.040016 0.053970 0.079460
0 0.643509 0.212217 0.050470 0.079442
0 0.328622 0.355787 0.053476 0.090210
0 0.953253 0.113010 0.057558 0.075022
0 0.372633 0.058018 0.054921 0.078262
0 0.924136 0.293910 0.052456 0.088960
2 0.053872 0.629691 0.021829 0.031693
2 0.344469 0.878649 0.022375 0.029191
1 0.027132 0.652627 0.041475 0.067556
1 0.085251 0.673895 0.048569 0.086739
1 0.500819 0.540033 0.044749 0.094245
1 0.835619 0.433695 0.051844 0.080067
1 0.697279 0.679733 0.060029 0.095079
1 0.465892 0.173061 0.049115 0.070892
3 0.456615 0.654295 0.108053 0.167640