0 0.005847 0.671018 0.011694 0.069288
0 0.008929 0.949075 0.017848 0.075708
0 0.988923 0.899129 0.020434 0.079622
0 0.009959 0.360421 0.019871 0.077742
0 0.993584 0.509415 0.011011 0.064690
0 0.099361 0.993236 0.033369 0.010890
0 0.009903 0.275075 0.019752 0.074741
0 0.038994 0.914869 0.051039 0.073931
0 0.991803 0.181022 0.014566 0.068990
0 0.516266 0.990305 0.040733 0.016535
0 0.568968 0.904262 0.045121 0.073736
0 0.172334 0.355313 0.046916 0.073394
0 0.951655 0.007811 0.047266 0.015622
0 0.417252 0.989233 0.040274 0.018546
0 0.989001 0.774890 0.020088 0.069618
0 0.131241 0.745769 0.055990 0.088151
0 0.788466 0.986151 0.036888 0.024586
0 0.665320 0.986202 0.048012 0.024399
0 0.012141 0.444802 0.024235 0.070097
0 0.325904 0.971407 0.046608 0.053710
0 0.613754 0.983922 0.045648 0.028816
0 0.475043 0.169705 0.059472 0.074176
0 0.564456 0.984365 0.046342 0.028129
0 0.253542 0.841085 0.049078 0.081705
0 0.307609 0.245903 0.056904 0.075248
0 0.324761 0.292951 0.048213 0.077631
0 0.628925 0.015697 0.041541 0.031394
0 0.187673 0.977848 0.048128 0.040840
0 0.580766 0.012537 0.045327 0.025056
0 0.451599 0.961512 0.055675 0.073594
0 0.597300 0.794663 0.037014 0.060193
0 0.509572 0.544350 0.052420 0.071497
0 0.045910 0.974716 0.055153 0.047283
0 0.366933 0.020874 0.050401 0.041666
0 0.719248 0.469324 0.040884 0.078050
0 0.281802 0.614688 0.052039 0.080892
0 0.096532 0.692256 0.046195 0.071824
0 0.534933 0.417880 0.051842 0.071683
0 0.423702 0.029753 0.049848 0.059506
0 0.542872 0.603050 0.054590 0.085229
0 0.207671 0.889615 0.051323 0.079552
0 0.597700 0.722811 0.043131 0.070100
0 0.382642 0.737368 0.051575 0.074980
0 0.340158 0.774930 0.054255 0.073958
0 0.506650 0.471513 0.056207 0.066638
0 0.047240 0.029315 0.047054 0.058629
0 0.524458 0.688146 0.056305 0.087060
0 0.457748 0.520293 0.049418 0.076721
0 0.728740 0.974762 0.053013 0.047100
0 0.689027 0.887102 0.049274 0.077840
0 0.195462 0.027781 0.050659 0.055537
0 0.552389 0.738782 0.047685 0.072548
0 0.456185 0.418705 0.051522 0.085496
0 0.863393 0.885295 0.050890 0.079247
0 0.615546 0.862540 0.050668 0.072241
0 0.032706 0.716589 0.056294 0.077083
0 0.740831 0.892649 0.050677 0.084610
0 0.085325 0.413924 0.051530 0.075219
0 0.381040 0.656495 0.054673 0.080125
0 0.666051 0.551644 0.051462 0.076707
0 0.284206 0.466934 0.045543 0.072934
0 0.348261 0.846943 0.051431 0.065537
0 0.307819 0.536399 0.047128 0.073041
0 0.252906 0.548519 0.043857 0.075430
0 0.800885 0.756080 0.045241 0.080243
0 0.738452 0.696574 0.049453 0.073543
0 0.414769 0.823843 0.052158 0.081031
0 0.849749 0.810685 0.046810 0.072118
0 0.057002 0.648451 0.050397 0.074834
0 0.679983 0.802295 0.060823 0.086353
0 0.284861 0.025740 0.046600 0.051360
0 0.916243 0.753081 0.052651 0.075210
0 0.427843 0.698465 0.051063 0.090763
0 0.319051 0.412989 0.048225 0.081043
0 0.365700 0.917872 0.047417 0.072371
0 0.489374 0.812414 0.046805 0.074506
0 0.185425 0.781032 0.051593 0.081140
0 0.139344 0.031953 0.049416 0.063905
0 0.477529 0.730529 0.052496 0.084550
0 0.568394 0.478469 0.050312 0.074181
0 0.733245 0.776496 0.048180 0.075412
0 0.670410 0.672316 0.048135 0.070122
0 0.528545 0.264233 0.054804 0.070303
0 0.903965 0.965627 0.049653 0.065370
0 0.787456 0.868939 0.051777 0.088026
0 0.088073 0.078411 0.059776 0.084484
0 0.121029 0.913548 0.046431 0.076525
0 0.799956 0.194942 0.050526 0.079698
0 0.917530 0.606716 0.041442 0.078627
0 0.957328 0.943087 0.056675 0.088387
0 0.355058 0.584167 0.050386 0.077938
0 0.279758 0.352973 0.051646 0.082417
0 0.664861 0.041579 0.042233 0.070786
0 0.615144 0.521558 0.051326 0.083972
0 0.185002 0.429351 0.045721 0.070330
0 0.877250 0.563332 0.048035 0.080264
0 0.911675 0.171439 0.054414 0.077412
0 0.878042 0.692625 0.051809 0.078183
0 0.719465 0.620023 0.049228 0.075198
0 0.275811 0.761340 0.051840 0.080293
0 0.983357 0.418984 0.031198 0.082552
0 0.911082 0.831917 0.053476 0.078737
0 0.977679 0.605911 0.042460 0.081052
0 0.881620 0.242239 0.044372 0.073476
0 0.144258 0.831398 0.050852 0.081719
0 0.481884 0.343897 0.051415 0.077715
0 0.758790 0.511176 0.049609 0.075138
0 0.664190 0.307818 0.058198 0.073502
0 0.194413 0.234655 0.049927 0.080008
0 0.452224 0.076503 0.051160 0.080696
0 0.815270 0.509704 0.048664 0.078212
0 0.798888 0.665662 0.054227 0.077874
0 0.793655 0.583300 0.054358 0.076002
0 0.214929 0.718484 0.052015 0.079714
0 0.084204 0.212943 0.048433 0.081834
0 0.960115 0.819184 0.043770 0.073580
0 0.860313 0.392705 0.054062 0.085264
0 0.191161 0.592337 0.049516 0.081152
0 0.357641 0.163592 0.047631 0.070169
0 0.722110 0.159943 0.048813 0.075944
0 0.699930 0.376376 0.054509 0.079362
0 0.290268 0.908650 0.060144 0.085702
0 0.355339 0.503312 0.044756 0.069966
0 0.362594 0.336371 0.053373 0.078374
0 0.324370 0.112300 0.044406 0.070684
0 0.696878 0.091478 0.048165 0.075383
0 0.231960 0.075552 0.050283 0.076856
0 0.595034 0.639924 0.055716 0.084112
0 0.975201 0.048940 0.047549 0.085039
0 0.183846 0.507005 0.050902 0.074780
0 0.492400 0.096203 0.046810 0.070094
0 0.741510 0.232672 0.050092 0.074885
0 0.887964 0.319622 0.050038 0.069177
0 0.934884 0.094715 0.042889 0.071963
0 0.052670 0.563761 0.054410 0.083663
0 0.546096 0.340986 0.051047 0.079811
0 0.039415 0.239774 0.049037 0.076005
0 0.586991 0.064242 0.048829 0.071872
0 0.588887 0.220039 0.052359 0.080719
0 0.098984 0.332693 0.053332 0.082295
0 0.372536 0.082608 0.049327 0.071753
0 0.137048 0.240515 0.048974 0.071757
0 0.751352 0.086785 0.045954 0.072273
0 0.534449 0.055287 0.051361 0.080081
0 0.473699 0.251752 0.046546 0.073079
0 0.619511 0.147149 0.049367 0.078054
0 0.121141 0.158821 0.053579 0.083410
0 0.133321 0.457697 0.055695 0.084008
0 0.886872 0.105760 0.050050 0.077868
0 0.202438 0.147481 0.046051 0.081676
0 0.248369 0.274581 0.053848 0.086269
0 0.942964 0.530967 0.043288 0.072756
0 0.964665 0.312880 0.051054 0.081337
0 0.825763 0.268069 0.051869 0.079199
0 0.932919 0.236724 0.050868 0.078838
0 0.038183 0.117301 0.053848 0.086606
0 0.825374 0.122725 0.046868 0.076703
0 0.721768 0.304645 0.051964 0.083501
0 0.391097 0.258381 0.057754 0.085224
0 0.530632 0.187365 0.051912 0.078522
0 0.939861 0.419927 0.051947 0.087642
0 0.947784 0.695819 0.053804 0.086368
3 0.271070 0.173478 0.098230 0.140117
4 0.509004 0.924103 0.102596 0.136781
1 0.444336 0.877815 0.056209 0.080901
1 0.114174 0.561301 0.058392 0.070058
1 0.226047 0.640951 0.052935 0.070892
1 0.663990 0.737281 0.067670 0.065054
1 0.818429 0.353211 0.062212 0.072560
2 0.130546 0.595079 0.022375 0.032527
2 0.062331 0.283153 0.020192 0.025855
2 0.019764 0.879066 0.027832 0.035029