0 0.009744 0.340551 0.019463 0.072510
0 0.010839 0.740647 0.021678 0.081969
0 0.956578 0.995717 0.036224 0.007228
0 0.008607 0.268258 0.017213 0.062330
0 0.966374 0.002284 0.038283 0.004557
0 0.090442 0.993693 0.033944 0.010355
0 0.898512 0.993844 0.033339 0.010211
0 0.802450 0.524628 0.051895 0.076116
0 0.991518 0.075910 0.015346 0.070137
0 0.116197 0.031653 0.048027 0.063306
0 0.107303 0.316814 0.060777 0.083194
0 0.691092 0.987672 0.044282 0.021619
0 0.521670 0.987282 0.044697 0.022377
0 0.340815 0.988075 0.042753 0.020619
0 0.987190 0.708352 0.024094 0.080914
0 0.848871 0.983329 0.046517 0.030195
0 0.487913 0.826522 0.051880 0.081460
0 0.027444 0.979467 0.052096 0.037800
0 0.436829 0.283015 0.046210 0.076602
0 0.230590 0.013230 0.045657 0.026426
0 0.069316 0.022203 0.049661 0.044407
0 0.291361 0.979673 0.049868 0.037262
0 0.491834 0.425522 0.043112 0.071216
0 0.150801 0.159003 0.048935 0.069064
0 0.075056 0.935964 0.048660 0.082390
0 0.619955 0.616455 0.049058 0.079349
0 0.121944 0.895898 0.049035 0.074348
0 0.293799 0.029940 0.044965 0.059732
0 0.450432 0.455081 0.044442 0.075497
0 0.391298 0.023380 0.047838 0.046667
0 0.780238 0.021631 0.055678 0.043262
0 0.664235 0.394046 0.044037 0.066976
0 0.306039 0.514170 0.045836 0.072006
0 0.040488 0.864380 0.056333 0.082848
0 0.127648 0.706696 0.050203 0.080355
0 0.985014 0.486464 0.028377 0.073351
0 0.057234 0.355085 0.051219 0.080141
0 0.436015 0.893624 0.048038 0.076462
0 0.481316 0.317224 0.049563 0.081160
0 0.408971 0.768890 0.052353 0.094546
0 0.286617 0.593764 0.053069 0.078614
0 0.162938 0.942007 0.052341 0.087074
0 0.077608 0.733536 0.045661 0.073425
0 0.117469 0.236672 0.054049 0.073000
0 0.015149 0.160528 0.030278 0.080596
0 0.650943 0.144866 0.044018 0.074606
0 0.312116 0.206310 0.048835 0.073321
0 0.592935 0.266593 0.049133 0.083671
0 0.984655 0.830274 0.029219 0.076155
0 0.783983 0.333747 0.044193 0.076100
0 0.928250 0.961476 0.055354 0.073309
0 0.202816 0.975286 0.052736 0.046135
0 0.584423 0.436521 0.050885 0.085001
0 0.752831 0.707476 0.052659 0.072007
0 0.286366 0.924834 0.045973 0.066065
0 0.714758 0.757816 0.044901 0.080821
0 0.664517 0.024257 0.050060 0.048511
0 0.981319 0.903018 0.036101 0.078111
0 0.515559 0.191340 0.045908 0.074893
0 0.120698 0.555807 0.048719 0.077805
0 0.906428 0.238821 0.045214 0.075015
0 0.691510 0.456851 0.053110 0.084039
0 0.327327 0.815561 0.051333 0.081515
0 0.630409 0.334345 0.051600 0.085849
0 0.577697 0.690531 0.044775 0.071808
0 0.659317 0.945726 0.047361 0.076214
0 0.347648 0.935682 0.048601 0.075285
0 0.549572 0.373570 0.055599 0.078942
0 0.609769 0.745704 0.050714 0.081166
0 0.042093 0.779947 0.048743 0.076469
0 0.097798 0.403127 0.047948 0.082472
0 0.145018 0.397229 0.047219 0.076400
0 0.830923 0.331525 0.043788 0.068696
0 0.391155 0.316947 0.049192 0.077368
0 0.867407 0.489455 0.042265 0.066275
0 0.665126 0.741363 0.049849 0.082264
0 0.177692 0.024894 0.050779 0.049789
0 0.150192 0.078518 0.055346 0.082438
0 0.663520 0.653187 0.047034 0.077475
0 0.142400 0.626811 0.049415 0.073629
0 0.967815 0.126686 0.044203 0.074081
0 0.638606 0.832282 0.051075 0.089993
0 0.408138 0.972980 0.044874 0.050712
0 0.035933 0.620325 0.050421 0.077968
0 0.386121 0.871443 0.047665 0.080374
0 0.741586 0.308433 0.044089 0.079135
0 0.297993 0.746250 0.047194 0.086023
0 0.163382 0.758623 0.055890 0.087905
0 0.346781 0.734361 0.049903 0.082449
0 0.484786 0.134267 0.046679 0.074455
0 0.742319 0.059715 0.047058 0.073577
0 0.799848 0.642591 0.047478 0.080661
0 0.226539 0.238329 0.051618 0.078795
0 0.485569 0.907340 0.048684 0.074180
0 0.704161 0.265725 0.052881 0.083799
0 0.886274 0.892373 0.044405 0.076821
0 0.851224 0.416260 0.044924 0.073680
0 0.567079 0.792943 0.048271 0.076018
0 0.393222 0.661344 0.048230 0.074739
0 0.623486 0.203611 0.052960 0.077639
0 0.455710 0.726756 0.049600 0.076824
0 0.456256 0.627519 0.046024 0.076423
0 0.402870 0.199663 0.049372 0.087519
0 0.504685 0.039882 0.050968 0.079693
0 0.935763 0.887325 0.044805 0.074691
0 0.681508 0.875972 0.048788 0.079428
0 0.351632 0.541803 0.048696 0.083933
0 0.270236 0.383264 0.052859 0.084068
0 0.296418 0.134764 0.052419 0.074372
0 0.425275 0.549829 0.046905 0.075907
0 0.982399 0.398033 0.033561 0.091836
0 0.257777 0.301478 0.048881 0.073040
0 0.880145 0.592436 0.045786 0.075555
0 0.837429 0.907258 0.048230 0.084179
0 0.166195 0.302558 0.050121 0.076571
0 0.355277 0.441497 0.049062 0.075645
0 0.154035 0.848416 0.049930 0.081721
0 0.748423 0.631994 0.048413 0.076768
0 0.934047 0.390623 0.048430 0.078003
0 0.647576 0.269514 0.052281 0.075285
0 0.329101 0.649218 0.049592 0.084813
0 0.695829 0.089575 0.048697 0.080512
0 0.606839 0.049451 0.051962 0.078262
0 0.241186 0.160054 0.053182 0.076890
0 0.351887 0.146433 0.051865 0.083202
0 0.939712 0.285660 0.043824 0.077429
0 0.591528 0.125027 0.049788 0.076731
0 0.805625 0.194988 0.047412 0.075021
0 0.212578 0.467791 0.047625 0.077180
0 0.172935 0.223577 0.049750 0.072703
0 0.211592 0.668464 0.054420 0.086954
0 0.841825 0.065162 0.049969 0.079180
0 0.538580 0.098899 0.048799 0.078545
0 0.797628 0.102979 0.049366 0.081109
0 0.595766 0.540184 0.054286 0.086491
0 0.218136 0.571060 0.048637 0.075765
0 0.889438 0.738860 0.051456 0.072457
0 0.342710 0.041857 0.050430 0.083714
0 0.334109 0.342121 0.054417 0.081066
0 0.928119 0.079796 0.052016 0.082485
0 0.740320 0.542266 0.053736 0.094685
0 0.475130 0.231132 0.046784 0.079823
0 0.780539 0.257061 0.051670 0.072625
0 0.542890 0.291821 0.053385 0.077104
0 0.053081 0.085174 0.051190 0.078590
0 0.950683 0.201651 0.049269 0.081589
0 0.435057 0.076492 0.049395 0.079428
0 0.158756 0.502796 0.050277 0.082599
0 0.728934 0.172768 0.046775 0.081492
1 0.117449 0.168474 0.046386 0.096747
1 0.614875 0.971643 0.050206 0.055046
2 0.243238 0.429525 0.027286 0.031693
2 0.019219 0.439116 0.024558 0.035863
2 0.502729 0.954128 0.026740 0.036697
1 0.443791 0.815263 0.048569 0.079233