0 0.002930 0.425327 0.005861 0.041115
0 0.002625 0.042169 0.005251 0.064678
0 0.642966 0.002937 0.035021 0.005874
0 0.004295 0.604346 0.008591 0.057877
0 0.008298 0.707048 0.016547 0.071915
0 0.068971 0.377792 0.048116 0.092613
0 0.766323 0.991584 0.035302 0.013957
0 0.731053 0.086275 0.055938 0.081197
0 0.991094 0.845362 0.015999 0.074084
0 0.970011 0.006064 0.038361 0.012128
0 0.991301 0.058451 0.015672 0.074986
0 0.524246 0.008259 0.041445 0.016518
0 0.745157 0.954817 0.050159 0.070569
0 0.989242 0.163566 0.019628 0.072518
0 0.473384 0.009444 0.044020 0.018878
0 0.164694 0.914173 0.052341 0.073036
0 0.854545 0.986053 0.048462 0.024732
0 0.656400 0.986074 0.046129 0.024708
0 0.566244 0.744827 0.052132 0.084014
0 0.019852 0.973669 0.039704 0.049589
0 0.720918 0.536112 0.048336 0.077984
0 0.926350 0.977411 0.050553 0.041588
0 0.986445 0.356353 0.024946 0.076018
0 0.076816 0.015361 0.046696 0.030722
0 0.016786 0.860231 0.033571 0.077945
0 0.558254 0.384385 0.051469 0.065356
0 0.985751 0.245270 0.026496 0.078149
0 0.019344 0.547091 0.038688 0.070915
0 0.632184 0.635615 0.045081 0.075672
0 0.669086 0.915796 0.044343 0.090255
0 0.048147 0.664743 0.050561 0.080542
0 0.534294 0.687195 0.043379 0.069560
0 0.292971 0.017373 0.046475 0.034747
0 0.215027 0.976518 0.043773 0.043673
0 0.167619 0.976199 0.043245 0.044205
0 0.655526 0.504662 0.044025 0.072202
0 0.712474 0.898820 0.043469 0.075602
0 0.352389 0.783134 0.044345 0.073656
0 0.503013 0.745849 0.048818 0.076975
0 0.290978 0.895591 0.045828 0.075430
0 0.122751 0.547398 0.047942 0.076036
0 0.021085 0.473088 0.042170 0.073168
0 0.125452 0.962353 0.044010 0.071720
0 0.116156 0.405953 0.053575 0.079629
0 0.518058 0.820636 0.052247 0.078048
0 0.126009 0.716181 0.046923 0.074357
0 0.829957 0.770383 0.043617 0.072379
0 0.470136 0.550088 0.046716 0.072543
0 0.455542 0.938016 0.050765 0.084404
0 0.031169 0.926815 0.052639 0.075928
0 0.407932 0.035174 0.040959 0.070347
0 0.324083 0.942924 0.044017 0.078347
0 0.429577 0.882355 0.051929 0.089950
0 0.793106 0.817679 0.046209 0.071341
0 0.627116 0.797947 0.053095 0.083237
0 0.487588 0.644196 0.045578 0.073611
0 0.557989 0.863679 0.052641 0.080952
0 0.926802 0.895581 0.049024 0.078521
0 0.567360 0.131003 0.048143 0.081943
0 0.345048 0.408620 0.051440 0.088193
0 0.925466 0.675265 0.046809 0.077138
0 0.312625 0.736435 0.052203 0.082894
0 0.299075 0.226007 0.047655 0.077334
0 0.456771 0.804126 0.055458 0.082994
0 0.084295 0.601589 0.048792 0.081182
0 0.169602 0.409497 0.043311 0.073229
0 0.735845 0.715500 0.047282 0.071904
0 0.137115 0.472551 0.057540 0.076982
0 0.125424 0.033607 0.053022 0.067214
0 0.452229 0.722309 0.046678 0.072913
0 0.895189 0.320747 0.048143 0.070051
0 0.273769 0.474020 0.048928 0.075373
0 0.984003 0.707233 0.029870 0.079029
0 0.416434 0.974666 0.047561 0.047436
0 0.619566 0.903259 0.052082 0.091530
0 0.106906 0.292058 0.043787 0.073420
0 0.738910 0.414025 0.049846 0.077836
0 0.087851 0.923025 0.052893 0.084306
0 0.783834 0.035734 0.053619 0.071468
0 0.079416 0.745995 0.048710 0.080241
0 0.335169 0.538205 0.053247 0.082537
0 0.432646 0.619313 0.053942 0.088025
0 0.762930 0.883048 0.050889 0.075636
0 0.349682 0.617664 0.052819 0.079947
0 0.894634 0.736943 0.046592 0.072110
0 0.291258 0.402049 0.050858 0.082109
0 0.391540 0.731995 0.047123 0.075869
0 0.217705 0.413678 0.046000 0.082408
0 0.806613 0.103754 0.049592 0.082848
0 0.441101 0.489791 0.049569 0.076852
0 0.181589 0.759336 0.050005 0.081833
0 0.679739 0.828794 0.056393 0.082327
0 0.653250 0.408789 0.046734 0.080135
0 0.984075 0.512711 0.029695 0.081873
0 0.368894 0.237375 0.051026 0.076323
0 0.396737 0.304111 0.049938 0.077870
0 0.368364 0.483576 0.049483 0.076268
0 0.516709 0.501754 0.042646 0.072195
0 0.192791 0.031670 0.049548 0.063329
0 0.189724 0.851854 0.048001 0.075097
0 0.335242 0.858268 0.049075 0.081834
0 0.034364 0.801517 0.044042 0.074440
0 0.649456 0.168267 0.049467 0.076761
0 0.340762 0.320554 0.051702 0.078984
0 0.207487 0.610179 0.050020 0.079234
0 0.125661 0.148668 0.045027 0.067252
0 0.242819 0.543424 0.052792 0.078531
0 0.969731 0.949207 0.049214 0.084814
0 0.609479 0.083473 0.043821 0.076226
0 0.662349 0.732568 0.046569 0.078986
0 0.475793 0.168635 0.052890 0.084807
0 0.204760 0.336041 0.049897 0.071665
0 0.164276 0.654639 0.056510 0.089315
0 0.658750 0.076381 0.046252 0.076123
0 0.620619 0.319426 0.047415 0.089549
0 0.540825 0.050276 0.054204 0.078698
0 0.713105 0.638974 0.053742 0.081852
0 0.450697 0.065706 0.049892 0.079493
0 0.570276 0.318514 0.044525 0.073435
0 0.608171 0.560490 0.056727 0.072872
0 0.668450 0.319462 0.046091 0.081525
0 0.974838 0.585175 0.047088 0.075423
0 0.502526 0.271556 0.049292 0.083389
0 0.259478 0.059209 0.054355 0.088918
0 0.021178 0.382894 0.042355 0.093223
0 0.351866 0.119836 0.051044 0.084008
0 0.583287 0.650828 0.049825 0.088295
0 0.865558 0.670931 0.048992 0.080355
0 0.726284 0.194558 0.050669 0.078860
0 0.239996 0.162040 0.047707 0.071628
0 0.774818 0.523093 0.047054 0.079334
0 0.529879 0.197870 0.050206 0.085286
0 0.226050 0.721605 0.050430 0.080028
0 0.854569 0.930412 0.051309 0.078555
0 0.875262 0.559410 0.047399 0.079981
0 0.763066 0.343883 0.047616 0.079290
0 0.472589 0.392050 0.052225 0.086183
0 0.022538 0.129005 0.044941 0.074011
0 0.112759 0.829797 0.046507 0.081395
0 0.132656 0.224685 0.051304 0.078121
0 0.850721 0.062213 0.049177 0.077298
0 0.824872 0.520524 0.044885 0.090118
0 0.454402 0.302843 0.055089 0.077015
0 0.073052 0.229608 0.052666 0.081986
0 0.427911 0.219172 0.050138 0.081267
0 0.175947 0.152837 0.049210 0.079856
0 0.076949 0.124452 0.054312 0.086021
0 0.789053 0.683034 0.054764 0.081551
0 0.790855 0.225598 0.048147 0.071860
0 0.924928 0.808805 0.052045 0.081782
0 0.894625 0.118158 0.049417 0.078470
0 0.234899 0.275024 0.053057 0.084137
0 0.865600 0.186344 0.050198 0.075086
0 0.923044 0.377779 0.046063 0.076339
0 0.935348 0.459263 0.049151 0.083857
0 0.961507 0.296302 0.048527 0.081357
0 0.804846 0.303769 0.048086 0.084197
0 0.815494 0.431062 0.052992 0.075774
1 0.081704 0.492911 0.063304 0.091743
1 0.712013 0.493745 0.058938 0.068390
1 0.888009 0.494996 0.048569 0.044204
2 0.346106 0.052961 0.022375 0.029191
2 0.143371 0.296497 0.019646 0.034195
2 0.900833 0.531693 0.018555 0.027523
2 0.716106 0.322352 0.019100 0.032527
3 0.588134 0.465388 0.105870 0.128440