0 0.010569 0.543384 0.021077 0.079741
0 0.996591 0.433165 0.005781 0.052024
0 0.002929 0.347620 0.005854 0.066212
0 0.996305 0.761040 0.006277 0.057750
0 0.996092 0.109469 0.006565 0.048500
0 0.988160 0.862218 0.021849 0.070179
0 0.995126 0.549658 0.008232 0.069351
0 0.296750 0.001949 0.037012 0.003879
0 0.376262 0.995162 0.031415 0.008034
0 0.279821 0.515245 0.051348 0.079958
0 0.300663 0.448330 0.049697 0.063581
0 0.302873 0.399339 0.051547 0.081376
0 0.606150 0.545841 0.053203 0.087755
0 0.471471 0.004621 0.034451 0.009231
0 0.991809 0.346596 0.014587 0.075813
0 0.972192 0.208317 0.047954 0.076895
0 0.663118 0.989365 0.040909 0.018227
0 0.381707 0.144020 0.048702 0.070441
0 0.191493 0.014666 0.038486 0.029255
0 0.744286 0.074241 0.048672 0.079748
0 0.425852 0.795391 0.050937 0.079812
0 0.061878 0.221502 0.045444 0.081235
0 0.809880 0.153410 0.056179 0.076705
0 0.044117 0.545488 0.047992 0.083065
0 0.015062 0.461766 0.030101 0.073129
0 0.014098 0.664011 0.028197 0.078173
0 0.789467 0.023100 0.050014 0.046199
0 0.017384 0.204830 0.034768 0.076903
0 0.073632 0.018912 0.053379 0.037824
0 0.917393 0.022269 0.054817 0.044505
0 0.147743 0.025736 0.048299 0.051400
0 0.015273 0.285865 0.030547 0.077165
0 0.108749 0.754495 0.047578 0.059471
0 0.727689 0.017605 0.051471 0.035210
0 0.244342 0.430237 0.049424 0.082622
0 0.526737 0.019913 0.047881 0.039794
0 0.093705 0.689557 0.047177 0.072141
0 0.304375 0.976466 0.055466 0.043604
0 0.190366 0.906392 0.044831 0.070518
0 0.614674 0.392880 0.040500 0.063365
0 0.983144 0.029263 0.031913 0.058349
0 0.404320 0.860030 0.040325 0.070865
0 0.802902 0.966494 0.050409 0.063547
0 0.338576 0.658280 0.051062 0.084260
0 0.920040 0.969465 0.050969 0.057718
0 0.217078 0.966816 0.051298 0.063041
0 0.060283 0.070816 0.049878 0.070437
0 0.158178 0.716769 0.047728 0.073569
0 0.381317 0.698232 0.037426 0.072027
0 0.216322 0.495950 0.047042 0.073210
0 0.921456 0.741886 0.049034 0.073144
0 0.468736 0.760176 0.043643 0.083504
0 0.060248 0.467587 0.047800 0.072566
0 0.042311 0.724280 0.051446 0.070310
0 0.548211 0.871935 0.055449 0.079238
0 0.722516 0.595003 0.050301 0.081028
0 0.023045 0.831760 0.046091 0.084334
0 0.244237 0.761408 0.050273 0.074308
0 0.646356 0.588816 0.051086 0.080168
0 0.218727 0.571210 0.044885 0.070019
0 0.356759 0.758971 0.047935 0.070735
0 0.287521 0.699123 0.051718 0.080072
0 0.552974 0.596558 0.048933 0.064757
0 0.649116 0.675065 0.052697 0.080616
0 0.116456 0.845618 0.049961 0.078320
0 0.112682 0.613419 0.050082 0.077149
0 0.287543 0.857690 0.047962 0.075498
0 0.250993 0.913498 0.053160 0.080871
0 0.360167 0.838906 0.048362 0.077657
0 0.417219 0.964591 0.049897 0.067407
0 0.034121 0.938744 0.051360 0.081421
0 0.795396 0.087624 0.048278 0.077635
0 0.153388 0.448105 0.044312 0.073587
0 0.421559 0.023699 0.047293 0.047298
0 0.764896 0.529426 0.047831 0.077001
0 0.961826 0.799142 0.045897 0.071900
0 0.909594 0.904694 0.046117 0.067288
0 0.595932 0.730933 0.051903 0.077962
0 0.844142 0.922122 0.047230 0.081600
0 0.698215 0.958228 0.048096 0.070710
0 0.767331 0.629560 0.047110 0.071943
0 0.640534 0.828708 0.051697 0.082848
0 0.681123 0.269851 0.046305 0.070363
0 0.376212 0.065218 0.044869 0.077771
0 0.202780 0.677070 0.048921 0.077474
0 0.705000 0.335307 0.049860 0.076817
0 0.886684 0.432158 0.055812 0.083609
0 0.815522 0.282752 0.052791 0.077599
0 0.442736 0.684312 0.051103 0.079702
0 0.040849 0.138359 0.055978 0.078997
0 0.723422 0.892183 0.050499 0.074429
0 0.869347 0.360185 0.052124 0.071519
0 0.518833 0.532463 0.046721 0.080757
0 0.112111 0.325823 0.054934 0.083120
0 0.793331 0.789339 0.047823 0.072751
0 0.783914 0.867873 0.053178 0.076260
0 0.838274 0.036647 0.048008 0.073294
0 0.510240 0.728813 0.049126 0.076747
0 0.206606 0.381939 0.055206 0.087605
0 0.755245 0.713687 0.052792 0.081162
0 0.744399 0.397212 0.048157 0.075818
0 0.664481 0.491818 0.051559 0.081515
0 0.868635 0.757867 0.048270 0.078432
0 0.809561 0.716030 0.048638 0.076508
0 0.393838 0.316024 0.042301 0.078738
0 0.183399 0.817967 0.050193 0.081693
0 0.533843 0.160029 0.050761 0.070974
0 0.870586 0.595291 0.046772 0.075845
0 0.466256 0.612191 0.047044 0.075670
0 0.603582 0.464564 0.050336 0.077166
0 0.686203 0.789662 0.048127 0.075528
0 0.386171 0.223108 0.042315 0.073814
0 0.154876 0.116329 0.047191 0.083856
0 0.135238 0.965823 0.054732 0.065304
0 0.549185 0.957557 0.053213 0.081092
0 0.659861 0.208759 0.047988 0.075359
0 0.691568 0.417194 0.057633 0.088462
0 0.165429 0.562297 0.051727 0.082245
0 0.325883 0.570615 0.052989 0.086219
0 0.862396 0.845084 0.051008 0.071086
0 0.868835 0.285062 0.047327 0.068738
0 0.335323 0.119263 0.047589 0.083768
0 0.966183 0.292700 0.050236 0.079135
0 0.972712 0.950517 0.050215 0.079262
0 0.842251 0.657676 0.050310 0.079662
0 0.591468 0.195152 0.048242 0.081543
0 0.205088 0.267454 0.045903 0.077722
0 0.915744 0.488355 0.048152 0.075256
0 0.285957 0.258879 0.043184 0.065785
0 0.539177 0.796488 0.050191 0.070377
0 0.550368 0.233204 0.047290 0.077565
0 0.104829 0.119175 0.046814 0.086166
0 0.782699 0.221088 0.050112 0.079780
0 0.860374 0.106719 0.043292 0.085562
0 0.460975 0.431538 0.050681 0.080142
0 0.482602 0.171426 0.047055 0.077722
0 0.915763 0.569866 0.047275 0.078313
0 0.541563 0.094195 0.052428 0.075446
0 0.158343 0.242633 0.046998 0.076539
0 0.415796 0.477283 0.046535 0.074441
0 0.830481 0.522642 0.053092 0.090676
0 0.514639 0.293288 0.054643 0.086533
0 0.333210 0.234036 0.050264 0.080568
0 0.564116 0.367964 0.046025 0.076029
0 0.283286 0.133240 0.047363 0.075095
0 0.475868 0.350079 0.049906 0.080977
0 0.349656 0.490816 0.050516 0.088362
0 0.698663 0.126898 0.049682 0.074605
0 0.960960 0.678850 0.051296 0.084125
0 0.408645 0.578258 0.046237 0.083953
0 0.730008 0.219941 0.045583 0.073023
0 0.426744 0.098117 0.052661 0.077744
0 0.432107 0.189494 0.050544 0.083539
0 0.276572 0.047531 0.050494 0.082537
0 0.888861 0.208868 0.051596 0.084349
0 0.638104 0.052502 0.054935 0.087411
0 0.605338 0.118778 0.050052 0.076037
4 0.038319 0.385321 0.075855 0.145121
4 0.919388 0.107590 0.084041 0.130108
1 0.089890 0.248123 0.053481 0.095913
1 0.587861 0.909925 0.037655 0.076731
1 0.387035 0.929525 0.033289 0.070892
1 0.976611 0.155546 0.046778 0.055880
2 0.122087 0.252294 0.026195 0.035863
2 0.127545 0.798165 0.018555 0.028357
2 0.004561 0.912010 0.009123 0.032527
2 0.146372 0.923269 0.016917 0.030025
2 0.394403 0.520434 0.016372 0.031693
2 0.266977 0.393244 0.021283 0.030859