0 0.997176 0.390915 0.005107 0.055865
0 0.995896 0.693733 0.007222 0.058483
0 0.997142 0.569567 0.005206 0.058149
0 0.872845 0.001566 0.036321 0.003082
0 0.009479 0.173437 0.018945 0.073019
0 0.010848 0.336419 0.021693 0.076062
0 0.363934 0.722269 0.048003 0.078002
0 0.255007 0.662021 0.051509 0.072257
0 0.007771 0.477785 0.015542 0.071040
0 0.723876 0.974656 0.044348 0.047391
0 0.345819 0.646995 0.049249 0.074473
0 0.255500 0.594259 0.050805 0.071285
0 0.765985 0.973948 0.043141 0.048952
0 0.252528 0.005660 0.033790 0.011317
0 0.396949 0.023170 0.048564 0.046264
0 0.460781 0.616023 0.050153 0.082315
0 0.970887 0.664697 0.051804 0.083095
0 0.065119 0.984800 0.049932 0.027147
0 0.984466 0.012423 0.029447 0.024845
0 0.186481 0.980021 0.046111 0.036835
0 0.855821 0.865519 0.049464 0.079862
0 0.251879 0.205075 0.047202 0.078559
0 0.332856 0.582356 0.050658 0.072013
0 0.529759 0.983795 0.048342 0.029239
0 0.951687 0.611425 0.043694 0.070288
0 0.255519 0.815367 0.048240 0.080298
0 0.283055 0.779972 0.046804 0.077353
0 0.314872 0.986149 0.053091 0.024493
0 0.020037 0.740801 0.040075 0.081158
0 0.455864 0.195923 0.047130 0.079599
0 0.647414 0.450508 0.040453 0.071511
0 0.147370 0.335715 0.048144 0.078078
0 0.935529 0.977271 0.050151 0.042091
0 0.678914 0.020070 0.044093 0.040139
0 0.192750 0.020643 0.047876 0.041286
0 0.272663 0.424423 0.049342 0.079596
0 0.704719 0.546806 0.049737 0.079656
0 0.838347 0.981886 0.043967 0.033101
0 0.324461 0.749836 0.048177 0.078202
0 0.412579 0.651700 0.047504 0.075675
0 0.105279 0.623551 0.047590 0.075609
0 0.300076 0.022620 0.054170 0.045143
0 0.246289 0.516281 0.052564 0.078442
0 0.105091 0.538084 0.050905 0.083509
0 0.435216 0.975082 0.048149 0.046557
0 0.671165 0.092774 0.049346 0.081227
0 0.386786 0.586547 0.048340 0.073498
0 0.015426 0.654238 0.030852 0.081583
0 0.216998 0.162067 0.049455 0.080538
0 0.976635 0.963580 0.044776 0.068053
0 0.119855 0.400031 0.046407 0.069837
0 0.402469 0.937258 0.042564 0.079402
0 0.711999 0.871941 0.043768 0.070896
0 0.879618 0.517148 0.043500 0.068392
0 0.249715 0.970554 0.055429 0.055680
0 0.130986 0.683916 0.049591 0.074349
0 0.489474 0.318421 0.045355 0.078013
0 0.214582 0.333437 0.044649 0.068853
0 0.438177 0.375769 0.047189 0.075590
0 0.568106 0.729345 0.043130 0.069598
0 0.461923 0.701881 0.051536 0.079796
0 0.144957 0.512177 0.047233 0.081910
0 0.033086 0.519646 0.046083 0.075490
0 0.237257 0.902715 0.048277 0.070124
0 0.025008 0.412063 0.048595 0.080048
0 0.493077 0.767169 0.048761 0.076599
0 0.050033 0.313729 0.050913 0.079295
0 0.161597 0.633407 0.044453 0.081591
0 0.682065 0.624145 0.048956 0.075251
0 0.601886 0.448890 0.050314 0.088342
0 0.230923 0.733494 0.047961 0.082044
0 0.707013 0.694545 0.052461 0.078238
0 0.214490 0.077920 0.053685 0.078534
0 0.755961 0.430881 0.047728 0.070678
0 0.777147 0.216492 0.042985 0.072014
0 0.823291 0.631844 0.046737 0.071423
0 0.718469 0.786569 0.039770 0.070408
0 0.545033 0.526098 0.049886 0.078196
0 0.122113 0.203803 0.045815 0.077319
0 0.645958 0.722084 0.050523 0.073685
0 0.449285 0.291772 0.052481 0.081499
0 0.617919 0.781372 0.054832 0.074662
0 0.572096 0.962034 0.046522 0.072600
0 0.103522 0.753691 0.052155 0.079719
0 0.057422 0.651324 0.044401 0.075074
0 0.415964 0.452052 0.049434 0.078649
0 0.389158 0.350600 0.046625 0.078733
0 0.462880 0.870706 0.054230 0.074903
0 0.910395 0.028769 0.048770 0.057537
0 0.041457 0.811699 0.052538 0.080866
0 0.443267 0.040782 0.045963 0.072475
0 0.894619 0.417145 0.044398 0.076031
0 0.090643 0.259917 0.052121 0.076579
0 0.093772 0.946223 0.051597 0.082522
0 0.312857 0.318579 0.050359 0.078380
0 0.867018 0.810148 0.053799 0.074702
0 0.366675 0.287909 0.046469 0.071489
0 0.912333 0.590378 0.047344 0.078545
0 0.728855 0.213498 0.046828 0.069467
0 0.304729 0.932645 0.045528 0.072934
0 0.088313 0.132829 0.051232 0.078528
0 0.497400 0.946474 0.048975 0.073873
0 0.762189 0.909888 0.051268 0.066626
0 0.693585 0.472266 0.052533 0.077544
0 0.597367 0.547704 0.050949 0.078101
0 0.605519 0.655730 0.053397 0.079038
0 0.651508 0.558269 0.048133 0.074214
0 0.982651 0.476256 0.032936 0.071289
0 0.630895 0.035622 0.049022 0.071244
0 0.796846 0.030108 0.048785 0.060199
0 0.206486 0.833629 0.045398 0.072343
0 0.878826 0.730506 0.052800 0.081008
0 0.852930 0.455463 0.049633 0.066406
0 0.540683 0.420067 0.045783 0.072470
0 0.038069 0.042274 0.056059 0.083888
0 0.025639 0.116166 0.051278 0.086481
0 0.484400 0.082180 0.049948 0.077564
0 0.548052 0.656155 0.050970 0.074388
0 0.805251 0.843424 0.047216 0.081209
0 0.578056 0.243639 0.045715 0.076112
0 0.270017 0.082991 0.049804 0.080087
0 0.874275 0.132701 0.045225 0.078629
0 0.778685 0.557305 0.049838 0.080040
0 0.842343 0.560980 0.044804 0.072961
0 0.343741 0.214573 0.050438 0.080045
0 0.426717 0.767847 0.050034 0.083104
0 0.264752 0.348195 0.049318 0.070048
0 0.297571 0.239538 0.046971 0.075222
0 0.975400 0.884298 0.047274 0.080359
0 0.104448 0.850162 0.053260 0.081365
0 0.742423 0.289502 0.047894 0.077203
0 0.500005 0.567085 0.051025 0.084464
0 0.212900 0.412950 0.053399 0.077979
0 0.351052 0.048015 0.043231 0.068553
0 0.498745 0.157369 0.046766 0.077053
0 0.975142 0.800137 0.046915 0.072436
0 0.608612 0.339644 0.046585 0.074667
0 0.180216 0.262730 0.051167 0.077243
0 0.760027 0.732433 0.046308 0.079861
0 0.630981 0.910720 0.048160 0.077807
0 0.918534 0.246563 0.050643 0.076788
0 0.613341 0.176705 0.054129 0.073313
0 0.922149 0.776789 0.051354 0.085350
0 0.959115 0.536741 0.048089 0.072967
0 0.840738 0.069081 0.046680 0.084417
0 0.396881 0.194835 0.053665 0.080380
0 0.904680 0.675730 0.057397 0.087296
0 0.166775 0.182035 0.045616 0.085045
0 0.324461 0.134337 0.052121 0.079866
0 0.798827 0.479125 0.051230 0.082517
0 0.765472 0.647649 0.050547 0.076171
0 0.349568 0.508047 0.054175 0.078986
0 0.970402 0.228065 0.051853 0.080971
0 0.941429 0.318559 0.046292 0.072805
0 0.791730 0.112497 0.048929 0.079408
0 0.949699 0.065820 0.047893 0.073638
0 0.539145 0.330830 0.048522 0.078144
0 0.585546 0.070054 0.048033 0.076099
0 0.551584 0.152780 0.049430 0.080742
0 0.811049 0.740756 0.047584 0.087388
0 0.920161 0.166614 0.049282 0.073803
0 0.093989 0.048682 0.050363 0.082705
0 0.690638 0.388708 0.053226 0.080755
0 0.410208 0.110157 0.049662 0.079856
0 0.772854 0.352542 0.052381 0.084871
0 0.742938 0.140997 0.051054 0.077976
0 0.838594 0.208322 0.056412 0.087335
0 0.878622 0.330831 0.047221 0.076488
0 0.944043 0.412544 0.047274 0.082490
0 0.970993 0.146016 0.048112 0.074830
2 0.498636 0.226856 0.030560 0.046706
2 0.191394 0.461218 0.025103 0.030025
2 0.165745 0.480817 0.013097 0.022519
2 0.841076 0.911176 0.024558 0.030859
1 0.688274 0.147206 0.035472 0.069224
1 0.471622 0.463720 0.056209 0.088407
1 0.099167 0.461218 0.054572 0.050042
1 0.125089 0.488741 0.002729 0.005004
1 0.518827 0.719766 0.054572 0.071726
1 0.140096 0.929525 0.044749 0.090909