0 0.103784 0.001413 0.038894 0.002729
0 0.745535 0.989328 0.019357 0.018628
0 0.149147 0.996663 0.029116 0.005575
0 0.011335 0.631316 0.022670 0.082175
0 0.006301 0.365632 0.012596 0.067637
0 0.004764 0.284371 0.009528 0.064296
0 0.208778 0.992560 0.039054 0.012300
0 0.256248 0.002543 0.033180 0.005085
0 0.763531 0.004444 0.029866 0.008888
0 0.007009 0.197899 0.014010 0.071534
0 0.335988 0.757765 0.051377 0.077853
0 0.561300 0.879600 0.045120 0.076813
0 0.364794 0.945503 0.050489 0.082896
0 0.252019 0.505060 0.051343 0.073833
0 0.574254 0.174854 0.050451 0.073744
0 0.241270 0.558274 0.043258 0.064947
0 0.989590 0.754173 0.018878 0.071954
0 0.397450 0.912451 0.046957 0.074766
0 0.305465 0.734878 0.044574 0.062939
0 0.988541 0.325186 0.020859 0.074648
0 0.989448 0.406047 0.019116 0.068656
0 0.926850 0.276762 0.052383 0.084195
0 0.103512 0.982803 0.042917 0.031330
0 0.381053 0.823984 0.045294 0.078017
0 0.836387 0.010142 0.043596 0.020283
0 0.462604 0.479753 0.046608 0.076889
0 0.882238 0.088765 0.055138 0.083913
0 0.632181 0.692460 0.046632 0.079150
0 0.414635 0.013894 0.056240 0.027788
0 0.166656 0.896594 0.050273 0.079989
0 0.328584 0.021621 0.054133 0.043242
0 0.362278 0.676705 0.044094 0.068365
0 0.613007 0.623133 0.051289 0.074759
0 0.221608 0.466233 0.051459 0.079181
0 0.448392 0.604017 0.044820 0.068572
0 0.315103 0.906314 0.049022 0.074864
0 0.986264 0.955525 0.025715 0.082719
0 0.621369 0.496003 0.044884 0.074900
0 0.159963 0.020680 0.055427 0.041361
0 0.088135 0.655537 0.049421 0.077981
0 0.986580 0.221554 0.024793 0.076270
0 0.583310 0.480012 0.048317 0.070950
0 0.314387 0.535405 0.047895 0.074347
0 0.241715 0.344058 0.047161 0.066734
0 0.148606 0.417712 0.049657 0.070607
0 0.012540 0.724396 0.025079 0.085628
0 0.235247 0.271111 0.044310 0.068924
0 0.411217 0.546155 0.053585 0.072683
0 0.426053 0.864398 0.050395 0.080064
0 0.017408 0.439455 0.034817 0.073974
0 0.985523 0.507063 0.026857 0.076253
0 0.409460 0.976931 0.048119 0.042981
0 0.704864 0.980727 0.051345 0.035199
0 0.437724 0.677413 0.052596 0.073690
0 0.086265 0.848822 0.050632 0.072656
0 0.266051 0.869331 0.048161 0.075125
0 0.242763 0.716622 0.047656 0.088629
0 0.118192 0.785082 0.048866 0.075289
0 0.104600 0.580155 0.049386 0.072089
0 0.181579 0.273216 0.047897 0.076087
0 0.675643 0.194973 0.047139 0.069537
0 0.233391 0.805667 0.044698 0.071801
0 0.500876 0.805493 0.051623 0.083093
0 0.256192 0.059035 0.048893 0.075310
0 0.071015 0.506611 0.049432 0.083751
0 0.412010 0.359216 0.047811 0.077435
0 0.192006 0.566546 0.044554 0.070897
0 0.054474 0.966316 0.051962 0.064376
0 0.269311 0.970864 0.048544 0.054990
0 0.279949 0.409038 0.044956 0.076628
0 0.502357 0.520861 0.050208 0.078243
0 0.049478 0.892182 0.047436 0.073342
0 0.037213 0.572722 0.052234 0.076760
0 0.512360 0.883631 0.045635 0.071472
0 0.357774 0.601971 0.044913 0.069969
0 0.110873 0.921877 0.048377 0.078820
0 0.039330 0.802712 0.054448 0.077262
0 0.511254 0.598683 0.044467 0.071751
0 0.052339 0.715805 0.046543 0.071989
0 0.633719 0.967098 0.044999 0.062291
0 0.609184 0.903450 0.048956 0.078470
0 0.518810 0.401330 0.049895 0.074522
0 0.152245 0.606273 0.046004 0.079594
0 0.163079 0.501763 0.055313 0.092043
0 0.851691 0.974924 0.048229 0.046811
0 0.766480 0.167175 0.046864 0.069781
0 0.206068 0.942233 0.050989 0.077484
0 0.555157 0.550408 0.045694 0.071328
0 0.333108 0.165851 0.044027 0.073224
0 0.535706 0.704551 0.043922 0.077817
0 0.979606 0.825988 0.038840 0.075671
0 0.850331 0.401076 0.045077 0.071155
0 0.138655 0.686426 0.052807 0.081211
0 0.143054 0.228499 0.056900 0.085773
0 0.069296 0.097112 0.051160 0.075588
0 0.573670 0.403265 0.054888 0.077279
0 0.355400 0.389719 0.048696 0.076087
0 0.341630 0.472060 0.048316 0.077233
0 0.487397 0.946891 0.047530 0.078632
0 0.214461 0.204191 0.050944 0.077454
0 0.043056 0.360370 0.053015 0.078157
0 0.375176 0.135911 0.044846 0.070889
0 0.816689 0.932397 0.051125 0.082966
0 0.506541 0.326867 0.050649 0.076265
0 0.660283 0.304470 0.048371 0.072826
0 0.383249 0.291914 0.049286 0.074914
0 0.099271 0.432381 0.042569 0.074408
0 0.616114 0.756340 0.058465 0.072433
0 0.372029 0.215367 0.050295 0.074145
0 0.062489 0.027276 0.049303 0.054551
0 0.678366 0.114385 0.056277 0.082048
0 0.165654 0.350231 0.050826 0.072087
0 0.724981 0.029168 0.048296 0.058337
0 0.209443 0.107113 0.056348 0.077748
0 0.026110 0.137290 0.049048 0.082983
0 0.789029 0.862564 0.055768 0.073208
0 0.545092 0.956915 0.050751 0.080280
0 0.749547 0.093189 0.054090 0.080317
0 0.598158 0.828613 0.052340 0.064635
0 0.817492 0.336998 0.052423 0.081372
0 0.089263 0.313139 0.052257 0.081062
0 0.772471 0.684273 0.046737 0.081321
0 0.663649 0.035292 0.051079 0.070585
0 0.901963 0.026230 0.048838 0.052440
0 0.687848 0.446883 0.046691 0.071412
0 0.840520 0.744124 0.054583 0.077352
0 0.373052 0.047800 0.047570 0.088347
0 0.713709 0.883090 0.055743 0.082854
0 0.306533 0.332540 0.052110 0.080872
0 0.774564 0.495688 0.048427 0.072936
0 0.675216 0.510452 0.053909 0.075044
0 0.793303 0.220879 0.046410 0.078264
0 0.823292 0.667883 0.051514 0.075550
0 0.430081 0.199077 0.049375 0.076825
0 0.873668 0.323403 0.050091 0.077658
0 0.901782 0.704219 0.053225 0.077541
0 0.688003 0.587655 0.050515 0.074856
0 0.839055 0.134724 0.051084 0.079072
0 0.686391 0.367276 0.048227 0.077535
0 0.756983 0.307021 0.049932 0.078252
0 0.741458 0.617593 0.049903 0.074821
0 0.808302 0.588142 0.050859 0.082513
0 0.526804 0.038253 0.047255 0.076506
0 0.849218 0.486516 0.049183 0.078400
0 0.867323 0.868365 0.053615 0.079817
0 0.886620 0.786252 0.053362 0.084998
0 0.903736 0.623719 0.049568 0.074693
0 0.857527 0.571711 0.047353 0.082649
0 0.918286 0.365656 0.046911 0.072112
0 0.918304 0.495576 0.045582 0.076042
0 0.681233 0.670944 0.053026 0.083934
0 0.704882 0.259289 0.055053 0.087546
0 0.080767 0.221812 0.045751 0.078039
0 0.946724 0.965439 0.048172 0.065755
0 0.798925 0.042973 0.046143 0.073599
0 0.566358 0.248910 0.048824 0.066667
0 0.960057 0.040234 0.051904 0.079699
0 0.561568 0.328384 0.054296 0.079613
0 0.760308 0.937106 0.052903 0.083544
0 0.786702 0.773493 0.051664 0.090464
0 0.955917 0.435330 0.051302 0.087803
0 0.921197 0.894133 0.051453 0.089313
0 0.442183 0.117906 0.049958 0.080179
0 0.860360 0.209545 0.053702 0.080270
0 0.560422 0.096663 0.050588 0.081203
0 0.976290 0.147916 0.044975 0.078589
0 0.951531 0.580342 0.053114 0.085178
1 0.452522 0.780234 0.050752 0.062552
1 0.343923 0.816931 0.048569 0.064220
3 0.271615 0.628023 0.123333 0.161802
2 0.402043 0.408674 0.017463 0.025021
2 0.485538 0.629691 0.018555 0.025021
2 0.600686 0.554212 0.031652 0.039199
2 0.519373 0.273978 0.019646 0.024187
2 0.628518 0.112594 0.019646 0.033361
2 0.611327 0.068807 0.020192 0.029191
2 0.705737 0.153461 0.022375 0.040033
2 0.782411 0.128857 0.020737 0.029191