0 0.002109 0.417507 0.004218 0.060482
0 0.160297 0.995249 0.035508 0.008055
0 0.074577 0.995543 0.035197 0.007274
0 0.997497 0.418057 0.004406 0.055769
0 0.002622 0.345538 0.005243 0.044478
0 0.995852 0.065116 0.006937 0.054022
0 0.424560 0.993318 0.032655 0.010957
0 0.004345 0.040379 0.008690 0.053313
0 0.995004 0.931860 0.008488 0.062738
0 0.727855 0.471552 0.038422 0.088698
0 0.987000 0.985141 0.024201 0.026851
0 0.705583 0.422078 0.053757 0.080859
0 0.008083 0.812419 0.016151 0.071086
0 0.806120 0.263479 0.046310 0.075684
0 0.621889 0.365667 0.043660 0.074956
0 0.645734 0.311868 0.045186 0.075166
0 0.011465 0.592545 0.022873 0.076899
0 0.764499 0.303410 0.043778 0.073046
0 0.689689 0.258833 0.054564 0.078604
0 0.718359 0.204084 0.046661 0.070914
0 0.720470 0.326047 0.054282 0.083950
0 0.254365 0.988169 0.053942 0.020730
0 0.009366 0.210655 0.018691 0.074162
0 0.821141 0.362852 0.049224 0.075701
0 0.849827 0.307516 0.049954 0.085505
0 0.986258 0.567186 0.025323 0.073183
0 0.901820 0.880966 0.043464 0.071132
0 0.978478 0.023685 0.041427 0.047347
0 0.791389 0.980749 0.049647 0.035461
0 0.416633 0.771643 0.041151 0.081310
0 0.541465 0.977876 0.047103 0.040855
0 0.022773 0.884812 0.045546 0.078324
0 0.603098 0.976145 0.048393 0.044487
0 0.509560 0.884561 0.045986 0.071952
0 0.976917 0.826119 0.044190 0.070441
0 0.863406 0.969163 0.049862 0.058787
0 0.792074 0.020447 0.047038 0.040825
0 0.856024 0.865078 0.051276 0.075851
0 0.250920 0.016759 0.046765 0.033517
0 0.017968 0.284596 0.035924 0.074294
0 0.793904 0.427434 0.046375 0.077254
0 0.778529 0.922471 0.044351 0.073222
0 0.246652 0.708938 0.046716 0.072762
0 0.525297 0.022050 0.044265 0.044026
0 0.658676 0.162110 0.046011 0.071852
0 0.185262 0.956162 0.047497 0.078029
0 0.246802 0.078610 0.044598 0.069790
0 0.411143 0.934049 0.043963 0.074529
0 0.654662 0.697926 0.044632 0.067933
0 0.199902 0.753836 0.045729 0.071373
0 0.351704 0.667294 0.047932 0.066431
0 0.032990 0.548702 0.047874 0.071624
0 0.192332 0.094498 0.051849 0.075366
0 0.204747 0.659838 0.052796 0.067748
0 0.023796 0.098582 0.047592 0.079810
0 0.116200 0.713365 0.049516 0.075991
0 0.634902 0.233348 0.051609 0.076693
0 0.271928 0.945221 0.055885 0.069065
0 0.041808 0.023353 0.043404 0.046706
0 0.687669 0.554862 0.054924 0.072426
0 0.894699 0.104351 0.052381 0.072249
0 0.493886 0.960690 0.048162 0.072446
0 0.347273 0.963495 0.049107 0.069459
0 0.870158 0.392983 0.043208 0.074521
0 0.150900 0.892610 0.050438 0.078522
0 0.966513 0.894790 0.051108 0.074161
0 0.356212 0.295662 0.045850 0.069616
0 0.489288 0.637067 0.045729 0.071895
0 0.042521 0.713039 0.045956 0.079438
0 0.214056 0.846032 0.048207 0.071532
0 0.548708 0.724103 0.044127 0.079834
0 0.393176 0.831562 0.050262 0.081758
0 0.094174 0.800151 0.051704 0.076789
0 0.640076 0.912092 0.053660 0.074123
0 0.285108 0.648084 0.049423 0.084300
0 0.581694 0.405549 0.046236 0.076787
0 0.211524 0.473437 0.047323 0.073669
0 0.795641 0.853398 0.052221 0.079937
0 0.479467 0.368811 0.052348 0.067974
0 0.634560 0.539862 0.045081 0.073880
0 0.279420 0.562868 0.048835 0.071731
0 0.313115 0.177654 0.046405 0.077465
0 0.516133 0.796046 0.049567 0.079050
0 0.051086 0.621199 0.054890 0.081165
0 0.359550 0.217839 0.047693 0.072014
0 0.695437 0.636827 0.051517 0.081048
0 0.856769 0.788227 0.048634 0.069188
0 0.264679 0.416268 0.049351 0.077496
0 0.557996 0.644737 0.049980 0.074398
0 0.664310 0.038289 0.049861 0.075936
0 0.365804 0.595396 0.046270 0.071566
0 0.651719 0.460638 0.054189 0.083479
0 0.328225 0.437212 0.045667 0.075296
0 0.696782 0.743081 0.051149 0.071474
0 0.342735 0.110694 0.047392 0.073749
0 0.464546 0.306684 0.051506 0.067021
0 0.530893 0.541609 0.043684 0.090793
0 0.463035 0.845925 0.049559 0.077396
0 0.893975 0.265306 0.047224 0.075651
0 0.072793 0.943217 0.051422 0.076207
0 0.796919 0.652700 0.049795 0.077666
0 0.189626 0.024060 0.047556 0.048119
0 0.195000 0.179436 0.049522 0.078158
0 0.597730 0.746267 0.053253 0.083518
0 0.270746 0.866313 0.051459 0.078119
0 0.579665 0.569349 0.050462 0.081388
0 0.705543 0.812780 0.055370 0.067126
0 0.890543 0.031965 0.047818 0.063370
0 0.371576 0.045090 0.044652 0.074198
0 0.406757 0.143249 0.046208 0.071646
0 0.564476 0.483073 0.049015 0.075191
0 0.610558 0.659085 0.051313 0.082472
0 0.297887 0.736267 0.052239 0.080900
0 0.925130 0.747418 0.050501 0.082607
0 0.327631 0.544499 0.043750 0.076145
0 0.189060 0.400484 0.052746 0.076826
0 0.836480 0.587624 0.049891 0.077893
0 0.508691 0.263409 0.047905 0.079199
0 0.064279 0.459503 0.045685 0.072313
0 0.255030 0.256948 0.045241 0.063623
0 0.966499 0.416168 0.048833 0.076119
0 0.482173 0.556112 0.052897 0.083515
0 0.459857 0.026581 0.052530 0.053141
0 0.565401 0.306933 0.052289 0.073338
0 0.924410 0.345377 0.042916 0.069377
0 0.939282 0.493937 0.050925 0.080714
0 0.888240 0.608938 0.044197 0.073589
0 0.428645 0.426604 0.049712 0.078745
0 0.748549 0.074085 0.053330 0.071375
0 0.504700 0.437380 0.052855 0.083268
0 0.568872 0.225986 0.047658 0.077946
0 0.644671 0.821181 0.056234 0.085894
0 0.179814 0.553084 0.048312 0.092808
0 0.396301 0.492229 0.048933 0.075236
0 0.407681 0.683777 0.048613 0.081077
0 0.892303 0.689650 0.056669 0.075579
0 0.256263 0.335190 0.049699 0.076099
0 0.942203 0.578150 0.050394 0.073821
0 0.607601 0.065095 0.044446 0.077332
0 0.318552 0.358760 0.049279 0.077854
0 0.154758 0.338076 0.049125 0.083092
0 0.406622 0.318098 0.049601 0.071731
0 0.904833 0.183624 0.053021 0.082679
0 0.518016 0.087284 0.048774 0.079859
0 0.476384 0.192502 0.059403 0.083754
0 0.098019 0.386455 0.057856 0.077939
0 0.142853 0.228152 0.050319 0.085286
1 0.238350 0.544100 0.053032 0.087008
2 0.085883 0.090584 0.025736 0.038141
2 0.099141 0.292610 0.019497 0.027414
2 0.435660 0.174017 0.020277 0.030989
2 0.856016 0.135876 0.021837 0.038141
2 0.985087 0.117998 0.021057 0.033373
2 0.962470 0.134684 0.025736 0.035757
2 0.757361 0.358164 0.021057 0.029797
2 0.873174 0.442193 0.024956 0.028605
2 0.760481 0.514899 0.021057 0.040524
2 0.702379 0.864720 0.021837 0.032181
2 0.746443 0.910012 0.019497 0.029797
2 0.875903 0.907032 0.021057 0.030989
2 0.934784 0.845054 0.017157 0.030989
2 0.940243 0.948153 0.020277 0.032181
2 0.213003 0.563170 0.016378 0.027414
1 0.118540 0.651793 0.036563 0.044204
0 0.137640 0.613845 0.058392 0.083403
1 0.766040 0.152627 0.054572 0.070058
1 0.821430 0.141785 0.049661 0.088407
1 0.798783 0.205171 0.049115 0.061718