0 0.564991 0.026138 0.046172 0.052111
0 0.801981 0.356721 0.042333 0.071055
0 0.799892 0.853492 0.047014 0.068223
0 0.100429 0.010372 0.039830 0.020679
0 0.748937 0.236672 0.050933 0.075366
0 0.775575 0.882442 0.043789 0.077389
0 0.779148 0.259943 0.046927 0.080101
0 0.585684 0.910862 0.049755 0.085445
0 0.186009 0.199623 0.051836 0.078816
0 0.544962 0.921766 0.047356 0.066277
0 0.028289 0.107109 0.056415 0.066184
0 0.839889 0.825599 0.050105 0.078485
0 0.052048 0.145757 0.053732 0.073423
0 0.188258 0.136380 0.042923 0.063603
0 0.336279 0.978279 0.040801 0.040558
0 0.624096 0.032730 0.065345 0.065460
0 0.264280 0.835688 0.045757 0.071634
0 0.005584 0.665087 0.011165 0.067181
0 0.648263 0.413093 0.035541 0.076595
0 0.306359 0.962762 0.051900 0.070943
0 0.449085 0.011379 0.045800 0.022758
0 0.226397 0.819100 0.049065 0.073911
0 0.992226 0.695382 0.013867 0.062464
0 0.490352 0.230047 0.053248 0.066430
0 0.461951 0.180911 0.049995 0.074076
0 0.288059 0.232490 0.046194 0.076852
0 0.021140 0.014491 0.042280 0.028983
0 0.316689 0.174767 0.051232 0.074400
0 0.310326 0.311597 0.057520 0.112060
0 0.897317 0.839240 0.051957 0.065566
0 0.620019 0.438293 0.046656 0.079060
0 0.537518 0.978939 0.046147 0.039055
0 0.983516 0.018277 0.031387 0.036494
0 0.723029 0.978762 0.049598 0.039462
0 0.013369 0.965281 0.026737 0.066612
0 0.513839 0.651023 0.042651 0.071471
0 0.886736 0.187963 0.045327 0.064424
0 0.934778 0.971581 0.043775 0.053934
0 0.655114 0.908095 0.057289 0.101351
0 0.987366 0.609339 0.023312 0.065449
0 0.985006 0.899974 0.028185 0.071956
0 0.383681 0.975719 0.045730 0.045294
0 0.986223 0.145486 0.025696 0.071160
0 0.640655 0.671590 0.050792 0.079064
0 0.639620 0.513613 0.046797 0.074274
0 0.620811 0.848049 0.051152 0.083944
0 0.910449 0.907554 0.047440 0.089477
0 0.582144 0.253678 0.048532 0.067407
0 0.580762 0.459856 0.044391 0.073898
0 0.542600 0.702431 0.048512 0.077714
0 0.342468 0.012560 0.045427 0.025107
0 0.700564 0.720518 0.051682 0.111369
0 0.917802 0.767123 0.048436 0.081916
0 0.703131 0.820174 0.042614 0.066872
0 0.837943 0.960937 0.044212 0.075235
0 0.484683 0.526768 0.061582 0.121073
0 0.504984 0.763931 0.054353 0.081266
0 0.594353 0.313497 0.047411 0.071986
0 0.539302 0.496174 0.047927 0.075630
0 0.936954 0.014151 0.049705 0.028303
0 0.761767 0.376638 0.042487 0.077046
0 0.575852 0.793031 0.067639 0.085844
0 0.586270 0.682078 0.043748 0.072711
0 0.820603 0.022834 0.068359 0.045623
0 0.018344 0.283635 0.036689 0.085421
0 0.968761 0.749869 0.050371 0.067735
0 0.691379 0.183234 0.074996 0.080320
0 0.291994 0.480367 0.075223 0.078454
0 0.832615 0.704851 0.068159 0.086213
0 0.753151 0.791263 0.046365 0.073846
0 0.016429 0.853368 0.032852 0.066262
0 0.946207 0.822365 0.050137 0.078231
0 0.289442 0.894632 0.053168 0.069584
0 0.892322 0.252636 0.051381 0.075538
0 0.419492 0.781503 0.046921 0.075466
0 0.453645 0.906194 0.050950 0.081074
0 0.467785 0.691511 0.048007 0.077861
0 0.880694 0.126292 0.054067 0.084022
0 0.468414 0.426344 0.060977 0.095444
0 0.356867 0.888271 0.050430 0.080000
0 0.840758 0.619892 0.046478 0.071752
0 0.203954 0.662829 0.077785 0.078954
0 0.037460 0.219388 0.049077 0.068050
0 0.369156 0.813851 0.052493 0.071904
0 0.847700 0.232841 0.044744 0.072126
0 0.441965 0.618473 0.050562 0.080106
0 0.638830 0.340405 0.046975 0.078755
0 0.545914 0.302857 0.044474 0.068573
0 0.276789 0.023597 0.047076 0.047194
0 0.511855 0.373548 0.044384 0.081160
0 0.836294 0.086480 0.046004 0.070788
0 0.215939 0.064607 0.045235 0.073160
0 0.289739 0.403662 0.044212 0.073639
0 0.784116 0.471270 0.061465 0.101459
0 0.054112 0.917978 0.052465 0.076577
0 0.066901 0.052702 0.048690 0.076524
0 0.195896 0.952520 0.047795 0.073704
0 0.812960 0.559095 0.049920 0.079252
0 0.949035 0.571034 0.045240 0.072103
0 0.160602 0.378935 0.049878 0.069720
0 0.124669 0.947124 0.051619 0.071271
0 0.686321 0.049844 0.055766 0.090914
0 0.759633 0.580553 0.047933 0.076688
0 0.427934 0.237312 0.050344 0.078810
0 0.898202 0.637950 0.046920 0.083655
0 0.458034 0.059334 0.048921 0.090541
0 0.159514 0.869512 0.046542 0.076890
0 0.199299 0.744768 0.055000 0.071757
0 0.763999 0.147178 0.051546 0.071979
0 0.317643 0.707753 0.046906 0.074420
0 0.419152 0.373891 0.046412 0.074679
0 0.676825 0.259116 0.048349 0.071145
0 0.351277 0.374695 0.046943 0.078231
0 0.963604 0.489320 0.045830 0.068799
0 0.379034 0.277226 0.046968 0.077171
0 0.130694 0.203005 0.047737 0.072854
0 0.309946 0.070708 0.047620 0.081167
0 0.072608 0.573198 0.048539 0.085102
0 0.743796 0.075657 0.052224 0.077341
0 0.576508 0.181788 0.047480 0.071231
0 0.527146 0.160245 0.048346 0.074909
0 0.088964 0.357993 0.051049 0.070913
0 0.291225 0.617099 0.050326 0.077867
0 0.235008 0.137222 0.046678 0.080307
0 0.032830 0.431163 0.053751 0.074069
0 0.977201 0.253983 0.043304 0.085067
0 0.088236 0.819328 0.050519 0.073920
0 0.139986 0.311096 0.049096 0.077129
0 0.384747 0.666164 0.053689 0.087555
0 0.141962 0.612056 0.044443 0.089266
0 0.206251 0.346637 0.045418 0.079947
0 0.967985 0.412832 0.049354 0.073549
0 0.064654 0.494490 0.054047 0.077559
0 0.225383 0.458866 0.048984 0.076852
0 0.228650 0.257542 0.051528 0.076759
0 0.102343 0.699061 0.049982 0.077651
0 0.913747 0.058601 0.048224 0.071218
0 0.940028 0.169987 0.046581 0.071559
0 0.629733 0.112198 0.049861 0.079118
0 0.091391 0.260565 0.050356 0.084170
0 0.373828 0.079318 0.049525 0.076149
0 0.153325 0.458824 0.052239 0.082841
2 0.271495 0.122169 0.019497 0.029797
2 0.015693 0.048868 0.022617 0.042908
2 0.150223 0.247318 0.017157 0.025030
2 0.229381 0.192491 0.019497 0.029797
2 0.100700 0.447557 0.025736 0.036949
2 0.013111 0.747318 0.026222 0.054827
2 0.117858 0.569726 0.019497 0.033373
2 0.220802 0.603099 0.016378 0.028605
2 0.250828 0.632896 0.012478 0.023838
2 0.058977 0.863528 0.020277 0.032181
2 0.549523 0.365912 0.040554 0.057211
2 0.942193 0.899881 0.016378 0.028605
2 0.971049 0.324195 0.013258 0.026222
3 0.712128 0.442193 0.120882 0.135876
4 0.586177 0.564362 0.085787 0.148987
5 0.686392 0.599523 0.108404 0.162098
1 0.443791 0.311510 0.042021 0.067556
2 0.992710 0.328190 0.014580 0.044204
2 0.481445 0.982485 0.019100 0.031693
2 0.994347 0.981651 0.011306 0.036697
2 0.272161 0.989575 0.020737 0.020851