0 0.996243 0.044079 0.006404 0.059029
0 0.011658 0.196417 0.023255 0.072859
0 0.336898 0.995949 0.027054 0.007190
0 0.267580 0.827767 0.044694 0.056250
0 0.006408 0.044830 0.012816 0.072198
0 0.499654 0.002646 0.045353 0.005279
0 0.849291 0.155709 0.053851 0.082071
0 0.990661 0.905715 0.016944 0.064178
0 0.337228 0.008369 0.041345 0.016739
0 0.285051 0.992582 0.036942 0.013083
0 0.400850 0.991775 0.037782 0.014611
0 0.007776 0.374266 0.015552 0.069953
0 0.664526 0.359910 0.054228 0.083561
0 0.991668 0.361894 0.014970 0.066634
0 0.299957 0.025534 0.049688 0.051009
0 0.289053 0.797964 0.049912 0.074169
0 0.626043 0.296520 0.051924 0.081424
0 0.056437 0.990422 0.042590 0.017186
0 0.633099 0.614890 0.047484 0.072907
0 0.291232 0.110377 0.042508 0.075303
0 0.416060 0.917900 0.051556 0.077761
0 0.982736 0.469281 0.032490 0.070652
0 0.981076 0.979686 0.035842 0.037455
0 0.468598 0.226897 0.051436 0.081565
0 0.396915 0.863850 0.054752 0.073903
0 0.263991 0.079357 0.049750 0.080513
0 0.929152 0.029921 0.046703 0.059805
0 0.174248 0.982121 0.048032 0.033471
0 0.610506 0.694593 0.048883 0.071402
0 0.121729 0.592613 0.048756 0.080182
0 0.220933 0.867207 0.045254 0.072456
0 0.757875 0.972989 0.048737 0.051624
0 0.490925 0.802619 0.051187 0.072393
0 0.204552 0.016562 0.048614 0.033123
0 0.207984 0.754734 0.054047 0.079679
0 0.717635 0.202475 0.051434 0.084302
0 0.759916 0.355692 0.051111 0.079704
0 0.861994 0.980705 0.047677 0.035704
0 0.017078 0.773167 0.034143 0.074936
0 0.973598 0.412543 0.049981 0.070466
0 0.395995 0.023918 0.046389 0.047813
0 0.124505 0.786569 0.046923 0.073925
0 0.121302 0.389787 0.056833 0.072875
0 0.390655 0.788910 0.051974 0.069340
0 0.432057 0.709468 0.043373 0.085504
0 0.474438 0.735949 0.049166 0.075381
0 0.316525 0.176553 0.049240 0.080437
0 0.564529 0.892767 0.043718 0.068253
0 0.364155 0.961716 0.058030 0.073641
0 0.358164 0.589157 0.047906 0.070437
0 0.387961 0.704681 0.049961 0.084960
0 0.518401 0.863340 0.050840 0.081481
0 0.021367 0.438405 0.042735 0.085201
0 0.090945 0.730538 0.049391 0.075277
0 0.221390 0.665425 0.043024 0.071840
0 0.332429 0.657033 0.049765 0.077397
0 0.191367 0.245876 0.044935 0.071304
0 0.910963 0.722084 0.040111 0.063203
0 0.291699 0.513299 0.052303 0.079904
0 0.288745 0.717659 0.051670 0.074085
0 0.812926 0.764586 0.043957 0.066195
0 0.154510 0.851879 0.049125 0.080828
0 0.086367 0.651770 0.048024 0.072457
0 0.138392 0.455881 0.050996 0.075545
0 0.667640 0.822124 0.042650 0.068059
0 0.915141 0.963451 0.051777 0.070016
0 0.195602 0.932753 0.052098 0.073634
0 0.017047 0.584461 0.034094 0.076374
0 0.976071 0.633741 0.045559 0.071753
0 0.136095 0.958759 0.048295 0.075908
0 0.409915 0.399380 0.052024 0.081569
0 0.408277 0.204925 0.046093 0.074242
0 0.552266 0.715724 0.045085 0.071099
0 0.809719 0.942066 0.049905 0.074942
0 0.504528 0.651249 0.049944 0.080268
0 0.406002 0.479635 0.050651 0.069159
0 0.494502 0.553606 0.047737 0.076098
0 0.982529 0.554178 0.032880 0.082176
0 0.672778 0.908593 0.054388 0.089007
0 0.404814 0.626698 0.051323 0.073698
0 0.614864 0.514695 0.052561 0.080215
0 0.423021 0.295812 0.045477 0.075622
0 0.649529 0.446726 0.050741 0.082685
0 0.694976 0.675785 0.050323 0.073479
0 0.667197 0.076952 0.046635 0.071288
0 0.067893 0.574705 0.051127 0.066301
0 0.639492 0.027136 0.047121 0.054213
0 0.179495 0.621447 0.051242 0.077084
0 0.138497 0.686143 0.050303 0.077075
0 0.341508 0.497401 0.044759 0.069684
0 0.106090 0.324729 0.051218 0.082439
0 0.795663 0.838332 0.044667 0.074802
0 0.152404 0.297204 0.049574 0.075365
0 0.769395 0.696648 0.046498 0.069138
0 0.708404 0.607094 0.047038 0.070194
0 0.598701 0.427388 0.044503 0.070833
0 0.730956 0.867640 0.048936 0.078643
0 0.217835 0.385853 0.052005 0.082200
0 0.725441 0.749192 0.055344 0.088615
0 0.516117 0.447727 0.046976 0.073628
0 0.074170 0.212098 0.051536 0.078777
0 0.529563 0.287751 0.048633 0.072503
0 0.036829 0.142406 0.053702 0.085230
0 0.479718 0.324295 0.047401 0.079935
0 0.556934 0.549702 0.050125 0.080814
0 0.557751 0.972171 0.046489 0.052913
0 0.027998 0.294481 0.045992 0.082561
0 0.173676 0.168290 0.046638 0.075056
0 0.483501 0.958513 0.049367 0.070315
0 0.855038 0.503607 0.050711 0.081432
0 0.859287 0.659286 0.048487 0.068878
0 0.235960 0.278832 0.047120 0.074963
0 0.138562 0.218679 0.049664 0.081185
0 0.100708 0.508577 0.049168 0.076318
0 0.209273 0.097317 0.051941 0.079831
0 0.890364 0.893295 0.050587 0.076261
0 0.825730 0.434349 0.051324 0.077605
0 0.962148 0.708210 0.052231 0.076821
0 0.255270 0.569134 0.049955 0.090341
0 0.162773 0.057873 0.051566 0.084135
0 0.071972 0.438331 0.052450 0.083339
0 0.382531 0.328850 0.051593 0.084271
0 0.820220 0.570787 0.053790 0.080942
0 0.349067 0.231216 0.050555 0.082835
0 0.983633 0.286213 0.030851 0.071588
0 0.465937 0.470835 0.048788 0.080106
0 0.901042 0.185774 0.049586 0.080500
0 0.863299 0.742969 0.051675 0.087848
0 0.755819 0.127801 0.059639 0.066760
0 0.526261 0.366940 0.049656 0.074876
0 0.689769 0.136064 0.053362 0.072016
0 0.427241 0.551390 0.049534 0.083742
0 0.789251 0.185086 0.051583 0.079267
0 0.576146 0.332888 0.049076 0.076797
0 0.605153 0.829791 0.050629 0.078768
0 0.682987 0.273758 0.050217 0.075096
0 0.972640 0.201040 0.050510 0.069692
0 0.433508 0.140202 0.049917 0.067764
0 0.859140 0.241431 0.052964 0.075552
0 0.845928 0.364688 0.047643 0.073121
0 0.934959 0.801411 0.045802 0.079761
0 0.761119 0.056669 0.046229 0.068393
0 0.503601 0.154627 0.047769 0.074896
0 0.882659 0.310642 0.050508 0.078290
0 0.773666 0.617143 0.052578 0.081457
0 0.791665 0.272438 0.047847 0.077269
0 0.547024 0.215869 0.046781 0.073479
0 0.830748 0.074764 0.053596 0.083671
0 0.879947 0.591084 0.052192 0.078963
0 0.585473 0.149740 0.052164 0.079112
0 0.594072 0.066950 0.055032 0.083312
0 0.616127 0.212557 0.050986 0.080538
0 0.695555 0.530062 0.055150 0.080767
0 0.537237 0.090819 0.050873 0.079261
0 0.908675 0.488647 0.052761 0.079943
0 0.931841 0.117408 0.049810 0.078275
3 0.275162 0.921184 0.085678 0.145955
4 0.342832 0.075480 0.092227 0.124270
2 0.130819 0.163887 0.026195 0.037531
2 0.574764 0.664721 0.022375 0.036697
2 0.613510 0.764387 0.016917 0.024187
2 0.623333 0.566305 0.020192 0.025021
1 0.589771 0.619266 0.046932 0.077565