0 0.996771 0.022161 0.005477 0.044043
0 0.995501 0.552386 0.007558 0.058583
0 0.010880 0.958124 0.021760 0.073022
0 0.136395 0.995125 0.034630 0.008268
0 0.994660 0.821070 0.009098 0.053705
0 0.931408 0.002411 0.028437 0.004778
0 0.981269 0.001780 0.031997 0.003556
0 0.994674 0.179878 0.009105 0.064232
0 0.013848 0.442691 0.027632 0.066905
0 0.078302 0.610376 0.048069 0.069527
0 0.011038 0.722163 0.022000 0.069787
0 0.010487 0.164354 0.020925 0.075577
0 0.022232 0.397538 0.044230 0.070510
0 0.228816 0.971363 0.045483 0.054146
0 0.426543 0.993232 0.036931 0.011306
0 0.901607 0.571875 0.047548 0.063111
0 0.509642 0.766441 0.053102 0.089764
0 0.906441 0.623892 0.053950 0.072872
0 0.519583 0.717304 0.054978 0.068944
0 0.253244 0.674997 0.047552 0.076568
0 0.168235 0.007952 0.042111 0.015903
0 0.646308 0.990080 0.041170 0.016873
0 0.569398 0.499758 0.042256 0.073783
0 0.961197 0.928311 0.046681 0.074864
0 0.098314 0.571899 0.050712 0.078911
0 0.358851 0.007204 0.038688 0.014409
0 0.187442 0.973303 0.052506 0.050319
0 0.744791 0.986662 0.045933 0.023564
0 0.989057 0.704919 0.020099 0.073293
0 0.030639 0.010748 0.045702 0.021495
0 0.911180 0.681938 0.051969 0.067433
0 0.271066 0.011904 0.043586 0.023808
0 0.884464 0.981178 0.048887 0.034656
0 0.039274 0.983598 0.046678 0.029818
0 0.962256 0.844656 0.050809 0.074980
0 0.855338 0.665737 0.053985 0.070114
0 0.267372 0.943587 0.048345 0.070364
0 0.288709 0.986628 0.047010 0.023962
0 0.918324 0.460852 0.055216 0.080598
0 0.693751 0.983227 0.046140 0.030351
0 0.492850 0.021022 0.051278 0.042045
0 0.443565 0.019660 0.048573 0.039263
0 0.166945 0.766285 0.052029 0.095408
0 0.767886 0.330177 0.076093 0.079466
0 0.823514 0.978762 0.043091 0.039240
0 0.986670 0.396766 0.024523 0.076707
0 0.107439 0.651137 0.052871 0.081587
0 0.141696 0.703303 0.047300 0.077435
0 0.525514 0.214800 0.049378 0.077513
0 0.023102 0.086661 0.045131 0.083490
0 0.094149 0.472866 0.064010 0.098262
0 0.668447 0.396349 0.043222 0.080028
0 0.739901 0.018130 0.045044 0.036237
0 0.907920 0.402355 0.046261 0.080308
0 0.755542 0.693714 0.046223 0.079274
0 0.156036 0.554315 0.048791 0.068724
0 0.487906 0.845580 0.050651 0.074113
0 0.416812 0.636008 0.046603 0.072000
0 0.596195 0.937547 0.055428 0.074184
0 0.877090 0.014379 0.047355 0.028728
0 0.691675 0.017018 0.044034 0.033970
0 0.588937 0.785156 0.047756 0.078725
0 0.228318 0.103504 0.046118 0.068542
0 0.251791 0.885374 0.052395 0.078893
0 0.565630 0.970879 0.052220 0.055021
0 0.045890 0.146213 0.045442 0.070494
0 0.018223 0.240650 0.036445 0.066181
0 0.442015 0.822787 0.049464 0.075330
0 0.235482 0.571603 0.047093 0.071326
0 0.944818 0.980984 0.050901 0.034927
0 0.175803 0.048437 0.048959 0.090650
0 0.303350 0.874349 0.046757 0.077953
0 0.589141 0.635481 0.053367 0.082066
0 0.531957 0.883443 0.050372 0.080841
0 0.328765 0.776971 0.049334 0.077726
0 0.418498 0.897502 0.051521 0.081447
0 0.714895 0.206079 0.048392 0.076485
0 0.791778 0.870184 0.049648 0.078916
0 0.476426 0.600800 0.049536 0.078433
0 0.220541 0.431266 0.047219 0.073445
0 0.136771 0.915832 0.050947 0.081387
0 0.483981 0.964144 0.059298 0.068361
0 0.095103 0.185637 0.045816 0.070538
0 0.641146 0.466935 0.050489 0.071311
0 0.040566 0.680147 0.051064 0.079391
0 0.338668 0.407553 0.048922 0.082425
0 0.864298 0.347228 0.052835 0.091024
0 0.190578 0.494799 0.047826 0.074472
0 0.356791 0.689201 0.046956 0.072693
0 0.306458 0.695473 0.048299 0.085693
0 0.373110 0.119243 0.047891 0.076912
0 0.535296 0.643615 0.050115 0.076809
0 0.420303 0.559988 0.052086 0.071158
0 0.283486 0.607820 0.049683 0.079124
0 0.044314 0.488768 0.051416 0.087281
0 0.314824 0.550212 0.050978 0.078942
0 0.115110 0.036562 0.052262 0.073124
0 0.060581 0.768407 0.042646 0.081779
0 0.225897 0.032867 0.049771 0.065734
0 0.698428 0.451993 0.045836 0.073502
0 0.455454 0.506536 0.049738 0.082932
0 0.594298 0.441027 0.044263 0.068922
0 0.638456 0.758332 0.049577 0.075212
0 0.135390 0.229848 0.044405 0.074524
0 0.636148 0.679041 0.055020 0.075033
0 0.195914 0.836524 0.050744 0.086207
0 0.624036 0.295000 0.048935 0.077860
0 0.537078 0.458190 0.047791 0.080634
0 0.217234 0.758389 0.048348 0.079467
0 0.983526 0.476905 0.030873 0.072824
0 0.856276 0.739331 0.047268 0.069945
0 0.107813 0.802443 0.047091 0.077056
0 0.053292 0.333893 0.050123 0.082966
0 0.802473 0.726178 0.055042 0.072904
0 0.824425 0.285817 0.049732 0.084147
0 0.826019 0.602235 0.055645 0.084812
0 0.263243 0.146238 0.048118 0.084743
0 0.366757 0.954984 0.048768 0.081069
0 0.271512 0.803124 0.050879 0.076931
0 0.225462 0.217499 0.047059 0.074756
0 0.296696 0.471327 0.047410 0.076347
0 0.354489 0.062407 0.051257 0.079527
0 0.353047 0.497751 0.049936 0.083468
0 0.094367 0.271980 0.049599 0.080336
0 0.749282 0.934327 0.053878 0.073157
0 0.498763 0.408480 0.046541 0.083540
0 0.824757 0.412924 0.047300 0.078569
0 0.248579 0.497613 0.048920 0.078215
0 0.231224 0.348824 0.050828 0.081962
0 0.658770 0.605806 0.053663 0.085683
0 0.197653 0.285765 0.051843 0.073909
0 0.667881 0.932192 0.054074 0.074013
0 0.619485 0.380833 0.052014 0.073419
0 0.771327 0.411373 0.055020 0.077365
0 0.676213 0.147705 0.054796 0.077587
0 0.871816 0.861203 0.049456 0.072823
0 0.447930 0.398845 0.050485 0.082490
0 0.720801 0.669488 0.052048 0.083844
0 0.290419 0.287973 0.047478 0.075005
0 0.713555 0.549778 0.050425 0.076778
0 0.080433 0.871561 0.053866 0.079776
0 0.811142 0.165528 0.051395 0.083857
0 0.774719 0.790976 0.050287 0.081967
0 0.091696 0.107073 0.047326 0.074181
0 0.868846 0.154454 0.051555 0.084783
0 0.027417 0.892563 0.047312 0.085560
0 0.636285 0.036267 0.049126 0.072534
0 0.753712 0.603145 0.051212 0.080737
0 0.723765 0.823458 0.052107 0.084500
0 0.313117 0.122113 0.049082 0.083042
0 0.350921 0.608812 0.054110 0.081969
0 0.837398 0.512354 0.056369 0.089536
0 0.322739 0.208227 0.050682 0.082642
0 0.679778 0.069549 0.049138 0.073483
0 0.193233 0.671240 0.048407 0.076437
0 0.522559 0.334689 0.040123 0.076848
0 0.892672 0.797875 0.049875 0.076136
0 0.962555 0.327077 0.057088 0.090194
0 0.779557 0.088251 0.044561 0.074897
0 0.404862 0.473733 0.047468 0.098601
0 0.971209 0.637615 0.046841 0.092618
0 0.374022 0.360380 0.048638 0.077065
0 0.666262 0.829169 0.056677 0.084990
0 0.952789 0.158444 0.046341 0.068287
0 0.892231 0.941081 0.050412 0.074152
0 0.649045 0.223025 0.055084 0.085730
0 0.577108 0.299408 0.041215 0.076627
0 0.396173 0.191580 0.048571 0.078375
0 0.478233 0.312816 0.045673 0.077091
0 0.946426 0.727772 0.046805 0.076249
0 0.977526 0.255341 0.042836 0.077048
0 0.475708 0.173154 0.057028 0.080464
0 0.489746 0.090310 0.058744 0.087630
0 0.542094 0.117352 0.053311 0.084305
0 0.723095 0.118279 0.046441 0.082534
0 0.921229 0.082168 0.047809 0.075298
0 0.847367 0.071048 0.048365 0.075186
0 0.906223 0.231532 0.050756 0.078786
0 0.408548 0.301969 0.054928 0.085477
0 0.445238 0.237926 0.054839 0.089852
0 0.577596 0.051391 0.049724 0.080318
1 0.161106 0.631776 0.046386 0.055880
1 0.396040 0.786489 0.038201 0.073394
1 0.435878 0.754379 0.052389 0.069224
1 0.407500 0.711843 0.054572 0.072560
1 0.840531 0.806088 0.032198 0.030859
1 0.837529 0.910342 0.050206 0.080901
1 0.690184 0.327773 0.037109 0.058382
1 0.576128 0.557965 0.053481 0.075063
3 0.130546 0.380734 0.107507 0.175980
4 0.767404 0.245204 0.082404 0.108424
2 0.267249 0.754796 0.018555 0.021685
2 0.897286 0.522102 0.026740 0.036697
2 0.941216 0.535863 0.027286 0.044204
2 0.748849 0.513344 0.023466 0.032527