0 0.003897 0.861155 0.007794 0.056767
0 0.997102 0.355014 0.005163 0.052592
0 0.003356 0.390748 0.006711 0.056755
0 0.721071 0.995466 0.033183 0.007357
0 0.985081 0.003158 0.025014 0.006295
0 0.250717 0.001419 0.035688 0.002778
0 0.039482 0.993572 0.034502 0.010447
0 0.007982 0.692193 0.015963 0.071128
0 0.520656 0.532859 0.051476 0.078604
0 0.194286 0.283548 0.055662 0.076330
0 0.608650 0.990731 0.034849 0.015633
0 0.155366 0.156768 0.041537 0.070722
0 0.456680 0.006112 0.034155 0.012224
0 0.535206 0.915550 0.047777 0.079382
0 0.849881 0.005773 0.040682 0.011546
0 0.374894 0.443727 0.047977 0.065195
0 0.740993 0.005972 0.037702 0.011944
0 0.218622 0.605737 0.053206 0.083306
0 0.102931 0.079052 0.047442 0.070232
0 0.189718 0.011993 0.046228 0.023940
0 0.012883 0.965880 0.025766 0.065181
0 0.369259 0.390181 0.048403 0.078309
0 0.983997 0.508530 0.030017 0.080013
0 0.795154 0.010873 0.041718 0.021691
0 0.016400 0.254964 0.032747 0.074605
0 0.015625 0.556025 0.031243 0.078481
0 0.985843 0.687517 0.026279 0.071885
0 0.795089 0.979128 0.047291 0.038467
0 0.283475 0.385687 0.045116 0.071607
0 0.371831 0.020800 0.046136 0.041592
0 0.107852 0.015659 0.050581 0.031318
0 0.013377 0.774261 0.026745 0.076765
0 0.987097 0.159834 0.023872 0.077477
0 0.422929 0.417041 0.048796 0.077989
0 0.144561 0.980936 0.048657 0.034908
0 0.253300 0.765821 0.043545 0.071102
0 0.776772 0.894191 0.048306 0.074305
0 0.020665 0.085410 0.041319 0.077676
0 0.700677 0.615759 0.051505 0.081442
0 0.273590 0.579029 0.048220 0.069741
0 0.269815 0.845081 0.045943 0.076807
0 0.268846 0.655948 0.043325 0.065177
0 0.302414 0.258420 0.041553 0.066876
0 0.619553 0.025885 0.050011 0.051738
0 0.177941 0.861382 0.043773 0.065484
0 0.323355 0.550893 0.045156 0.076218
0 0.222636 0.819266 0.045054 0.074549
0 0.958031 0.639817 0.049880 0.074933
0 0.023602 0.491075 0.045375 0.064370
0 0.150046 0.654514 0.049407 0.075988
0 0.562170 0.033541 0.052291 0.067030
0 0.451035 0.944025 0.049230 0.075693
0 0.277939 0.722688 0.048720 0.065624
0 0.312716 0.347072 0.046397 0.073792
0 0.041197 0.689403 0.044321 0.071152
0 0.160028 0.774388 0.042416 0.068375
0 0.469524 0.434091 0.043052 0.074141
0 0.976073 0.416742 0.045948 0.084863
0 0.496246 0.966873 0.043693 0.062997
0 0.637144 0.955445 0.049857 0.076049
0 0.224650 0.345691 0.047627 0.079936
0 0.483059 0.707805 0.049544 0.077908
0 0.984863 0.860659 0.028347 0.077744
0 0.035050 0.835004 0.051934 0.077424
0 0.260763 0.975769 0.048764 0.045148
0 0.948691 0.494312 0.046286 0.072798
0 0.085484 0.807962 0.049694 0.076431
0 0.532116 0.834010 0.046002 0.069952
0 0.862218 0.612097 0.043167 0.077213
0 0.525400 0.622417 0.048037 0.073426
0 0.260915 0.503539 0.050032 0.080681
0 0.175419 0.218467 0.043663 0.068279
0 0.374068 0.973942 0.051138 0.048719
0 0.134194 0.829682 0.047161 0.071763
0 0.326878 0.711661 0.043053 0.076130
0 0.289475 0.029204 0.047974 0.058408
0 0.346205 0.285218 0.043658 0.080164
0 0.692246 0.409778 0.045747 0.076111
0 0.786386 0.421175 0.045902 0.076375
0 0.116130 0.402128 0.051148 0.075160
0 0.558206 0.680896 0.052070 0.076550
0 0.215639 0.691290 0.051250 0.070820
0 0.869041 0.972737 0.049177 0.051183
0 0.319757 0.854909 0.046218 0.076185
0 0.124912 0.549574 0.046290 0.073171
0 0.225964 0.443373 0.049720 0.074176
0 0.752183 0.684586 0.053570 0.074973
0 0.391128 0.279093 0.047619 0.075052
0 0.260988 0.089894 0.046357 0.073512
0 0.583765 0.449153 0.048093 0.073462
0 0.199613 0.527281 0.046811 0.074738
0 0.040737 0.919347 0.048443 0.075600
0 0.427475 0.339947 0.044440 0.071869
0 0.037831 0.423172 0.046251 0.070518
0 0.100485 0.152984 0.050678 0.069377
0 0.463971 0.627556 0.048735 0.076899
0 0.813017 0.573791 0.051126 0.078280
0 0.724579 0.497943 0.045912 0.071371
0 0.653880 0.501096 0.050062 0.077911
0 0.035101 0.611725 0.047452 0.076091
0 0.092306 0.967245 0.047966 0.062234
0 0.622522 0.690246 0.044136 0.080650
0 0.667934 0.855213 0.047968 0.076808
0 0.876240 0.877414 0.049315 0.077918
0 0.518387 0.347405 0.050635 0.078646
0 0.824097 0.911578 0.050704 0.089347
0 0.354834 0.802088 0.047377 0.071920
0 0.615353 0.865216 0.050267 0.078371
0 0.943166 0.572116 0.052695 0.073302
0 0.755715 0.769133 0.051905 0.078896
0 0.682958 0.972694 0.048616 0.051674
0 0.229213 0.911686 0.048833 0.076118
0 0.583035 0.610945 0.045696 0.073637
0 0.095030 0.483341 0.047704 0.082562
0 0.848495 0.529124 0.050405 0.071092
0 0.719895 0.869874 0.050383 0.078806
0 0.419807 0.035271 0.051394 0.070542
0 0.441133 0.864272 0.050787 0.074822
0 0.495596 0.280603 0.047887 0.080101
0 0.025670 0.332184 0.051316 0.079442
0 0.677862 0.070056 0.050632 0.075861
0 0.180609 0.943315 0.046485 0.074770
0 0.585911 0.783935 0.049385 0.077993
0 0.763979 0.604499 0.051839 0.083970
0 0.386819 0.521087 0.055394 0.079374
0 0.046310 0.158255 0.048904 0.085238
0 0.086905 0.603771 0.046773 0.080175
0 0.744854 0.370543 0.052214 0.081023
0 0.929111 0.909487 0.048169 0.074180
0 0.558361 0.385383 0.051002 0.072941
0 0.158771 0.470401 0.049364 0.073961
0 0.753401 0.287044 0.046355 0.081614
0 0.618152 0.176043 0.047211 0.077102
0 0.082103 0.729939 0.050275 0.072932
0 0.150583 0.343076 0.048414 0.076090
0 0.541911 0.125007 0.048616 0.075225
0 0.800250 0.818967 0.047801 0.080509
0 0.373208 0.688859 0.049318 0.083679
0 0.177370 0.086949 0.048649 0.076653
0 0.600059 0.102650 0.048841 0.068671
0 0.789255 0.062134 0.050836 0.071441
0 0.368435 0.598494 0.050030 0.074345
0 0.982248 0.073077 0.033543 0.075936
0 0.444580 0.262403 0.045563 0.080406
0 0.637924 0.379310 0.047900 0.081276
0 0.263894 0.209495 0.046906 0.073697
0 0.261459 0.293403 0.046982 0.076416
0 0.843179 0.082408 0.051893 0.085593
0 0.334404 0.203108 0.051646 0.080358
0 0.840390 0.451685 0.050028 0.076021
0 0.448555 0.547409 0.048322 0.070994
0 0.448185 0.778694 0.053835 0.081442
0 0.379961 0.169593 0.047347 0.071889
0 0.882344 0.142113 0.045944 0.073231
0 0.971872 0.957333 0.051258 0.079735
0 0.735197 0.082483 0.048623 0.077127
0 0.088469 0.320184 0.047420 0.077125
0 0.667777 0.318878 0.050620 0.078741
0 0.911138 0.218330 0.049185 0.076835
0 0.466620 0.069153 0.049083 0.080928
0 0.828123 0.361544 0.049820 0.079726
0 0.533521 0.208029 0.047147 0.074827
0 0.382301 0.086712 0.048630 0.071757
0 0.886755 0.773915 0.051776 0.093316
0 0.946252 0.758605 0.055244 0.072782
0 0.317825 0.090413 0.048814 0.079094
0 0.468167 0.178855 0.047703 0.073908
0 0.903226 0.044418 0.050595 0.082374
4 0.320730 0.464554 0.084041 0.136781
2 0.604506 0.389491 0.026195 0.048374
2 0.593591 0.238115 0.029469 0.037531
2 0.673267 0.019600 0.019646 0.027523
2 0.970413 0.373228 0.023466 0.030859
2 0.444609 0.683486 0.020737 0.034195
2 0.907109 0.839033 0.023466 0.036697
1 0.887190 0.304420 0.041475 0.070058
1 0.908473 0.629691 0.037109 0.085071