0 0.997299 0.110459 0.004508 0.042512
0 0.002717 0.843558 0.005435 0.047201
0 0.003402 0.351581 0.006805 0.052101
0 0.004619 0.419884 0.009237 0.055932
0 0.756570 0.003710 0.028661 0.007419
0 0.967103 0.571533 0.042328 0.067109
0 0.364890 0.133543 0.048514 0.079394
0 0.006488 0.171634 0.012976 0.074075
0 0.512051 0.991855 0.043132 0.013548
0 0.501855 0.006511 0.035798 0.013022
0 0.400884 0.465669 0.052468 0.075378
0 0.187622 0.505504 0.046931 0.081844
0 0.778234 0.385906 0.047126 0.076957
0 0.119512 0.014431 0.051963 0.028861
0 0.467628 0.492665 0.049158 0.071206
0 0.082872 0.431259 0.048203 0.081214
0 0.479596 0.175431 0.050178 0.080708
0 0.506791 0.607294 0.046129 0.077337
0 0.574141 0.848035 0.051170 0.074540
0 0.038930 0.014993 0.044759 0.029985
0 0.104909 0.382141 0.044800 0.078069
0 0.463247 0.426757 0.046914 0.075527
0 0.545896 0.019617 0.042312 0.039235
0 0.012053 0.531965 0.024101 0.072700
0 0.034218 0.609722 0.044184 0.071330
0 0.408483 0.673094 0.053463 0.079405
0 0.440007 0.015351 0.048191 0.030702
0 0.125517 0.473311 0.048961 0.070336
0 0.076474 0.139692 0.046264 0.068031
0 0.924278 0.615365 0.050402 0.076945
0 0.533074 0.667679 0.047031 0.080083
0 0.804364 0.016840 0.048340 0.033680
0 0.839064 0.264921 0.042828 0.070431
0 0.023960 0.303236 0.039766 0.069496
0 0.390524 0.610056 0.054953 0.068461
0 0.075855 0.589542 0.047229 0.073729
0 0.139818 0.537503 0.049203 0.080974
0 0.016669 0.060471 0.033288 0.075025
0 0.591563 0.663955 0.054077 0.085658
0 0.324977 0.829461 0.046575 0.071939
0 0.032759 0.425376 0.042857 0.073526
0 0.984532 0.266946 0.028944 0.074678
0 0.598375 0.396432 0.049713 0.075193
0 0.303260 0.943726 0.048181 0.073971
0 0.274431 0.297987 0.046534 0.072266
0 0.035445 0.203361 0.048646 0.072494
0 0.453057 0.125263 0.050130 0.072341
0 0.189195 0.415733 0.048497 0.072206
0 0.447496 0.232756 0.050018 0.077638
0 0.264085 0.898364 0.044493 0.073507
0 0.588322 0.326444 0.049441 0.066934
0 0.468731 0.970217 0.044015 0.056471
0 0.033353 0.891931 0.048449 0.072235
0 0.768002 0.532444 0.040897 0.066482
0 0.393170 0.750754 0.046502 0.073276
0 0.920490 0.913331 0.053118 0.073605
0 0.194950 0.308219 0.048089 0.076554
0 0.284567 0.616157 0.046180 0.076162
0 0.964912 0.414630 0.054247 0.077029
0 0.276929 0.502013 0.047840 0.074094
0 0.136775 0.856131 0.063333 0.083825
0 0.666274 0.717147 0.050855 0.077610
0 0.205977 0.033244 0.048423 0.066434
0 0.628853 0.617969 0.051735 0.081400
0 0.846223 0.763185 0.044541 0.067240
0 0.544955 0.346149 0.050497 0.076813
0 0.334227 0.461722 0.041702 0.075264
0 0.300141 0.757323 0.044628 0.074908
0 0.241506 0.352360 0.051728 0.084316
0 0.492776 0.359678 0.044962 0.072555
0 0.080906 0.517750 0.049317 0.072678
0 0.152823 0.369890 0.046538 0.070907
0 0.462864 0.858753 0.042224 0.070935
0 0.860407 0.173630 0.051261 0.076692
0 0.381333 0.537643 0.049271 0.072460
0 0.581676 0.935633 0.049629 0.077648
0 0.983527 0.181867 0.030953 0.080266
0 0.615946 0.026387 0.045376 0.052773
0 0.720224 0.479436 0.045697 0.065341
0 0.118112 0.272650 0.044960 0.074573
0 0.701846 0.775541 0.043729 0.074162
0 0.786400 0.466329 0.046413 0.069862
0 0.783820 0.649413 0.045819 0.075453
0 0.168327 0.241309 0.046798 0.070640
0 0.702958 0.353098 0.045244 0.071865
0 0.232678 0.463966 0.046008 0.081885
0 0.510557 0.825280 0.045736 0.069840
0 0.488884 0.282477 0.046275 0.070703
0 0.720340 0.040888 0.048216 0.076364
0 0.368899 0.030327 0.050531 0.060654
0 0.218974 0.570367 0.046644 0.071473
0 0.291152 0.421335 0.051044 0.078943
0 0.653534 0.384127 0.050375 0.082910
0 0.660481 0.159321 0.045173 0.078626
0 0.866240 0.336592 0.048355 0.076958
0 0.243441 0.665818 0.045994 0.073607
0 0.472447 0.756213 0.047298 0.072667
0 0.087368 0.773049 0.044747 0.072322
0 0.061927 0.067149 0.049582 0.075950
0 0.833392 0.530680 0.046972 0.078504
0 0.855563 0.459636 0.047947 0.078706
0 0.389676 0.837943 0.048294 0.078050
0 0.575788 0.146314 0.048970 0.072939
0 0.975618 0.070917 0.045475 0.079147
0 0.424355 0.070178 0.049452 0.075192
0 0.537409 0.231489 0.045211 0.072272
0 0.312786 0.347263 0.049906 0.076583
0 0.791116 0.077362 0.052269 0.083398
0 0.598765 0.550284 0.047233 0.073917
0 0.396382 0.295207 0.046967 0.076840
0 0.831907 0.388318 0.049228 0.077919
0 0.066676 0.273107 0.047269 0.084902
0 0.390296 0.388297 0.046631 0.072960
0 0.703011 0.550227 0.048266 0.079541
0 0.708764 0.182932 0.047234 0.075275
0 0.547599 0.563349 0.051447 0.084134
0 0.905514 0.413493 0.045557 0.070743
0 0.439792 0.360617 0.048962 0.074051
0 0.479612 0.677031 0.051901 0.078383
0 0.761778 0.752018 0.047431 0.076395
0 0.273460 0.217255 0.050591 0.077603
0 0.673598 0.288849 0.049441 0.076936
0 0.326632 0.188782 0.045053 0.074938
0 0.619822 0.095436 0.047230 0.070439
0 0.133688 0.114936 0.050497 0.078117
0 0.929888 0.038328 0.051146 0.076481
0 0.038044 0.805819 0.052815 0.080124
0 0.935945 0.699034 0.056210 0.084367
0 0.140768 0.771006 0.052054 0.075579
0 0.664912 0.070742 0.042841 0.068748
0 0.503872 0.074700 0.045471 0.072580
0 0.973314 0.338616 0.051296 0.075939
0 0.977325 0.882800 0.043354 0.081800
0 0.836346 0.106931 0.046675 0.080155
0 0.623394 0.271324 0.045850 0.071438
0 0.328324 0.270187 0.046681 0.073467
0 0.936192 0.487395 0.052501 0.075230
0 0.566084 0.070801 0.048132 0.074942
0 0.769010 0.267872 0.049407 0.080649
0 0.207273 0.161940 0.046790 0.072154
0 0.317970 0.052389 0.051609 0.080232
0 0.906162 0.122779 0.049549 0.073737
0 0.915771 0.827229 0.051291 0.077674
1 0.924026 0.217264 0.051844 0.074229
1 0.886644 0.245621 0.051298 0.072560
1 0.253334 0.755630 0.042021 0.066722
1 0.796054 0.801084 0.063304 0.064220
2 0.143916 0.028774 0.025103 0.035863
2 0.617603 0.150542 0.027286 0.045872
2 0.943126 0.188907 0.025649 0.039199
2 0.895376 0.292327 0.027286 0.039199
2 0.872728 0.625938 0.020192 0.034195
2 0.978053 0.941201 0.021283 0.032527
2 0.838621 0.853628 0.020737 0.030859
5 0.543385 0.449124 0.085133 0.129274