0 0.002758 0.021309 0.005516 0.042496
0 0.996407 0.388872 0.006128 0.053380
0 0.002697 0.721956 0.005394 0.052684
0 0.995383 0.896743 0.007845 0.058696
0 0.880763 0.995957 0.037471 0.006866
0 0.691706 0.994294 0.039160 0.009382
0 0.009225 0.365782 0.018407 0.070773
0 0.018648 0.189761 0.037189 0.082429
0 0.251567 0.175022 0.046213 0.072740
0 0.102091 0.423035 0.051382 0.079913
0 0.987787 0.589459 0.022547 0.064124
0 0.652459 0.918499 0.055557 0.084227
0 0.993032 0.655541 0.012261 0.062651
0 0.721706 0.196980 0.048097 0.081877
0 0.541250 0.948586 0.047720 0.072606
0 0.410418 0.992061 0.033977 0.013032
0 0.543963 0.005739 0.041081 0.011478
0 0.794821 0.991846 0.039855 0.013601
0 0.012890 0.989420 0.025704 0.018491
0 0.021347 0.095644 0.042692 0.090162
0 0.984237 0.275755 0.029486 0.079824
0 0.510414 0.987198 0.053596 0.022498
0 0.796473 0.763247 0.050570 0.073448
0 0.207243 0.692986 0.059289 0.079868
0 0.920692 0.470509 0.051554 0.083408
0 0.621533 0.575732 0.047255 0.078804
0 0.979858 0.014664 0.038445 0.029294
0 0.082321 0.021769 0.050766 0.043430
0 0.012585 0.486531 0.025171 0.082342
0 0.390654 0.619266 0.047323 0.076074
0 0.719380 0.605165 0.047575 0.079005
0 0.098721 0.979784 0.051012 0.037121
0 0.738441 0.677234 0.042579 0.075714
0 0.357701 0.850493 0.049440 0.077967
0 0.358940 0.978302 0.055365 0.039991
0 0.238066 0.982897 0.047505 0.031035
0 0.150468 0.031612 0.050132 0.063223
0 0.332246 0.798014 0.055149 0.076284
0 0.984696 0.514608 0.028589 0.075490
0 0.104843 0.629305 0.047149 0.076468
0 0.176699 0.853292 0.048251 0.073944
0 0.302120 0.017862 0.050442 0.035724
0 0.024788 0.880861 0.049040 0.086653
0 0.801587 0.877064 0.049405 0.079907
0 0.025838 0.644139 0.050441 0.078247
0 0.972748 0.961750 0.049336 0.072446
0 0.687211 0.245441 0.044435 0.087510
0 0.651636 0.195703 0.050181 0.081953
0 0.126085 0.117316 0.046839 0.077347
0 0.176533 0.954411 0.054883 0.075586
0 0.074627 0.087333 0.055766 0.081926
0 0.589591 0.968614 0.053287 0.059600
0 0.738002 0.026280 0.046512 0.052559
0 0.630878 0.757107 0.048054 0.078160
0 0.752564 0.862362 0.042906 0.073115
0 0.888739 0.780522 0.049950 0.085377
0 0.897567 0.899622 0.055996 0.086692
0 0.888860 0.033433 0.049072 0.066866
0 0.068209 0.255241 0.044759 0.074427
0 0.405085 0.404138 0.044827 0.068026
0 0.748050 0.546985 0.050111 0.077704
0 0.674444 0.707430 0.053929 0.081376
0 0.047356 0.966821 0.043411 0.063092
0 0.372909 0.921830 0.052953 0.072820
0 0.489822 0.939431 0.051174 0.077069
0 0.563101 0.652075 0.048568 0.068830
0 0.891939 0.541069 0.049728 0.078624
0 0.105278 0.196317 0.052090 0.078579
0 0.376890 0.031366 0.053276 0.062612
0 0.029868 0.316723 0.047958 0.080988
0 0.581842 0.805119 0.048189 0.079064
0 0.785356 0.687598 0.048116 0.074249
0 0.799186 0.035408 0.049398 0.070584
0 0.223302 0.422227 0.049651 0.080179
0 0.149451 0.671448 0.046700 0.074688
0 0.081829 0.910211 0.047673 0.075231
0 0.512228 0.867731 0.052552 0.067417
0 0.774772 0.183081 0.048126 0.073534
0 0.191609 0.769632 0.050306 0.075798
0 0.280970 0.939118 0.049502 0.078751
0 0.078329 0.795345 0.056392 0.078416
0 0.838777 0.809421 0.049447 0.088892
0 0.779347 0.947560 0.052338 0.073427
0 0.057846 0.531923 0.049228 0.076374
0 0.430335 0.672611 0.049224 0.075773
0 0.720989 0.767516 0.052932 0.078646
0 0.275946 0.447245 0.049610 0.084250
0 0.855576 0.953483 0.055677 0.080030
0 0.581668 0.721175 0.054476 0.071398
0 0.792194 0.610908 0.044615 0.075578
0 0.339664 0.240175 0.052528 0.076173
0 0.131687 0.348120 0.054010 0.084127
0 0.693531 0.422407 0.045798 0.071573
0 0.189202 0.081736 0.052542 0.083430
0 0.863571 0.679478 0.050682 0.081168
0 0.932230 0.725366 0.052544 0.079002
0 0.901002 0.255752 0.047551 0.074806
0 0.801850 0.506372 0.049777 0.079785
0 0.311053 0.079126 0.052946 0.080441
0 0.528333 0.578186 0.044683 0.086103
0 0.350967 0.455179 0.049019 0.079746
0 0.675801 0.849246 0.046714 0.070501
0 0.245204 0.834797 0.051134 0.076376
0 0.682732 0.082850 0.047224 0.077771
0 0.206912 0.338774 0.052750 0.084235
0 0.315141 0.533459 0.048269 0.077751
0 0.613412 0.043482 0.045309 0.081182
0 0.488183 0.701341 0.051237 0.074630
0 0.477900 0.530247 0.051868 0.079104
0 0.289702 0.307799 0.045588 0.070156
0 0.600364 0.434289 0.049100 0.077375
0 0.496409 0.191330 0.048826 0.079775
0 0.188879 0.188209 0.046632 0.073378
0 0.949404 0.405430 0.046148 0.067200
0 0.113377 0.543272 0.053948 0.080916
0 0.860884 0.473844 0.049061 0.072682
0 0.935101 0.828150 0.049911 0.081862
0 0.954913 0.654998 0.049386 0.078510
0 0.943795 0.564492 0.049101 0.080612
0 0.426774 0.152042 0.049701 0.080169
0 0.472560 0.259809 0.047489 0.078302
0 0.614317 0.261737 0.045278 0.073343
0 0.573360 0.563105 0.042825 0.079295
0 0.520504 0.791568 0.042713 0.074809
0 0.395127 0.088536 0.054171 0.080782
0 0.284503 0.228479 0.047665 0.075809
0 0.668673 0.610433 0.050392 0.082541
0 0.317015 0.720870 0.049925 0.079474
0 0.448781 0.750564 0.044001 0.078635
0 0.336659 0.161180 0.048545 0.073608
0 0.560440 0.049942 0.053165 0.085484
0 0.787835 0.108615 0.047059 0.072723
0 0.736258 0.107499 0.044558 0.077522
0 0.839963 0.589092 0.047041 0.076980
0 0.937233 0.184080 0.051852 0.078288
0 0.196072 0.609333 0.053740 0.077989
0 0.423073 0.233860 0.052494 0.077772
0 0.158178 0.272724 0.052341 0.080867
0 0.617890 0.126294 0.047075 0.073531
0 0.720182 0.313344 0.049405 0.078493
0 0.650494 0.371909 0.050304 0.082861
0 0.816913 0.229140 0.052462 0.086473
0 0.927086 0.098808 0.049379 0.083069
0 0.570864 0.357832 0.049330 0.079336
0 0.448956 0.594921 0.054500 0.087136
0 0.209863 0.530810 0.053371 0.076556
0 0.945306 0.323907 0.049543 0.083264
0 0.540733 0.288052 0.046989 0.076214
0 0.467247 0.380432 0.051495 0.083665
0 0.369458 0.530224 0.048742 0.074894
0 0.422832 0.487655 0.046977 0.073934
0 0.470358 0.113519 0.054540 0.086027
0 0.547574 0.148662 0.056746 0.087179
5 0.520192 0.471643 0.078038 0.129274
1 0.257426 0.356964 0.044749 0.073394
1 0.377212 0.767306 0.051844 0.068390
1 0.213223 0.900751 0.058938 0.073394
1 0.066424 0.456631 0.056755 0.080901
2 0.393584 0.869892 0.020192 0.030025
2 0.452795 0.872811 0.021829 0.032527
2 0.750214 0.248957 0.024012 0.035863
2 0.886644 0.209341 0.022920 0.030025