0 0.997037 0.621976 0.005070 0.052267
0 0.006500 0.986963 0.012968 0.023573
0 0.988704 0.936368 0.020749 0.070704
0 0.522124 0.992436 0.036819 0.012372
0 0.327909 0.002507 0.036735 0.004861
0 0.701658 0.727770 0.045585 0.085959
0 0.994661 0.485036 0.009083 0.065933
0 0.993634 0.404805 0.011080 0.055857
0 0.740704 0.739612 0.043358 0.073371
0 0.990470 0.988208 0.017159 0.020586
0 0.620446 0.989207 0.038839 0.018486
0 0.657980 0.985742 0.040677 0.025520
0 0.577441 0.380299 0.040511 0.083662
0 0.613014 0.376773 0.046952 0.084508
0 0.952819 0.989410 0.042931 0.018308
0 0.495115 0.744966 0.060695 0.082136
0 0.674888 0.007808 0.046207 0.015615
0 0.070333 0.064860 0.044885 0.089460
0 0.286104 0.990263 0.058228 0.016586
0 0.743773 0.526126 0.053420 0.087340
0 0.974516 0.131141 0.046304 0.086296
0 0.064838 0.489929 0.041879 0.081102
0 0.214190 0.009137 0.042400 0.018260
0 0.030082 0.061177 0.043341 0.085050
0 0.044996 0.199413 0.066455 0.122610
0 0.543554 0.011916 0.045326 0.023749
0 0.018303 0.796232 0.036605 0.095702
0 0.016349 0.280019 0.032622 0.080082
0 0.875228 0.012157 0.049422 0.024301
0 0.322983 0.609381 0.046858 0.073654
0 0.051950 0.414407 0.044446 0.085213
0 0.015862 0.900238 0.031724 0.079883
0 0.725467 0.975247 0.050484 0.046282
0 0.133427 0.021718 0.051133 0.043436
0 0.819083 0.216139 0.054295 0.083444
0 0.468931 0.974559 0.054470 0.047441
0 0.531491 0.863563 0.064467 0.121294
0 0.154346 0.452427 0.044697 0.067324
0 0.033447 0.967151 0.042695 0.062435
0 0.301156 0.550354 0.053379 0.088981
0 0.430524 0.929227 0.050366 0.078216
0 0.023038 0.532412 0.046077 0.078804
0 0.169665 0.632472 0.046233 0.072804
0 0.378081 0.903847 0.053428 0.075468
0 0.651997 0.512321 0.045230 0.074634
0 0.120400 0.081828 0.048806 0.078973
0 0.648439 0.641954 0.052826 0.081082
0 0.901880 0.678325 0.061168 0.068884
0 0.448283 0.852433 0.047297 0.076005
0 0.738331 0.820051 0.049035 0.074574
0 0.795217 0.025386 0.054661 0.050773
0 0.383352 0.592666 0.049050 0.075472
0 0.672074 0.852319 0.050642 0.072866
0 0.083993 0.780643 0.044581 0.076466
0 0.272737 0.662486 0.049865 0.073881
0 0.719815 0.651146 0.049569 0.075831
0 0.681705 0.933685 0.058344 0.079709
0 0.054655 0.875950 0.045609 0.070442
0 0.959237 0.718685 0.057249 0.065847
0 0.572406 0.803424 0.052650 0.074261
0 0.912792 0.966050 0.053681 0.064626
0 0.756033 0.896120 0.051901 0.083659
0 0.301469 0.945444 0.053639 0.073729
0 0.868735 0.816379 0.050649 0.099160
0 0.336845 0.715164 0.045349 0.069010
0 0.478021 0.634218 0.052039 0.077961
0 0.810697 0.873263 0.049023 0.086070
0 0.742206 0.030580 0.048403 0.061152
0 0.104902 0.170944 0.053655 0.082500
0 0.142885 0.379082 0.055728 0.078838
0 0.851453 0.943583 0.049069 0.077477
0 0.731674 0.272994 0.047754 0.073268
0 0.469503 0.027519 0.052979 0.055021
0 0.235639 0.835102 0.044891 0.070111
0 0.421136 0.501350 0.051319 0.072650
0 0.371623 0.464857 0.046005 0.078120
0 0.821690 0.748307 0.049277 0.078308
0 0.274321 0.028711 0.057332 0.057422
0 0.081972 0.624301 0.041232 0.097311
0 0.880789 0.610779 0.051930 0.077230
0 0.304720 0.865015 0.051813 0.080111
0 0.029913 0.697778 0.051798 0.088558
0 0.407184 0.811952 0.053120 0.072999
0 0.088387 0.321590 0.054758 0.083569
0 0.770920 0.626839 0.053752 0.087315
0 0.959745 0.636767 0.052683 0.087562
0 0.568025 0.273171 0.049872 0.082509
0 0.140063 0.294071 0.051106 0.081188
0 0.483324 0.328443 0.044486 0.079450
0 0.125170 0.571371 0.056407 0.095388
0 0.210812 0.317415 0.044542 0.073740
0 0.176445 0.711618 0.049422 0.080197
0 0.253228 0.738154 0.053295 0.084043
0 0.601154 0.710662 0.054407 0.074848
0 0.260136 0.185960 0.051327 0.081112
0 0.785908 0.963591 0.049430 0.069366
0 0.166661 0.918971 0.052611 0.080070
0 0.978774 0.044330 0.040594 0.075825
0 0.771408 0.321467 0.048365 0.075162
0 0.608769 0.590192 0.054087 0.079358
0 0.196801 0.397356 0.051735 0.083558
0 0.924843 0.897453 0.052002 0.072318
0 0.660314 0.422813 0.052487 0.081749
0 0.541170 0.199149 0.057362 0.085295
0 0.428202 0.618720 0.047927 0.091466
0 0.962231 0.446503 0.053200 0.076611
0 0.415002 0.051635 0.052539 0.082101
0 0.216397 0.600335 0.050250 0.082907
0 0.370025 0.236646 0.048313 0.083922
0 0.153414 0.819720 0.051628 0.085662
0 0.909436 0.494598 0.068213 0.063834
0 0.975082 0.868184 0.047901 0.074714
0 0.519239 0.441375 0.048973 0.076965
0 0.195420 0.497690 0.050315 0.088795
0 0.781951 0.437730 0.053289 0.084033
0 0.627688 0.275370 0.051086 0.073453
0 0.308826 0.324286 0.058396 0.077160
0 0.177331 0.160169 0.048649 0.078277
0 0.442672 0.211886 0.048342 0.077845
0 0.870632 0.143156 0.045273 0.085738
0 0.630573 0.047477 0.061097 0.094953
0 0.739184 0.114406 0.048336 0.093005
0 0.564905 0.098827 0.052501 0.080229
0 0.318247 0.459059 0.053379 0.096067
0 0.951388 0.787108 0.063475 0.081342
0 0.831079 0.322404 0.062387 0.090646
0 0.762320 0.213275 0.051623 0.077244
0 0.439463 0.417928 0.055615 0.074675
0 0.976738 0.251373 0.044439 0.082328
0 0.255172 0.096479 0.053620 0.083167
0 0.603219 0.169545 0.049505 0.085980
0 0.479255 0.151115 0.050821 0.075392
0 0.714373 0.380095 0.053589 0.088415
0 0.898613 0.066077 0.056369 0.089332
0 0.426175 0.308573 0.064368 0.074016
1 0.845715 0.562135 0.038201 0.073394
1 0.980977 0.558382 0.038046 0.079233
2 0.384580 0.090909 0.024012 0.035029
2 0.702463 0.100500 0.025649 0.039199
2 0.585678 0.438699 0.018009 0.025021
2 0.756762 0.390325 0.021829 0.030025
2 0.228230 0.657214 0.016917 0.028357
4 0.395494 0.701418 0.077493 0.131776
2 0.918569 0.721852 0.020192 0.022519
2 0.898650 0.847373 0.016372 0.026689
2 0.633429 0.475396 0.021829 0.026689