0 0.998193 0.428896 0.003526 0.059985
0 0.996999 0.078441 0.005836 0.091301
0 0.002653 0.864900 0.005306 0.064104
0 0.004162 0.772582 0.008311 0.073272
0 0.716420 0.994598 0.036461 0.009049
0 0.009232 0.269918 0.018454 0.084885
0 0.871820 0.995925 0.054348 0.007619
0 0.135401 0.002443 0.041374 0.004799
0 0.784560 0.003002 0.040234 0.005991
0 0.694274 0.526883 0.048018 0.068105
0 0.988908 0.007137 0.021101 0.014267
0 0.028640 0.184495 0.043443 0.072998
0 0.561602 0.387951 0.049789 0.080362
0 0.018910 0.006056 0.037319 0.012112
0 0.574103 0.446854 0.050543 0.083960
0 0.688917 0.464223 0.053134 0.073646
0 0.986214 0.990128 0.025923 0.017440
0 0.511559 0.350372 0.040996 0.066434
0 0.484881 0.383161 0.045600 0.077534
0 0.611824 0.539173 0.049444 0.071388
0 0.878642 0.006125 0.042483 0.012245
0 0.644950 0.523390 0.045753 0.070715
0 0.608037 0.006486 0.044607 0.012970
0 0.608525 0.253396 0.047203 0.070545
0 0.661326 0.990248 0.042132 0.016881
0 0.639009 0.280845 0.048628 0.080422
0 0.119499 0.840020 0.046461 0.077539
0 0.147622 0.504890 0.081761 0.077902
0 0.586554 0.987406 0.053102 0.022589
0 0.526430 0.428474 0.046669 0.075030
0 0.110278 0.778670 0.050208 0.084748
0 0.845130 0.316334 0.079602 0.102106
0 0.314593 0.017204 0.057518 0.034314
0 0.356629 0.028177 0.042291 0.056354
0 0.596954 0.917684 0.072577 0.108984
0 0.371550 0.437319 0.041186 0.057161
0 0.022015 0.594204 0.044031 0.072639
0 0.176322 0.879411 0.079183 0.104491
0 0.918507 0.878799 0.048269 0.077910
0 0.296837 0.073513 0.043128 0.071009
0 0.501078 0.562860 0.057216 0.072227
0 0.478741 0.294359 0.062973 0.095803
0 0.513999 0.492338 0.051482 0.064339
0 0.555796 0.518129 0.047011 0.073024
0 0.632723 0.444840 0.053030 0.080799
0 0.442219 0.851415 0.041669 0.070184
0 0.292024 0.537606 0.049468 0.099509
0 0.609380 0.800659 0.057012 0.111964
0 0.704947 0.926048 0.049951 0.075616
0 0.560030 0.825425 0.040530 0.075693
0 0.583038 0.590334 0.062152 0.093327
0 0.550731 0.019395 0.055779 0.038784
0 0.884636 0.433189 0.050284 0.066450
0 0.023069 0.514886 0.046137 0.077312
0 0.833393 0.918905 0.052125 0.074732
0 0.026537 0.698445 0.046243 0.071865
0 0.375011 0.740445 0.045953 0.076491
0 0.043855 0.824566 0.050367 0.079261
0 0.246815 0.587155 0.047731 0.073393
0 0.504384 0.896326 0.046060 0.068534
0 0.704013 0.684086 0.048350 0.077078
0 0.366330 0.537851 0.042556 0.065060
0 0.329393 0.888453 0.052334 0.075621
0 0.176711 0.772103 0.054794 0.079236
0 0.271572 0.909381 0.044601 0.074681
0 0.382591 0.977410 0.050044 0.042136
0 0.327927 0.404590 0.059862 0.072130
0 0.843495 0.841200 0.049639 0.074976
0 0.398824 0.684119 0.045841 0.071440
0 0.961995 0.896483 0.049470 0.079765
0 0.335811 0.484197 0.048110 0.081065
0 0.753907 0.031994 0.048821 0.063989
0 0.520352 0.776459 0.048534 0.079271
0 0.276724 0.142513 0.055085 0.084173
0 0.896528 0.954055 0.056967 0.080547
0 0.325460 0.723069 0.046173 0.083359
0 0.129045 0.580099 0.052118 0.078153
0 0.648981 0.370422 0.044733 0.088334
0 0.204352 0.964800 0.051914 0.067512
0 0.470955 0.768483 0.044411 0.070553
0 0.780845 0.778712 0.053190 0.072113
0 0.757571 0.959498 0.066423 0.077994
0 0.510235 0.139232 0.045984 0.073537
0 0.981306 0.766433 0.035922 0.091031
0 0.299836 0.818161 0.053747 0.088188
0 0.701344 0.613631 0.054569 0.060262
0 0.455258 0.629636 0.054040 0.068499
0 0.770762 0.634868 0.046321 0.072605
0 0.059157 0.956476 0.053965 0.084141
0 0.066056 0.620298 0.050286 0.079525
0 0.413938 0.782677 0.046461 0.078429
0 0.888190 0.074852 0.048802 0.087674
0 0.597094 0.333402 0.052413 0.089458
0 0.402685 0.065588 0.053432 0.096182
0 0.443292 0.428545 0.047864 0.080871
0 0.143513 0.709092 0.051942 0.081964
0 0.079572 0.701141 0.050925 0.080393
0 0.148528 0.415555 0.049375 0.082826
0 0.298861 0.294635 0.051024 0.078878
0 0.729752 0.855375 0.054897 0.081193
0 0.818800 0.074382 0.047430 0.085328
0 0.440381 0.166327 0.047538 0.106463
0 0.061206 0.040534 0.058887 0.081058
0 0.961532 0.047556 0.048595 0.082787
0 0.225776 0.713803 0.050406 0.083819
0 0.944422 0.717440 0.052646 0.080962
0 0.745510 0.329651 0.049389 0.073652
0 0.248065 0.491723 0.044801 0.081107
0 0.377968 0.265768 0.059016 0.075077
0 0.838114 0.158734 0.050405 0.085399
0 0.891067 0.807453 0.048416 0.072758
0 0.236834 0.807628 0.045612 0.068548
0 0.343661 0.095898 0.048424 0.076985
0 0.733306 0.097363 0.052079 0.096310
0 0.380379 0.172048 0.047766 0.083939
0 0.027129 0.367069 0.054209 0.080137
0 0.562732 0.191427 0.049362 0.072272
0 0.310466 0.633984 0.053016 0.084069
0 0.746498 0.539909 0.050938 0.080556
0 0.206667 0.629240 0.054714 0.084538
0 0.553405 0.084917 0.056441 0.082611
0 0.513552 0.221485 0.052721 0.079669
0 0.957006 0.555251 0.051151 0.076407
0 0.886612 0.725818 0.051194 0.075760
0 0.805077 0.706520 0.057157 0.070261
0 0.256612 0.360340 0.054677 0.078803
0 0.069703 0.439084 0.051076 0.093755
0 0.695732 0.387583 0.049194 0.077692
0 0.697512 0.287990 0.059119 0.088438
0 0.356635 0.609504 0.052431 0.075243
0 0.957313 0.638340 0.053675 0.071737
0 0.967371 0.168278 0.054569 0.071659
0 0.895921 0.190278 0.049001 0.077363
0 0.208294 0.081129 0.059246 0.085843
0 0.939768 0.450274 0.053968 0.080281
0 0.169585 0.284634 0.060471 0.086539
0 0.433794 0.552811 0.054332 0.084590
0 0.817839 0.600202 0.049357 0.083322
0 0.758211 0.463075 0.055050 0.079067
0 0.915630 0.369742 0.051672 0.081959
0 0.874087 0.511174 0.057100 0.093372
0 0.967903 0.289946 0.049471 0.083246
0 0.890232 0.628209 0.053454 0.086047
1 0.305450 0.214762 0.049115 0.077565
1 0.116903 0.314012 0.051844 0.064220
3 0.525922 0.656380 0.099321 0.170142
2 0.025494 0.457465 0.016372 0.024187
2 0.095074 0.895746 0.018009 0.035029
2 0.750759 0.388240 0.019646 0.027523
2 0.822522 0.526689 0.016917 0.032527
2 0.994074 0.918682 0.011851 0.034195