0 0.997142 0.713202 0.005199 0.062657
0 0.004129 0.894952 0.008209 0.078298
0 0.535173 0.993689 0.041333 0.010543
0 0.002082 0.319482 0.004163 0.075719
0 0.521469 0.335517 0.050375 0.080058
0 0.004951 0.488447 0.009881 0.070036
0 0.992327 0.022335 0.013931 0.044670
0 0.644478 0.994692 0.033169 0.008782
0 0.329391 0.993772 0.039361 0.010323
0 0.028106 0.992501 0.034717 0.012658
0 0.454405 0.993421 0.042331 0.010949
0 0.414972 0.086220 0.049280 0.073207
0 0.450948 0.104566 0.044751 0.082957
0 0.020314 0.104864 0.040545 0.086381
0 0.783087 0.614921 0.047777 0.079925
0 0.810023 0.182364 0.051951 0.079469
0 0.118694 0.971027 0.057125 0.054780
0 0.727806 0.613907 0.056202 0.073486
0 0.109231 0.724970 0.055036 0.083357
0 0.292176 0.044701 0.048203 0.084060
0 0.354182 0.925699 0.051765 0.076815
0 0.391727 0.251677 0.052367 0.079273
0 0.023375 0.807332 0.046749 0.086956
0 0.779865 0.017440 0.047943 0.034881
0 0.592712 0.982937 0.053328 0.030885
0 0.065857 0.962136 0.067398 0.072058
0 0.015499 0.582094 0.030968 0.099780
0 0.613285 0.366035 0.058893 0.085650
0 0.745812 0.977106 0.050404 0.042745
0 0.422011 0.207665 0.050947 0.074644
0 0.385176 0.974912 0.054412 0.046876
0 0.979373 0.898819 0.039304 0.083465
0 0.338173 0.094504 0.051000 0.092402
0 0.942097 0.030607 0.048683 0.061215
0 0.441819 0.025805 0.059931 0.051610
0 0.118463 0.433629 0.043859 0.077106
0 0.750676 0.134690 0.054089 0.085626
0 0.287255 0.955066 0.040765 0.078230
0 0.042509 0.885910 0.065524 0.080743
0 0.981285 0.097779 0.035548 0.093205
0 0.763396 0.426292 0.053940 0.089823
0 0.920312 0.646016 0.053816 0.085400
0 0.840751 0.972810 0.058923 0.051115
0 0.554925 0.041923 0.055454 0.083748
0 0.913755 0.515182 0.052812 0.086480
0 0.654206 0.175245 0.053957 0.084321
0 0.683719 0.962324 0.047166 0.072122
0 0.235118 0.905726 0.051364 0.076241
0 0.653305 0.256597 0.052978 0.081563
0 0.416460 0.856190 0.057425 0.089262
0 0.589018 0.093378 0.040043 0.110711
0 0.361839 0.181125 0.047783 0.082523
0 0.128087 0.135896 0.068441 0.107561
0 0.463710 0.786271 0.049838 0.076499
0 0.238512 0.524117 0.056328 0.082955
0 0.071401 0.481871 0.057999 0.088606
0 0.266715 0.599836 0.052670 0.080040
0 0.188888 0.957234 0.059700 0.081606
0 0.597475 0.834282 0.054842 0.074502
0 0.057026 0.046457 0.050880 0.078494
0 0.700616 0.201130 0.045603 0.078043
0 0.118516 0.815141 0.054919 0.079721
0 0.226141 0.435144 0.054567 0.083987
0 0.703614 0.281780 0.047016 0.075023
0 0.380764 0.496184 0.047814 0.078200
0 0.055405 0.370301 0.045975 0.075737
0 0.366908 0.374954 0.051962 0.079594
0 0.677372 0.354580 0.048429 0.075844
0 0.974436 0.478783 0.046068 0.075007
0 0.802139 0.073998 0.052579 0.086394
0 0.211099 0.829698 0.057838 0.084613
0 0.193361 0.651494 0.050069 0.081268
0 0.268849 0.687183 0.053036 0.082201
0 0.212558 0.346249 0.065805 0.085095
0 0.713458 0.504722 0.051450 0.081772
0 0.982306 0.398955 0.033417 0.085841
0 0.138489 0.231512 0.049602 0.079132
0 0.573430 0.274291 0.047318 0.076342
0 0.319383 0.300822 0.047917 0.073781
0 0.809928 0.385302 0.046300 0.078231
0 0.821514 0.268767 0.050855 0.083391
0 0.590983 0.195141 0.053560 0.078493
0 0.185208 0.751683 0.054664 0.075989
0 0.640380 0.446192 0.054174 0.080884
0 0.136232 0.582868 0.054373 0.090017
0 0.471378 0.223286 0.043511 0.082033
0 0.318689 0.219174 0.047878 0.077528
0 0.169298 0.430821 0.049615 0.081025
0 0.856133 0.145573 0.046932 0.078115
0 0.456638 0.411719 0.051103 0.076477
0 0.436908 0.498279 0.055709 0.082336
0 0.261144 0.122047 0.049611 0.081972
0 0.656641 0.878917 0.052926 0.083631
0 0.779436 0.809029 0.049782 0.077180
0 0.419057 0.677030 0.053928 0.088096
0 0.887367 0.224209 0.051098 0.075692
0 0.847041 0.876298 0.060672 0.084381
0 0.603507 0.757823 0.049883 0.071704
0 0.635905 0.086815 0.053482 0.093168
0 0.904147 0.950140 0.050887 0.083396
0 0.082484 0.298921 0.049765 0.081795
0 0.427461 0.323461 0.053910 0.087983
0 0.605422 0.917692 0.052133 0.087425
0 0.926997 0.859653 0.056707 0.082359
0 0.315213 0.473509 0.052423 0.083683
0 0.866329 0.310868 0.046084 0.079333
0 0.513744 0.807421 0.048985 0.076624
0 0.542725 0.431407 0.049101 0.085476
0 0.474295 0.566461 0.049049 0.080149
0 0.785810 0.901722 0.053267 0.083677
0 0.580412 0.509327 0.047688 0.082415
0 0.200232 0.252437 0.050090 0.085855
0 0.898497 0.778189 0.047848 0.073555
0 0.702338 0.821509 0.052203 0.082223
0 0.833694 0.758279 0.054398 0.083573
0 0.472022 0.917042 0.049809 0.085400
0 0.517754 0.118351 0.051903 0.089517
0 0.767904 0.273971 0.049936 0.087298
0 0.924757 0.363430 0.049796 0.079886
0 0.882313 0.437461 0.054907 0.082160
0 0.850669 0.666459 0.053300 0.088316
0 0.472218 0.698551 0.053695 0.087250
0 0.958165 0.759280 0.054695 0.081074
0 0.875890 0.058200 0.049126 0.086848
0 0.826545 0.548906 0.049642 0.078527
0 0.946397 0.158147 0.050691 0.080837
0 0.954793 0.269137 0.047421 0.074869
1 0.382124 0.580484 0.031106 0.086739
1 0.274890 0.850709 0.057847 0.051710
2 0.441335 0.941201 0.024012 0.030859
2 0.744211 0.025021 0.020737 0.030025
2 0.788687 0.335279 0.024558 0.033361