0 0.997072 0.765967 0.005020 0.051794
0 0.718514 0.009346 0.046482 0.018692
0 0.001729 0.197548 0.003397 0.058345
0 0.994017 0.850589 0.010417 0.067570
0 0.004520 0.821195 0.009040 0.061025
0 0.007060 0.326311 0.014079 0.074636
0 0.133044 0.695649 0.052986 0.081648
0 0.948743 0.005954 0.043546 0.011907
0 0.875698 0.990882 0.039767 0.015577
0 0.689481 0.682096 0.058422 0.074646
0 0.723137 0.656091 0.049790 0.084069
0 0.974602 0.475854 0.048507 0.082067
0 0.988593 0.064433 0.021211 0.065333
0 0.465763 0.986345 0.047990 0.024199
0 0.114193 0.978918 0.044871 0.039105
0 0.606401 0.978387 0.047357 0.040009
0 0.014557 0.425055 0.029066 0.079540
0 0.610743 0.014347 0.045728 0.028674
0 0.338421 0.981347 0.046639 0.034198
0 0.155330 0.099974 0.049711 0.062954
0 0.023413 0.254804 0.046825 0.076920
0 0.193896 0.766105 0.054858 0.081019
0 0.662694 0.750183 0.044329 0.072856
0 0.208394 0.016381 0.053708 0.032748
0 0.064555 0.968138 0.050106 0.060242
0 0.984364 0.144897 0.029453 0.086616
0 0.727613 0.230381 0.051067 0.089135
0 0.684230 0.223844 0.046041 0.094895
0 0.378319 0.027198 0.045700 0.054389
0 0.085610 0.093928 0.050322 0.053648
0 0.344236 0.698596 0.053836 0.080965
0 0.038791 0.905508 0.061154 0.079757
0 0.636612 0.194708 0.049776 0.072693
0 0.058005 0.660683 0.054825 0.078770
0 0.209921 0.354019 0.047487 0.074789
0 0.666227 0.422436 0.047357 0.068560
0 0.873384 0.342708 0.051087 0.068897
0 0.134404 0.523336 0.050008 0.074693
0 0.025541 0.050167 0.048485 0.072155
0 0.151848 0.445836 0.057262 0.086474
0 0.396006 0.944617 0.051126 0.080383
0 0.164082 0.938916 0.059076 0.070833
0 0.720011 0.395644 0.053084 0.080629
0 0.081464 0.745573 0.053034 0.085366
0 0.103326 0.848880 0.051650 0.081547
0 0.547085 0.686237 0.048197 0.067026
0 0.310473 0.545682 0.059811 0.088727
0 0.450366 0.704483 0.047610 0.079769
0 0.404981 0.238444 0.042997 0.065027
0 0.751014 0.116379 0.051748 0.081396
0 0.149122 0.025060 0.058036 0.050120
0 0.433813 0.029059 0.049324 0.058118
0 0.634907 0.083041 0.053371 0.072480
0 0.667017 0.871567 0.047042 0.077616
0 0.604446 0.695402 0.046912 0.070997
0 0.940969 0.052252 0.050848 0.073264
0 0.206729 0.516762 0.061788 0.080769
0 0.749474 0.885141 0.049154 0.076210
0 0.697121 0.803231 0.054379 0.072541
0 0.349825 0.391624 0.047516 0.071697
0 0.694448 0.953441 0.052270 0.089276
0 0.492740 0.843121 0.053269 0.079431
0 0.558052 0.771613 0.050763 0.072817
0 0.801496 0.961180 0.058202 0.074405
0 0.492640 0.453296 0.048658 0.075002
0 0.838840 0.387726 0.048834 0.080932
0 0.048221 0.579645 0.050258 0.073878
0 0.156475 0.826809 0.050387 0.078090
0 0.774563 0.194091 0.054315 0.085175
0 0.973022 0.910489 0.047428 0.081867
0 0.801581 0.446358 0.050934 0.081183
0 0.623516 0.910300 0.045878 0.079264
0 0.899008 0.945274 0.050408 0.090019
0 0.304049 0.461275 0.051438 0.072629
0 0.526751 0.614393 0.052153 0.080959
0 0.310694 0.757905 0.053700 0.089452
0 0.110838 0.597270 0.052900 0.082404
0 0.415070 0.782233 0.055383 0.081413
0 0.808701 0.627114 0.046904 0.073855
0 0.048384 0.817429 0.054377 0.087815
0 0.466889 0.921059 0.053086 0.087233
0 0.493997 0.754443 0.049017 0.082887
0 0.274300 0.657080 0.052225 0.077810
0 0.243285 0.245396 0.054913 0.084632
0 0.169431 0.291541 0.047281 0.094408
0 0.110711 0.379137 0.054163 0.085512
0 0.363004 0.860524 0.058794 0.081700
0 0.055336 0.467204 0.048011 0.074264
0 0.224544 0.862269 0.054746 0.078734
0 0.281057 0.958152 0.047367 0.070401
0 0.436994 0.469782 0.046864 0.073538
0 0.085085 0.181018 0.052374 0.080548
0 0.795325 0.732535 0.051084 0.082017
0 0.382118 0.465905 0.051250 0.077104
0 0.792221 0.551510 0.049156 0.076305
0 0.509388 0.533928 0.054246 0.084471
0 0.453265 0.109073 0.053588 0.070097
0 0.547912 0.879525 0.055978 0.081995
0 0.901876 0.585389 0.051810 0.079358
0 0.847207 0.797532 0.051204 0.079443
0 0.585081 0.216104 0.045292 0.080930
0 0.108826 0.259908 0.045454 0.069964
0 0.719597 0.567801 0.057495 0.078721
0 0.325663 0.056601 0.053834 0.088677
0 0.397220 0.647164 0.052150 0.071806
0 0.327560 0.312936 0.051053 0.078686
0 0.502478 0.161197 0.054617 0.089882
0 0.880514 0.177318 0.049893 0.076770
0 0.925449 0.518498 0.049014 0.075551
0 0.892510 0.856394 0.050695 0.078610
0 0.512235 0.375902 0.052761 0.077927
0 0.890681 0.272654 0.054228 0.075004
0 0.576802 0.059070 0.049487 0.078709
0 0.595851 0.499989 0.053927 0.083674
0 0.758584 0.331232 0.050162 0.091466
0 0.935042 0.372653 0.050202 0.085149
0 0.923228 0.128423 0.051898 0.077843
0 0.170011 0.199190 0.053896 0.081735
0 0.398477 0.331457 0.045343 0.081072
0 0.808176 0.127814 0.054748 0.085707
0 0.308676 0.180945 0.062017 0.097625
0 0.917665 0.700231 0.052031 0.082381
0 0.532277 0.286090 0.050547 0.075344
0 0.451653 0.318743 0.054050 0.084422
0 0.392603 0.148254 0.054912 0.081634
1 0.284985 0.355296 0.034381 0.070058
1 0.297537 0.834862 0.060575 0.080067
2 0.882551 0.648457 0.026740 0.035863
2 0.767950 0.440367 0.018009 0.033361
2 0.711740 0.103420 0.019100 0.030025
2 0.822249 0.046289 0.021829 0.029191
1 0.689911 0.063386 0.046386 0.083403