0 0.002328 0.626064 0.004656 0.063514
0 0.993865 0.595556 0.010823 0.066605
0 0.667110 0.006127 0.038974 0.012196
0 0.993035 0.989633 0.012120 0.018603
0 0.786874 0.007883 0.028598 0.015765
0 0.450024 0.931222 0.049577 0.080551
0 0.375719 0.993141 0.039725 0.011622
0 0.946010 0.905656 0.057993 0.088206
0 0.789857 0.220241 0.053949 0.085688
0 0.017407 0.006311 0.034665 0.012623
0 0.989936 0.245182 0.018407 0.075384
0 0.264534 0.989045 0.047201 0.019030
0 0.867388 0.986252 0.048553 0.024579
0 0.966769 0.750982 0.059766 0.086154
0 0.752936 0.029934 0.053390 0.059868
0 0.014869 0.182728 0.029699 0.075381
0 0.014719 0.742290 0.029404 0.097102
0 0.014779 0.549567 0.029536 0.079425
0 0.943594 0.396089 0.058017 0.081283
0 0.198820 0.021107 0.045492 0.042214
0 0.900064 0.033846 0.060040 0.067692
0 0.028473 0.969645 0.050540 0.057355
0 0.932542 0.085501 0.046350 0.066958
0 0.013877 0.318444 0.027702 0.078091
0 0.047894 0.793986 0.052556 0.077624
0 0.796014 0.980321 0.052899 0.036372
0 0.964905 0.655433 0.052123 0.080592
0 0.680715 0.977846 0.054185 0.041025
0 0.678576 0.790444 0.050941 0.078961
0 0.025743 0.883037 0.051487 0.079222
0 0.813993 0.923809 0.051071 0.074920
0 0.128217 0.593001 0.047700 0.073954
0 0.081030 0.863268 0.055025 0.081577
0 0.976281 0.105530 0.045575 0.086199
0 0.063187 0.039096 0.048392 0.077842
0 0.467232 0.033274 0.051118 0.066496
0 0.981076 0.840406 0.036083 0.074814
0 0.779898 0.451536 0.044546 0.070567
0 0.494069 0.673802 0.045335 0.075167
0 0.356153 0.337716 0.060446 0.079593
0 0.978173 0.483761 0.041816 0.083570
0 0.102025 0.522665 0.049781 0.080950
0 0.872315 0.938099 0.043868 0.071177
0 0.371075 0.026948 0.049294 0.053895
0 0.333736 0.773569 0.054943 0.086721
0 0.732483 0.764479 0.051247 0.080093
0 0.310337 0.696234 0.055200 0.068530
0 0.051653 0.488272 0.048017 0.075102
0 0.422320 0.692995 0.047414 0.076453
0 0.459482 0.750563 0.048939 0.076786
0 0.702835 0.262806 0.045182 0.066611
0 0.605407 0.452542 0.045507 0.070738
0 0.397661 0.804902 0.051711 0.090607
0 0.655764 0.647378 0.052680 0.081465
0 0.624192 0.973402 0.051735 0.050007
0 0.350127 0.495188 0.051728 0.080761
0 0.347306 0.409020 0.062116 0.082917
0 0.912296 0.623181 0.051186 0.080614
0 0.593060 0.844704 0.056910 0.089046
0 0.112647 0.440550 0.046856 0.073966
0 0.436052 0.359674 0.051740 0.080180
0 0.098767 0.699786 0.052116 0.079980
0 0.886281 0.473395 0.050291 0.089296
0 0.507895 0.955370 0.053666 0.074060
0 0.800625 0.683406 0.047644 0.074633
0 0.739199 0.315103 0.044636 0.076940
0 0.197516 0.223757 0.055257 0.080452
0 0.834428 0.504768 0.056294 0.077165
0 0.041901 0.620013 0.049971 0.086775
0 0.108718 0.207362 0.051935 0.084242
0 0.182427 0.704016 0.054597 0.084892
0 0.929648 0.522462 0.048511 0.079300
0 0.634055 0.084884 0.053650 0.084346
0 0.658318 0.522476 0.049284 0.082276
0 0.145907 0.081395 0.048738 0.080206
0 0.533506 0.284704 0.047046 0.079208
0 0.054606 0.135117 0.046246 0.090947
0 0.326488 0.972628 0.054292 0.051742
0 0.604552 0.678699 0.047570 0.073776
0 0.306936 0.892718 0.049461 0.076242
0 0.503174 0.592167 0.055803 0.074353
0 0.722450 0.677816 0.050935 0.085218
0 0.926246 0.319355 0.048307 0.075723
0 0.221701 0.123132 0.054676 0.087134
0 0.169201 0.787595 0.058750 0.080820
0 0.448988 0.200766 0.050674 0.076479
0 0.396951 0.178135 0.050734 0.084719
0 0.095419 0.329740 0.055886 0.076433
0 0.156256 0.521883 0.050338 0.081156
0 0.839756 0.590651 0.052914 0.071964
0 0.911381 0.159770 0.053336 0.085956
0 0.823015 0.838891 0.056566 0.085800
0 0.634831 0.170615 0.056119 0.076839
0 0.542381 0.418675 0.048165 0.081382
0 0.741995 0.121270 0.050260 0.082510
0 0.424009 0.100311 0.055281 0.083273
0 0.324343 0.618301 0.055912 0.077311
0 0.390189 0.579237 0.046646 0.076303
0 0.483585 0.857234 0.049974 0.084794
0 0.242409 0.729447 0.047709 0.081030
0 0.616364 0.360731 0.049434 0.081232
0 0.715017 0.428738 0.049730 0.076741
0 0.255516 0.587081 0.052292 0.083290
0 0.184886 0.365161 0.053482 0.069442
0 0.251673 0.890572 0.046024 0.073470
0 0.305025 0.234704 0.051001 0.082901
0 0.198857 0.928762 0.054062 0.091082
0 0.632127 0.272484 0.054185 0.083751
0 0.289028 0.044785 0.046991 0.076704
0 0.571843 0.188992 0.052668 0.070380
0 0.248496 0.403420 0.053658 0.092203
0 0.611814 0.760403 0.052841 0.080925
0 0.497792 0.125692 0.054799 0.081247
0 0.362501 0.248229 0.058498 0.089525
0 0.447123 0.609795 0.046693 0.079403
0 0.611049 0.578816 0.048914 0.078488
0 0.249017 0.273867 0.052775 0.092758
1 0.827433 0.396580 0.055118 0.080901
1 0.918296 0.785655 0.061121 0.086739
1 0.564122 0.937865 0.045841 0.090909
2 0.585678 0.976647 0.018009 0.030025
2 0.650346 0.714762 0.021829 0.028357
2 0.694004 0.915346 0.024012 0.034195
2 0.764675 0.527940 0.024558 0.035029
2 0.946947 0.457048 0.022375 0.031693
2 0.720472 0.171810 0.015826 0.020017
2 0.700826 0.078399 0.020192 0.031693