0 0.529347 0.994972 0.032660 0.008031
0 0.003006 0.818289 0.006012 0.045875
0 0.589164 0.004772 0.030098 0.009543
0 0.953691 0.993022 0.037296 0.011464
0 0.008092 0.987500 0.016179 0.022424
0 0.175447 0.992529 0.035802 0.012061
0 0.465669 0.007144 0.037413 0.014289
0 0.434321 0.989998 0.041025 0.016897
0 0.772252 0.007874 0.039506 0.015747
0 0.678150 0.271629 0.070994 0.090604
0 0.989282 0.951285 0.019801 0.072970
0 0.224264 0.983143 0.044684 0.030442
0 0.988657 0.182405 0.020899 0.074111
0 0.601891 0.983148 0.049036 0.030472
0 0.983160 0.032649 0.032146 0.065103
0 0.010667 0.242801 0.021334 0.074811
0 0.103174 0.010740 0.046321 0.021430
0 0.341153 0.981305 0.046285 0.033883
0 0.010871 0.750965 0.021708 0.078896
0 0.287020 0.978581 0.048013 0.039308
0 0.034973 0.966751 0.043647 0.063212
0 0.868102 0.979824 0.045926 0.037198
0 0.894807 0.624951 0.047343 0.074936
0 0.425338 0.354344 0.045102 0.068858
0 0.729823 0.793753 0.042382 0.065048
0 0.080348 0.967634 0.046373 0.061372
0 0.132500 0.657108 0.044612 0.072418
0 0.018330 0.499720 0.036658 0.077849
0 0.876656 0.539458 0.045324 0.068877
0 0.625467 0.597953 0.055061 0.073019
0 0.927191 0.959925 0.049672 0.069633
0 0.433272 0.577013 0.048496 0.071632
0 0.619939 0.658733 0.047406 0.075936
0 0.722363 0.632313 0.044535 0.078454
0 0.389960 0.969396 0.047445 0.057727
0 0.843975 0.605263 0.053174 0.079760
0 0.909339 0.845954 0.049047 0.078820
0 0.898924 0.025390 0.048158 0.050711
0 0.978887 0.256615 0.040140 0.074157
0 0.646087 0.960317 0.047837 0.074074
0 0.960605 0.846519 0.047831 0.071718
0 0.804556 0.491828 0.050820 0.079613
0 0.748970 0.857052 0.048753 0.070874
0 0.502816 0.851858 0.048489 0.069814
0 0.229281 0.452296 0.046566 0.074905
0 0.022517 0.365217 0.045034 0.084951
0 0.252302 0.929184 0.049649 0.075906
0 0.794500 0.670463 0.054364 0.071105
0 0.676402 0.610365 0.043403 0.083653
0 0.606197 0.918247 0.049748 0.076457
0 0.858486 0.679587 0.055481 0.077598
0 0.132314 0.789241 0.052681 0.072701
0 0.425470 0.650970 0.051589 0.072729
0 0.678789 0.482027 0.048016 0.073106
0 0.582975 0.556366 0.047017 0.073875
0 0.813660 0.909361 0.053826 0.078811
0 0.045441 0.436131 0.044679 0.076934
0 0.354806 0.881866 0.046201 0.074315
0 0.572677 0.770505 0.048003 0.074723
0 0.489071 0.642863 0.044959 0.086491
0 0.641456 0.429772 0.050749 0.073316
0 0.186184 0.937072 0.051258 0.081142
0 0.837738 0.440842 0.050140 0.077999
0 0.139867 0.862363 0.047078 0.070872
0 0.580075 0.849312 0.051497 0.073796
0 0.519651 0.783328 0.051060 0.072597
0 0.572373 0.654955 0.043358 0.081432
0 0.618844 0.036849 0.049283 0.073592
0 0.376714 0.807534 0.052249 0.076006
0 0.764494 0.734961 0.050088 0.076607
0 0.492467 0.927129 0.053597 0.079287
0 0.344020 0.619409 0.050475 0.079730
0 0.904543 0.485060 0.045834 0.072048
0 0.930050 0.571088 0.047739 0.074662
0 0.753719 0.504009 0.045116 0.074725
0 0.690017 0.753304 0.051634 0.085140
0 0.263873 0.716932 0.045924 0.069655
0 0.706052 0.953105 0.050230 0.078219
0 0.493196 0.038069 0.055376 0.075733
0 0.656263 0.204183 0.046207 0.069648
0 0.649935 0.350833 0.055146 0.070399
0 0.115283 0.720792 0.047592 0.071371
0 0.304983 0.867172 0.049216 0.078149
0 0.462706 0.400169 0.050024 0.068355
0 0.442990 0.497501 0.050188 0.076066
0 0.241115 0.840855 0.050896 0.075356
0 0.159093 0.084438 0.052492 0.082007
0 0.186516 0.418603 0.052622 0.087141
0 0.298811 0.768161 0.049798 0.081478
0 0.051789 0.048341 0.052969 0.084643
0 0.521336 0.230880 0.048678 0.074974
0 0.959626 0.071805 0.046326 0.072103
0 0.143872 0.291120 0.046659 0.067367
0 0.823021 0.044439 0.052519 0.086396
0 0.562883 0.083973 0.047046 0.074789
0 0.303352 0.666920 0.051931 0.079558
0 0.056614 0.530327 0.047768 0.075897
0 0.164489 0.500661 0.048549 0.075155
0 0.444664 0.725359 0.053700 0.079080
0 0.393561 0.406536 0.052158 0.081951
0 0.819634 0.135753 0.048430 0.080270
0 0.084840 0.629697 0.048754 0.079568
0 0.551490 0.170949 0.047433 0.082028
0 0.523149 0.703454 0.051421 0.074937
0 0.515277 0.427469 0.056046 0.081629
0 0.305043 0.495578 0.052916 0.070058
0 0.049137 0.287132 0.047973 0.079750
0 0.779505 0.246055 0.051081 0.082562
0 0.214876 0.526555 0.051641 0.079520
0 0.951519 0.470961 0.045071 0.076971
0 0.595356 0.335045 0.048141 0.074323
0 0.184282 0.030592 0.048149 0.061184
0 0.453389 0.302268 0.050766 0.079531
0 0.938494 0.142636 0.049325 0.078240
0 0.575641 0.466219 0.051815 0.077189
0 0.288467 0.566251 0.051991 0.079434
0 0.596181 0.236324 0.048431 0.080854
0 0.906511 0.391434 0.054843 0.085896
0 0.611395 0.142338 0.049324 0.073520
0 0.300094 0.292306 0.053078 0.077735
0 0.377641 0.479913 0.049395 0.070707
0 0.825846 0.282786 0.050710 0.075298
0 0.365150 0.281468 0.047798 0.072538
0 0.128996 0.146060 0.051220 0.082093
0 0.181211 0.683714 0.054759 0.083809
0 0.200334 0.329677 0.051399 0.079349
0 0.226150 0.168909 0.053282 0.084796
0 0.466338 0.111290 0.052870 0.081176
0 0.220470 0.254545 0.049818 0.076398
0 0.058059 0.202737 0.052431 0.080326
0 0.337372 0.351612 0.052018 0.080785
0 0.883443 0.268826 0.054192 0.075904
0 0.323886 0.084509 0.051887 0.082570
0 0.396508 0.201006 0.055425 0.086260
1 0.324137 0.171037 0.043673 0.065554
2 0.498830 0.089392 0.017157 0.026222
2 0.597095 0.067938 0.017157 0.028605
2 0.348313 0.232420 0.015598 0.026222
2 0.608794 0.393325 0.029636 0.042908
2 0.562001 0.715733 0.024956 0.034565
2 0.801034 0.858760 0.021057 0.034565
2 0.792066 0.563170 0.018717 0.032181
2 0.986646 0.461263 0.017937 0.030989
2 0.042989 0.715733 0.016378 0.025030
2 0.902419 0.796782 0.016378 0.025030
3 0.720707 0.356973 0.088127 0.137068
1 0.894557 0.188073 0.055118 0.080901
1 0.384853 0.578816 0.058392 0.110092
1 0.769314 0.611343 0.045841 0.083403