0 0.002899 0.464347 0.005786 0.067628
0 0.988571 0.311716 0.021840 0.080876
0 0.994578 0.117409 0.009850 0.069173
0 0.698720 0.002342 0.048134 0.004668
0 0.891167 0.993914 0.042847 0.010764
0 0.960866 0.003946 0.037011 0.007893
0 0.704759 0.970413 0.053681 0.056007
0 0.893917 0.006969 0.043150 0.013939
0 0.345329 0.101652 0.052846 0.079646
0 0.526130 0.008630 0.050488 0.017260
0 0.257213 0.989913 0.043425 0.018204
0 0.789979 0.294994 0.054799 0.083311
0 0.806201 0.986734 0.048517 0.023930
0 0.180512 0.116500 0.051962 0.089817
0 0.013872 0.969914 0.027744 0.057508
0 0.014569 0.860636 0.029138 0.085199
0 0.153552 0.022369 0.048188 0.044709
0 0.402923 0.764876 0.052669 0.080740
0 0.298563 0.726256 0.055613 0.086154
0 0.050848 0.815152 0.049446 0.086159
0 0.066123 0.697784 0.040023 0.066806
0 0.468732 0.018996 0.048109 0.037993
0 0.174289 0.945272 0.055322 0.086580
0 0.477325 0.450000 0.046079 0.075427
0 0.829178 0.576610 0.047921 0.076374
0 0.015587 0.279635 0.031116 0.094067
0 0.940659 0.941054 0.045323 0.099702
0 0.282631 0.946143 0.056537 0.089314
0 0.502168 0.124246 0.052104 0.090616
0 0.153209 0.554959 0.052326 0.077917
0 0.978518 0.531504 0.042304 0.071733
0 0.118901 0.670192 0.054213 0.078863
0 0.895732 0.329183 0.040433 0.072235
0 0.443072 0.703513 0.046641 0.074505
0 0.433568 0.286153 0.051238 0.078792
0 0.910735 0.784614 0.052965 0.076253
0 0.896365 0.851929 0.046930 0.061667
0 0.378426 0.611531 0.047240 0.072529
0 0.332013 0.899992 0.060020 0.075612
0 0.811438 0.178398 0.048054 0.083519
0 0.286492 0.076033 0.052500 0.081053
0 0.977803 0.693486 0.043456 0.080433
0 0.886371 0.920287 0.053822 0.082359
0 0.404145 0.211252 0.052332 0.083701
0 0.439109 0.065825 0.046868 0.077316
0 0.369296 0.974886 0.051976 0.047652
0 0.056554 0.040201 0.056620 0.080402
0 0.391035 0.906452 0.049970 0.087829
0 0.646313 0.817311 0.048544 0.081640
0 0.700010 0.633803 0.052770 0.080768
0 0.719182 0.481738 0.049597 0.078683
0 0.132507 0.396205 0.054049 0.071418
0 0.581320 0.914741 0.049619 0.081485
0 0.027648 0.566731 0.051935 0.087676
0 0.776775 0.868313 0.049870 0.080996
0 0.092654 0.759822 0.046414 0.079404
0 0.484154 0.870313 0.049791 0.073907
0 0.044351 0.120248 0.050218 0.075184
0 0.727926 0.816989 0.054746 0.081913
0 0.666821 0.536697 0.053692 0.082080
0 0.833081 0.939856 0.054780 0.089865
0 0.733909 0.050840 0.048251 0.076270
0 0.972494 0.867205 0.053869 0.096741
0 0.875303 0.468159 0.051874 0.081400
0 0.820902 0.736171 0.047932 0.078657
0 0.663755 0.899858 0.051491 0.083329
0 0.157007 0.857941 0.055690 0.077981
0 0.839848 0.345608 0.055569 0.088769
0 0.928153 0.505970 0.052843 0.084782
0 0.960276 0.613239 0.058235 0.083792
0 0.469940 0.565219 0.052382 0.082763
0 0.542880 0.172325 0.056070 0.086645
0 0.820212 0.444864 0.051125 0.088143
0 0.147136 0.470306 0.048739 0.080841
0 0.475104 0.362048 0.058251 0.088181
0 0.206904 0.446817 0.047035 0.072519
0 0.870629 0.636606 0.058333 0.085618
0 0.268787 0.226622 0.051517 0.079046
0 0.480347 0.265980 0.049487 0.091579
0 0.694826 0.146991 0.043858 0.065981
0 0.387259 0.045861 0.050632 0.083533
0 0.231534 0.888501 0.054166 0.086696
0 0.082380 0.607794 0.057892 0.081124
0 0.129747 0.241283 0.055741 0.085729
0 0.524107 0.509556 0.047351 0.077411
0 0.511907 0.658761 0.048076 0.075151
0 0.241911 0.646681 0.047906 0.085616
0 0.170464 0.345262 0.053066 0.081193
0 0.643076 0.335196 0.052237 0.083022
0 0.382179 0.382714 0.053063 0.079186
0 0.748684 0.937124 0.051486 0.081552
0 0.937071 0.368890 0.050096 0.080854
0 0.555833 0.758649 0.059439 0.080489
0 0.808342 0.080113 0.048160 0.076396
0 0.976356 0.440744 0.046812 0.081504
0 0.232609 0.737295 0.053754 0.076492
0 0.491419 0.950549 0.051711 0.079258
0 0.564597 0.077133 0.054338 0.094315
0 0.719519 0.267812 0.053112 0.085806
0 0.408438 0.514864 0.051264 0.083008
0 0.179030 0.769817 0.052658 0.081922
0 0.623473 0.228223 0.049671 0.078636
0 0.616652 0.737440 0.051905 0.078017
0 0.759946 0.742771 0.059585 0.086055
0 0.059626 0.932454 0.058190 0.090701
0 0.839771 0.250847 0.051143 0.084798
0 0.342348 0.819543 0.059171 0.085330
0 0.472027 0.789498 0.053022 0.076393
0 0.243047 0.551384 0.052907 0.083928
0 0.885357 0.069185 0.057072 0.085488
0 0.257598 0.410111 0.053696 0.076335
0 0.943422 0.172960 0.049974 0.086869
0 0.535118 0.392955 0.052152 0.084975
0 0.578871 0.540956 0.055447 0.085434
1 0.052235 0.193078 0.044749 0.065888
1 0.687728 0.433278 0.039838 0.047540
1 0.345833 0.424520 0.040383 0.061718
2 0.580221 0.218932 0.021283 0.035863
2 0.648982 0.470809 0.023466 0.037531
2 0.025767 0.708090 0.018009 0.031693
2 0.910383 0.182652 0.021283 0.031693
2 0.922935 0.017515 0.016917 0.035029