0 0.997599 0.469480 0.004802 0.057271
0 0.997667 0.908165 0.004422 0.071948
0 0.997379 0.552878 0.005177 0.058977
0 0.997340 0.298696 0.005157 0.061208
0 0.126236 0.994759 0.036511 0.009012
0 0.273761 0.994986 0.030957 0.008497
0 0.003303 0.367865 0.006605 0.056574
0 0.307562 0.003603 0.040097 0.007207
0 0.007954 0.447620 0.015900 0.071847
0 0.005782 0.152085 0.011565 0.065859
0 0.021787 0.594769 0.043573 0.077444
0 0.230131 0.007763 0.044251 0.015527
0 0.608430 0.506845 0.056200 0.087832
0 0.041342 0.984630 0.050023 0.027761
0 0.592796 0.010764 0.048304 0.021497
0 0.893679 0.011578 0.045981 0.023155
0 0.604362 0.255450 0.049671 0.081356
0 0.018921 0.705855 0.037842 0.082205
0 0.612632 0.983265 0.049678 0.031103
0 0.148899 0.374290 0.049160 0.073580
0 0.845930 0.024749 0.045457 0.049473
0 0.016553 0.077989 0.033049 0.077260
0 0.189720 0.974861 0.048257 0.047428
0 0.675086 0.028967 0.048790 0.057916
0 0.070593 0.604735 0.047442 0.078801
0 0.385012 0.785237 0.043438 0.080480
0 0.536099 0.284564 0.047163 0.073110
0 0.034925 0.792117 0.053509 0.081760
0 0.836900 0.678491 0.044962 0.070353
0 0.182851 0.742267 0.039329 0.077933
0 0.228398 0.923368 0.045495 0.075588
0 0.052922 0.502296 0.056607 0.082482
0 0.809343 0.624186 0.047104 0.067546
0 0.193533 0.523272 0.055742 0.083835
0 0.051122 0.892986 0.053583 0.083014
0 0.288469 0.798648 0.048304 0.074844
0 0.122516 0.622395 0.052027 0.077282
0 0.110044 0.830478 0.049667 0.076015
0 0.464220 0.781094 0.049756 0.076651
0 0.661344 0.153664 0.053015 0.074747
0 0.792410 0.188613 0.042681 0.067693
0 0.286773 0.110918 0.050567 0.084638
0 0.163795 0.451688 0.052606 0.075304
0 0.440029 0.243421 0.052953 0.078033
0 0.065152 0.186027 0.056108 0.078591
0 0.473414 0.024072 0.046382 0.048109
0 0.708299 0.822302 0.043554 0.070566
0 0.099198 0.341514 0.052397 0.070101
0 0.930689 0.533127 0.046644 0.070085
0 0.508794 0.703211 0.053380 0.078468
0 0.757243 0.783483 0.046128 0.076904
0 0.774376 0.704842 0.058310 0.080476
0 0.087738 0.115254 0.052483 0.072957
0 0.028519 0.291399 0.042058 0.072770
0 0.166194 0.832645 0.051120 0.079376
0 0.056610 0.049707 0.053689 0.093223
0 0.662141 0.533613 0.049935 0.080251
0 0.178722 0.025185 0.045855 0.050371
0 0.904239 0.816695 0.049001 0.079256
0 0.799382 0.034820 0.048693 0.069641
0 0.483882 0.950760 0.056031 0.083679
0 0.609662 0.103859 0.046869 0.068495
0 0.840952 0.092570 0.063284 0.089045
0 0.213840 0.224387 0.055202 0.092737
0 0.435729 0.715461 0.052933 0.075763
0 0.406727 0.134939 0.050626 0.086639
0 0.667940 0.872600 0.050629 0.078054
0 0.795631 0.878238 0.053751 0.084185
0 0.132979 0.527930 0.049375 0.070773
0 0.488556 0.628970 0.052146 0.070893
0 0.382180 0.384639 0.053894 0.098272
0 0.696683 0.213399 0.050641 0.078381
0 0.334331 0.616717 0.049823 0.082148
0 0.371561 0.071982 0.049273 0.085225
0 0.547275 0.617407 0.044924 0.066482
0 0.047581 0.370632 0.052581 0.082433
0 0.883856 0.700116 0.046067 0.083737
0 0.419037 0.453317 0.055394 0.084474
0 0.381007 0.958275 0.042513 0.068523
0 0.319423 0.051347 0.051981 0.082027
0 0.772958 0.509065 0.051633 0.080325
0 0.099082 0.429574 0.051618 0.073339
0 0.549630 0.461843 0.050633 0.074870
0 0.331280 0.738906 0.057446 0.089441
0 0.616700 0.914523 0.058858 0.094404
0 0.681995 0.326952 0.047310 0.074283
0 0.744031 0.054781 0.052466 0.077870
0 0.937148 0.690063 0.055407 0.070214
0 0.359624 0.193524 0.051455 0.081836
0 0.160090 0.098365 0.047395 0.069182
0 0.821727 0.254132 0.053809 0.079558
0 0.548342 0.167547 0.055770 0.087310
0 0.680618 0.618148 0.049918 0.075222
0 0.371326 0.513765 0.050924 0.085606
0 0.981897 0.780491 0.035222 0.076472
0 0.094466 0.259976 0.055203 0.077696
0 0.812932 0.547543 0.048266 0.070687
0 0.617208 0.408251 0.060694 0.091823
0 0.735639 0.447426 0.050108 0.084453
0 0.225571 0.660447 0.048535 0.075090
0 0.759096 0.628129 0.046831 0.075539
0 0.107823 0.709076 0.059389 0.082019
0 0.910471 0.460989 0.048445 0.074815
0 0.195144 0.343059 0.049152 0.080770
0 0.271658 0.428183 0.052768 0.075552
0 0.485382 0.090888 0.048635 0.072259
0 0.956998 0.875935 0.053702 0.083241
0 0.597989 0.698552 0.054266 0.070689
0 0.537912 0.916747 0.052424 0.082982
0 0.445788 0.855484 0.052487 0.078106
0 0.546441 0.541312 0.048968 0.070908
0 0.231996 0.138617 0.056378 0.082453
0 0.361160 0.286485 0.050676 0.078728
0 0.971014 0.371887 0.051220 0.078763
0 0.839250 0.466816 0.046949 0.081545
0 0.481003 0.181401 0.054750 0.079643
0 0.859623 0.948871 0.054671 0.087191
0 0.539657 0.067524 0.054600 0.081434
0 0.679400 0.446267 0.053883 0.082269
0 0.969314 0.598926 0.056286 0.086717
0 0.977913 0.141754 0.042558 0.086067
1 0.299447 0.687656 0.052389 0.065888
2 0.317729 0.147623 0.021283 0.031693
2 0.586770 0.191827 0.018009 0.021685
2 0.900014 0.348624 0.020192 0.030025
2 0.141460 0.675980 0.019100 0.029191
2 0.431785 0.989992 0.019100 0.020017
2 0.234506 0.993328 0.020737 0.013344
1 0.433695 0.934112 0.057847 0.073394