0 0.997747 0.383054 0.004492 0.076059
0 0.009949 0.544926 0.019842 0.085647
0 0.996423 0.949932 0.006538 0.062544
0 0.003743 0.970909 0.007487 0.055542
0 0.996540 0.810514 0.006703 0.061135
0 0.391061 0.004601 0.029147 0.009201
0 0.994102 0.552965 0.011383 0.076570
0 0.010780 0.159616 0.021518 0.075977
0 0.532312 0.684260 0.048604 0.075138
0 0.004913 0.359798 0.009826 0.059424
0 0.008939 0.023402 0.017879 0.046805
0 0.787822 0.255749 0.056641 0.081041
0 0.638806 0.637432 0.053041 0.087196
0 0.384248 0.541153 0.059973 0.084010
0 0.544495 0.971456 0.047970 0.054853
0 0.258482 0.991749 0.043132 0.014908
0 0.874665 0.007039 0.047056 0.014077
0 0.989126 0.107505 0.020627 0.061874
0 0.684096 0.008414 0.049701 0.016828
0 0.526151 0.008382 0.046632 0.016764
0 0.930730 0.007770 0.050887 0.015540
0 0.599229 0.988275 0.047424 0.020910
0 0.962321 0.983850 0.049182 0.030396
0 0.189844 0.865909 0.052317 0.085057
0 0.833650 0.986763 0.049433 0.024546
0 0.155718 0.279882 0.052336 0.075310
0 0.050405 0.012916 0.047931 0.025820
0 0.623287 0.010747 0.050410 0.021493
0 0.526007 0.337872 0.046343 0.069233
0 0.353501 0.978513 0.052891 0.040004
0 0.521338 0.435990 0.051399 0.074637
0 0.020190 0.863570 0.040379 0.076246
0 0.194881 0.319296 0.055900 0.085219
0 0.451276 0.710150 0.054290 0.077049
0 0.437504 0.142908 0.045855 0.060796
0 0.479477 0.971300 0.039935 0.055317
0 0.356242 0.914173 0.046156 0.066702
0 0.338891 0.027546 0.051267 0.055091
0 0.474982 0.654422 0.058546 0.086495
0 0.647853 0.970168 0.049814 0.057488
0 0.108486 0.025079 0.059964 0.050158
0 0.394900 0.103971 0.042975 0.071959
0 0.729100 0.976928 0.051356 0.043789
0 0.341078 0.656159 0.045588 0.076171
0 0.274683 0.030973 0.045846 0.061946
0 0.083638 0.970260 0.056263 0.057357
0 0.913757 0.849776 0.041441 0.066992
0 0.081777 0.416414 0.044436 0.071417
0 0.071498 0.583455 0.053144 0.080159
0 0.028961 0.090443 0.050236 0.074799
0 0.303811 0.541559 0.048375 0.067306
0 0.296000 0.617649 0.049175 0.072619
0 0.980484 0.625162 0.038297 0.072705
0 0.147214 0.604309 0.048939 0.076237
0 0.611676 0.712688 0.043800 0.071970
0 0.027476 0.783334 0.050211 0.078771
0 0.465786 0.239416 0.041516 0.068310
0 0.421034 0.605339 0.057111 0.092232
0 0.229940 0.141402 0.044074 0.075828
0 0.086482 0.333716 0.053225 0.075719
0 0.717588 0.733014 0.047389 0.073778
0 0.136989 0.942484 0.049093 0.082747
0 0.744752 0.383183 0.053821 0.078938
0 0.790374 0.606141 0.047254 0.073142
0 0.203975 0.953044 0.050748 0.084059
0 0.770048 0.479680 0.055744 0.092703
0 0.089040 0.089485 0.048869 0.081583
0 0.847222 0.666628 0.047423 0.085800
0 0.795913 0.343028 0.048759 0.075230
0 0.740640 0.656828 0.051337 0.078251
0 0.160348 0.694888 0.051264 0.079151
0 0.914368 0.405591 0.050436 0.078221
0 0.086282 0.888867 0.048919 0.081117
0 0.121797 0.217224 0.046641 0.071474
0 0.589612 0.902173 0.045630 0.075622
0 0.467107 0.876481 0.051956 0.085151
0 0.697840 0.236525 0.048078 0.067549
0 0.702070 0.916411 0.047117 0.069458
0 0.097929 0.784631 0.052896 0.078112
0 0.649653 0.873819 0.057051 0.088990
0 0.869566 0.896233 0.053735 0.079886
0 0.029938 0.310249 0.052811 0.082754
0 0.560528 0.204227 0.053967 0.083201
0 0.774797 0.023752 0.057406 0.047503
0 0.416481 0.966825 0.044209 0.064202
0 0.909521 0.959104 0.050272 0.079447
0 0.853058 0.760798 0.050665 0.077355
0 0.360774 0.193146 0.053285 0.081196
0 0.421435 0.037633 0.052818 0.074376
0 0.629529 0.504739 0.047768 0.085605
0 0.143979 0.077212 0.052591 0.081717
0 0.296440 0.959197 0.055746 0.079259
0 0.849633 0.572049 0.052007 0.075611
0 0.923722 0.057895 0.047842 0.073725
0 0.758603 0.132314 0.051721 0.075782
0 0.478270 0.791570 0.049865 0.073368
0 0.755154 0.911638 0.049586 0.079910
0 0.645480 0.413255 0.048782 0.081828
0 0.135267 0.850940 0.050047 0.085357
0 0.590172 0.043437 0.048109 0.076669
0 0.333760 0.386995 0.049649 0.074906
0 0.246130 0.501052 0.049644 0.075713
0 0.221806 0.059039 0.057345 0.078593
0 0.296604 0.859078 0.048873 0.082550
0 0.593275 0.804324 0.051339 0.079531
0 0.340040 0.490437 0.050476 0.085131
0 0.896410 0.502372 0.048939 0.084578
0 0.646434 0.780338 0.051851 0.080074
0 0.711768 0.552016 0.052345 0.086253
0 0.588003 0.127101 0.053970 0.076879
0 0.438775 0.308948 0.048198 0.072347
0 0.656872 0.072206 0.051137 0.083176
0 0.697375 0.156148 0.057447 0.078030
0 0.157315 0.513517 0.054794 0.087808
0 0.054301 0.209423 0.052764 0.074902
0 0.488128 0.170106 0.050513 0.074742
0 0.977802 0.722037 0.043818 0.083942
0 0.812289 0.107021 0.048995 0.079746
0 0.898420 0.697501 0.049759 0.080253
0 0.097583 0.508222 0.058172 0.078360
0 0.233050 0.659104 0.049782 0.075231
0 0.081166 0.700158 0.051587 0.095079
0 0.891068 0.326438 0.052559 0.080460
0 0.392179 0.398445 0.046979 0.075041
0 0.605400 0.332726 0.060217 0.080398
0 0.669685 0.312933 0.047875 0.086385
0 0.853110 0.050799 0.054688 0.086542
0 0.233503 0.230268 0.049868 0.080126
0 0.383310 0.837940 0.054025 0.079169
0 0.246225 0.801200 0.056095 0.088431
0 0.212994 0.413082 0.057269 0.097310
0 0.592077 0.589503 0.053973 0.083938
0 0.964497 0.831917 0.049054 0.083796
0 0.937378 0.135022 0.049997 0.075603
0 0.277899 0.181029 0.049405 0.085891
0 0.855288 0.214537 0.057851 0.089684
0 0.955987 0.542224 0.052530 0.087939
1 0.538746 0.080067 0.051844 0.095079
1 0.796600 0.693495 0.053481 0.059216
1 0.953222 0.906589 0.045841 0.063386
1 0.374211 0.719349 0.046932 0.067556
1 0.036409 0.650125 0.044749 0.077565
2 0.060148 0.376147 0.018009 0.025021
2 0.131910 0.376564 0.018555 0.027523
2 0.602869 0.215596 0.019646 0.027523
2 0.536291 0.291493 0.017463 0.027523
2 0.879004 0.379900 0.019646 0.025855