0 0.001592 0.554214 0.003185 0.057819
0 0.434521 0.303100 0.050189 0.074657
0 0.995956 0.623756 0.007376 0.050622
0 0.434502 0.303597 0.050185 0.073649
0 0.002749 0.475628 0.005497 0.061772
0 0.200426 0.497957 0.054502 0.067702
0 0.198575 0.114178 0.045501 0.073836
0 0.211835 0.995522 0.042186 0.008250
0 0.006437 0.973957 0.012875 0.049477
0 0.186086 0.456967 0.058245 0.061560
0 0.425293 0.257964 0.049528 0.074999
0 0.988511 0.549855 0.021246 0.072123
0 0.815932 0.398959 0.048662 0.075184
0 0.215538 0.030190 0.046351 0.060381
0 0.169266 0.006887 0.042435 0.013775
0 0.466093 0.006773 0.039357 0.013545
0 0.989960 0.393639 0.018477 0.070553
0 0.115277 0.006984 0.038381 0.013968
0 0.139937 0.671644 0.043913 0.060162
0 0.520986 0.990761 0.041202 0.015998
0 0.131659 0.614297 0.047006 0.075682
0 0.234203 0.206310 0.054470 0.089675
0 0.626290 0.078236 0.039275 0.086293
0 0.900376 0.009967 0.044241 0.019934
0 0.069727 0.011953 0.044826 0.023835
0 0.976862 0.684299 0.044359 0.079521
0 0.014526 0.734136 0.028981 0.074508
0 0.578255 0.985356 0.040120 0.026560
0 0.122811 0.730443 0.058615 0.066653
0 0.669775 0.984586 0.057119 0.028049
0 0.019057 0.621019 0.038115 0.090392
0 0.660737 0.727783 0.043618 0.078592
0 0.013427 0.148324 0.026794 0.070032
0 0.039430 0.703503 0.047169 0.072596
0 0.626607 0.753670 0.048954 0.073995
0 0.362311 0.021524 0.043676 0.043039
0 0.258720 0.042663 0.042748 0.074513
0 0.204642 0.613567 0.049534 0.074966
0 0.114847 0.852069 0.046001 0.074449
0 0.317051 0.977576 0.048520 0.042277
0 0.103311 0.186752 0.052432 0.083029
0 0.160347 0.551593 0.053813 0.075328
0 0.891124 0.784098 0.043775 0.064155
0 0.852801 0.741283 0.046810 0.069552
0 0.106387 0.945635 0.051832 0.081291
0 0.084322 0.652192 0.056764 0.072872
0 0.732912 0.851158 0.052298 0.074488
0 0.153534 0.801963 0.046591 0.078751
0 0.105322 0.499749 0.045370 0.071387
0 0.632999 0.658170 0.051059 0.076133
0 0.093242 0.401551 0.054941 0.086514
0 0.286110 0.914068 0.049427 0.068545
0 0.049892 0.850379 0.052936 0.078458
0 0.031156 0.211457 0.055788 0.078434
0 0.982013 0.906007 0.034046 0.077520
0 0.034932 0.337454 0.049109 0.070682
0 0.083369 0.313564 0.045320 0.067677
0 0.830250 0.802164 0.054930 0.060370
0 0.314532 0.552426 0.049892 0.079370
0 0.323440 0.638269 0.060236 0.092339
0 0.537909 0.029168 0.052059 0.058337
0 0.219410 0.391243 0.050459 0.086596
0 0.515172 0.802580 0.045942 0.077511
0 0.145794 0.236195 0.048110 0.076457
0 0.771809 0.771863 0.052709 0.080667
0 0.627448 0.853070 0.056496 0.077261
0 0.149159 0.129947 0.047523 0.084516
0 0.323233 0.373730 0.044778 0.076569
0 0.040255 0.472561 0.055457 0.088221
0 0.942615 0.959229 0.049531 0.077970
0 0.871915 0.332257 0.052995 0.069985
0 0.483797 0.909108 0.053060 0.082347
0 0.583105 0.060289 0.041007 0.075029
0 0.637032 0.458465 0.045569 0.070217
0 0.467830 0.766867 0.051523 0.083237
0 0.531494 0.281303 0.051352 0.074580
0 0.373296 0.366409 0.044691 0.075371
0 0.913054 0.857493 0.048422 0.092166
0 0.518682 0.171104 0.047507 0.095390
0 0.284478 0.824259 0.049057 0.076961
0 0.408702 0.083444 0.048773 0.073397
0 0.982643 0.313517 0.032685 0.079151
0 0.450424 0.387100 0.052767 0.077696
0 0.939819 0.433262 0.049021 0.075968
0 0.404196 0.940864 0.050620 0.078100
0 0.217726 0.705707 0.052012 0.077283
0 0.466964 0.169336 0.048046 0.074756
0 0.307565 0.469858 0.050275 0.079543
0 0.352995 0.291451 0.044397 0.079906
0 0.645436 0.313966 0.054441 0.075968
0 0.703625 0.456088 0.047715 0.077858
0 0.413675 0.750500 0.049514 0.077509
0 0.774580 0.049997 0.045864 0.071474
0 0.611013 0.383536 0.049108 0.076747
0 0.929196 0.048034 0.045714 0.072275
0 0.772358 0.133122 0.049750 0.072210
0 0.980167 0.180848 0.037667 0.072410
0 0.569826 0.205100 0.061074 0.106616
0 0.506134 0.364676 0.051441 0.080467
0 0.652621 0.584184 0.048706 0.075728
0 0.566777 0.831490 0.056132 0.079931
0 0.237415 0.301028 0.042925 0.084500
0 0.271566 0.387968 0.047014 0.079577
0 0.449502 0.570602 0.056897 0.071150
0 0.583064 0.307248 0.047959 0.069335
0 0.390972 0.580192 0.049900 0.080024
0 0.602439 0.939229 0.045308 0.080563
0 0.418582 0.658812 0.062191 0.081457
0 0.770362 0.457742 0.054182 0.078238
0 0.878960 0.431611 0.048905 0.073781
0 0.460702 0.088023 0.045203 0.075016
0 0.733714 0.672344 0.055383 0.084546
0 0.523299 0.666520 0.052464 0.081854
0 0.540177 0.578238 0.053919 0.077650
0 0.916405 0.618173 0.051077 0.089496
0 0.902956 0.210021 0.047895 0.071050
0 0.801286 0.571423 0.053356 0.080281
0 0.727399 0.551979 0.049851 0.081234
0 0.386947 0.857373 0.052670 0.078448
0 0.823999 0.064635 0.047167 0.080465
0 0.926937 0.125061 0.050505 0.068709
0 0.331376 0.152953 0.056711 0.085771
0 0.533491 0.491281 0.054005 0.080806
0 0.707943 0.253214 0.049923 0.080052
0 0.438596 0.490382 0.056062 0.079814
0 0.918003 0.291290 0.049268 0.081922
0 0.773100 0.218750 0.050520 0.074641
0 0.703848 0.130954 0.058299 0.090663
1 0.009200 0.366972 0.018400 0.091743
1 0.230686 0.787323 0.053481 0.075063
1 0.755125 0.337781 0.051298 0.075063
1 0.485811 0.458299 0.045295 0.067556
2 0.724292 0.614679 0.023466 0.033361
2 0.818702 0.731860 0.023466 0.034195
2 0.769860 0.949958 0.021829 0.031693
4 0.045686 0.082986 0.088407 0.149291