0 0.485051 0.303845 0.047455 0.076207
0 0.997548 0.160933 0.004888 0.071258
0 0.001724 0.602909 0.003447 0.067058
0 0.471235 0.263399 0.048630 0.073702
0 0.296581 0.001106 0.045074 0.002189
0 0.993598 0.793240 0.012079 0.068435
0 0.976202 0.001835 0.046670 0.003637
0 0.253815 0.355344 0.053339 0.079325
0 0.244408 0.226932 0.053164 0.086168
0 0.004912 0.728402 0.009825 0.074272
0 0.011315 0.421589 0.022631 0.073946
0 0.038744 0.411079 0.046340 0.079924
0 0.712733 0.990574 0.051980 0.017019
0 0.398792 0.986655 0.047596 0.024578
0 0.686420 0.003092 0.046777 0.006184
0 0.164066 0.004608 0.038541 0.009216
0 0.230416 0.104028 0.046062 0.075900
0 0.005917 0.499171 0.011827 0.069342
0 0.497219 0.126580 0.043435 0.071515
0 0.826813 0.005920 0.041267 0.011839
0 0.795522 0.992707 0.040499 0.013201
0 0.102363 0.006665 0.041143 0.013322
0 0.527740 0.138247 0.046355 0.072275
0 0.474207 0.008367 0.043106 0.016734
0 0.577309 0.704748 0.046125 0.074032
0 0.103057 0.826802 0.046171 0.079826
0 0.233789 0.665637 0.053297 0.082664
0 0.116012 0.269415 0.050845 0.093079
0 0.982031 0.665828 0.034999 0.082514
0 0.809044 0.411690 0.057792 0.081960
0 0.515721 0.968528 0.051763 0.061225
0 0.171255 0.984246 0.049710 0.029816
0 0.013952 0.918599 0.027904 0.080223
0 0.611493 0.246120 0.051903 0.089509
0 0.885724 0.978096 0.047575 0.042017
0 0.369416 0.020122 0.052051 0.040244
0 0.959629 0.969408 0.046450 0.059302
0 0.655924 0.240166 0.044646 0.086149
0 0.018556 0.839851 0.037112 0.075631
0 0.293819 0.271100 0.045589 0.071285
0 0.309283 0.883637 0.048860 0.081537
0 0.135113 0.361432 0.051125 0.072608
0 0.062402 0.493207 0.053696 0.089238
0 0.187136 0.042734 0.050875 0.080340
0 0.198116 0.269304 0.046054 0.087851
0 0.244276 0.031473 0.049713 0.062947
0 0.983522 0.918193 0.031844 0.084286
0 0.771166 0.265739 0.044328 0.071921
0 0.697169 0.043833 0.049893 0.074538
0 0.824190 0.754355 0.062777 0.079669
0 0.845348 0.161200 0.041984 0.065787
0 0.738710 0.095519 0.054861 0.084749
0 0.788649 0.041671 0.067740 0.083342
0 0.536125 0.777085 0.045001 0.078399
0 0.185759 0.414738 0.049733 0.074480
0 0.443832 0.966855 0.046734 0.064765
0 0.739142 0.182268 0.048903 0.075538
0 0.259676 0.941715 0.046549 0.072812
0 0.074511 0.966929 0.047850 0.064833
0 0.501796 0.203376 0.050300 0.074768
0 0.324675 0.420858 0.054784 0.080146
0 0.296805 0.091164 0.053184 0.084026
0 0.785557 0.142524 0.046191 0.078097
0 0.431114 0.475389 0.049904 0.079621
0 0.113762 0.517850 0.049818 0.080888
0 0.160058 0.823387 0.052365 0.078986
0 0.442340 0.645140 0.046308 0.074430
0 0.101036 0.723033 0.053373 0.079783
0 0.514151 0.373471 0.051898 0.087737
0 0.570063 0.915616 0.051846 0.090620
0 0.954497 0.585661 0.038918 0.073866
0 0.307972 0.704038 0.054173 0.085842
0 0.028398 0.239269 0.056223 0.089241
0 0.044560 0.668584 0.048711 0.080068
0 0.738299 0.344384 0.051992 0.077413
0 0.643755 0.123094 0.049156 0.083972
0 0.564216 0.344713 0.051155 0.074910
0 0.158221 0.739402 0.052496 0.080481
0 0.258438 0.851171 0.048174 0.077862
0 0.328050 0.332091 0.053710 0.083485
0 0.589440 0.158935 0.056146 0.074192
0 0.556089 0.437674 0.055599 0.086685
0 0.981405 0.269249 0.036412 0.090420
0 0.139770 0.907354 0.052456 0.082985
0 0.842410 0.596011 0.048417 0.079567
0 0.440915 0.199548 0.049300 0.075273
0 0.649500 0.956980 0.058201 0.084514
0 0.805117 0.669746 0.049548 0.075295
0 0.607839 0.820909 0.051983 0.082454
0 0.388308 0.207680 0.045912 0.069352
0 0.491180 0.820488 0.051593 0.084028
0 0.680343 0.773288 0.060108 0.093232
0 0.362725 0.122625 0.057180 0.087751
0 0.874519 0.498719 0.047891 0.076105
0 0.922339 0.656246 0.056355 0.085538
0 0.498094 0.048639 0.054169 0.076849
0 0.680764 0.868937 0.051448 0.076266
0 0.356793 0.582632 0.060170 0.104264
0 0.654816 0.464273 0.051453 0.080239
0 0.339502 0.232392 0.051446 0.083836
0 0.937976 0.054576 0.052001 0.079078
0 0.816867 0.947832 0.057246 0.086364
0 0.434101 0.888899 0.050848 0.085459
0 0.492781 0.528160 0.050539 0.072626
0 0.924465 0.342292 0.043173 0.078435
0 0.817652 0.320100 0.054324 0.088290
0 0.881131 0.088276 0.052556 0.078166
0 0.926026 0.456181 0.056599 0.065388
0 0.732899 0.730919 0.047408 0.081671
0 0.303050 0.612336 0.054870 0.091129
1 0.035863 0.137615 0.057847 0.090075
1 0.840531 0.838616 0.039838 0.085905
2 0.423599 0.261885 0.016917 0.030025
2 0.829889 0.886572 0.025103 0.038365
2 0.842714 0.522102 0.019100 0.028357
2 0.543385 0.833194 0.017463 0.028357