0 0.997146 0.039575 0.005339 0.059897
0 0.002475 0.224648 0.004943 0.067798
0 0.036455 0.961447 0.052373 0.074509
0 0.379358 0.996355 0.043436 0.006815
0 0.009112 0.831150 0.018225 0.079136
0 0.002638 0.095936 0.005276 0.063821
0 0.995612 0.957746 0.007562 0.065442
0 0.994877 0.524248 0.009420 0.057592
0 0.994701 0.171459 0.009310 0.063639
0 0.947079 0.627165 0.048649 0.078780
0 0.008001 0.752976 0.015953 0.072522
0 0.266579 0.994949 0.039575 0.009346
0 0.745460 0.593016 0.055382 0.075564
0 0.755586 0.536754 0.050603 0.069189
0 0.323091 0.904137 0.045896 0.069845
0 0.822303 0.965117 0.053819 0.066839
0 0.768362 0.007298 0.041786 0.014596
0 0.641082 0.988198 0.050781 0.021433
0 0.987492 0.368146 0.023659 0.081535
0 0.960650 0.135031 0.043550 0.067277
0 0.196693 0.918714 0.050995 0.072701
0 0.881776 0.820892 0.048328 0.079516
0 0.883434 0.114974 0.046907 0.084081
0 0.185084 0.971549 0.052603 0.055402
0 0.506514 0.962563 0.056975 0.071945
0 0.405761 0.524618 0.044636 0.070264
0 0.734589 0.979784 0.057166 0.037503
0 0.025960 0.163213 0.046848 0.068231
0 0.328897 0.663308 0.047428 0.064419
0 0.426696 0.884778 0.053148 0.083264
0 0.782166 0.453196 0.054210 0.073829
0 0.448185 0.962617 0.051378 0.072750
0 0.390731 0.932782 0.050537 0.089449
0 0.690030 0.576483 0.047399 0.078959
0 0.162062 0.814558 0.049026 0.080061
0 0.257545 0.661397 0.051465 0.080976
0 0.112836 0.842837 0.043007 0.085831
0 0.619800 0.623998 0.051288 0.076103
0 0.653630 0.515912 0.057105 0.080914
0 0.213274 0.255955 0.046535 0.075841
0 0.139323 0.365370 0.054256 0.071989
0 0.099798 0.112091 0.048222 0.076384
0 0.037019 0.601160 0.057169 0.086514
0 0.506639 0.324509 0.039844 0.070810
0 0.833968 0.785400 0.049618 0.075278
0 0.423555 0.616492 0.063540 0.074890
0 0.267525 0.795006 0.052776 0.079697
0 0.245511 0.569240 0.062600 0.093428
0 0.096207 0.965258 0.052036 0.067491
0 0.245302 0.876955 0.056632 0.088927
0 0.522661 0.396294 0.050182 0.079888
0 0.685414 0.956398 0.053329 0.084604
0 0.738461 0.401080 0.048484 0.077162
0 0.156452 0.217673 0.047762 0.073659
0 0.595172 0.026050 0.047814 0.052100
0 0.646916 0.763100 0.057275 0.084465
0 0.902576 0.029858 0.053521 0.059716
0 0.527962 0.869150 0.053424 0.077918
0 0.081977 0.736941 0.049987 0.082826
0 0.372322 0.591276 0.051457 0.083486
0 0.344620 0.820575 0.053029 0.087210
0 0.786346 0.651258 0.048801 0.080518
0 0.060130 0.405558 0.051467 0.085143
0 0.324997 0.740447 0.052579 0.078517
0 0.199001 0.387046 0.054493 0.080326
0 0.192674 0.471418 0.052050 0.080069
0 0.704623 0.821594 0.054158 0.093145
0 0.881926 0.435082 0.052249 0.081370
0 0.166756 0.300531 0.054373 0.078532
0 0.351371 0.302660 0.045713 0.080253
0 0.570161 0.812682 0.051256 0.083376
0 0.827122 0.518613 0.049479 0.080110
0 0.210230 0.777678 0.054939 0.085963
0 0.675876 0.657535 0.057127 0.077721
0 0.885561 0.522422 0.048597 0.078652
0 0.899861 0.914199 0.055496 0.089348
0 0.584341 0.722919 0.051655 0.076377
0 0.531245 0.680047 0.049683 0.082756
0 0.348222 0.442849 0.057475 0.085385
0 0.735856 0.898930 0.058858 0.081492
0 0.945138 0.723406 0.053315 0.086769
0 0.520782 0.202865 0.051462 0.076940
0 0.420543 0.373351 0.050538 0.073820
0 0.808767 0.326205 0.057228 0.077775
0 0.896928 0.747236 0.053217 0.083520
0 0.565483 0.483059 0.055111 0.094002
0 0.049046 0.869538 0.048983 0.081692
0 0.512580 0.513252 0.049771 0.075366
0 0.979955 0.287981 0.039102 0.076591
0 0.864572 0.243833 0.052948 0.071825
0 0.944653 0.066539 0.050408 0.066328
0 0.054150 0.511098 0.052595 0.083894
0 0.931686 0.285421 0.049925 0.068682
0 0.651112 0.429931 0.049744 0.079776
0 0.099910 0.240625 0.053198 0.084894
0 0.647186 0.200808 0.059406 0.092258
0 0.398814 0.807401 0.049533 0.080264
0 0.595169 0.410286 0.050824 0.074152
0 0.458849 0.324372 0.048808 0.076889
0 0.752827 0.101490 0.047055 0.077779
0 0.444712 0.476456 0.047680 0.069309
0 0.951587 0.211538 0.050956 0.076704
0 0.738760 0.184512 0.049240 0.075817
0 0.885379 0.635045 0.051346 0.087835
0 0.689895 0.137802 0.052858 0.084831
0 0.475614 0.058996 0.047670 0.079401
0 0.565748 0.257527 0.054175 0.080437
0 0.274279 0.252034 0.048723 0.079523
0 0.157208 0.128301 0.053892 0.089705
0 0.532944 0.589312 0.054240 0.082974
0 0.839303 0.165567 0.050632 0.075747
0 0.666628 0.037756 0.050273 0.075512
0 0.975294 0.831961 0.047813 0.092928
0 0.477040 0.246966 0.049225 0.075846
0 0.921248 0.367151 0.052524 0.080020
0 0.236842 0.152664 0.048481 0.080069
0 0.562222 0.104864 0.056254 0.071042
0 0.797397 0.066921 0.048825 0.078012
0 0.687887 0.332645 0.055074 0.089566
0 0.422824 0.077999 0.051707 0.085200
1 0.038865 0.052127 0.045295 0.070892
1 0.274071 0.478732 0.031106 0.063386
1 0.509823 0.747289 0.031106 0.051710
1 0.534926 0.768974 0.034381 0.056714
1 0.784867 0.731026 0.047478 0.080901
1 0.834528 0.598832 0.059484 0.075063
2 0.031225 0.215179 0.020192 0.028357
2 0.383215 0.464554 0.014735 0.020017
2 0.406136 0.457048 0.015826 0.025021