0 0.001815 0.936386 0.003615 0.065774
0 0.011880 0.407714 0.023699 0.086833
0 0.989225 0.882206 0.020508 0.089562
0 0.002829 0.226049 0.005625 0.067954
0 0.992610 0.993157 0.014167 0.013285
0 0.009506 0.603336 0.018983 0.080407
0 0.994645 0.329095 0.010225 0.076400
0 0.677923 0.004201 0.037574 0.008403
0 0.992976 0.789936 0.013180 0.078923
0 0.159873 0.933329 0.052035 0.065777
0 0.161633 0.969337 0.050164 0.059293
0 0.031928 0.980298 0.052305 0.037296
0 0.420894 0.259098 0.059851 0.106029
0 0.114995 0.013716 0.047990 0.027433
0 0.286144 0.013787 0.045029 0.027574
0 0.192751 0.014338 0.049606 0.028676
0 0.301862 0.896187 0.047804 0.088116
0 0.683220 0.983873 0.046101 0.030188
0 0.042688 0.037907 0.051381 0.075531
0 0.023612 0.679924 0.047223 0.079513
0 0.530662 0.017516 0.052844 0.035031
0 0.773700 0.980573 0.056427 0.037058
0 0.019646 0.523490 0.039222 0.077459
0 0.617646 0.525273 0.050619 0.081506
0 0.120750 0.164983 0.049739 0.083173
0 0.386689 0.954779 0.048338 0.072705
0 0.718181 0.034687 0.056120 0.069373
0 0.524628 0.981721 0.048348 0.034572
0 0.170960 0.085594 0.051439 0.072436
0 0.057925 0.472389 0.047355 0.076487
0 0.279210 0.975514 0.048292 0.046382
0 0.633098 0.974935 0.047744 0.047567
0 0.859106 0.025519 0.050707 0.051039
0 0.066403 0.924506 0.049742 0.083076
0 0.032237 0.788176 0.045256 0.073685
0 0.030797 0.126441 0.059736 0.083582
0 0.558235 0.574344 0.046170 0.076654
0 0.760794 0.625518 0.048980 0.083979
0 0.794200 0.725019 0.050611 0.083158
0 0.272860 0.071869 0.053592 0.088089
0 0.687402 0.800750 0.040672 0.070035
0 0.504323 0.426414 0.051270 0.089453
0 0.693948 0.710385 0.044854 0.072841
0 0.745553 0.764240 0.045639 0.084383
0 0.061333 0.218686 0.051130 0.084101
0 0.296950 0.264971 0.055103 0.073570
0 0.220644 0.866192 0.050237 0.079418
0 0.852236 0.781758 0.044045 0.076079
0 0.136800 0.864311 0.056124 0.087863
0 0.963437 0.363382 0.053065 0.078449
0 0.856964 0.196594 0.048916 0.082021
0 0.878630 0.359074 0.040136 0.067330
0 0.975971 0.693538 0.047596 0.091208
0 0.834454 0.611781 0.054510 0.072755
0 0.666658 0.482389 0.052109 0.083817
0 0.888001 0.575891 0.050078 0.073308
0 0.548868 0.484001 0.050006 0.083424
0 0.223735 0.783614 0.054268 0.074307
0 0.843928 0.690041 0.048348 0.078312
0 0.104631 0.628732 0.056888 0.084504
0 0.282513 0.453250 0.052833 0.084501
0 0.151239 0.594898 0.048955 0.091072
0 0.092380 0.532102 0.051642 0.084638
0 0.797786 0.509484 0.047187 0.079341
0 0.391542 0.396362 0.059122 0.095627
0 0.679697 0.917513 0.052209 0.079856
0 0.640874 0.640226 0.053962 0.086304
0 0.765602 0.073138 0.055357 0.085699
0 0.393909 0.153029 0.053679 0.076253
0 0.200908 0.601408 0.045040 0.093503
0 0.644839 0.846140 0.049209 0.085455
0 0.446929 0.162654 0.045100 0.080413
0 0.620984 0.201897 0.051758 0.081320
0 0.384730 0.068578 0.052270 0.084495
0 0.876735 0.925728 0.053680 0.091702
0 0.400051 0.871847 0.050711 0.079849
0 0.161886 0.281152 0.054270 0.095948
0 0.655889 0.261922 0.052981 0.087667
0 0.488793 0.759103 0.048675 0.082601
0 0.336428 0.802326 0.055052 0.083162
0 0.504444 0.161036 0.051962 0.089638
0 0.214370 0.169475 0.054221 0.080850
0 0.402798 0.619669 0.047041 0.087925
0 0.266162 0.541228 0.052224 0.089829
0 0.063885 0.382643 0.051537 0.089999
0 0.491336 0.057312 0.057922 0.096819
0 0.951632 0.503279 0.056756 0.081058
0 0.451780 0.598482 0.048578 0.091170
0 0.564521 0.199570 0.049591 0.074509
0 0.387739 0.706674 0.056416 0.084609
0 0.279681 0.668225 0.056481 0.097334
0 0.904750 0.227389 0.050258 0.099195
0 0.486609 0.901009 0.055542 0.083963
0 0.173394 0.490715 0.047401 0.079555
0 0.301979 0.369555 0.051704 0.085749
0 0.542250 0.847590 0.060253 0.091325
0 0.601316 0.046780 0.049080 0.072972
0 0.695917 0.403067 0.050636 0.082585
0 0.219056 0.271377 0.052544 0.089179
0 0.964617 0.607065 0.048076 0.075657
0 0.774687 0.407591 0.054478 0.083767
0 0.799372 0.267019 0.056214 0.073221
0 0.963569 0.227153 0.052757 0.084300
0 0.448758 0.503630 0.055383 0.082391
0 0.565977 0.361657 0.053819 0.086883
0 0.863595 0.102140 0.055063 0.084743
2 0.147736 0.014595 0.016372 0.029191
2 0.158105 0.042118 0.021829 0.027523
2 0.161925 0.762302 0.021829 0.035029
2 0.125635 0.991660 0.021283 0.016681
2 0.955678 0.033361 0.025649 0.033361
2 0.894011 0.402836 0.018009 0.026689
1 0.087980 0.075897 0.056209 0.053378
1 0.718562 0.547123 0.057847 0.075063