0 0.996716 0.893241 0.005507 0.055017
0 0.316116 0.993249 0.038027 0.011005
0 0.011195 0.609792 0.022342 0.083737
0 0.994573 0.347293 0.009123 0.065562
0 0.004724 0.440777 0.009448 0.070099
0 0.475349 0.205706 0.050743 0.084538
0 0.550356 0.992417 0.043430 0.012492
0 0.726225 0.003667 0.041011 0.007327
0 0.944783 0.005115 0.044504 0.010219
0 0.119180 0.006239 0.039050 0.012478
0 0.606991 0.984155 0.044103 0.028539
0 0.790057 0.663561 0.051867 0.078281
0 0.429802 0.946264 0.050121 0.082717
0 0.564678 0.583928 0.048477 0.071273
0 0.037022 0.545120 0.050559 0.082290
0 0.267088 0.979915 0.049742 0.036909
0 0.753641 0.922977 0.055624 0.082387
0 0.374925 0.962694 0.060295 0.071005
0 0.023613 0.961298 0.047225 0.074054
0 0.272538 0.755087 0.042942 0.069443
0 0.180167 0.023298 0.051313 0.046595
0 0.823454 0.975611 0.054272 0.045613
0 0.673279 0.255550 0.049055 0.078150
0 0.358831 0.563439 0.048229 0.069955
0 0.169394 0.375075 0.048239 0.081800
0 0.106631 0.735362 0.045786 0.071856
0 0.918954 0.975408 0.054767 0.045986
0 0.403124 0.026310 0.057111 0.052620
0 0.801453 0.136328 0.052910 0.092304
0 0.953154 0.218021 0.048852 0.084308
0 0.042493 0.746779 0.053278 0.085372
0 0.081134 0.644478 0.049717 0.079003
0 0.817378 0.414384 0.047012 0.071448
0 0.130091 0.812778 0.050785 0.080948
0 0.076916 0.492287 0.054024 0.079273
0 0.255101 0.823658 0.046704 0.069259
0 0.244478 0.439264 0.053497 0.081503
0 0.051874 0.896666 0.047811 0.076613
0 0.620276 0.909484 0.050578 0.077898
0 0.094526 0.242679 0.054984 0.079232
0 0.504020 0.781840 0.049976 0.076468
0 0.499926 0.030833 0.049452 0.061666
0 0.575025 0.662564 0.052004 0.080067
0 0.685899 0.967034 0.050913 0.062476
0 0.692454 0.368160 0.052739 0.084963
0 0.950520 0.851625 0.044589 0.068102
0 0.441675 0.061480 0.045348 0.081123
0 0.320570 0.869922 0.057160 0.087559
0 0.659101 0.633552 0.049971 0.084583
0 0.152130 0.653954 0.045779 0.089780
0 0.362740 0.639686 0.054462 0.075113
0 0.809592 0.810201 0.050441 0.080239
0 0.141274 0.297750 0.054291 0.079689
0 0.323052 0.417202 0.047813 0.074885
0 0.113670 0.410735 0.055204 0.086070
0 0.420020 0.855600 0.050960 0.084450
0 0.289243 0.495728 0.051011 0.080271
0 0.231312 0.182221 0.046943 0.076753
0 0.274597 0.039803 0.054547 0.079121
0 0.254814 0.362020 0.050260 0.077160
0 0.778104 0.059432 0.055383 0.073966
0 0.414442 0.623201 0.047380 0.085881
0 0.132486 0.186188 0.048015 0.077830
0 0.466864 0.591276 0.047363 0.072583
0 0.740772 0.419604 0.060122 0.093560
0 0.862739 0.454467 0.050657 0.081785
0 0.175750 0.126618 0.052767 0.088037
0 0.626624 0.131903 0.053137 0.083662
0 0.834458 0.038280 0.054880 0.076557
0 0.184427 0.538167 0.053244 0.080771
0 0.664787 0.061355 0.051889 0.076662
0 0.844745 0.533034 0.058486 0.079291
0 0.118831 0.097816 0.052183 0.079080
0 0.217892 0.661738 0.053284 0.086821
0 0.963251 0.937843 0.052838 0.086129
0 0.500971 0.698685 0.047721 0.078798
0 0.956575 0.750078 0.050483 0.077865
0 0.845885 0.621544 0.051061 0.083093
0 0.488888 0.403745 0.050827 0.081240
0 0.835716 0.727244 0.054057 0.086677
0 0.388179 0.434980 0.052894 0.081592
0 0.406206 0.533049 0.046117 0.085910
0 0.731821 0.630196 0.054491 0.084436
0 0.496202 0.489415 0.049078 0.077194
0 0.842891 0.305841 0.046344 0.086562
0 0.399213 0.214539 0.050176 0.082625
0 0.830504 0.214016 0.058216 0.091503
0 0.736025 0.287509 0.049819 0.080653
0 0.039847 0.089667 0.057112 0.087582
0 0.950539 0.393093 0.053521 0.080484
0 0.602100 0.827130 0.056491 0.084726
0 0.720861 0.509195 0.051776 0.085217
0 0.941726 0.664937 0.057537 0.089747
0 0.295034 0.626530 0.057280 0.076026
0 0.943902 0.519113 0.053589 0.088565
0 0.423315 0.300184 0.051076 0.079573
0 0.315334 0.256320 0.051339 0.080466
0 0.557437 0.234081 0.051054 0.081856
0 0.492029 0.314590 0.054562 0.080940
0 0.595643 0.521539 0.054672 0.088632
0 0.497109 0.122352 0.049177 0.083963
0 0.381838 0.131264 0.054104 0.086565
1 0.205037 0.325271 0.038201 0.068390
1 0.365752 0.346956 0.045295 0.065054
1 0.768222 0.853628 0.055664 0.080901
2 0.219499 0.741868 0.024558 0.035863
3 0.327825 0.726022 0.081858 0.144287