0 0.996775 0.262499 0.005832 0.063663
0 0.003865 0.248857 0.007707 0.059688
0 0.993911 0.531128 0.010910 0.067071
0 0.847117 0.993021 0.036460 0.011881
0 0.563060 0.004298 0.037462 0.008596
0 0.992209 0.909082 0.013947 0.072249
0 0.044565 0.992847 0.035065 0.012140
0 0.948280 0.751052 0.055853 0.082827
0 0.259099 0.006247 0.039656 0.012482
0 0.943694 0.023110 0.041197 0.046220
0 0.777275 0.988395 0.032889 0.020672
0 0.387044 0.022685 0.051859 0.045362
0 0.240397 0.818991 0.051008 0.081255
0 0.767711 0.594002 0.042237 0.072985
0 0.744974 0.637492 0.047200 0.068272
0 0.907157 0.865163 0.051317 0.090086
0 0.455547 0.324771 0.052695 0.076927
0 0.638387 0.691679 0.057060 0.070835
0 0.944283 0.889627 0.050289 0.076843
0 0.012827 0.043102 0.025644 0.078783
0 0.741396 0.970080 0.044640 0.056969
0 0.980466 0.722322 0.037483 0.076759
0 0.020401 0.514570 0.040802 0.080906
0 0.978755 0.623142 0.040574 0.082023
0 0.089214 0.015129 0.053962 0.030227
0 0.669641 0.881604 0.049996 0.073491
0 0.715238 0.926985 0.048598 0.070388
0 0.694712 0.719932 0.056834 0.080753
0 0.979566 0.391612 0.038825 0.069995
0 0.725299 0.774399 0.046054 0.072762
0 0.671396 0.965265 0.050777 0.066553
0 0.668571 0.015436 0.051890 0.030858
0 0.633964 0.821773 0.054204 0.077271
0 0.675209 0.635876 0.051238 0.074933
0 0.820178 0.799857 0.052009 0.074875
0 0.780742 0.213057 0.046623 0.072219
0 0.929054 0.622339 0.044790 0.078038
0 0.017492 0.325909 0.034924 0.073574
0 0.803403 0.952016 0.052814 0.072801
0 0.979910 0.052652 0.038613 0.081432
0 0.024053 0.858028 0.048105 0.087433
0 0.589019 0.866242 0.050040 0.075340
0 0.773205 0.030792 0.058762 0.061585
0 0.609187 0.756148 0.052225 0.077504
0 0.025313 0.406151 0.050585 0.082167
0 0.479850 0.542091 0.045141 0.067511
0 0.869318 0.955325 0.050595 0.067486
0 0.816645 0.704795 0.050726 0.073787
0 0.087705 0.972126 0.049764 0.053697
0 0.089548 0.886281 0.056022 0.098146
0 0.260170 0.360978 0.051014 0.073736
0 0.598430 0.952478 0.060987 0.085141
0 0.123625 0.424438 0.046589 0.072333
0 0.556968 0.792497 0.053185 0.085613
0 0.836577 0.052769 0.047362 0.077413
0 0.293837 0.426300 0.048910 0.081471
0 0.729255 0.452696 0.055040 0.075083
0 0.742731 0.162609 0.052022 0.077094
0 0.054840 0.596488 0.053616 0.081995
0 0.452593 0.854380 0.062666 0.076161
0 0.142362 0.155640 0.053556 0.084559
0 0.712839 0.577257 0.054545 0.069954
0 0.917437 0.183386 0.051309 0.080657
0 0.423114 0.924945 0.048844 0.075274
0 0.058645 0.747409 0.054280 0.080712
0 0.804047 0.293803 0.053977 0.077262
0 0.499030 0.905736 0.054334 0.081963
0 0.844203 0.367251 0.049586 0.076477
0 0.160928 0.466528 0.045101 0.091530
0 0.963458 0.133952 0.056139 0.080673
0 0.310034 0.734612 0.052479 0.084059
0 0.399213 0.812194 0.056178 0.087729
0 0.807486 0.459129 0.049212 0.084592
0 0.471369 0.761634 0.052354 0.081146
0 0.257806 0.898773 0.051168 0.076597
0 0.322257 0.877557 0.053629 0.074803
0 0.970803 0.293358 0.054756 0.083467
0 0.344961 0.477719 0.066412 0.092298
0 0.365574 0.739956 0.052304 0.096098
0 0.169572 0.085514 0.052147 0.079554
0 0.229736 0.620706 0.047681 0.083057
0 0.055556 0.284894 0.053139 0.080413
0 0.332504 0.652535 0.052206 0.076484
0 0.410442 0.598556 0.051233 0.085910
0 0.513053 0.705768 0.053302 0.088095
0 0.794262 0.128604 0.051739 0.082847
0 0.896413 0.408142 0.042950 0.083988
0 0.511011 0.612310 0.055770 0.078774
0 0.622735 0.519970 0.046485 0.075312
0 0.258861 0.142224 0.052289 0.076317
0 0.141556 0.730466 0.052194 0.079011
0 0.508805 0.476621 0.054897 0.079590
0 0.541607 0.187466 0.059298 0.089013
0 0.416184 0.268373 0.049353 0.081308
0 0.575035 0.308246 0.047702 0.077141
0 0.348857 0.178915 0.049567 0.073349
0 0.728732 0.368227 0.055714 0.081697
0 0.246609 0.543320 0.058085 0.075567
0 0.563414 0.057151 0.051142 0.077982
0 0.334572 0.568676 0.049319 0.075563
0 0.295797 0.228118 0.052282 0.084981
0 0.321742 0.356896 0.050535 0.080360
0 0.147422 0.647214 0.052722 0.078414
0 0.130990 0.269959 0.050216 0.075180
0 0.252602 0.279012 0.052950 0.081441
0 0.385469 0.106309 0.052921 0.079980
0 0.596440 0.402313 0.055686 0.087841
0 0.438896 0.187932 0.049067 0.079085
0 0.597375 0.226427 0.049769 0.074152
0 0.449153 0.077832 0.050941 0.076469
0 0.177562 0.369166 0.053224 0.079621
0 0.385868 0.349015 0.051699 0.077449
2 0.194396 0.452460 0.020192 0.032527
2 0.624425 0.905338 0.021283 0.030859
2 0.849808 0.767723 0.021283 0.027523
2 0.840804 0.932027 0.018555 0.027523
4 0.829889 0.577148 0.101504 0.156797
3 0.757854 0.859466 0.092773 0.147623