0 0.997170 0.680137 0.005608 0.097419
0 0.002217 0.698707 0.004386 0.064738
0 0.005876 0.785145 0.011753 0.070833
0 0.684482 0.657164 0.051366 0.078051
0 0.985896 0.991395 0.026851 0.014974
0 0.750808 0.993572 0.041787 0.011324
0 0.028941 0.991796 0.045664 0.015122
0 0.136308 0.286251 0.058290 0.088069
0 0.174046 0.991921 0.044457 0.014862
0 0.820776 0.010345 0.044154 0.020689
0 0.467529 0.989919 0.053064 0.019138
0 0.760111 0.009651 0.042785 0.019302
0 0.168638 0.947853 0.047722 0.064715
0 0.902022 0.754504 0.052178 0.076702
0 0.577398 0.011338 0.049987 0.022676
0 0.878480 0.845255 0.051086 0.084764
0 0.013120 0.256620 0.026221 0.091437
0 0.200164 0.016192 0.049433 0.032383
0 0.075306 0.452190 0.048397 0.075022
0 0.013582 0.924141 0.027163 0.088331
0 0.396546 0.021217 0.048080 0.042416
0 0.711727 0.019479 0.050666 0.038959
0 0.915655 0.018732 0.054258 0.037463
0 0.854122 0.041934 0.052252 0.077632
0 0.144610 0.015787 0.050411 0.031574
0 0.820067 0.980037 0.054768 0.037583
0 0.181868 0.874256 0.048033 0.074311
0 0.014184 0.068393 0.028343 0.081758
0 0.018128 0.586146 0.036221 0.074087
0 0.581722 0.702418 0.049076 0.069938
0 0.090364 0.752185 0.043762 0.067817
0 0.867900 0.402345 0.054147 0.083351
0 0.295060 0.814145 0.055732 0.081117
0 0.700693 0.968954 0.056495 0.060223
0 0.656302 0.025165 0.050169 0.050330
0 0.493378 0.783605 0.051272 0.080781
0 0.508799 0.432833 0.053974 0.075558
0 0.387302 0.246239 0.049294 0.080512
0 0.068825 0.031053 0.044977 0.062105
0 0.261984 0.682857 0.052288 0.079667
0 0.646021 0.262622 0.046565 0.075309
0 0.448549 0.735836 0.053319 0.082177
0 0.867684 0.938505 0.060212 0.090953
0 0.637347 0.919450 0.052599 0.081678
0 0.442781 0.448386 0.052809 0.075529
0 0.047125 0.880215 0.047904 0.089224
0 0.596477 0.059626 0.053692 0.082741
0 0.840327 0.779608 0.050977 0.076073
0 0.220425 0.069172 0.050172 0.077167
0 0.402776 0.391570 0.051593 0.074445
0 0.111213 0.654297 0.047320 0.086491
0 0.742056 0.565557 0.048619 0.077963
0 0.308253 0.442825 0.046441 0.074298
0 0.312428 0.214741 0.046525 0.076327
0 0.579627 0.863170 0.052965 0.080709
0 0.187341 0.796283 0.046444 0.068989
0 0.581094 0.779870 0.051785 0.075453
0 0.353229 0.805431 0.051161 0.075047
0 0.674152 0.747694 0.047570 0.077728
0 0.300556 0.048509 0.055242 0.083483
0 0.079042 0.104520 0.054293 0.075680
0 0.058924 0.665645 0.043976 0.077792
0 0.712529 0.358681 0.056128 0.078168
0 0.745566 0.428147 0.055855 0.075195
0 0.977730 0.232363 0.044104 0.077411
0 0.073996 0.193256 0.056463 0.088058
0 0.927128 0.951838 0.052525 0.079182
0 0.800419 0.358085 0.049222 0.077438
0 0.054930 0.387042 0.053877 0.071933
0 0.234232 0.452501 0.054254 0.084797
0 0.787271 0.510508 0.049934 0.078752
0 0.530489 0.325776 0.056548 0.075728
0 0.196812 0.144003 0.051680 0.082323
0 0.190081 0.337747 0.058623 0.069221
0 0.798506 0.243206 0.050860 0.077491
0 0.698265 0.279563 0.050958 0.075067
0 0.297616 0.595690 0.051105 0.071772
0 0.160810 0.201755 0.047668 0.090880
0 0.409237 0.155241 0.043631 0.090880
0 0.382234 0.877865 0.054513 0.086423
0 0.326128 0.294368 0.057020 0.078114
0 0.126479 0.470226 0.050030 0.077324
0 0.457194 0.137777 0.048595 0.078186
0 0.639834 0.454707 0.055631 0.086695
0 0.133926 0.585371 0.055769 0.066504
0 0.932121 0.647491 0.050010 0.072751
0 0.533053 0.498062 0.054141 0.082268
0 0.077825 0.315645 0.056232 0.084288
0 0.833730 0.582701 0.050536 0.081893
0 0.791444 0.698261 0.053722 0.081287
0 0.813988 0.153057 0.056789 0.082164
0 0.473756 0.060036 0.050238 0.079971
0 0.360645 0.170188 0.050318 0.080531
0 0.322232 0.523440 0.051321 0.077275
0 0.863337 0.217782 0.050023 0.080346
0 0.492445 0.943005 0.054191 0.090384
0 0.863056 0.687817 0.057593 0.078388
0 0.590539 0.249563 0.051378 0.079802
0 0.965994 0.150535 0.048325 0.076006
0 0.949190 0.877365 0.048529 0.073658
0 0.296657 0.368481 0.057354 0.075942
0 0.962084 0.340091 0.055417 0.078377
0 0.425923 0.308785 0.053559 0.092808
0 0.459999 0.567361 0.049850 0.078583
0 0.714710 0.198540 0.059503 0.086874
0 0.392124 0.748873 0.052216 0.085488
0 0.908844 0.570211 0.051635 0.083511
1 0.298901 0.736447 0.042566 0.068390
1 0.744484 0.747289 0.028923 0.075063
2 0.243511 0.982902 0.024558 0.034195
2 0.139005 0.982068 0.018555 0.020851
2 0.712013 0.056714 0.019646 0.026689
2 0.842714 0.355296 0.021283 0.036697