0 0.996817 0.539490 0.006365 0.056798
0 0.007441 0.198308 0.014817 0.066497
0 0.672738 0.994219 0.046442 0.010692
0 0.002356 0.119872 0.004696 0.064086
0 0.086537 0.003433 0.038707 0.006865
0 0.812600 0.992907 0.038130 0.012059
0 0.995830 0.776399 0.007314 0.062762
0 0.005722 0.378969 0.011443 0.067061
0 0.262377 0.990765 0.041070 0.016440
0 0.008509 0.274607 0.017017 0.070653
0 0.985743 0.971890 0.026884 0.053387
0 0.027053 0.332465 0.039329 0.070208
0 0.010433 0.032468 0.020865 0.064929
0 0.991514 0.390868 0.015739 0.074199
0 0.435737 0.986309 0.045516 0.024389
0 0.059827 0.317523 0.049567 0.082241
0 0.014685 0.511957 0.029345 0.071365
0 0.024378 0.975087 0.048210 0.047132
0 0.986947 0.474493 0.024515 0.072848
0 0.021098 0.893857 0.042196 0.078581
0 0.889743 0.964075 0.051352 0.068911
0 0.064102 0.932651 0.042064 0.065009
0 0.616228 0.015590 0.052185 0.031180
0 0.983518 0.611094 0.031620 0.071890
0 0.761527 0.928176 0.054230 0.078535
0 0.877142 0.026109 0.050619 0.052168
0 0.768582 0.024311 0.050863 0.048623
0 0.032655 0.445329 0.048879 0.078274
0 0.619621 0.394830 0.049982 0.080368
0 0.275613 0.664716 0.044272 0.071840
0 0.456811 0.826297 0.046834 0.068954
0 0.510261 0.022128 0.050009 0.044256
0 0.322113 0.019769 0.050948 0.039537
0 0.626753 0.962019 0.049999 0.073606
0 0.528252 0.246049 0.047605 0.068805
0 0.070208 0.185188 0.045314 0.076377
0 0.131211 0.860452 0.051036 0.076895
0 0.522245 0.796967 0.045705 0.075516
0 0.389314 0.963452 0.053828 0.069969
0 0.402773 0.889455 0.047289 0.075868
0 0.309970 0.808519 0.043103 0.071175
0 0.123290 0.943647 0.056518 0.079214
0 0.236147 0.629152 0.046262 0.072320
0 0.410553 0.024259 0.052536 0.048518
0 0.486066 0.967452 0.053733 0.061897
0 0.810058 0.867693 0.052747 0.080366
0 0.737018 0.859834 0.054158 0.087230
0 0.183854 0.588730 0.046347 0.069956
0 0.038829 0.110848 0.047028 0.071862
0 0.534144 0.165342 0.048241 0.072112
0 0.506776 0.724531 0.048640 0.072122
0 0.249024 0.031589 0.048042 0.063179
0 0.556532 0.076101 0.046603 0.072940
0 0.347266 0.075662 0.049200 0.080038
0 0.105750 0.685426 0.048134 0.075381
0 0.366309 0.148825 0.046114 0.071908
0 0.951039 0.944944 0.051068 0.078454
0 0.449795 0.750867 0.047204 0.071829
0 0.106419 0.793017 0.056989 0.073689
0 0.055261 0.756227 0.051123 0.081357
0 0.905401 0.900120 0.058025 0.077628
0 0.958278 0.863762 0.049945 0.073390
0 0.331052 0.893015 0.056303 0.087002
0 0.640248 0.764753 0.051960 0.083142
0 0.480505 0.449647 0.046125 0.074694
0 0.070584 0.631270 0.049839 0.079046
0 0.161165 0.200866 0.044011 0.070089
0 0.568596 0.293553 0.048436 0.078256
0 0.147608 0.730280 0.051470 0.071724
0 0.252133 0.944221 0.050323 0.077282
0 0.506751 0.101684 0.047623 0.073105
0 0.278987 0.358200 0.047779 0.070886
0 0.807520 0.278384 0.049574 0.070849
0 0.216303 0.140245 0.048450 0.077451
0 0.385791 0.232361 0.049904 0.071236
0 0.264530 0.187930 0.049332 0.076398
0 0.154284 0.408830 0.051327 0.074955
0 0.199663 0.068500 0.047489 0.070160
0 0.207907 0.522118 0.051126 0.073253
0 0.585358 0.737690 0.045761 0.080634
0 0.790911 0.209353 0.049321 0.066887
0 0.876347 0.482108 0.050350 0.070567
0 0.668901 0.240714 0.047512 0.074183
0 0.133526 0.282034 0.052169 0.071694
0 0.392316 0.450406 0.049966 0.067512
0 0.539347 0.660571 0.046747 0.079085
0 0.539026 0.361755 0.053490 0.075882
0 0.536093 0.578239 0.047462 0.075408
0 0.185278 0.345117 0.049598 0.077215
0 0.578430 0.904772 0.052000 0.083266
0 0.361682 0.809701 0.049929 0.077938
0 0.653359 0.345799 0.051288 0.078615
0 0.104132 0.570341 0.049214 0.076171
0 0.420480 0.289195 0.044540 0.070211
0 0.645879 0.666261 0.050067 0.077106
0 0.067000 0.511147 0.052232 0.081174
0 0.718660 0.183402 0.051020 0.074545
0 0.450427 0.368711 0.048917 0.072305
0 0.801417 0.501764 0.050330 0.072908
0 0.670130 0.459235 0.049318 0.075489
0 0.965381 0.710430 0.049374 0.078932
0 0.681774 0.823284 0.051627 0.090601
0 0.355731 0.291895 0.050744 0.077875
0 0.833015 0.438912 0.048918 0.066912
0 0.690132 0.119027 0.052066 0.076803
0 0.839122 0.182528 0.047987 0.077001
0 0.767080 0.398089 0.053186 0.076551
0 0.625882 0.081410 0.056828 0.084720
0 0.761760 0.319482 0.047749 0.073395
0 0.337755 0.710853 0.046671 0.078853
0 0.246055 0.743695 0.054869 0.088360
0 0.414848 0.580294 0.048502 0.073849
0 0.940035 0.784903 0.054135 0.082272
0 0.218769 0.449667 0.050123 0.068716
0 0.191786 0.264817 0.044956 0.075094
0 0.682349 0.538935 0.049444 0.075782
0 0.830415 0.343347 0.048105 0.077480
0 0.857742 0.805478 0.047990 0.072739
0 0.638920 0.586393 0.053883 0.073251
0 0.323689 0.488937 0.050495 0.078672
0 0.613803 0.222534 0.050951 0.077504
0 0.364230 0.540135 0.052776 0.071925
0 0.715756 0.281766 0.048367 0.082816
0 0.779706 0.794561 0.050968 0.085033
0 0.789664 0.121146 0.051447 0.072112
0 0.794330 0.673130 0.050981 0.074171
0 0.904198 0.409890 0.050438 0.081684
0 0.273640 0.440831 0.053035 0.083052
0 0.845741 0.098242 0.053912 0.080209
0 0.455988 0.671733 0.057527 0.082909
0 0.811170 0.576431 0.056237 0.078689
0 0.954409 0.355464 0.049014 0.071566
0 0.893426 0.555623 0.056318 0.082191
0 0.398198 0.680846 0.048939 0.083645
0 0.486175 0.531404 0.050083 0.077202
0 0.847736 0.711858 0.048047 0.076501
0 0.924937 0.051979 0.046976 0.072649
0 0.876986 0.309423 0.047068 0.077784
0 0.479052 0.280411 0.052381 0.081001
0 0.956668 0.277116 0.055400 0.078205
0 0.242034 0.272872 0.047693 0.077098
0 0.917931 0.217169 0.051225 0.079955
0 0.909642 0.130748 0.048565 0.077574
0 0.749427 0.531103 0.049615 0.076444
0 0.719100 0.634736 0.053553 0.087335
1 0.588907 0.639452 0.046013 0.041716
2 0.167770 0.036353 0.021057 0.032181
2 0.091732 0.135876 0.017157 0.026222
2 0.280073 0.275328 0.019497 0.038141
2 0.738254 0.094756 0.035875 0.053635
2 0.882922 0.218713 0.019497 0.034565
2 0.702379 0.342670 0.021837 0.032181
2 0.453597 0.319428 0.018717 0.028605
2 0.365470 0.595948 0.026516 0.033373
2 0.021152 0.742551 0.022617 0.035757
2 0.416163 0.794398 0.021837 0.036949
2 0.188437 0.721692 0.021837 0.027414
2 0.217293 0.700238 0.023396 0.029797
2 0.207544 0.673421 0.019497 0.030989
2 0.197016 0.694875 0.020277 0.028605
2 0.736304 0.969607 0.024176 0.039333
2 0.983137 0.807509 0.021837 0.039333
2 0.799475 0.044100 0.017937 0.023838