0 0.010881 0.800917 0.021736 0.077375
0 0.856966 0.992741 0.031070 0.011929
0 0.658340 0.620318 0.052040 0.070356
0 0.259899 0.006039 0.058659 0.012079
0 0.127347 0.744816 0.052516 0.079351
0 0.461275 0.988017 0.042347 0.020783
0 0.083114 0.436028 0.057741 0.082321
0 0.434448 0.009091 0.043227 0.018182
0 0.553912 0.819253 0.046700 0.076673
0 0.639080 0.820196 0.055727 0.075312
0 0.047793 0.978097 0.056329 0.040375
0 0.013905 0.535108 0.027810 0.091529
0 0.077637 0.016691 0.052732 0.033381
0 0.015778 0.112417 0.031523 0.075755
0 0.328193 0.632563 0.047319 0.074696
0 0.599746 0.019588 0.053928 0.039176
0 0.055024 0.310114 0.057191 0.090131
0 0.326168 0.855243 0.049183 0.072602
0 0.256917 0.972957 0.048178 0.050731
0 0.501238 0.824403 0.050274 0.080849
0 0.060637 0.224721 0.046897 0.071029
0 0.540068 0.555225 0.051496 0.076728
0 0.031294 0.607831 0.056668 0.088780
0 0.090187 0.581532 0.050910 0.070773
0 0.326166 0.276076 0.060056 0.093330
0 0.199363 0.974789 0.051441 0.046764
0 0.780758 0.973605 0.045884 0.049718
0 0.718965 0.968258 0.052340 0.060140
0 0.262633 0.052099 0.053865 0.076061
0 0.291299 0.586878 0.050861 0.085863
0 0.955951 0.968194 0.052153 0.060245
0 0.655007 0.894881 0.052632 0.081839
0 0.383207 0.883120 0.053057 0.077945
0 0.430497 0.380431 0.047275 0.072724
0 0.830155 0.584962 0.052962 0.082257
0 0.582744 0.914572 0.053488 0.085047
0 0.496244 0.509945 0.047670 0.077615
0 0.404648 0.590524 0.045799 0.072840
0 0.220058 0.303796 0.047839 0.073256
0 0.123495 0.043571 0.046913 0.081088
0 0.442886 0.504880 0.050374 0.081026
0 0.099693 0.123448 0.051079 0.084115
0 0.780864 0.645789 0.045315 0.071025
0 0.201559 0.577541 0.052932 0.079184
0 0.076345 0.667438 0.056662 0.081915
0 0.938758 0.874216 0.051359 0.077137
0 0.065871 0.753672 0.054461 0.083955
0 0.081091 0.934064 0.056818 0.089500
0 0.249115 0.832970 0.049743 0.070504
0 0.126502 0.213241 0.048433 0.077547
0 0.222900 0.118076 0.065877 0.083017
0 0.407488 0.055569 0.048728 0.076016
0 0.233763 0.661783 0.049555 0.086865
0 0.209094 0.503279 0.054914 0.082627
0 0.460671 0.081552 0.049681 0.077160
0 0.234688 0.753638 0.052371 0.082243
0 0.609717 0.152398 0.050148 0.077946
0 0.557952 0.215991 0.051839 0.081829
0 0.737546 0.552685 0.058436 0.092549
0 0.192482 0.421781 0.049942 0.081340
0 0.372438 0.136145 0.054037 0.087025
0 0.653292 0.701801 0.055124 0.082872
0 0.900408 0.186991 0.054462 0.087594
0 0.917192 0.408542 0.051765 0.082817
0 0.951180 0.472487 0.054875 0.081350
0 0.607704 0.275398 0.049460 0.080298
0 0.686433 0.528835 0.044756 0.093332
0 0.944326 0.638333 0.049156 0.078523
0 0.386806 0.437694 0.048585 0.079127
0 0.546855 0.479163 0.050889 0.073029
0 0.118770 0.510380 0.049889 0.077476
0 0.493398 0.141686 0.054574 0.080911
0 0.662484 0.435804 0.055744 0.087183
0 0.411454 0.671258 0.056942 0.081074
0 0.876982 0.714501 0.052274 0.081961
0 0.406381 0.757303 0.054163 0.080059
0 0.974850 0.569188 0.047995 0.086354
0 0.634841 0.542007 0.053660 0.089575
0 0.948583 0.055285 0.054214 0.083072
0 0.536585 0.730687 0.052718 0.076849
0 0.933565 0.293252 0.046928 0.075163
0 0.738803 0.899532 0.054625 0.077872
0 0.585533 0.079073 0.056855 0.081464
0 0.360855 0.802390 0.056174 0.082633
0 0.253964 0.367852 0.052869 0.080233
0 0.949547 0.141043 0.055453 0.081402
0 0.748417 0.708924 0.051726 0.077574
0 0.850293 0.227885 0.054833 0.086191
0 0.856986 0.512324 0.052512 0.082978
0 0.966297 0.379355 0.050439 0.084672
0 0.139961 0.299949 0.051244 0.081223
0 0.745874 0.797568 0.055663 0.084284
0 0.226093 0.911872 0.055486 0.089625
0 0.921681 0.555006 0.059069 0.096492
0 0.838801 0.367367 0.053625 0.073889
0 0.979475 0.271776 0.038917 0.082224
0 0.408053 0.307309 0.051458 0.082798
0 0.779752 0.157819 0.051346 0.080972
0 0.230644 0.220631 0.051713 0.082527
0 0.494913 0.951225 0.052789 0.074037
0 0.853393 0.820889 0.058221 0.089430
0 0.379376 0.235110 0.059702 0.101084
0 0.679492 0.264792 0.049136 0.080539
0 0.775633 0.312915 0.058073 0.085194
0 0.670713 0.167112 0.050113 0.080037
0 0.652656 0.342570 0.060975 0.085877
0 0.924126 0.777152 0.055285 0.079277
1 0.182663 0.213094 0.041475 0.069224
1 0.588407 0.374062 0.045295 0.040867