0 0.997680 0.076457 0.004277 0.055388
0 0.996089 0.814020 0.007194 0.059748
0 0.009477 0.270603 0.018899 0.078615
0 0.006133 0.924448 0.012265 0.068476
0 0.008423 0.630810 0.016837 0.085762
0 0.815361 0.866198 0.057135 0.086725
0 0.696007 0.695562 0.050235 0.080960
0 0.779130 0.965603 0.053013 0.066606
0 0.508887 0.980467 0.051952 0.037390
0 0.013682 0.988089 0.027325 0.021640
0 0.193220 0.991951 0.049404 0.015509
0 0.684895 0.249475 0.048414 0.071497
0 0.136475 0.316494 0.055903 0.086143
0 0.730398 0.446045 0.055616 0.084926
0 0.772803 0.808067 0.047692 0.071554
0 0.403153 0.388045 0.059598 0.084343
0 0.859293 0.396130 0.048010 0.080918
0 0.653864 0.984924 0.048204 0.027794
0 0.138356 0.984738 0.049236 0.029187
0 0.601130 0.013968 0.048367 0.027930
0 0.136197 0.017977 0.044764 0.035891
0 0.333317 0.025573 0.049190 0.051054
0 0.421116 0.245805 0.051170 0.081335
0 0.767844 0.015258 0.057176 0.030515
0 0.098824 0.086025 0.052191 0.088233
0 0.022290 0.402300 0.044580 0.079962
0 0.960000 0.969831 0.056622 0.057847
0 0.982278 0.903781 0.034249 0.075143
0 0.045141 0.033264 0.048793 0.066529
0 0.768301 0.895572 0.060587 0.071144
0 0.252994 0.414475 0.048103 0.070846
0 0.047907 0.113859 0.051324 0.083011
0 0.115119 0.173235 0.050082 0.078373
0 0.184865 0.943669 0.046315 0.073507
0 0.204479 0.665402 0.050708 0.067968
0 0.121507 0.918061 0.059217 0.096180
0 0.978921 0.156241 0.041145 0.080317
0 0.117906 0.611402 0.052064 0.080912
0 0.377723 0.583187 0.047579 0.073817
0 0.358635 0.780156 0.046687 0.075712
0 0.913450 0.483651 0.045093 0.072742
0 0.073985 0.554302 0.045799 0.084622
0 0.853471 0.029593 0.049381 0.059187
0 0.236962 0.604414 0.046785 0.078993
0 0.040020 0.648339 0.046254 0.094471
0 0.148755 0.234913 0.046815 0.072486
0 0.557995 0.594820 0.048255 0.079976
0 0.310294 0.757938 0.045138 0.073371
0 0.182136 0.535829 0.053828 0.078377
0 0.248174 0.307372 0.053066 0.082770
0 0.226369 0.483894 0.051112 0.074754
0 0.818175 0.634473 0.050272 0.079705
0 0.047122 0.763453 0.050082 0.085812
0 0.399140 0.475810 0.054236 0.081817
0 0.286635 0.665669 0.056775 0.091576
0 0.726766 0.769437 0.053081 0.073643
0 0.572582 0.481880 0.046725 0.072613
0 0.232441 0.923196 0.049562 0.081604
0 0.930500 0.913214 0.052151 0.080710
0 0.023593 0.850892 0.047185 0.089866
0 0.917299 0.031242 0.052116 0.062485
0 0.863968 0.934595 0.052996 0.088500
0 0.045385 0.319924 0.046597 0.079581
0 0.671504 0.037824 0.052550 0.075649
0 0.542769 0.815914 0.049549 0.086775
0 0.510416 0.547904 0.050992 0.077060
0 0.037881 0.227233 0.051508 0.081570
0 0.113388 0.446730 0.047656 0.076693
0 0.645756 0.189742 0.050165 0.082600
0 0.593420 0.115201 0.044759 0.070018
0 0.533254 0.429016 0.057313 0.087138
0 0.972109 0.237017 0.050763 0.080456
0 0.222637 0.839664 0.050722 0.078382
0 0.867276 0.831564 0.052364 0.082652
0 0.490079 0.151024 0.048591 0.077203
0 0.486966 0.894273 0.056359 0.080092
0 0.958460 0.840629 0.048657 0.073251
0 0.676514 0.119241 0.050642 0.075603
0 0.531403 0.664966 0.054515 0.084937
0 0.505879 0.065528 0.054106 0.081160
0 0.366495 0.665734 0.054621 0.080686
0 0.655538 0.834361 0.051009 0.082115
0 0.472792 0.655254 0.053710 0.090077
0 0.403079 0.821518 0.055027 0.088447
0 0.203609 0.748800 0.060830 0.086210
0 0.203336 0.372206 0.053623 0.081701
0 0.811899 0.208001 0.048927 0.084826
0 0.108116 0.778671 0.054161 0.085989
0 0.651566 0.343629 0.052632 0.081031
0 0.380668 0.308063 0.055330 0.085152
0 0.868550 0.672426 0.059082 0.086385
0 0.600243 0.548586 0.054318 0.080630
0 0.290412 0.360059 0.053397 0.081137
0 0.591260 0.345295 0.053109 0.081858
0 0.913178 0.782616 0.051280 0.086542
0 0.924759 0.262022 0.051777 0.079734
0 0.939894 0.566255 0.052514 0.086272
0 0.830620 0.467050 0.064006 0.077121
0 0.564549 0.944897 0.052270 0.083487
0 0.523414 0.346664 0.052167 0.076690
0 0.604180 0.249763 0.046445 0.075263
0 0.828840 0.120477 0.059809 0.090566
0 0.707092 0.367627 0.052955 0.084107
0 0.272938 0.097430 0.053919 0.078487
0 0.851115 0.285705 0.055872 0.074468
0 0.368623 0.204229 0.049870 0.087587
0 0.625003 0.469938 0.051422 0.080524
0 0.761158 0.689596 0.053037 0.080740
0 0.609063 0.728817 0.046275 0.083462
0 0.915761 0.401319 0.052843 0.079425
0 0.291402 0.185297 0.058048 0.075392
0 0.832872 0.550583 0.055538 0.079931
0 0.967280 0.488128 0.055099 0.080889
2 0.239418 0.250209 0.022920 0.031693
2 0.830981 0.718515 0.026195 0.037531
2 0.951039 0.337781 0.020737 0.025021
2 0.957315 0.359883 0.016917 0.024187
2 0.963864 0.379483 0.021283 0.028357
1 0.496999 0.728107 0.054572 0.075063
1 0.747485 0.959550 0.041475 0.067556
1 0.944491 0.122185 0.062212 0.082569
1 0.794417 0.765221 0.058938 0.069224