0 0.993879 0.986809 0.010500 0.023623
0 0.006764 0.990201 0.013508 0.017132
0 0.994684 0.308968 0.008960 0.058714
0 0.010335 0.522984 0.020612 0.080517
0 0.632024 0.215832 0.047256 0.081413
0 0.480684 0.993292 0.029980 0.011124
0 0.368442 0.992801 0.031149 0.012043
0 0.033240 0.991429 0.027714 0.014644
0 0.796928 0.992566 0.037507 0.012180
0 0.846735 0.003182 0.034117 0.006364
0 0.007725 0.022886 0.015450 0.045771
0 0.007584 0.125379 0.015164 0.069416
0 0.988720 0.211106 0.020704 0.075736
0 0.234723 0.986393 0.043262 0.024270
0 0.791732 0.007853 0.041426 0.015706
0 0.337832 0.353908 0.057120 0.060418
0 0.442903 0.970454 0.054664 0.056095
0 0.503041 0.645845 0.047186 0.076305
0 0.412632 0.633368 0.046102 0.073122
0 0.279494 0.483559 0.050222 0.072433
0 0.288225 0.979003 0.049848 0.038801
0 0.870967 0.986354 0.040740 0.024143
0 0.555710 0.985971 0.042403 0.024944
0 0.614384 0.903194 0.054347 0.070551
0 0.312215 0.779930 0.048038 0.074760
0 0.925114 0.986419 0.044470 0.024060
0 0.331552 0.300195 0.049844 0.075130
0 0.646431 0.952831 0.051499 0.073890
0 0.176316 0.464490 0.046303 0.083221
0 0.400125 0.873692 0.045615 0.070165
0 0.401998 0.947794 0.045883 0.071948
0 0.250830 0.664451 0.049543 0.077996
0 0.445379 0.543680 0.039445 0.068422
0 0.606672 0.976336 0.049838 0.043920
0 0.476099 0.885824 0.047575 0.077925
0 0.171598 0.659133 0.047975 0.071671
0 0.355073 0.871993 0.047367 0.082032
0 0.022728 0.835603 0.045456 0.080854
0 0.545207 0.685436 0.049122 0.078027
0 0.495025 0.732339 0.050949 0.073622
0 0.593700 0.012783 0.042060 0.025548
0 0.336620 0.952071 0.053896 0.089725
0 0.710258 0.978812 0.054873 0.038977
0 0.081071 0.601243 0.049291 0.072618
0 0.268173 0.558892 0.053323 0.078180
0 0.137625 0.975703 0.052155 0.045727
0 0.147651 0.762251 0.050246 0.080390
0 0.219961 0.750886 0.044791 0.074571
0 0.664354 0.020727 0.050104 0.041455
0 0.216513 0.422320 0.050323 0.076820
0 0.454626 0.356027 0.047484 0.070277
0 0.057962 0.693895 0.044606 0.076139
0 0.985568 0.825890 0.026819 0.072612
0 0.046734 0.525930 0.043074 0.069197
0 0.315332 0.430095 0.055826 0.076277
0 0.091700 0.759971 0.048056 0.078189
0 0.169738 0.292310 0.046702 0.075338
0 0.719360 0.019938 0.049177 0.039876
0 0.466171 0.450145 0.045685 0.067952
0 0.016761 0.717536 0.033502 0.079778
0 0.154061 0.908593 0.047045 0.083352
0 0.396164 0.325024 0.044098 0.065347
0 0.507421 0.824727 0.052758 0.082086
0 0.158367 0.584181 0.051981 0.079149
0 0.960834 0.018182 0.048947 0.036364
0 0.289635 0.851874 0.050614 0.080678
0 0.590948 0.589453 0.045820 0.070400
0 0.565306 0.832268 0.045741 0.077989
0 0.107816 0.534633 0.053426 0.079798
0 0.172073 0.830254 0.055289 0.078645
0 0.782476 0.619603 0.053537 0.080359
0 0.816701 0.871092 0.047817 0.076111
0 0.118896 0.446013 0.048451 0.080221
0 0.504721 0.239842 0.038972 0.066641
0 0.587104 0.442678 0.049797 0.071709
0 0.411605 0.218498 0.040173 0.064373
0 0.683499 0.665455 0.044475 0.069171
0 0.431798 0.281966 0.046339 0.073475
0 0.012972 0.309753 0.025909 0.082758
0 0.983890 0.693378 0.030292 0.090451
0 0.404582 0.092528 0.043643 0.067171
0 0.145312 0.365961 0.051356 0.071562
0 0.289222 0.252136 0.049347 0.076205
0 0.501828 0.511812 0.051056 0.084994
0 0.596354 0.280624 0.049054 0.074122
0 0.620942 0.825804 0.056764 0.077362
0 0.613388 0.062888 0.043306 0.066828
0 0.269444 0.030813 0.051051 0.061568
0 0.780254 0.822076 0.048543 0.073538
0 0.614787 0.369316 0.045725 0.071907
0 0.301393 0.181338 0.047283 0.071979
0 0.358197 0.093455 0.043344 0.068398
0 0.106045 0.899569 0.053720 0.098983
0 0.347188 0.220799 0.046910 0.075805
0 0.984859 0.102216 0.028447 0.077805
0 0.820808 0.316006 0.044306 0.068342
0 0.401380 0.026668 0.050487 0.053234
0 0.752322 0.472928 0.044547 0.074678
0 0.249248 0.093780 0.048933 0.079012
0 0.486754 0.296396 0.046394 0.069660
0 0.849486 0.563438 0.052157 0.075011
0 0.868603 0.893518 0.051985 0.079022
0 0.201925 0.107296 0.046245 0.077843
0 0.947447 0.797903 0.047737 0.075367
0 0.627250 0.536022 0.047836 0.072371
0 0.785122 0.744911 0.050218 0.076134
0 0.712807 0.308327 0.049600 0.076395
0 0.984494 0.560000 0.028863 0.073615
0 0.087779 0.291304 0.048315 0.075721
0 0.901131 0.524789 0.051640 0.084679
0 0.770017 0.042515 0.049515 0.071548
0 0.598522 0.157741 0.052208 0.072714
0 0.908775 0.938678 0.045979 0.078620
0 0.883118 0.089135 0.047132 0.069143
0 0.132556 0.251795 0.056352 0.086889
0 0.657547 0.293578 0.049483 0.076758
0 0.084408 0.207567 0.053087 0.080637
0 0.050480 0.117202 0.052948 0.088283
0 0.856931 0.408717 0.049969 0.077142
0 0.968784 0.953616 0.048868 0.079039
0 0.744403 0.383456 0.048826 0.078409
0 0.065683 0.037342 0.051462 0.074684
0 0.820666 0.074758 0.049412 0.077938
0 0.841526 0.742649 0.049632 0.075814
0 0.686238 0.876324 0.049923 0.082185
0 0.914370 0.715723 0.050225 0.080471
0 0.723746 0.597370 0.046746 0.078674
0 0.641359 0.711521 0.050965 0.079686
0 0.463802 0.046622 0.045494 0.068709
0 0.699082 0.794758 0.049114 0.079102
0 0.684198 0.197765 0.051979 0.078949
0 0.941546 0.638559 0.041323 0.080965
0 0.552502 0.036306 0.048002 0.068636
0 0.893332 0.616094 0.053054 0.086361
0 0.533740 0.120705 0.052185 0.079923
0 0.757952 0.266819 0.056200 0.082221
0 0.705181 0.512445 0.050634 0.080576
0 0.872453 0.332366 0.048852 0.077317
0 0.812074 0.461801 0.050973 0.078917
0 0.875968 0.170688 0.047880 0.081164
0 0.822868 0.239161 0.054172 0.077232
0 0.641129 0.460130 0.048696 0.075240
0 0.041663 0.433876 0.050727 0.086828
0 0.952256 0.223637 0.050588 0.080299
0 0.193972 0.212259 0.052822 0.080105
0 0.869521 0.810030 0.050217 0.077327
0 0.466631 0.139026 0.050139 0.083265
0 0.917036 0.448454 0.050440 0.074518
1 0.410502 0.507089 0.057301 0.060050
1 0.351836 0.683486 0.050206 0.052544
1 0.306269 0.683486 0.049661 0.069224
1 0.273252 0.727690 0.063304 0.062552
1 0.604506 0.754379 0.055664 0.080901
1 0.746939 0.690158 0.055664 0.082569
1 0.948038 0.070892 0.038746 0.050042
1 0.097530 0.668891 0.048024 0.068390
3 0.388673 0.420767 0.082404 0.140951
4 0.354292 0.563803 0.115147 0.181818
4 0.400133 0.750209 0.145708 0.180984
2 0.293990 0.605088 0.020737 0.032527
2 0.521010 0.381568 0.020737 0.032527
2 0.652802 0.374479 0.024558 0.036697
2 0.581585 0.392827 0.019646 0.026689
2 0.482264 0.616347 0.018555 0.023353
2 0.710376 0.427857 0.019646 0.028357
2 0.898650 0.379066 0.019646 0.029191
2 0.780501 0.502085 0.016917 0.028357
2 0.688001 0.268140 0.018555 0.024187
2 0.581858 0.113845 0.021283 0.027523
2 0.233688 0.605922 0.010369 0.022519
2 0.005653 0.075897 0.011306 0.026689