0 0.017836 0.984704 0.035672 0.027972
0 0.581939 0.987389 0.048867 0.022314
0 0.971417 0.992692 0.040198 0.012413
0 0.967292 0.007980 0.048543 0.015960
0 0.240015 0.713178 0.054291 0.084301
0 0.429768 0.772084 0.052352 0.088265
0 0.257445 0.878169 0.054107 0.085113
0 0.848226 0.014102 0.042303 0.028204
0 0.894251 0.981510 0.050582 0.034564
0 0.327680 0.014425 0.047002 0.028807
0 0.689826 0.978623 0.047143 0.039774
0 0.440167 0.014036 0.056905 0.028071
0 0.748247 0.012994 0.046324 0.025965
0 0.746530 0.973970 0.052380 0.049142
0 0.022017 0.488745 0.044035 0.074112
0 0.287398 0.623376 0.047571 0.078453
0 0.894878 0.031497 0.049872 0.062994
0 0.724850 0.094179 0.044470 0.070459
0 0.237931 0.589943 0.048207 0.069484
0 0.494057 0.894287 0.053879 0.075074
0 0.982351 0.058471 0.033654 0.080590
0 0.799766 0.023331 0.044258 0.046663
0 0.375923 0.775700 0.044624 0.066498
0 0.050354 0.653834 0.054633 0.076444
0 0.868595 0.233867 0.053645 0.073928
0 0.751094 0.772178 0.049321 0.075301
0 0.350706 0.842482 0.049966 0.070380
0 0.677358 0.059137 0.046529 0.073735
0 0.706749 0.591345 0.047281 0.068921
0 0.481638 0.535582 0.049511 0.076117
0 0.167159 0.653294 0.050056 0.074165
0 0.222716 0.972900 0.048537 0.051285
0 0.335834 0.656282 0.045093 0.073921
0 0.528505 0.274961 0.052761 0.076830
0 0.108387 0.605281 0.050345 0.077233
0 0.572500 0.732580 0.052145 0.073573
0 0.716575 0.872694 0.048765 0.069157
0 0.029625 0.314749 0.048778 0.078482
0 0.751188 0.543978 0.054458 0.084508
0 0.207519 0.089275 0.047462 0.084943
0 0.645984 0.933335 0.051516 0.086543
0 0.873551 0.100989 0.048198 0.079663
0 0.979387 0.392190 0.039316 0.080252
0 0.188506 0.398756 0.045230 0.068625
0 0.798398 0.722730 0.054179 0.076799
0 0.865138 0.843320 0.053347 0.079088
0 0.643498 0.808780 0.038323 0.077691
0 0.357781 0.213526 0.044945 0.072064
0 0.028436 0.726858 0.048087 0.075069
0 0.305631 0.345304 0.050283 0.084428
0 0.581103 0.037455 0.053615 0.074911
0 0.397605 0.045274 0.050581 0.068669
0 0.281700 0.077022 0.047047 0.072517
0 0.696579 0.720484 0.049957 0.078407
0 0.363523 0.413562 0.046324 0.074362
0 0.516861 0.472974 0.050489 0.070890
0 0.189010 0.869649 0.053837 0.081643
0 0.491997 0.630654 0.055833 0.083007
0 0.239621 0.479537 0.059083 0.082748
0 0.939105 0.928052 0.047456 0.075290
0 0.101383 0.068556 0.051494 0.081939
0 0.068968 0.148291 0.049302 0.076641
0 0.342354 0.943144 0.056261 0.088641
0 0.945567 0.833275 0.053610 0.078497
0 0.395462 0.283159 0.052783 0.080616
0 0.472451 0.293109 0.047240 0.074736
0 0.818393 0.385274 0.052387 0.082059
0 0.392214 0.618092 0.048859 0.071187
0 0.925679 0.654372 0.053379 0.075589
0 0.237885 0.159999 0.051694 0.080380
0 0.509040 0.390318 0.047521 0.074032
0 0.786588 0.276137 0.046987 0.071919
0 0.419817 0.490332 0.054116 0.070697
0 0.290915 0.526037 0.050908 0.079539
0 0.695672 0.254413 0.048253 0.072795
0 0.526798 0.827868 0.053347 0.068764
0 0.572875 0.649649 0.054921 0.074934
0 0.937561 0.743247 0.051700 0.080763
0 0.926442 0.218902 0.048882 0.086297
0 0.976373 0.158970 0.043947 0.066399
0 0.346427 0.106392 0.051967 0.077376
0 0.557014 0.351704 0.050067 0.072964
0 0.615383 0.127303 0.048090 0.073383
0 0.848578 0.501722 0.053230 0.078870
0 0.824400 0.648504 0.053169 0.085543
0 0.934707 0.491692 0.050881 0.081301
0 0.929014 0.382783 0.051191 0.084854
2 0.089071 0.190575 0.016917 0.025855
2 0.312817 0.156797 0.026740 0.036697
2 0.013020 0.366555 0.026040 0.040867
1 0.151283 0.059216 0.042021 0.076731
1 0.372028 0.540450 0.062212 0.061718
1 0.287714 0.812344 0.049661 0.080067
1 0.725929 0.657214 0.067124 0.073394