0 0.286344 0.003149 0.048481 0.006299
0 0.003487 0.538009 0.006973 0.057354
0 0.993936 0.200701 0.011490 0.028699
0 0.004350 0.238969 0.008700 0.059835
0 0.089060 0.854865 0.046543 0.079754
0 0.417144 0.352835 0.052627 0.075737
0 0.260373 0.945904 0.046535 0.080123
0 0.991066 0.842268 0.016723 0.079499
0 0.646821 0.005242 0.032287 0.010484
0 0.338404 0.714073 0.048292 0.079160
0 0.540954 0.938611 0.052823 0.092147
0 0.017841 0.980634 0.035682 0.036596
0 0.793363 0.985940 0.046933 0.025209
0 0.462306 0.656097 0.047059 0.073365
0 0.190173 0.664440 0.042012 0.068001
0 0.090095 0.984743 0.063382 0.028519
0 0.044110 0.903327 0.042348 0.071869
0 0.013549 0.860706 0.027098 0.087706
0 0.983915 0.262182 0.030584 0.080484
0 0.135397 0.655595 0.049415 0.091282
0 0.456362 0.728396 0.054304 0.083288
0 0.022137 0.753611 0.044273 0.084358
0 0.401102 0.019022 0.053792 0.038044
0 0.672846 0.443368 0.045645 0.069488
0 0.210773 0.013754 0.045670 0.027495
0 0.478040 0.592900 0.050574 0.076843
0 0.587907 0.207766 0.045232 0.075964
0 0.023428 0.487417 0.044020 0.067051
0 0.984057 0.400456 0.030253 0.084186
0 0.554160 0.746675 0.048949 0.085707
0 0.684927 0.795619 0.051282 0.083585
0 0.849285 0.737009 0.045742 0.073245
0 0.822868 0.610530 0.053257 0.090833
0 0.033856 0.573333 0.054094 0.081663
0 0.867123 0.655734 0.050597 0.080543
0 0.386219 0.701073 0.037338 0.072485
0 0.091333 0.582588 0.047184 0.077713
0 0.640537 0.134058 0.043723 0.082697
0 0.027652 0.193089 0.045542 0.073455
0 0.725502 0.425153 0.048763 0.083366
0 0.108898 0.492017 0.047896 0.071316
0 0.711598 0.698450 0.044444 0.067167
0 0.370280 0.080189 0.049026 0.077558
0 0.171520 0.576712 0.051701 0.079515
0 0.459323 0.974885 0.049234 0.047511
0 0.198209 0.778146 0.052409 0.085981
0 0.519468 0.543446 0.052399 0.077569
0 0.413529 0.933750 0.047623 0.084449
0 0.228614 0.311147 0.051774 0.076018
0 0.078779 0.677589 0.055226 0.079204
0 0.484870 0.216754 0.053589 0.080683
0 0.495408 0.316975 0.053944 0.076286
0 0.625726 0.967023 0.055927 0.063075
0 0.834964 0.446465 0.052407 0.084221
0 0.631758 0.554597 0.053712 0.081943
0 0.865213 0.029701 0.048023 0.059403
0 0.136245 0.186479 0.045162 0.070611
0 0.162004 0.424459 0.055348 0.078234
0 0.362575 0.873413 0.048516 0.096638
0 0.623554 0.399605 0.047102 0.072559
0 0.128588 0.102522 0.046429 0.073591
0 0.578945 0.524569 0.046471 0.076711
0 0.285146 0.040739 0.048517 0.079105
0 0.294085 0.254692 0.046986 0.073606
0 0.684485 0.071051 0.056209 0.079779
0 0.440385 0.152194 0.045971 0.072163
0 0.464525 0.505145 0.043862 0.075897
0 0.898458 0.383400 0.047456 0.074947
0 0.035978 0.300302 0.048762 0.073202
0 0.819244 0.184053 0.046047 0.071498
0 0.842059 0.851206 0.050266 0.076590
0 0.332542 0.618113 0.048526 0.079899
0 0.771957 0.847241 0.047775 0.086269
0 0.542340 0.117638 0.050155 0.077867
0 0.838622 0.938455 0.053265 0.083263
0 0.733032 0.608628 0.053165 0.090784
0 0.166941 0.922936 0.047506 0.079393
0 0.444363 0.817717 0.053761 0.078719
0 0.295725 0.862345 0.047671 0.081038
0 0.331200 0.375233 0.044771 0.077391
0 0.110821 0.322442 0.053291 0.089146
0 0.810735 0.344849 0.052027 0.090728
0 0.198565 0.217198 0.050295 0.077389
0 0.590348 0.661538 0.052855 0.087049
0 0.190480 0.086917 0.050185 0.077515
0 0.257843 0.519078 0.048318 0.077239
0 0.354925 0.480840 0.050360 0.075455
0 0.241285 0.689719 0.047877 0.085925
1 0.071881 0.170976 0.043658 0.063386
1 0.736571 0.942035 0.050206 0.074229
1 0.781866 0.417848 0.048024 0.073394
1 0.069152 0.818182 0.050206 0.078399
2 0.065059 0.725188 0.018009 0.027523
2 0.315273 0.755213 0.025103 0.037531
1 0.596593 0.844037 0.045295 0.065054
2 0.641069 0.853211 0.041475 0.056714