0 0.002484 0.660621 0.004969 0.052145
0 0.995898 0.618661 0.007168 0.057024
0 0.275527 0.002057 0.043503 0.004114
0 0.016127 0.991313 0.032129 0.015155
0 0.286384 0.224576 0.050156 0.072520
0 0.171463 0.867150 0.045599 0.065525
0 0.858404 0.931077 0.070022 0.112467
0 0.046475 0.106616 0.079754 0.096440
0 0.223057 0.009402 0.041198 0.018789
0 0.328788 0.208783 0.051636 0.074594
0 0.111452 0.900480 0.055809 0.080271
0 0.014308 0.203126 0.028577 0.086172
0 0.323099 0.446493 0.051143 0.069374
0 0.040181 0.263325 0.051777 0.072805
0 0.281981 0.372295 0.069188 0.104380
0 0.089075 0.223932 0.061074 0.096021
0 0.984088 0.015286 0.030188 0.030476
0 0.416213 0.613574 0.051235 0.076809
0 0.078366 0.032171 0.057046 0.064342
0 0.226673 0.655029 0.053165 0.077695
0 0.323908 0.792136 0.048797 0.077017
0 0.355457 0.861363 0.046647 0.074737
0 0.087074 0.354578 0.048748 0.069879
0 0.238467 0.426506 0.050722 0.069891
0 0.149395 0.681485 0.048641 0.076264
0 0.366530 0.489675 0.050946 0.083377
0 0.189119 0.185064 0.049494 0.076793
0 0.281071 0.745781 0.044911 0.072701
0 0.243682 0.499452 0.051618 0.065524
0 0.169703 0.424997 0.049092 0.065825
0 0.987197 0.240471 0.023715 0.073990
0 0.471124 0.659314 0.052490 0.069303
0 0.131050 0.604686 0.046978 0.072206
0 0.461608 0.585232 0.043739 0.065049
0 0.838773 0.726988 0.041315 0.069135
0 0.173500 0.111116 0.042740 0.062323
0 0.478849 0.742294 0.061415 0.071365
0 0.712548 0.017549 0.051424 0.035060
0 0.224017 0.243020 0.053561 0.074147
0 0.376420 0.671036 0.054144 0.074294
0 0.517644 0.973413 0.050541 0.050255
0 0.451177 0.848561 0.051906 0.079094
0 0.322798 0.932782 0.049702 0.080663
0 0.207071 0.785820 0.048116 0.070413
0 0.420729 0.440417 0.052797 0.075075
0 0.445626 0.959581 0.052096 0.077494
0 0.619516 0.633939 0.048895 0.076327
0 0.498794 0.206401 0.053005 0.081211
0 0.101248 0.457225 0.051916 0.077855
0 0.824356 0.435264 0.050013 0.076457
0 0.828157 0.838380 0.054059 0.081508
0 0.413259 0.747033 0.050640 0.075469
0 0.449668 0.504074 0.048615 0.079501
0 0.449516 0.366522 0.044706 0.074583
0 0.035074 0.430698 0.053137 0.075421
0 0.579551 0.961547 0.048403 0.071127
0 0.739359 0.664141 0.047736 0.079478
0 0.714799 0.561960 0.051181 0.076547
0 0.559563 0.022321 0.048783 0.044642
0 0.755751 0.974086 0.053725 0.048907
0 0.359671 0.329938 0.048397 0.068192
0 0.962026 0.742810 0.057344 0.063607
0 0.950175 0.954799 0.053927 0.083000
0 0.786155 0.490576 0.048056 0.071468
0 0.881764 0.023296 0.053349 0.046592
0 0.698747 0.718200 0.049379 0.074119
0 0.588763 0.702575 0.048245 0.071125
0 0.680974 0.497518 0.058436 0.070732
0 0.876035 0.465510 0.044097 0.072053
0 0.554063 0.444197 0.046404 0.077203
0 0.627282 0.911250 0.054480 0.085514
0 0.779464 0.203011 0.050627 0.077376
0 0.908260 0.336301 0.049281 0.071985
0 0.981074 0.158777 0.035936 0.074047
0 0.534332 0.558786 0.047791 0.076546
0 0.615530 0.067601 0.054571 0.072412
0 0.442401 0.040417 0.056382 0.080834
0 0.941863 0.667343 0.047851 0.070648
0 0.695681 0.205425 0.047883 0.069730
0 0.889965 0.253539 0.051068 0.073553
0 0.924843 0.827932 0.051182 0.079669
0 0.536793 0.254928 0.045278 0.072570
0 0.653791 0.262406 0.056347 0.081196
0 0.701796 0.089601 0.051183 0.072338
0 0.903944 0.077723 0.051235 0.068297
0 0.459442 0.132009 0.061194 0.092005
0 0.467483 0.280782 0.050313 0.071443
0 0.400076 0.185687 0.047352 0.070492
0 0.756012 0.108208 0.048660 0.069877
0 0.724872 0.333420 0.048228 0.082270
0 0.720633 0.440198 0.052008 0.080311
0 0.808277 0.342748 0.065064 0.093988
0 0.601864 0.550395 0.053538 0.077972
0 0.834198 0.161653 0.051647 0.080326
0 0.561040 0.126230 0.052698 0.079210
0 0.944508 0.412714 0.051165 0.079530
0 0.563780 0.351979 0.050437 0.080587
0 0.931067 0.581013 0.056106 0.083706
2 0.393038 0.545038 0.034381 0.057548
2 0.134639 0.954128 0.030560 0.046706
2 0.900833 0.960384 0.021829 0.030859
1 0.128909 0.848624 0.050752 0.084237
1 0.624152 0.132611 0.057847 0.065054
1 0.795509 0.679316 0.058938 0.077565
1 0.921025 0.180150 0.062212 0.073394
3 0.277072 0.585488 0.093864 0.151793
3 0.142552 0.293578 0.099867 0.140117
1 0.318547 0.294829 0.046932 0.075897