0 0.011620 0.463526 0.023156 0.073001
0 0.009050 0.807471 0.018072 0.077080
0 0.461591 0.996088 0.047522 0.007192
0 0.007992 0.248454 0.015977 0.074666
0 0.007127 0.692287 0.014219 0.089799
0 0.152978 0.846420 0.052297 0.087402
0 0.620242 0.054207 0.051556 0.075989
0 0.991399 0.642430 0.016429 0.073515
0 0.315807 0.012131 0.046894 0.024147
0 0.013878 0.893158 0.027756 0.076297
0 0.023426 0.015219 0.045877 0.030395
0 0.130006 0.040353 0.047562 0.080404
0 0.574940 0.753305 0.046932 0.075765
0 0.140527 0.518893 0.056612 0.088910
0 0.037780 0.972915 0.057115 0.052295
0 0.824276 0.313215 0.050071 0.067352
0 0.059549 0.644409 0.053054 0.075971
0 0.842331 0.017110 0.050504 0.034175
0 0.609773 0.918336 0.051473 0.076460
0 0.409588 0.975997 0.050038 0.045401
0 0.051266 0.465914 0.049236 0.079228
0 0.181464 0.265302 0.052429 0.078883
0 0.026514 0.098221 0.049501 0.078317
0 0.509402 0.623163 0.055111 0.070710
0 0.530783 0.696746 0.058179 0.089918
0 0.858873 0.462783 0.053747 0.070794
0 0.050570 0.376096 0.052042 0.080906
0 0.730589 0.456067 0.050872 0.077171
0 0.264486 0.969970 0.052404 0.057915
0 0.185780 0.610752 0.046780 0.073425
0 0.071611 0.045003 0.046989 0.068752
0 0.172365 0.080564 0.046643 0.076068
0 0.590480 0.970473 0.049032 0.056217
0 0.688740 0.795845 0.049719 0.079127
0 0.863489 0.167903 0.047232 0.072184
0 0.869882 0.081213 0.049243 0.071547
0 0.923498 0.416700 0.055055 0.080808
0 0.810787 0.223513 0.048818 0.082130
0 0.658221 0.617177 0.046083 0.074212
0 0.445530 0.178658 0.044212 0.070447
0 0.181028 0.737619 0.047723 0.076302
0 0.130203 0.150204 0.051117 0.075624
0 0.782010 0.895843 0.068717 0.110812
0 0.865862 0.381819 0.054948 0.073336
0 0.657263 0.123151 0.049138 0.075800
0 0.289583 0.101865 0.045427 0.070570
0 0.266595 0.862592 0.050303 0.080215
0 0.667181 0.499236 0.048286 0.075451
0 0.745390 0.799188 0.049086 0.078851
0 0.229507 0.082111 0.051023 0.077292
0 0.217853 0.553533 0.047378 0.089408
0 0.363669 0.032953 0.047931 0.065850
0 0.976325 0.173942 0.046561 0.077402
0 0.461183 0.589353 0.050488 0.073534
0 0.951127 0.325604 0.052889 0.076685
0 0.789869 0.391047 0.049308 0.072817
0 0.270523 0.557982 0.049514 0.084616
0 0.984192 0.467863 0.030480 0.075297
0 0.524834 0.863754 0.056386 0.089878
0 0.760800 0.188093 0.048446 0.074843
0 0.705506 0.361703 0.055121 0.080659
0 0.565887 0.313248 0.051791 0.081579
0 0.778971 0.623833 0.047746 0.079487
0 0.425250 0.068255 0.048104 0.074532
0 0.476259 0.350759 0.069430 0.106189
0 0.876364 0.959521 0.050748 0.077880
0 0.273495 0.241701 0.052856 0.086576
0 0.258387 0.375119 0.051682 0.085663
0 0.615936 0.186741 0.060287 0.086208
0 0.904941 0.777279 0.049894 0.075822
0 0.603689 0.584025 0.051105 0.076674
0 0.971245 0.718960 0.045338 0.075135
0 0.442377 0.669064 0.057977 0.081247
0 0.373075 0.630357 0.052551 0.079490
0 0.797591 0.751456 0.052049 0.085901
0 0.393313 0.180709 0.046047 0.078375
0 0.528282 0.530220 0.054246 0.075561
0 0.970913 0.955703 0.046551 0.073703
0 0.466624 0.831611 0.051783 0.080314
0 0.896665 0.867547 0.046640 0.073781
0 0.602408 0.381302 0.052514 0.082442
0 0.923280 0.137072 0.049993 0.081185
0 0.342918 0.344317 0.054356 0.082182
0 0.897008 0.646689 0.051332 0.083666
0 0.461738 0.490477 0.049572 0.083899
0 0.559974 0.089330 0.057532 0.083260
1 0.231778 0.208090 0.036018 0.054212
1 0.020583 0.557548 0.032743 0.060884
1 0.777773 0.121351 0.060575 0.062552
1 0.117449 0.455379 0.052935 0.093411
2 0.359204 0.429525 0.033289 0.043369
2 0.396040 0.452043 0.019646 0.026689
3 0.888009 0.272310 0.096593 0.155963