0 0.995766 0.974361 0.007640 0.048539
0 0.650180 0.002289 0.039004 0.004526
0 0.990206 0.010788 0.018464 0.021576
0 0.684820 0.669028 0.053114 0.086157
0 0.922940 0.008105 0.041709 0.016210
0 0.647561 0.255590 0.048982 0.076100
0 0.132678 0.891660 0.048692 0.066321
0 0.299534 0.417821 0.060187 0.093296
0 0.345430 0.892320 0.043693 0.071231
0 0.111020 0.857658 0.051226 0.079969
0 0.182284 0.912588 0.052673 0.078861
0 0.558972 0.479884 0.048427 0.077029
0 0.237900 0.731312 0.045181 0.075260
0 0.901433 0.980561 0.049021 0.036359
0 0.986930 0.686383 0.024533 0.076826
0 0.364744 0.840364 0.049660 0.070443
0 0.016633 0.690277 0.033212 0.079902
0 0.048048 0.285354 0.056052 0.086633
0 0.979472 0.067339 0.039679 0.071789
0 0.614647 0.540087 0.054380 0.079352
0 0.137848 0.967439 0.051117 0.062011
0 0.974906 0.922980 0.045202 0.065900
0 0.171999 0.258914 0.051364 0.085868
0 0.972201 0.324698 0.052918 0.082871
0 0.672412 0.773185 0.043280 0.069291
0 0.568893 0.735781 0.049113 0.082309
0 0.078454 0.924868 0.044742 0.072838
0 0.358569 0.027550 0.048788 0.055100
0 0.749898 0.607835 0.055679 0.084306
0 0.014246 0.599798 0.028492 0.079250
0 0.591026 0.616564 0.048108 0.076123
0 0.695264 0.025413 0.048028 0.050826
0 0.049539 0.853965 0.049931 0.075300
0 0.205248 0.971861 0.049238 0.053368
0 0.168513 0.813323 0.052384 0.077137
0 0.660325 0.488596 0.051677 0.081983
0 0.145119 0.692333 0.048687 0.085507
0 0.925151 0.285261 0.050755 0.077626
0 0.759618 0.377951 0.052219 0.083719
0 0.041491 0.484718 0.048791 0.075750
0 0.364968 0.438526 0.053769 0.086154
0 0.459136 0.362203 0.045902 0.076923
0 0.615245 0.859100 0.049627 0.070589
0 0.063990 0.731643 0.053311 0.076518
0 0.778361 0.505086 0.054048 0.076557
0 0.956418 0.133234 0.046054 0.067697
0 0.839036 0.620176 0.050614 0.075306
0 0.186034 0.589331 0.051450 0.073125
0 0.806082 0.969728 0.056904 0.057683
0 0.404685 0.787813 0.042505 0.087661
0 0.236133 0.146282 0.057880 0.092580
0 0.229546 0.650211 0.052118 0.075969
0 0.128587 0.607556 0.049196 0.073186
0 0.030157 0.946421 0.045042 0.069824
0 0.400904 0.360452 0.057545 0.092577
0 0.399833 0.897628 0.050758 0.080124
0 0.480736 0.073219 0.050231 0.090322
0 0.447700 0.276836 0.050021 0.078962
0 0.032241 0.039467 0.049872 0.078704
0 0.352989 0.766625 0.048420 0.071186
0 0.696893 0.097842 0.053408 0.075251
0 0.179477 0.168174 0.048555 0.077117
0 0.868861 0.914236 0.053352 0.086516
0 0.824508 0.832006 0.048238 0.075266
0 0.139100 0.332502 0.053802 0.082829
0 0.147553 0.060236 0.054153 0.079436
0 0.912976 0.871433 0.048403 0.081291
0 0.845353 0.536169 0.057322 0.074743
0 0.419576 0.706437 0.053258 0.080837
0 0.860802 0.453803 0.051218 0.082538
0 0.880387 0.738783 0.053242 0.078844
0 0.622523 0.769550 0.046093 0.085066
0 0.557972 0.923282 0.051816 0.078921
0 0.961665 0.842364 0.049739 0.078858
0 0.353869 0.171727 0.058898 0.087348
0 0.937955 0.205446 0.057618 0.068161
0 0.891669 0.137678 0.053551 0.082647
0 0.728846 0.289299 0.058508 0.085488
0 0.455859 0.960251 0.051650 0.075334
0 0.704976 0.920774 0.050085 0.079588
0 0.893877 0.641378 0.045681 0.086719
0 0.952841 0.505943 0.048723 0.077064
3 0.301630 0.712260 0.097139 0.145121
4 0.618695 0.379900 0.093864 0.120934
1 0.548569 0.381151 0.062758 0.113428
1 0.436150 0.114679 0.040929 0.089241
2 0.305996 0.540867 0.034926 0.044204
2 0.765494 0.444954 0.022920 0.035863