0 0.135648 0.961081 0.045510 0.069148
0 0.458081 0.002381 0.041170 0.004708
0 0.298668 0.292388 0.047537 0.085021
0 0.091833 0.915152 0.051875 0.077632
0 0.837215 0.020375 0.048587 0.040731
0 0.656715 0.926261 0.060777 0.083116
0 0.264370 0.278158 0.043869 0.075442
0 0.359160 0.864736 0.050249 0.073016
0 0.232788 0.379042 0.050387 0.085557
0 0.787227 0.990707 0.044754 0.016155
0 0.969779 0.988516 0.041746 0.020660
0 0.390488 0.916613 0.053745 0.086825
0 0.064019 0.978382 0.055617 0.040570
0 0.380312 0.747877 0.045113 0.074144
0 0.913106 0.986203 0.049406 0.025252
0 0.495605 0.451618 0.055249 0.087612
0 0.526546 0.513206 0.048589 0.084964
0 0.100966 0.013654 0.046075 0.027308
0 0.827963 0.345464 0.047588 0.078493
0 0.019842 0.611833 0.039683 0.080929
0 0.425371 0.477049 0.054525 0.085973
0 0.017324 0.820795 0.034636 0.081293
0 0.725489 0.970547 0.050634 0.056032
0 0.160785 0.716822 0.052563 0.079733
0 0.131709 0.089154 0.052662 0.080057
0 0.643895 0.446802 0.051729 0.065176
0 0.762213 0.114151 0.051934 0.080273
0 0.305809 0.431482 0.049583 0.079497
0 0.188435 0.426320 0.049075 0.076364
0 0.597355 0.397568 0.043188 0.083318
0 0.606782 0.875137 0.049739 0.076983
0 0.979442 0.610446 0.039973 0.077036
0 0.058934 0.804379 0.046147 0.081924
0 0.606513 0.515762 0.055772 0.069802
0 0.928942 0.478211 0.052018 0.081666
0 0.487237 0.844561 0.050001 0.082321
0 0.513535 0.303629 0.043760 0.071471
0 0.365758 0.396831 0.051679 0.078711
0 0.622583 0.792961 0.050227 0.065098
0 0.423738 0.799582 0.051093 0.080101
0 0.132791 0.867511 0.047178 0.073130
0 0.033890 0.043518 0.049010 0.073141
0 0.049471 0.131310 0.056706 0.084850
0 0.052447 0.697052 0.048953 0.073102
0 0.350791 0.307825 0.039154 0.068761
0 0.704314 0.852557 0.049131 0.079735
0 0.345696 0.652550 0.047465 0.075476
0 0.268361 0.958179 0.054462 0.080045
0 0.407101 0.675747 0.047915 0.076186
0 0.626146 0.696058 0.053832 0.073035
0 0.210555 0.946818 0.048826 0.080401
0 0.567644 0.324347 0.051691 0.086713
0 0.421978 0.387197 0.047089 0.075747
0 0.886094 0.854006 0.049882 0.074765
0 0.955539 0.924634 0.051263 0.075583
0 0.838440 0.655606 0.049612 0.079857
0 0.681501 0.770065 0.053255 0.087616
0 0.753080 0.901125 0.048793 0.080068
0 0.756534 0.745703 0.054066 0.075268
0 0.318096 0.773766 0.049438 0.076704
0 0.588077 0.967397 0.060862 0.062162
0 0.243726 0.175629 0.054455 0.086447
0 0.974374 0.812453 0.050453 0.078922
0 0.645113 0.203318 0.045591 0.079449
0 0.243388 0.873946 0.049645 0.078337
0 0.469378 0.729746 0.051352 0.082695
0 0.672316 0.296641 0.046904 0.077118
0 0.311449 0.549554 0.048524 0.078832
0 0.072706 0.328411 0.053663 0.077717
0 0.862609 0.449816 0.055903 0.082177
0 0.907898 0.398436 0.055276 0.081561
0 0.597914 0.622496 0.054476 0.085928
0 0.839977 0.563473 0.050625 0.081599
0 0.539211 0.776919 0.046849 0.075207
0 0.917619 0.692886 0.049655 0.078353
0 0.943376 0.033886 0.051027 0.067772
0 0.975200 0.523330 0.048773 0.081060
0 0.689770 0.512017 0.047941 0.086797
0 0.722800 0.659864 0.051126 0.085183
0 0.816707 0.937615 0.054280 0.081397
0 0.466815 0.339222 0.050492 0.079093
0 0.689307 0.100488 0.053027 0.082057
0 0.322282 0.060421 0.048447 0.076506
0 0.504410 0.218393 0.053909 0.078008
0 0.352975 0.491106 0.049058 0.081347
0 0.175262 0.238099 0.050824 0.081202
0 0.887969 0.161447 0.051403 0.078483
0 0.106770 0.242279 0.050894 0.082820
0 0.560141 0.231169 0.044780 0.085832
0 0.689621 0.403619 0.053354 0.090305
0 0.747720 0.323166 0.054174 0.096171
0 0.588295 0.126106 0.051549 0.080587
0 0.487445 0.139199 0.047428 0.074776
0 0.950697 0.222255 0.054321 0.082779
2 0.165199 0.125938 0.026195 0.041701
2 0.175568 0.774395 0.029469 0.049208
2 0.642979 0.980400 0.023466 0.030859
1 0.087707 0.059216 0.044749 0.056714
1 0.779137 0.042535 0.057847 0.085071
1 0.327006 0.227690 0.046386 0.066722
1 0.061512 0.509591 0.045841 0.080067