0 0.998496 0.644116 0.002990 0.068819
0 0.997101 0.550271 0.005505 0.058427
0 0.995925 0.139972 0.007160 0.036781
0 0.011102 0.604366 0.022185 0.076061
0 0.799715 0.385969 0.050660 0.079316
0 0.010034 0.771372 0.020020 0.077233
0 0.308581 0.003775 0.035900 0.007550
0 0.628686 0.018318 0.053936 0.036637
0 0.018401 0.420989 0.036752 0.086733
0 0.635816 0.989948 0.044483 0.017671
0 0.060722 0.433545 0.050263 0.086028
0 0.725723 0.010357 0.050786 0.020705
0 0.781525 0.985268 0.046127 0.026959
0 0.011615 0.928374 0.023229 0.084675
0 0.015796 0.515039 0.031510 0.065161
0 0.984578 0.833890 0.029294 0.075341
0 0.021870 0.054076 0.043730 0.073764
0 0.834270 0.774388 0.049078 0.076384
0 0.976444 0.464252 0.046135 0.106324
0 0.619658 0.605179 0.048691 0.076719
0 0.251920 0.666271 0.045916 0.084012
0 0.295553 0.690192 0.043419 0.074895
0 0.691925 0.308133 0.048487 0.078961
0 0.211576 0.712114 0.046799 0.072855
0 0.648104 0.079202 0.045327 0.070067
0 0.188377 0.027340 0.048660 0.054680
0 0.648967 0.674531 0.048231 0.077089
0 0.944310 0.396937 0.056664 0.083327
0 0.889530 0.763191 0.050946 0.081531
0 0.383306 0.635626 0.048427 0.081310
0 0.244865 0.782374 0.051078 0.080266
0 0.931295 0.718156 0.044337 0.072977
0 0.291917 0.911889 0.048620 0.082773
0 0.825273 0.960334 0.047919 0.076105
0 0.663211 0.244048 0.045658 0.070381
0 0.343259 0.711277 0.044543 0.077994
0 0.976671 0.245458 0.045962 0.079081
0 0.857647 0.359003 0.050493 0.079984
0 0.883478 0.943965 0.050812 0.081132
0 0.327844 0.563546 0.053078 0.073634
0 0.177741 0.937361 0.049831 0.078376
0 0.087367 0.516378 0.048534 0.090037
0 0.617657 0.742870 0.051141 0.085338
0 0.065062 0.303775 0.057848 0.092491
0 0.883136 0.659068 0.048359 0.077975
0 0.731177 0.365383 0.059368 0.095979
0 0.873753 0.036079 0.051624 0.072158
0 0.336158 0.951178 0.049802 0.084577
0 0.071739 0.848398 0.052914 0.089398
0 0.279628 0.402769 0.048227 0.080855
0 0.145466 0.327162 0.046169 0.077805
0 0.866770 0.848011 0.051347 0.082396
0 0.367067 0.810216 0.045913 0.076545
0 0.337118 0.323784 0.052993 0.082665
0 0.556520 0.465825 0.053178 0.087391
0 0.698834 0.806525 0.053602 0.085368
0 0.626289 0.165487 0.045121 0.074401
0 0.445571 0.960028 0.045861 0.076396
0 0.917451 0.117917 0.051208 0.080990
0 0.876072 0.456952 0.054587 0.083924
0 0.136197 0.593618 0.058614 0.091505
0 0.202464 0.498262 0.052291 0.083868
0 0.754125 0.751017 0.048920 0.078311
0 0.751286 0.861424 0.050135 0.080941
0 0.494166 0.727351 0.054422 0.082318
0 0.590009 0.956634 0.058962 0.083706
0 0.969352 0.055852 0.051195 0.078713
0 0.511701 0.946467 0.047401 0.069565
0 0.217039 0.208359 0.045018 0.067612
0 0.740898 0.469961 0.055748 0.073962
0 0.634440 0.496803 0.049019 0.078797
0 0.519283 0.862315 0.053334 0.082446
0 0.579315 0.839420 0.054642 0.078727
0 0.524510 0.036793 0.051184 0.073587
0 0.264858 0.577962 0.050433 0.079355
0 0.223786 0.414423 0.052655 0.078536
0 0.527142 0.643322 0.051481 0.081386
0 0.380342 0.190013 0.054516 0.076871
0 0.150350 0.781297 0.046852 0.089332
0 0.402998 0.359586 0.052692 0.080653
0 0.391885 0.956987 0.050501 0.082503
0 0.788948 0.265525 0.055490 0.090537
0 0.328196 0.237861 0.052224 0.077620
0 0.348755 0.112598 0.058806 0.085128
0 0.757858 0.621015 0.049787 0.086305
0 0.499381 0.391546 0.055289 0.085683
0 0.432817 0.289774 0.050931 0.081125
0 0.733094 0.082019 0.054143 0.087155
1 0.057692 0.210175 0.046932 0.070058
1 0.304631 0.811510 0.049661 0.083403
1 0.438879 0.661384 0.051844 0.076731
1 0.816519 0.017932 0.042021 0.035863
1 0.733296 0.239366 0.056755 0.073394
1 0.889646 0.244370 0.049661 0.051710
1 0.968775 0.954962 0.057301 0.071726
2 0.071335 0.647623 0.024012 0.042535
2 0.899196 0.575063 0.030560 0.049208
2 0.943672 0.581318 0.031106 0.048374
2 0.975324 0.904504 0.028923 0.037531
1 0.468621 0.118015 0.050206 0.090909
1 0.134093 0.870309 0.058938 0.085905
2 0.206129 0.904921 0.017463 0.026689