0 0.081289 0.994917 0.031189 0.008305
0 0.836459 0.012387 0.037861 0.024774
0 0.472631 0.903614 0.041312 0.082373
0 0.354284 0.959813 0.042827 0.067179
0 0.327249 0.951897 0.053184 0.074905
0 0.476364 0.967665 0.047024 0.061246
0 0.497110 0.006178 0.030414 0.012357
0 0.515325 0.888908 0.046270 0.069292
0 0.994571 0.348404 0.009249 0.060257
0 0.355935 0.179661 0.078514 0.091493
0 0.579981 0.983286 0.047143 0.030158
0 0.820683 0.173963 0.049419 0.076318
0 0.545233 0.917538 0.048390 0.074057
0 0.600014 0.956076 0.045158 0.068525
0 0.006202 0.085245 0.012390 0.060057
0 0.841904 0.115071 0.043554 0.068938
0 0.007000 0.502271 0.013986 0.070376
0 0.008268 0.634072 0.016492 0.069097
0 0.424976 0.589217 0.049537 0.080648
0 0.450053 0.539184 0.047031 0.076542
0 0.393103 0.981848 0.052758 0.033075
0 0.011666 0.408979 0.023291 0.071278
0 0.311967 0.012052 0.049107 0.024096
0 0.868384 0.982375 0.051648 0.032150
0 0.110378 0.012919 0.048817 0.025744
0 0.721787 0.017962 0.047748 0.035886
0 0.125464 0.956549 0.051633 0.083815
0 0.361270 0.822584 0.044781 0.075825
0 0.331746 0.875391 0.050369 0.071758
0 0.053249 0.252375 0.049719 0.060185
0 0.843784 0.325504 0.055339 0.068406
0 0.013028 0.291514 0.026009 0.065421
0 0.488185 0.775036 0.066254 0.087895
0 0.873354 0.375993 0.045924 0.075963
0 0.742674 0.980399 0.048158 0.035948
0 0.461082 0.031796 0.049263 0.063592
0 0.791855 0.090041 0.043556 0.076629
0 0.977609 0.033450 0.043065 0.066733
0 0.639885 0.153614 0.039031 0.066195
0 0.529364 0.459466 0.044621 0.072321
0 0.021252 0.149945 0.042504 0.080406
0 0.376152 0.752069 0.048338 0.079706
0 0.241303 0.972896 0.052949 0.050976
0 0.913043 0.033086 0.047752 0.066122
0 0.592044 0.020295 0.048261 0.040589
0 0.981919 0.702492 0.034059 0.074875
0 0.713645 0.389537 0.042460 0.063161
0 0.077887 0.191815 0.052658 0.079143
0 0.541179 0.627618 0.047038 0.068245
0 0.417473 0.912460 0.052701 0.072109
0 0.333106 0.368917 0.040759 0.065209
0 0.170144 0.677097 0.051974 0.073374
0 0.496119 0.513979 0.045696 0.078905
0 0.268239 0.247482 0.069708 0.073202
0 0.842704 0.851591 0.052229 0.072021
0 0.884037 0.825884 0.048161 0.081313
0 0.583478 0.247098 0.043070 0.077343
0 0.415956 0.192331 0.047243 0.072740
0 0.759297 0.145701 0.042379 0.072268
0 0.981619 0.849551 0.034829 0.075998
0 0.468975 0.111101 0.047388 0.078498
0 0.065370 0.864730 0.050057 0.076713
0 0.332978 0.595305 0.042847 0.070973
0 0.036004 0.807286 0.051548 0.072515
0 0.979886 0.461901 0.037960 0.069127
0 0.615008 0.083926 0.046613 0.081772
0 0.196499 0.947798 0.046831 0.077164
0 0.025726 0.719784 0.050471 0.075074
0 0.179422 0.875170 0.052593 0.074446
0 0.664487 0.053091 0.046723 0.070597
0 0.216028 0.649421 0.046751 0.075207
0 0.256384 0.689287 0.046112 0.072316
0 0.580980 0.850518 0.047436 0.077370
0 0.177820 0.603297 0.046714 0.074412
0 0.565451 0.773690 0.047048 0.069445
0 0.912267 0.110910 0.047315 0.077206
0 0.492997 0.413633 0.055041 0.075756
0 0.418505 0.072509 0.055435 0.078413
0 0.685381 0.945406 0.047793 0.079767
0 0.587306 0.334239 0.047006 0.080580
0 0.264969 0.401490 0.045631 0.076220
0 0.234801 0.098632 0.045236 0.067730
0 0.565115 0.503679 0.048974 0.077016
0 0.855929 0.626770 0.046268 0.071327
0 0.677867 0.426716 0.047605 0.073344
0 0.640612 0.913594 0.046728 0.082026
0 0.642627 0.551017 0.047468 0.071944
0 0.292442 0.171434 0.041817 0.076316
0 0.293891 0.057479 0.048490 0.071284
0 0.756118 0.221591 0.046133 0.072534
0 0.514415 0.145994 0.047414 0.081878
0 0.570657 0.690457 0.050743 0.074719
0 0.068880 0.036712 0.046685 0.065051
0 0.249755 0.514129 0.050113 0.066910
0 0.776575 0.593095 0.043606 0.078162
0 0.652303 0.807524 0.050704 0.074320
0 0.194889 0.395755 0.052558 0.069322
0 0.093785 0.711596 0.048451 0.078667
0 0.549140 0.377560 0.050084 0.075352
0 0.061942 0.111694 0.048638 0.075472
0 0.079166 0.463706 0.041857 0.067416
0 0.236291 0.029536 0.051572 0.059071
0 0.285297 0.327509 0.053247 0.074632
0 0.308464 0.443279 0.045111 0.086874
0 0.679276 0.622104 0.052686 0.078332
0 0.492544 0.333861 0.045541 0.071550
0 0.136506 0.304837 0.043944 0.075231
0 0.463454 0.686771 0.056398 0.079948
0 0.213213 0.800683 0.046735 0.076744
0 0.134367 0.761535 0.050451 0.084401
0 0.378965 0.341641 0.052459 0.075518
0 0.662312 0.701185 0.050910 0.078104
0 0.182141 0.330847 0.050882 0.069531
0 0.063539 0.650222 0.046730 0.075822
0 0.649683 0.478818 0.055028 0.072188
0 0.181074 0.129685 0.045286 0.071110
0 0.282093 0.818724 0.048727 0.075404
0 0.245226 0.584348 0.055430 0.063144
0 0.480821 0.219284 0.051603 0.075796
0 0.759340 0.494130 0.044778 0.073336
0 0.848388 0.549450 0.045638 0.074626
0 0.729538 0.561174 0.049804 0.079220
0 0.240923 0.179110 0.053068 0.079432
0 0.151819 0.190864 0.045002 0.075367
0 0.406724 0.272516 0.054035 0.077256
0 0.363611 0.497890 0.049227 0.075511
0 0.698717 0.850061 0.047262 0.080073
0 0.852658 0.933880 0.049369 0.082131
0 0.592001 0.580767 0.051544 0.087034
0 0.920481 0.236970 0.050245 0.075982
0 0.959100 0.139205 0.047366 0.074377
0 0.914498 0.570588 0.055982 0.078039
0 0.899379 0.689295 0.048404 0.069207
0 0.746885 0.863449 0.045592 0.080101
0 0.834808 0.770084 0.051765 0.077233
0 0.074767 0.546035 0.047222 0.074937
0 0.748827 0.343072 0.047929 0.069432
0 0.798072 0.946635 0.050548 0.083140
0 0.708712 0.155717 0.049437 0.083064
0 0.749935 0.677384 0.051641 0.080353
0 0.729367 0.773513 0.048957 0.076962
0 0.056453 0.391962 0.051311 0.081257
0 0.910670 0.489076 0.046990 0.072425
0 0.179705 0.473271 0.046487 0.077113
0 0.966129 0.376046 0.045334 0.074842
0 0.906434 0.931770 0.050644 0.082193
0 0.833693 0.448145 0.059996 0.079763
0 0.817590 0.694155 0.048320 0.073770
0 0.435640 0.360151 0.049002 0.079391
4 0.652857 0.280691 0.134920 0.220501
2 0.347143 0.095948 0.019497 0.032181
2 0.275004 0.098927 0.020277 0.033373
2 0.109669 0.464243 0.018717 0.034565
2 0.111619 0.589392 0.022617 0.034565
2 0.129166 0.485101 0.020277 0.033373
2 0.910218 0.401073 0.025736 0.041716
2 0.993518 0.088200 0.012964 0.033373
2 0.495711 0.280691 0.021837 0.029797
2 0.761650 0.808105 0.020277 0.030989
2 0.988839 0.755662 0.022322 0.030989
2 0.885262 0.264005 0.019497 0.027414
1 0.324916 0.719309 0.048353 0.075089