0 0.997912 0.067676 0.004042 0.056352
0 0.997723 0.777330 0.004538 0.070874
0 0.002570 0.245583 0.005141 0.068862
0 0.809059 0.456386 0.049882 0.080841
0 0.994925 0.926878 0.008889 0.061675
0 0.008858 0.353189 0.017692 0.074276
0 0.344787 0.995544 0.044073 0.008076
0 0.006046 0.802207 0.012092 0.067057
0 0.933098 0.115504 0.055920 0.087120
0 0.938628 0.009018 0.051181 0.018035
0 0.721630 0.845593 0.053986 0.082239
0 0.469425 0.022026 0.056527 0.044028
0 0.383605 0.011609 0.049081 0.023217
0 0.362817 0.916717 0.052495 0.083042
0 0.570006 0.538116 0.051330 0.079378
0 0.014066 0.713190 0.028093 0.078233
0 0.597201 0.502933 0.055115 0.084354
0 0.598302 0.020225 0.049760 0.040449
0 0.015941 0.460162 0.031882 0.081416
0 0.022525 0.037721 0.045038 0.075331
0 0.985984 0.453144 0.026674 0.073877
0 0.931456 0.983062 0.055276 0.031627
0 0.755905 0.981146 0.048234 0.035677
0 0.600919 0.739657 0.055430 0.094370
0 0.059095 0.406660 0.055028 0.087934
0 0.102239 0.875485 0.059582 0.092316
0 0.424296 0.522923 0.044726 0.082320
0 0.102722 0.687921 0.058571 0.089724
0 0.045061 0.679673 0.049767 0.082665
0 0.116309 0.437808 0.052769 0.073512
0 0.657798 0.886241 0.050255 0.076417
0 0.463904 0.962186 0.052854 0.073958
0 0.206230 0.780564 0.059279 0.088342
0 0.639801 0.452962 0.047039 0.085044
0 0.346703 0.554220 0.054311 0.077889
0 0.980553 0.373280 0.037865 0.077591
0 0.691369 0.951732 0.047628 0.076690
0 0.695784 0.026512 0.051392 0.053024
0 0.648631 0.783774 0.053200 0.087114
0 0.282886 0.553543 0.052317 0.074798
0 0.138189 0.762581 0.052526 0.085537
0 0.867828 0.768018 0.052912 0.079376
0 0.474812 0.557609 0.054035 0.088944
0 0.569612 0.630411 0.054446 0.083055
0 0.087370 0.960314 0.058828 0.077658
0 0.099261 0.225792 0.049001 0.076600
0 0.528339 0.342999 0.053987 0.092526
0 0.840432 0.645634 0.060586 0.085146
0 0.828973 0.935451 0.059061 0.087202
0 0.145686 0.038025 0.057080 0.076050
0 0.294891 0.026373 0.053971 0.052747
0 0.194048 0.580249 0.054808 0.086432
0 0.490668 0.674885 0.057055 0.090257
0 0.554576 0.954535 0.056164 0.087988
0 0.626477 0.610249 0.051413 0.079288
0 0.033428 0.591541 0.055542 0.083391
0 0.240711 0.661776 0.056682 0.087640
0 0.105689 0.542629 0.055911 0.073507
0 0.769090 0.034839 0.054508 0.069678
0 0.213054 0.465515 0.056255 0.080537
0 0.939561 0.793829 0.060200 0.090693
0 0.070899 0.125619 0.051951 0.081351
0 0.976879 0.714719 0.045498 0.081678
0 0.088662 0.313823 0.053442 0.088407
0 0.136058 0.359563 0.054404 0.080092
0 0.515143 0.770129 0.059165 0.078621
0 0.768399 0.232943 0.048570 0.080165
0 0.307805 0.453642 0.060498 0.089992
0 0.334928 0.779585 0.051855 0.078045
0 0.925185 0.216480 0.051876 0.071927
0 0.889153 0.589346 0.052983 0.082972
0 0.451899 0.440231 0.050386 0.080417
0 0.470603 0.229556 0.058011 0.094278
0 0.715288 0.275138 0.061688 0.091577
0 0.772362 0.631092 0.057460 0.086597
0 0.417529 0.854406 0.056741 0.094979
0 0.392894 0.391115 0.058188 0.085722
0 0.294705 0.949043 0.057175 0.072383
0 0.401373 0.280466 0.050319 0.075907
0 0.798877 0.165005 0.053500 0.082086
0 0.930446 0.350134 0.054882 0.091660
0 0.394158 0.148717 0.051557 0.078416
0 0.245929 0.212167 0.055832 0.086665
0 0.598383 0.270450 0.051126 0.081387
0 0.471276 0.139471 0.055693 0.075783
0 0.853874 0.258213 0.050442 0.077791
0 0.327289 0.272628 0.055774 0.085703
4 0.587316 0.405755 0.084587 0.124270
2 0.765767 0.880734 0.032198 0.060050