0 0.002327 0.525596 0.004655 0.054590
0 0.276126 0.002485 0.045961 0.004837
0 0.005084 0.727139 0.010164 0.073292
0 0.988120 0.190248 0.021930 0.075780
0 0.004175 0.392106 0.008347 0.061040
0 0.992590 0.101705 0.013279 0.076821
0 0.151226 0.008739 0.051374 0.017479
0 0.009277 0.131131 0.018545 0.077913
0 0.363024 0.904817 0.048604 0.075636
0 0.260583 0.195944 0.055485 0.086943
0 0.055697 0.984512 0.049044 0.028037
0 0.490585 0.014886 0.049538 0.029763
0 0.091062 0.090548 0.055953 0.085279
0 0.986884 0.734648 0.024300 0.077492
0 0.114346 0.979308 0.057478 0.038643
0 0.971611 0.375638 0.052100 0.078991
0 0.294331 0.664551 0.051062 0.070893
0 0.941986 0.014944 0.044998 0.029888
0 0.573348 0.981659 0.049006 0.033526
0 0.664091 0.017386 0.053104 0.034773
0 0.017242 0.629997 0.034476 0.083204
0 0.166814 0.715020 0.057398 0.081749
0 0.029366 0.794636 0.054799 0.090995
0 0.343734 0.629334 0.048344 0.070950
0 0.311684 0.835957 0.053580 0.081536
0 0.155686 0.345072 0.053162 0.077247
0 0.164137 0.834031 0.045923 0.076254
0 0.374940 0.821799 0.045703 0.071760
0 0.293219 0.275998 0.049041 0.080928
0 0.174875 0.465177 0.048238 0.075255
0 0.154676 0.538786 0.049185 0.075840
0 0.894640 0.875183 0.049388 0.077757
0 0.166101 0.619771 0.052455 0.078269
0 0.490829 0.878156 0.055279 0.083823
0 0.207807 0.771172 0.054740 0.086797
0 0.734060 0.497838 0.048819 0.077230
0 0.825921 0.674172 0.051988 0.082136
0 0.322192 0.742425 0.053346 0.084695
0 0.938118 0.455852 0.050084 0.075414
0 0.045701 0.542340 0.050068 0.077939
0 0.791000 0.358564 0.064435 0.098491
0 0.564771 0.890379 0.051332 0.087437
0 0.043800 0.456762 0.050039 0.075282
0 0.306098 0.443285 0.052620 0.080339
0 0.185664 0.040334 0.056129 0.080351
0 0.389124 0.559625 0.051856 0.086597
0 0.184118 0.133549 0.056935 0.084477
0 0.064092 0.297358 0.047749 0.075515
0 0.354159 0.035940 0.054996 0.071879
0 0.087680 0.410120 0.050918 0.083289
0 0.553763 0.202797 0.053784 0.078686
0 0.606885 0.941735 0.055318 0.086466
0 0.327305 0.340224 0.056895 0.077627
0 0.580860 0.041304 0.048118 0.077887
0 0.557988 0.744396 0.056824 0.087075
0 0.457457 0.579762 0.054997 0.085722
0 0.668413 0.225266 0.053508 0.083383
0 0.397110 0.189185 0.051049 0.076861
0 0.136532 0.196952 0.055259 0.086983
0 0.932995 0.069514 0.053787 0.078080
0 0.615255 0.588184 0.065986 0.095109
0 0.766796 0.562259 0.056226 0.079993
0 0.478533 0.792679 0.055611 0.084554
0 0.961816 0.610545 0.055701 0.095090
0 0.740645 0.416113 0.057553 0.074958
0 0.772143 0.111391 0.050091 0.079554
0 0.348333 0.251410 0.049631 0.075460
0 0.193664 0.281097 0.054022 0.079951
0 0.236602 0.372666 0.053057 0.077749
0 0.860983 0.477432 0.055093 0.085883
0 0.385147 0.441998 0.049651 0.081193
0 0.856572 0.766187 0.055855 0.083326
0 0.760756 0.648043 0.054338 0.081157
0 0.673463 0.323032 0.052456 0.093960
0 0.552118 0.455559 0.054492 0.075912
0 0.627076 0.368987 0.052411 0.083999
0 0.974865 0.288167 0.048095 0.086079
0 0.607926 0.233315 0.050157 0.082257
0 0.473192 0.099883 0.056940 0.086385
0 0.941978 0.952907 0.057125 0.088955
0 0.438308 0.406709 0.055127 0.078480
0 0.593718 0.128497 0.057945 0.090136
0 0.786016 0.246335 0.046502 0.071208
0 0.823056 0.081917 0.053650 0.084676
0 0.483945 0.363050 0.054293 0.083062
0 0.916238 0.364122 0.049237 0.084760
0 0.928181 0.810860 0.051644 0.083034
2 0.292080 0.142202 0.024558 0.034195
2 0.464801 0.039199 0.026195 0.036697
1 0.060148 0.053378 0.057301 0.080067
1 0.834801 0.322352 0.045841 0.087573
5 0.269432 0.549208 0.086224 0.112594
2 0.797964 0.751043 0.027832 0.037531