0 0.009297 0.977167 0.018595 0.043879
0 0.002692 0.399639 0.005384 0.060198
0 0.005829 0.214859 0.011635 0.070437
0 0.863646 0.993784 0.048741 0.011881
0 0.007499 0.578270 0.014998 0.071141
0 0.180454 0.007016 0.040979 0.013989
0 0.928231 0.336474 0.054980 0.085801
0 0.336886 0.664989 0.043950 0.071929
0 0.486590 0.541519 0.052109 0.074665
0 0.341032 0.795492 0.049746 0.079891
0 0.256725 0.386695 0.052767 0.083383
0 0.322262 0.531821 0.047844 0.080185
0 0.962849 0.013799 0.052741 0.027590
0 0.133674 0.032048 0.054471 0.064058
0 0.462423 0.125419 0.046164 0.073639
0 0.568418 0.082649 0.053417 0.073967
0 0.141114 0.415456 0.051500 0.074673
0 0.020817 0.494944 0.041633 0.085153
0 0.314937 0.979398 0.050225 0.039474
0 0.254473 0.188474 0.050628 0.077587
0 0.756525 0.339307 0.049425 0.075270
0 0.583117 0.022445 0.053599 0.044853
0 0.499497 0.331005 0.047179 0.078257
0 0.571445 0.978035 0.052317 0.042218
0 0.361641 0.589953 0.048931 0.082343
0 0.484667 0.902535 0.055368 0.081946
0 0.984785 0.063387 0.028894 0.077701
0 0.872000 0.317336 0.049952 0.082194
0 0.241589 0.668032 0.048709 0.069296
0 0.831016 0.888781 0.043957 0.084690
0 0.585911 0.558233 0.057070 0.083766
0 0.500795 0.613882 0.053338 0.078885
0 0.640157 0.579389 0.047160 0.072737
0 0.638833 0.217155 0.052405 0.084298
0 0.283695 0.752811 0.046663 0.076788
0 0.801957 0.402030 0.054748 0.085415
0 0.773562 0.672375 0.048594 0.079012
0 0.127900 0.787800 0.059138 0.091410
0 0.282912 0.845994 0.050905 0.080699
0 0.511740 0.227898 0.052515 0.089494
0 0.019623 0.901832 0.039247 0.087409
0 0.907714 0.648794 0.066895 0.107263
0 0.228163 0.787800 0.048316 0.076265
0 0.263716 0.974992 0.052073 0.048638
0 0.747485 0.600063 0.054832 0.076369
0 0.153845 0.349514 0.055309 0.071092
0 0.411765 0.290120 0.049668 0.076914
0 0.191074 0.710679 0.052306 0.082121
0 0.709699 0.032409 0.057767 0.064819
0 0.645176 0.061472 0.052350 0.079519
0 0.878532 0.917952 0.054833 0.086955
0 0.269602 0.511329 0.051252 0.081361
0 0.694664 0.132924 0.050680 0.081422
0 0.717516 0.249986 0.056032 0.088511
0 0.515452 0.730146 0.047801 0.085689
0 0.081817 0.206437 0.053040 0.082908
0 0.911922 0.756241 0.046604 0.076509
0 0.986065 0.944628 0.026500 0.084120
0 0.133479 0.691764 0.051487 0.086254
0 0.874393 0.440591 0.048227 0.080586
0 0.655747 0.822446 0.051122 0.080709
0 0.831325 0.539742 0.054926 0.084758
0 0.192603 0.538728 0.055332 0.082673
0 0.599178 0.770375 0.050766 0.080945
0 0.223793 0.876294 0.048379 0.081225
0 0.017824 0.302079 0.035606 0.080975
0 0.443834 0.350422 0.050857 0.084574
0 0.022131 0.649219 0.044262 0.076505
0 0.822724 0.198338 0.056716 0.084201
0 0.172563 0.618415 0.055225 0.078822
0 0.036478 0.101132 0.052648 0.081709
0 0.762693 0.754546 0.052675 0.081335
0 0.524353 0.140873 0.048719 0.076310
0 0.123813 0.889053 0.054531 0.084131
0 0.379028 0.099462 0.055904 0.081683
0 0.398019 0.763343 0.051709 0.077200
0 0.880216 0.236746 0.052704 0.086473
0 0.646951 0.731486 0.052302 0.084387
0 0.895932 0.835876 0.045893 0.073901
0 0.366458 0.205759 0.058195 0.081583
0 0.969929 0.167348 0.057718 0.088874
0 0.306146 0.151916 0.055547 0.085422
0 0.609085 0.138862 0.055787 0.083334
0 0.577168 0.231597 0.049517 0.082918
0 0.159687 0.958995 0.053304 0.080336
0 0.789822 0.965974 0.048282 0.067033
0 0.469870 0.814193 0.053117 0.083075
0 0.459355 0.042252 0.054867 0.083979
0 0.777377 0.883529 0.054319 0.086791
0 0.900696 0.543627 0.053033 0.088993
0 0.805681 0.040195 0.049822 0.080389
0 0.187882 0.151502 0.051420 0.087351
0 0.980465 0.781290 0.038052 0.083247
0 0.043315 0.733229 0.054405 0.088613
0 0.418085 0.952937 0.054421 0.085311
0 0.069337 0.549713 0.048220 0.082249
0 0.530953 0.848742 0.052835 0.087235
0 0.903906 0.138938 0.048850 0.079405
0 0.955707 0.497406 0.053393 0.081376
1 0.379123 0.683069 0.032743 0.068390
1 0.581040 0.342369 0.073127 0.112594
1 0.522375 0.964971 0.054027 0.070058
2 0.286895 0.420350 0.021829 0.035029
2 0.385944 0.155963 0.024558 0.033361
2 0.566032 0.159299 0.034381 0.055046
2 0.719107 0.574646 0.022920 0.038365
3 0.339012 0.429942 0.102050 0.145955
3 0.545295 0.445788 0.093319 0.182652