0 0.994849 0.139004 0.009012 0.065739
0 0.034617 0.994960 0.033482 0.008461
0 0.246809 0.995109 0.037386 0.008991
0 0.100883 0.461957 0.052899 0.083344
0 0.941260 0.991470 0.041042 0.014659
0 0.170344 0.680245 0.057182 0.106543
0 0.117556 0.671999 0.041072 0.062758
0 0.051529 0.423343 0.047499 0.067342
0 0.080868 0.367786 0.043563 0.070509
0 0.068470 0.661285 0.053463 0.087238
0 0.012818 0.326749 0.025627 0.073697
0 0.269178 0.648446 0.053335 0.080421
0 0.128378 0.294604 0.046991 0.082941
0 0.623911 0.963993 0.049404 0.069853
0 0.163883 0.806005 0.055355 0.072329
0 0.210583 0.752257 0.055019 0.089904
0 0.714629 0.031672 0.056658 0.063344
0 0.047662 0.562775 0.052573 0.076283
0 0.657717 0.836797 0.050903 0.088069
0 0.217123 0.660578 0.041987 0.078459
0 0.258536 0.374262 0.046297 0.067255
0 0.456637 0.676851 0.048916 0.077400
0 0.632635 0.700470 0.052576 0.080554
0 0.268000 0.562604 0.049119 0.073908
0 0.833477 0.446847 0.051803 0.083409
0 0.589272 0.032906 0.047205 0.065706
0 0.423838 0.032261 0.051940 0.064426
0 0.610412 0.800050 0.050887 0.075021
0 0.784049 0.465438 0.043205 0.080343
0 0.789385 0.971474 0.056613 0.053924
0 0.427347 0.391059 0.043875 0.072878
0 0.391519 0.343527 0.053730 0.078952
0 0.589344 0.174191 0.047027 0.077884
0 0.133942 0.901673 0.053433 0.083174
0 0.335659 0.558185 0.051677 0.075695
0 0.716920 0.196706 0.056715 0.091490
0 0.675741 0.630827 0.055584 0.088662
0 0.972573 0.028322 0.053437 0.056644
0 0.603908 0.880584 0.059591 0.085102
0 0.446521 0.862496 0.051570 0.082221
0 0.557952 0.099541 0.049718 0.080384
0 0.683551 0.730364 0.044972 0.080871
0 0.326115 0.769425 0.055807 0.086700
0 0.421312 0.791470 0.049035 0.084523
0 0.370559 0.430695 0.049555 0.074623
0 0.457069 0.949459 0.056683 0.088905
0 0.732502 0.689780 0.048543 0.099272
0 0.242124 0.067683 0.053400 0.081876
0 0.478898 0.044568 0.052366 0.087320
0 0.088486 0.151108 0.051214 0.077230
0 0.387601 0.519531 0.048046 0.080117
0 0.844569 0.842967 0.053554 0.087838
0 0.294141 0.088215 0.053717 0.093170
0 0.853266 0.166212 0.050701 0.085875
0 0.641271 0.172553 0.049236 0.087351
0 0.483054 0.148817 0.053206 0.087486
0 0.905021 0.741768 0.054947 0.085358
0 0.526197 0.708992 0.052815 0.080851
0 0.806914 0.540883 0.052514 0.086326
0 0.283274 0.209953 0.051898 0.081083
0 0.827495 0.639238 0.058582 0.087451
0 0.409923 0.259170 0.056078 0.085352
0 0.830717 0.238664 0.047823 0.075771
0 0.961153 0.783568 0.060516 0.090348
0 0.720593 0.572860 0.050621 0.083911
0 0.516521 0.620791 0.051610 0.082588
0 0.849134 0.046298 0.048026 0.079930
0 0.955193 0.882602 0.060557 0.090272
0 0.813910 0.363160 0.058486 0.088969
0 0.962976 0.316813 0.049659 0.085504
0 0.636352 0.441202 0.054175 0.083509
0 0.498927 0.369346 0.054863 0.082703
3 0.129727 0.567556 0.099321 0.159299
3 0.185391 0.356130 0.101504 0.141785
1 0.435878 0.164304 0.041475 0.085071
1 0.115266 0.404504 0.039838 0.078399
1 0.158924 0.443286 0.066032 0.100917
1 0.901379 0.192661 0.050206 0.083403
2 0.986434 0.248123 0.027132 0.060884
2 0.928392 0.240617 0.043112 0.065888
2 0.845442 0.530442 0.028923 0.043369