0 0.994147 0.488913 0.010282 0.065326
0 0.594667 0.364776 0.045558 0.073251
0 0.992585 0.030807 0.013543 0.061613
0 0.008192 0.553502 0.016351 0.077551
0 0.682998 0.992206 0.042282 0.012968
0 0.687877 0.006525 0.040113 0.013051
0 0.185102 0.725544 0.050035 0.085957
0 0.262277 0.587491 0.063465 0.111926
0 0.572332 0.275626 0.055827 0.083984
0 0.200816 0.309150 0.054265 0.078200
0 0.967883 0.077388 0.055210 0.091104
0 0.020291 0.411582 0.040583 0.086796
0 0.198786 0.986190 0.049095 0.024557
0 0.021554 0.898103 0.043107 0.081236
0 0.893027 0.034925 0.064448 0.069850
0 0.113114 0.015326 0.053203 0.030652
0 0.013588 0.071329 0.027143 0.093766
0 0.022042 0.813500 0.044084 0.075060
0 0.014920 0.180441 0.029814 0.091912
0 0.759243 0.726840 0.059642 0.100112
0 0.159665 0.355676 0.042906 0.069614
0 0.862596 0.943937 0.050208 0.076291
0 0.450633 0.075268 0.056539 0.085394
0 0.583403 0.966843 0.055212 0.063099
0 0.521929 0.954908 0.054988 0.078245
0 0.337802 0.563804 0.053290 0.084923
0 0.199573 0.152197 0.049973 0.085377
0 0.235082 0.754251 0.051298 0.077148
0 0.298421 0.976120 0.053821 0.044598
0 0.090840 0.121591 0.046441 0.074735
0 0.108866 0.958707 0.053340 0.079382
0 0.350846 0.025152 0.056796 0.050304
0 0.205712 0.844781 0.057839 0.082391
0 0.026104 0.721248 0.052208 0.095830
0 0.139473 0.090651 0.051557 0.078277
0 0.093935 0.576652 0.051629 0.080025
0 0.297265 0.511954 0.054449 0.084653
0 0.085346 0.808375 0.052705 0.080296
0 0.798436 0.840787 0.043477 0.077241
0 0.207832 0.930544 0.053969 0.075340
0 0.766797 0.911385 0.047141 0.079289
0 0.237283 0.672645 0.054100 0.074429
0 0.218402 0.225150 0.058218 0.083882
0 0.711070 0.796654 0.048267 0.081090
0 0.048059 0.628890 0.058771 0.088597
0 0.980615 0.578693 0.037070 0.077224
0 0.952319 0.635240 0.048792 0.084632
0 0.601486 0.657635 0.053849 0.084580
0 0.594626 0.735296 0.062464 0.079879
0 0.336650 0.734212 0.055217 0.084124
0 0.899557 0.676755 0.052699 0.085778
0 0.815602 0.031381 0.057330 0.062761
0 0.657433 0.795108 0.052000 0.085317
0 0.091195 0.401371 0.053641 0.088203
0 0.748389 0.597075 0.059494 0.087962
0 0.245983 0.114309 0.059594 0.091138
0 0.572823 0.891764 0.052429 0.079350
0 0.983196 0.320763 0.031660 0.092715
0 0.518850 0.781445 0.054468 0.083567
0 0.465025 0.384085 0.050592 0.079701
0 0.376154 0.506218 0.056292 0.084344
0 0.476022 0.152341 0.050452 0.080065
0 0.243078 0.356379 0.049411 0.079426
0 0.893358 0.879728 0.049253 0.086570
0 0.972762 0.778845 0.052475 0.085219
0 0.604368 0.822972 0.051141 0.082199
0 0.397174 0.698182 0.054123 0.091435
0 0.834525 0.475796 0.053877 0.087439
0 0.508958 0.213425 0.053183 0.082115
0 0.827564 0.204218 0.052406 0.085356
0 0.567065 0.040464 0.052769 0.080916
0 0.537135 0.371281 0.056409 0.076478
0 0.717527 0.431164 0.054497 0.077675
0 0.662933 0.577623 0.058532 0.083179
0 0.501310 0.511982 0.058619 0.089908
0 0.349430 0.294043 0.058749 0.088679
0 0.702377 0.066523 0.049828 0.079573
0 0.838973 0.115052 0.057412 0.089574
0 0.573964 0.574043 0.057649 0.094872
0 0.140566 0.480133 0.048237 0.078919
0 0.947013 0.410266 0.052708 0.085855
0 0.597150 0.198167 0.051915 0.079531
0 0.448341 0.304559 0.050162 0.075320
0 0.945745 0.508067 0.048973 0.077684
0 0.876037 0.354707 0.054270 0.090450
0 0.799485 0.333482 0.051987 0.084276
2 0.283894 0.461218 0.023466 0.036697
2 0.063968 0.215179 0.031106 0.048374
2 0.397950 0.618015 0.031106 0.045038
2 0.678178 0.934529 0.029469 0.044204
5 0.660988 0.670976 0.061667 0.092577
2 0.852264 0.984987 0.029469 0.030025