0 0.984559 0.197041 0.028956 0.074025
0 0.990705 0.772195 0.016913 0.070671
0 0.005922 0.126640 0.011843 0.071453
0 0.005204 0.577513 0.010408 0.065765
0 0.405302 0.988567 0.045631 0.020337
0 0.987973 0.249327 0.022138 0.077260
0 0.762654 0.984379 0.030586 0.028191
0 0.242715 0.009299 0.041612 0.018595
0 0.082485 0.342219 0.053727 0.074185
0 0.424782 0.883881 0.046142 0.082382
0 0.902418 0.977085 0.051254 0.042501
0 0.654630 0.117545 0.052991 0.085301
0 0.663479 0.053999 0.052671 0.073907
0 0.123378 0.594008 0.045416 0.071375
0 0.145993 0.368404 0.050496 0.093586
0 0.400469 0.711995 0.044407 0.071153
0 0.579567 0.744047 0.053897 0.074517
0 0.426001 0.823835 0.049049 0.063558
0 0.980858 0.975228 0.036350 0.046448
0 0.149807 0.661302 0.050266 0.075721
0 0.461644 0.644159 0.046438 0.068741
0 0.238508 0.963268 0.049669 0.070001
0 0.370028 0.673743 0.050879 0.079063
0 0.030521 0.611248 0.050415 0.078952
0 0.028669 0.969685 0.046483 0.057391
0 0.875296 0.813458 0.054448 0.083243
0 0.013872 0.467458 0.027744 0.079694
0 0.603529 0.548333 0.048189 0.077112
0 0.019130 0.356863 0.038261 0.084380
0 0.181074 0.421398 0.051894 0.077083
0 0.027378 0.033264 0.049454 0.066529
0 0.037804 0.694640 0.051249 0.075706
0 0.983835 0.874572 0.030418 0.094936
0 0.171493 0.492301 0.054794 0.074498
0 0.165654 0.576846 0.049129 0.082331
0 0.565392 0.571336 0.051697 0.077420
0 0.222617 0.212137 0.048460 0.076055
0 0.107686 0.223973 0.044832 0.081828
0 0.778442 0.899820 0.037591 0.079498
0 0.132216 0.013718 0.050429 0.027436
0 0.250530 0.257840 0.050324 0.080186
0 0.749758 0.034162 0.052523 0.068323
0 0.075999 0.841055 0.050030 0.075685
0 0.018647 0.777701 0.037295 0.081444
0 0.673499 0.963187 0.046981 0.070001
0 0.016869 0.233850 0.033738 0.074508
0 0.186198 0.795261 0.052260 0.081639
0 0.940084 0.565588 0.049138 0.070163
0 0.526224 0.525543 0.046601 0.079723
0 0.970582 0.020089 0.050710 0.040177
0 0.689922 0.703583 0.042225 0.061880
0 0.164414 0.896911 0.053255 0.074165
0 0.583122 0.024595 0.045937 0.049186
0 0.503140 0.690121 0.050252 0.081047
0 0.259660 0.894961 0.043050 0.076820
0 0.855772 0.879204 0.046922 0.083547
0 0.074737 0.264168 0.050197 0.075569
0 0.165866 0.310004 0.051783 0.077382
0 0.184214 0.708875 0.057789 0.079736
0 0.475983 0.884840 0.052063 0.089729
0 0.398781 0.564437 0.053071 0.086478
0 0.101121 0.415230 0.047991 0.089869
0 0.132500 0.833334 0.054400 0.086460
0 0.296726 0.608553 0.040329 0.066414
0 0.729397 0.962797 0.050354 0.070593
0 0.508215 0.255685 0.050595 0.076226
0 0.290184 0.975626 0.055556 0.045354
0 0.523734 0.975955 0.052992 0.044754
0 0.038862 0.111179 0.051391 0.083442
0 0.851126 0.687587 0.052386 0.073541
0 0.214968 0.542893 0.047611 0.077387
0 0.505521 0.603136 0.048186 0.074347
0 0.242243 0.447997 0.047650 0.076136
0 0.820985 0.929158 0.048645 0.074380
0 0.910614 0.601999 0.047347 0.080612
0 0.056964 0.450735 0.052358 0.072791
0 0.398601 0.948776 0.056361 0.075666
0 0.303534 0.806053 0.049691 0.073051
0 0.197219 0.032616 0.049954 0.065231
0 0.445044 0.748557 0.050515 0.079250
0 0.465107 0.537174 0.049450 0.075826
0 0.093124 0.955983 0.052748 0.081479
0 0.942495 0.863158 0.046040 0.073869
0 0.152483 0.073246 0.045123 0.080355
0 0.064578 0.556698 0.053293 0.078376
0 0.581007 0.652977 0.053864 0.082833
0 0.082599 0.158351 0.047537 0.076040
0 0.737206 0.872609 0.051915 0.078983
0 0.188096 0.964573 0.044675 0.067527
0 0.084120 0.071456 0.048306 0.080904
0 0.620309 0.468403 0.056430 0.075595
0 0.633880 0.679779 0.050897 0.079127
0 0.868783 0.024418 0.050387 0.048837
0 0.348867 0.596140 0.057296 0.075123
0 0.292773 0.732373 0.072058 0.072596
0 0.071962 0.758336 0.050839 0.080449
0 0.354815 0.501208 0.056941 0.088636
0 0.279292 0.364633 0.049451 0.079538
0 0.224621 0.328772 0.047122 0.075683
0 0.746075 0.665346 0.052782 0.094436
0 0.530263 0.801634 0.045884 0.073330
0 0.802894 0.617707 0.049094 0.075816
0 0.422951 0.032107 0.059553 0.064166
0 0.891539 0.729117 0.051943 0.088750
0 0.441154 0.175389 0.044613 0.078836
0 0.699639 0.812066 0.051897 0.075579
0 0.435608 0.438660 0.049989 0.076458
0 0.539169 0.049293 0.046346 0.072653
0 0.645542 0.587434 0.052212 0.075659
0 0.491525 0.454581 0.053399 0.081944
0 0.638161 0.398161 0.050888 0.070892
0 0.655666 0.891871 0.047129 0.071918
0 0.294213 0.472230 0.049620 0.085853
0 0.972436 0.334106 0.048287 0.069076
0 0.399325 0.371534 0.047453 0.072803
0 0.946684 0.400081 0.048543 0.077540
0 0.926851 0.051868 0.051946 0.082042
0 0.757773 0.449669 0.051139 0.070262
0 0.834457 0.507170 0.052063 0.074677
0 0.860704 0.439343 0.047660 0.073863
0 0.156222 0.158895 0.051200 0.074938
0 0.978075 0.693786 0.041783 0.084436
0 0.766573 0.793313 0.053230 0.087666
0 0.980208 0.450970 0.037422 0.083287
0 0.817644 0.382991 0.048047 0.078197
0 0.229651 0.125270 0.052262 0.085767
0 0.333657 0.390466 0.047261 0.074263
0 0.824007 0.205345 0.049069 0.076822
0 0.708562 0.593462 0.049152 0.078303
0 0.778470 0.148177 0.049379 0.077307
0 0.778540 0.529295 0.052848 0.084351
0 0.347008 0.214051 0.053675 0.079988
0 0.247975 0.628003 0.052064 0.078211
0 0.689453 0.413940 0.046858 0.087101
0 0.859557 0.605446 0.046627 0.082061
0 0.940442 0.486381 0.047025 0.076892
0 0.570380 0.118242 0.051360 0.085072
0 0.953641 0.781366 0.049324 0.079106
0 0.547236 0.912874 0.053825 0.086659
0 0.834627 0.107038 0.053573 0.088986
0 0.604144 0.307102 0.047485 0.078207
0 0.495144 0.337736 0.051485 0.081829
0 0.800020 0.729613 0.052734 0.080842
0 0.400535 0.216196 0.048005 0.077683
0 0.667440 0.511023 0.047519 0.080973
0 0.736655 0.384663 0.046953 0.076064
0 0.564371 0.406689 0.046609 0.075641
0 0.719670 0.183170 0.051694 0.084475
0 0.516814 0.145756 0.053446 0.080853
0 0.896212 0.376814 0.047634 0.076954
0 0.560572 0.263568 0.047887 0.095343
0 0.457041 0.088229 0.053583 0.087893
0 0.285509 0.068488 0.051384 0.080868
0 0.856970 0.320393 0.052324 0.087055
0 0.349214 0.132591 0.052436 0.072888
0 0.448800 0.362706 0.044309 0.074480
0 0.387595 0.293131 0.051025 0.076466
0 0.900384 0.272864 0.052234 0.084372
0 0.780000 0.283538 0.053084 0.091541
0 0.654780 0.324342 0.048841 0.084725
0 0.961981 0.119417 0.054113 0.085324
0 0.892809 0.171269 0.051003 0.080887
1 0.149101 0.238532 0.035472 0.065054
1 0.227685 0.824854 0.045295 0.055046
1 0.372847 0.056297 0.047478 0.069224
2 0.551571 0.468307 0.029469 0.042535
2 0.430966 0.601334 0.021829 0.030025