0 0.003008 0.364906 0.006016 0.053994
0 0.521195 0.895730 0.049425 0.079909
0 0.994959 0.315396 0.008604 0.063855
0 0.995194 0.432876 0.008065 0.060038
0 0.009426 0.004099 0.018701 0.008195
0 0.008417 0.508533 0.016795 0.065523
0 0.833227 0.993700 0.034198 0.010164
0 0.685774 0.988366 0.037915 0.020111
0 0.093364 0.002879 0.036850 0.005758
0 0.991704 0.096203 0.014891 0.064267
0 0.207635 0.309901 0.045275 0.070495
0 0.009896 0.254052 0.019761 0.083208
0 0.771878 0.988137 0.044427 0.020585
0 0.177734 0.006108 0.039368 0.012216
0 0.015857 0.724118 0.031648 0.069957
0 0.881394 0.326468 0.050054 0.077776
0 0.228019 0.007214 0.039907 0.014427
0 0.577091 0.990405 0.037942 0.016103
0 0.015368 0.988600 0.030592 0.019995
0 0.199382 0.145006 0.051777 0.081908
0 0.529990 0.989788 0.037501 0.017343
0 0.970192 0.988516 0.044397 0.019878
0 0.022187 0.675151 0.044374 0.072350
0 0.017795 0.878002 0.035590 0.079927
0 0.672027 0.204126 0.048235 0.082681
0 0.533867 0.010752 0.046143 0.021504
0 0.607056 0.011957 0.045600 0.023900
0 0.063877 0.982490 0.049517 0.031816
0 0.035809 0.935904 0.054704 0.088854
0 0.637626 0.114263 0.046192 0.071388
0 0.313771 0.020821 0.048459 0.041642
0 0.986098 0.502251 0.025791 0.072556
0 0.341038 0.116845 0.052035 0.087033
0 0.058988 0.312979 0.044440 0.073518
0 0.693016 0.017629 0.046603 0.035258
0 0.043838 0.204366 0.048720 0.075656
0 0.678969 0.864628 0.046957 0.083627
0 0.135968 0.445403 0.050032 0.082336
0 0.387257 0.112219 0.048851 0.089197
0 0.901519 0.971142 0.051257 0.054322
0 0.499375 0.783777 0.047327 0.075034
0 0.416490 0.015778 0.044400 0.031556
0 0.326641 0.343300 0.047992 0.063615
0 0.650822 0.031203 0.041620 0.062406
0 0.978958 0.032913 0.040449 0.065593
0 0.021797 0.430302 0.043593 0.084049
0 0.540995 0.662457 0.048758 0.081398
0 0.783957 0.636387 0.050066 0.085359
0 0.914881 0.016672 0.055478 0.033343
0 0.131052 0.976278 0.049516 0.044107
0 0.082396 0.054792 0.052726 0.080918
0 0.070900 0.693215 0.048815 0.077941
0 0.573241 0.047856 0.045948 0.076511
0 0.640897 0.625413 0.044508 0.076295
0 0.401473 0.189249 0.047867 0.068824
0 0.150455 0.089782 0.050718 0.074278
0 0.023041 0.077676 0.046083 0.083639
0 0.473242 0.414556 0.051140 0.077972
0 0.089674 0.138762 0.048193 0.072467
0 0.978365 0.158091 0.041265 0.084044
0 0.625461 0.967046 0.052983 0.062471
0 0.177402 0.383014 0.048677 0.078385
0 0.115004 0.834993 0.051234 0.079065
0 0.209607 0.056678 0.051836 0.086429
0 0.018888 0.592670 0.037776 0.082345
0 0.024185 0.798495 0.048370 0.077323
0 0.167400 0.523192 0.047084 0.075561
0 0.430866 0.248085 0.052718 0.076519
0 0.162349 0.869986 0.052205 0.082397
0 0.656633 0.704044 0.045816 0.073057
0 0.791682 0.954199 0.051560 0.079076
0 0.341893 0.426903 0.049646 0.078135
0 0.116192 0.738509 0.055745 0.099240
0 0.352588 0.966396 0.057121 0.063542
0 0.359972 0.037309 0.048659 0.074520
0 0.717171 0.499696 0.052578 0.086844
0 0.879385 0.625000 0.049948 0.080224
0 0.843293 0.935166 0.046194 0.076246
0 0.515869 0.589147 0.052644 0.079030
0 0.718179 0.636444 0.052606 0.085220
0 0.110410 0.918461 0.055915 0.075460
0 0.379089 0.494722 0.051379 0.086816
0 0.670895 0.782163 0.042062 0.079549
0 0.475966 0.938995 0.054172 0.086114
0 0.792589 0.805921 0.052491 0.084267
0 0.412202 0.672459 0.045615 0.074281
0 0.371225 0.805054 0.053871 0.085308
0 0.190387 0.956194 0.053549 0.083624
0 0.315718 0.602857 0.056754 0.080424
0 0.171062 0.222329 0.053260 0.089388
0 0.083871 0.531787 0.052378 0.080120
0 0.126731 0.338064 0.054810 0.082285
0 0.576827 0.937343 0.056593 0.083181
0 0.732729 0.935468 0.054016 0.077142
0 0.164228 0.782388 0.054717 0.080774
0 0.977828 0.757904 0.042352 0.078575
0 0.420595 0.915927 0.047252 0.073622
0 0.422061 0.562910 0.054327 0.083660
0 0.291772 0.672775 0.058097 0.084498
0 0.917942 0.496099 0.054973 0.092242
0 0.805457 0.027564 0.052084 0.055128
0 0.222962 0.732480 0.058800 0.079859
0 0.819374 0.594874 0.045488 0.077150
0 0.476216 0.648225 0.054891 0.081615
0 0.935532 0.882507 0.055656 0.077477
0 0.484882 0.264010 0.050986 0.088604
0 0.793005 0.099090 0.048576 0.081250
0 0.561661 0.750689 0.049558 0.081951
0 0.441726 0.476820 0.053847 0.077256
0 0.285375 0.794004 0.050984 0.084523
0 0.686295 0.569687 0.047348 0.077021
0 0.720735 0.196059 0.046245 0.076693
0 0.816827 0.709465 0.050799 0.079056
0 0.622550 0.779196 0.049640 0.099964
0 0.961726 0.352760 0.048929 0.066291
0 0.726186 0.767384 0.053174 0.076381
0 0.755187 0.703610 0.051843 0.083194
0 0.073484 0.446990 0.053468 0.083178
0 0.218965 0.507197 0.054145 0.086656
0 0.242418 0.368504 0.046853 0.076298
0 0.837630 0.281708 0.049912 0.078502
0 0.532958 0.286972 0.047470 0.074181
0 0.239216 0.245352 0.051139 0.081876
0 0.297223 0.281108 0.051250 0.082079
0 0.723160 0.851215 0.050058 0.080155
0 0.329675 0.526389 0.052036 0.077737
0 0.263210 0.452134 0.054761 0.090107
0 0.139100 0.591244 0.055301 0.085129
0 0.760212 0.546532 0.048794 0.070247
0 0.823741 0.450243 0.051108 0.093031
0 0.884836 0.709131 0.044034 0.073562
0 0.862470 0.517847 0.048957 0.077859
0 0.369994 0.889740 0.049833 0.072765
0 0.242983 0.848312 0.053236 0.082517
0 0.511348 0.363503 0.051197 0.079906
0 0.869355 0.405348 0.059428 0.075268
0 0.475872 0.173066 0.053521 0.081870
0 0.307655 0.928022 0.052373 0.080909
0 0.523621 0.132387 0.053389 0.091717
0 0.230367 0.650633 0.045266 0.074535
0 0.346233 0.250187 0.046766 0.076907
0 0.891121 0.083534 0.050991 0.084189
0 0.577169 0.848057 0.054519 0.083126
0 0.566831 0.557291 0.052636 0.083590
0 0.949265 0.429995 0.053516 0.083674
0 0.443326 0.839380 0.051070 0.080022
0 0.360952 0.720192 0.049175 0.078752
0 0.740926 0.125821 0.055735 0.087475
0 0.630003 0.273481 0.050302 0.079650
0 0.634118 0.550681 0.049322 0.074961
0 0.444731 0.747575 0.061271 0.085396
0 0.268910 0.153729 0.051990 0.090465
0 0.777875 0.258652 0.053671 0.084730
0 0.686017 0.378774 0.048842 0.075278
0 0.498563 0.508163 0.053336 0.082067
0 0.869659 0.836345 0.051902 0.077791
0 0.393450 0.341758 0.053474 0.084031
0 0.942760 0.288395 0.053095 0.077894
0 0.604761 0.177454 0.053823 0.083805
0 0.930865 0.794645 0.056152 0.087348
0 0.939328 0.206418 0.056459 0.080095
0 0.636117 0.424397 0.051234 0.103879
0 0.695940 0.294235 0.055019 0.085719
0 0.820631 0.202055 0.048811 0.074573
0 0.968943 0.673931 0.055488 0.084313
0 0.957213 0.582629 0.049159 0.075881
0 0.758395 0.448633 0.061959 0.093350
1 0.078975 0.264804 0.042566 0.070892
1 0.673267 0.784821 0.042566 0.073394
2 0.536836 0.075480 0.022920 0.029191
2 0.683363 0.068807 0.024558 0.039199
2 0.891556 0.912010 0.025103 0.034195