0 0.071911 0.989528 0.028533 0.017992
0 0.987038 0.794847 0.024226 0.078694
0 0.004438 0.434359 0.008875 0.061293
0 0.737575 0.727272 0.045721 0.071390
0 0.993680 0.270249 0.010929 0.061138
0 0.990684 0.920544 0.016889 0.067965
0 0.222280 0.003943 0.049254 0.007887
0 0.709554 0.084378 0.038252 0.068316
0 0.481550 0.991940 0.037202 0.013349
0 0.567448 0.544285 0.047029 0.068213
0 0.673410 0.079958 0.045527 0.069835
0 0.058619 0.003861 0.030783 0.007722
0 0.306481 0.981091 0.057247 0.034245
0 0.800117 0.358730 0.048481 0.075788
0 0.161689 0.112953 0.054512 0.069338
0 0.865479 0.988244 0.042492 0.020654
0 0.599913 0.270362 0.051383 0.080487
0 0.671318 0.960783 0.054018 0.074682
0 0.633377 0.253246 0.040017 0.069628
0 0.019679 0.155287 0.039357 0.072739
0 0.403511 0.010377 0.043529 0.020743
0 0.722041 0.011620 0.048100 0.023232
0 0.551156 0.864090 0.051526 0.074616
0 0.234076 0.074199 0.053560 0.083357
0 0.629178 0.165208 0.053967 0.078982
0 0.012441 0.868874 0.024882 0.076262
0 0.555953 0.036942 0.047413 0.073883
0 0.044002 0.572775 0.051695 0.074901
0 0.015377 0.787870 0.030716 0.072041
0 0.018471 0.968067 0.036941 0.060658
0 0.140539 0.627864 0.056691 0.073341
0 0.012999 0.237041 0.025985 0.065582
0 0.984764 0.504304 0.028304 0.077786
0 0.510647 0.031831 0.051283 0.063661
0 0.985026 0.637824 0.027811 0.073944
0 0.066604 0.860675 0.054372 0.070428
0 0.118413 0.680955 0.048325 0.067708
0 0.018198 0.061042 0.036312 0.068664
0 0.078269 0.612630 0.054332 0.078465
0 0.969855 0.978432 0.052623 0.039800
0 0.810910 0.614410 0.045752 0.072186
0 0.273536 0.824587 0.053632 0.076741
0 0.454586 0.020882 0.051254 0.041763
0 0.106737 0.018284 0.053623 0.036569
0 0.107460 0.819110 0.055819 0.073766
0 0.963119 0.779490 0.050493 0.070725
0 0.783664 0.931585 0.049113 0.072512
0 0.142665 0.970176 0.051959 0.056089
0 0.490672 0.181397 0.047636 0.083054
0 0.831727 0.962318 0.052150 0.071813
0 0.531747 0.178647 0.045875 0.073831
0 0.136557 0.063187 0.050492 0.070178
0 0.294155 0.251365 0.051782 0.068642
0 0.056975 0.195454 0.044937 0.069605
0 0.128136 0.475544 0.049563 0.067202
0 0.127496 0.892533 0.050025 0.069787
0 0.921390 0.962570 0.047285 0.070027
0 0.777581 0.668750 0.045358 0.069005
0 0.522881 0.100443 0.049157 0.069702
0 0.450640 0.083598 0.052137 0.075707
0 0.706411 0.293700 0.044571 0.067856
0 0.777040 0.560097 0.045729 0.070504
0 0.076049 0.371981 0.047256 0.063984
0 0.307589 0.757982 0.054297 0.081292
0 0.973939 0.707038 0.048038 0.067763
0 0.325248 0.676926 0.046818 0.076146
0 0.884724 0.384896 0.047568 0.072004
0 0.888547 0.192113 0.043016 0.078913
0 0.654370 0.431126 0.046115 0.071897
0 0.025957 0.342677 0.050407 0.069670
0 0.488109 0.666503 0.049996 0.071942
0 0.382993 0.926445 0.049153 0.080715
0 0.603297 0.407535 0.054647 0.069266
0 0.076770 0.938147 0.052514 0.083253
0 0.625208 0.337400 0.053631 0.076167
0 0.485562 0.257047 0.052199 0.071524
0 0.488137 0.383024 0.051498 0.072702
0 0.902799 0.083023 0.048013 0.075911
0 0.126756 0.333563 0.047661 0.065751
0 0.476476 0.880366 0.050678 0.069102
0 0.038383 0.493951 0.047279 0.069672
0 0.735943 0.652902 0.048253 0.069032
0 0.118472 0.756667 0.050022 0.067572
0 0.813656 0.512778 0.050241 0.067410
0 0.391012 0.088962 0.048604 0.077716
0 0.065898 0.083249 0.043965 0.066469
0 0.891888 0.824384 0.047015 0.076216
0 0.139400 0.549549 0.058633 0.073324
0 0.473436 0.756208 0.056494 0.084487
0 0.857629 0.888676 0.048083 0.087308
0 0.873020 0.315876 0.047535 0.064026
0 0.078334 0.270889 0.052132 0.077196
0 0.187924 0.037312 0.044246 0.071973
0 0.677276 0.221294 0.048015 0.071667
0 0.612479 0.041916 0.050154 0.075605
0 0.825489 0.144733 0.050741 0.083449
0 0.179768 0.463572 0.049121 0.075322
0 0.287903 0.098499 0.051274 0.073090
0 0.043076 0.729277 0.054047 0.084850
0 0.276939 0.692825 0.049625 0.076677
0 0.812081 0.436438 0.056122 0.071320
0 0.105841 0.196741 0.046970 0.079494
0 0.621705 0.860286 0.045425 0.070637
0 0.278844 0.304919 0.053085 0.076644
0 0.703249 0.466290 0.048453 0.074979
0 0.446983 0.430522 0.057475 0.067831
0 0.370013 0.635461 0.052881 0.079062
0 0.413375 0.846646 0.055521 0.087960
0 0.562654 0.460086 0.052323 0.077376
0 0.612473 0.627092 0.049936 0.073986
0 0.867456 0.032868 0.049615 0.065737
0 0.467908 0.595738 0.048856 0.070181
0 0.859116 0.248493 0.048589 0.067313
0 0.840546 0.810852 0.048448 0.074345
0 0.386247 0.322116 0.049246 0.072040
0 0.303176 0.524138 0.054251 0.083997
0 0.349821 0.808212 0.054112 0.081105
0 0.674767 0.672902 0.053806 0.078040
0 0.755600 0.273430 0.050609 0.074597
0 0.921979 0.249994 0.047839 0.070975
0 0.282683 0.413897 0.049794 0.069971
0 0.529605 0.604973 0.050965 0.076081
0 0.917034 0.669273 0.047873 0.073339
0 0.185536 0.383933 0.050594 0.072671
0 0.806590 0.257758 0.048045 0.076236
0 0.335902 0.370220 0.050399 0.072578
0 0.760636 0.980024 0.055893 0.036441
0 0.891233 0.598164 0.057325 0.080978
0 0.812545 0.060506 0.045898 0.069606
0 0.347054 0.134670 0.049332 0.079963
0 0.155972 0.192462 0.048306 0.079744
0 0.726636 0.538446 0.049629 0.075349
0 0.246182 0.974038 0.049980 0.048630
0 0.758437 0.049323 0.048233 0.084124
0 0.842915 0.728796 0.050935 0.076629
0 0.289743 0.176067 0.053796 0.071334
0 0.422756 0.151362 0.049917 0.074694
0 0.758897 0.863259 0.049015 0.072381
0 0.697404 0.764261 0.047118 0.076508
0 0.673397 0.875179 0.052489 0.082758
0 0.782701 0.770397 0.053845 0.076663
0 0.957849 0.033313 0.050701 0.066626
0 0.695267 0.389583 0.045401 0.067725
0 0.945595 0.456711 0.054053 0.073433
0 0.544968 0.695878 0.044582 0.078423
0 0.259238 0.898575 0.051019 0.074272
0 0.543617 0.319625 0.055467 0.081537
0 0.408218 0.234057 0.050241 0.072555
0 0.721696 0.185969 0.048565 0.074353
0 0.982659 0.126343 0.032728 0.075489
0 0.513904 0.510769 0.051015 0.074593
0 0.445291 0.965070 0.049004 0.066557
0 0.526594 0.789324 0.046903 0.074954
0 0.173945 0.300813 0.053672 0.073414
0 0.938592 0.550331 0.051669 0.075061
0 0.189751 0.726647 0.054667 0.082058
0 0.935524 0.886288 0.049114 0.075424
0 0.438479 0.514547 0.051532 0.080538
0 0.599032 0.791580 0.050118 0.075121
0 0.354609 0.499191 0.052882 0.073012
0 0.192994 0.893183 0.051447 0.080737
0 0.878565 0.511843 0.048134 0.071679
0 0.647458 0.766760 0.046458 0.073353
0 0.957876 0.195964 0.051801 0.078540
0 0.936799 0.385095 0.048578 0.064814
1 0.093983 0.444120 0.042021 0.064220
1 0.440789 0.315680 0.040383 0.067556
1 0.775317 0.337364 0.039292 0.059216
2 0.183208 0.674729 0.025103 0.033361
2 0.395221 0.379900 0.023466 0.029191