0 0.243654 0.994053 0.033863 0.009904
0 0.986055 0.014182 0.026337 0.028358
0 0.989478 0.806437 0.019170 0.077492
0 0.002784 0.039372 0.005568 0.055997
0 0.816129 0.589211 0.041235 0.070669
0 0.805849 0.540974 0.045318 0.064316
0 0.987875 0.541341 0.022322 0.074651
0 0.993217 0.889169 0.011903 0.059684
0 0.318769 0.883435 0.048688 0.075220
0 0.481237 0.425719 0.056029 0.085116
0 0.527547 0.989422 0.040861 0.018068
0 0.762163 0.989103 0.039262 0.018982
0 0.449551 0.007928 0.040946 0.015856
0 0.296283 0.987461 0.042174 0.022023
0 0.546099 0.723937 0.048232 0.067341
0 0.566933 0.803450 0.052880 0.071748
0 0.014933 0.723585 0.029866 0.080210
0 0.035261 0.763432 0.052184 0.076810
0 0.547335 0.661293 0.048926 0.071985
0 0.839046 0.934563 0.053985 0.076421
0 0.025596 0.496807 0.051192 0.067917
0 0.220932 0.538208 0.049938 0.071947
0 0.094597 0.979289 0.047713 0.038092
0 0.942220 0.564810 0.052251 0.071924
0 0.016805 0.962800 0.033610 0.071211
0 0.372659 0.665840 0.049737 0.064429
0 0.359052 0.714665 0.050999 0.070746
0 0.376980 0.013467 0.048469 0.026934
0 0.986902 0.458270 0.024231 0.075691
0 0.204335 0.495116 0.048116 0.070208
0 0.882411 0.293180 0.051916 0.077948
0 0.024931 0.431978 0.049862 0.072279
0 0.195333 0.013021 0.042848 0.026041
0 0.390114 0.277684 0.057658 0.076159
0 0.023750 0.095410 0.047499 0.079685
0 0.051603 0.817961 0.050228 0.079801
0 0.317575 0.017423 0.053893 0.034846
0 0.635789 0.018130 0.047851 0.036260
0 0.715268 0.844984 0.051708 0.078660
0 0.437508 0.632996 0.046168 0.072772
0 0.358656 0.554824 0.044451 0.070570
0 0.466638 0.803980 0.054980 0.076729
0 0.149792 0.033750 0.052426 0.067500
0 0.080845 0.883340 0.050264 0.072931
0 0.729647 0.168861 0.041830 0.058698
0 0.831353 0.015512 0.059678 0.031025
0 0.248336 0.665471 0.048216 0.075354
0 0.162091 0.975781 0.052704 0.044967
0 0.162434 0.771800 0.049428 0.070675
0 0.404191 0.201817 0.055472 0.062653
0 0.362777 0.335167 0.051720 0.068234
0 0.108455 0.732719 0.048290 0.065136
0 0.018957 0.641867 0.037914 0.073009
0 0.509402 0.592798 0.051562 0.077902
0 0.032058 0.569614 0.053978 0.075175
0 0.093805 0.666954 0.049467 0.061874
0 0.054119 0.953314 0.050825 0.078635
0 0.468855 0.969921 0.052672 0.056608
0 0.266239 0.857826 0.050098 0.075703
0 0.144163 0.287297 0.041881 0.070461
0 0.566935 0.317733 0.048063 0.072934
0 0.139038 0.855994 0.045437 0.069440
0 0.514711 0.086950 0.043491 0.068234
0 0.104456 0.808167 0.049096 0.071676
0 0.392516 0.603680 0.048045 0.071352
0 0.261315 0.416113 0.054790 0.081820
0 0.384212 0.125520 0.052947 0.075162
0 0.507048 0.914622 0.047928 0.071154
0 0.752706 0.884881 0.051517 0.078437
0 0.478857 0.521893 0.044143 0.072601
0 0.282669 0.355514 0.055527 0.072109
0 0.222585 0.785835 0.047636 0.073825
0 0.241698 0.144282 0.047138 0.074356
0 0.501949 0.756887 0.050580 0.078092
0 0.189900 0.848711 0.049708 0.075383
0 0.149887 0.696469 0.045845 0.065862
0 0.170260 0.441940 0.054087 0.080200
0 0.483792 0.672820 0.051302 0.083166
0 0.286294 0.710576 0.049347 0.071923
0 0.461633 0.876375 0.057868 0.081061
0 0.196188 0.091868 0.047119 0.066223
0 0.200224 0.615849 0.049499 0.073418
0 0.306116 0.464023 0.049767 0.074869
0 0.427567 0.051486 0.051124 0.076452
0 0.730967 0.695470 0.049743 0.069881
0 0.440770 0.471352 0.048158 0.075462
0 0.652844 0.319437 0.049192 0.068288
0 0.346493 0.072570 0.050555 0.074269
0 0.523018 0.029899 0.054421 0.059798
0 0.671932 0.703961 0.049027 0.074800
0 0.338563 0.965061 0.048063 0.066408
0 0.305598 0.800312 0.052155 0.072231
0 0.977040 0.966621 0.043922 0.063296
0 0.351608 0.234622 0.049978 0.073562
0 0.556885 0.554836 0.053020 0.078974
0 0.955774 0.035175 0.048865 0.070351
0 0.869476 0.629043 0.050145 0.072016
0 0.982309 0.155127 0.033428 0.072674
0 0.682995 0.035068 0.047043 0.070135
0 0.187456 0.334035 0.052647 0.077311
0 0.066048 0.131064 0.054742 0.079654
0 0.694676 0.121391 0.045220 0.067482
0 0.232747 0.952420 0.051351 0.074185
0 0.292166 0.073453 0.050145 0.077321
0 0.207461 0.708326 0.049806 0.075626
0 0.378259 0.408512 0.051898 0.073806
0 0.081523 0.598639 0.056362 0.076113
0 0.051436 0.027944 0.049905 0.055887
0 0.444001 0.293114 0.050101 0.078565
0 0.891959 0.025210 0.054712 0.050421
0 0.607390 0.110128 0.051091 0.059720
0 0.824832 0.067447 0.048537 0.066885
0 0.608560 0.265694 0.051284 0.074654
0 0.807474 0.871369 0.055622 0.082193
0 0.903813 0.703987 0.059428 0.084796
0 0.493159 0.211994 0.051971 0.077388
0 0.653741 0.416712 0.055277 0.071219
0 0.553695 0.410303 0.050001 0.071287
0 0.947075 0.445331 0.047790 0.070944
0 0.937580 0.891871 0.050873 0.075393
0 0.805122 0.403002 0.050432 0.069128
0 0.735713 0.773181 0.058777 0.079956
0 0.927536 0.248231 0.054967 0.074062
0 0.772046 0.201534 0.047880 0.071408
0 0.308192 0.554014 0.049505 0.073893
0 0.659766 0.493928 0.052888 0.075730
0 0.267950 0.275750 0.054851 0.082181
0 0.597877 0.191433 0.053981 0.074737
0 0.870413 0.553440 0.058769 0.073696
0 0.680255 0.962466 0.051707 0.071380
0 0.627448 0.654808 0.056574 0.076566
0 0.166286 0.149401 0.047098 0.068630
0 0.906799 0.494296 0.051572 0.075158
0 0.472244 0.139798 0.054802 0.074196
0 0.668227 0.569432 0.046484 0.069929
0 0.735157 0.076089 0.050229 0.081030
0 0.659821 0.245708 0.049261 0.070509
0 0.886056 0.971816 0.054943 0.053114
0 0.135113 0.211363 0.051050 0.076368
0 0.071948 0.335085 0.054146 0.078804
0 0.701518 0.626961 0.048524 0.073586
0 0.901556 0.836642 0.049892 0.073259
0 0.389580 0.498367 0.047741 0.070310
0 0.642660 0.767891 0.052765 0.074037
0 0.607066 0.533457 0.054479 0.080037
0 0.293558 0.162268 0.051564 0.082700
0 0.392381 0.964126 0.050905 0.068148
0 0.208066 0.228154 0.053734 0.077005
0 0.855686 0.124567 0.054262 0.084514
0 0.835992 0.725461 0.050739 0.077436
0 0.944386 0.644200 0.054104 0.077407
0 0.735791 0.957621 0.054188 0.072855
0 0.745547 0.435708 0.050000 0.072638
0 0.558568 0.926402 0.048031 0.075556
0 0.742579 0.355693 0.052282 0.077147
0 0.977824 0.730894 0.042166 0.075614
0 0.557154 0.135754 0.049345 0.072018
0 0.393012 0.881864 0.052997 0.085306
0 0.713204 0.282644 0.052395 0.075716
0 0.826116 0.469434 0.050642 0.072792
0 0.780923 0.126153 0.047915 0.071545
0 0.616187 0.848580 0.050804 0.077725
0 0.691876 0.371817 0.048165 0.076909
0 0.939815 0.180099 0.052573 0.077144
0 0.840693 0.806029 0.049586 0.073113
0 0.140165 0.569577 0.054424 0.085359
0 0.731534 0.523734 0.061265 0.093393
0 0.943164 0.788430 0.050043 0.078162
0 0.615924 0.940629 0.049947 0.085100
0 0.864080 0.396411 0.048760 0.073187
0 0.973758 0.340448 0.050088 0.084439
1 0.080885 0.236030 0.049661 0.071726
1 0.215406 0.428274 0.033835 0.059216
1 0.559211 0.359049 0.062212 0.039199
1 0.303540 0.629274 0.056209 0.069224
2 0.986434 0.671393 0.027132 0.043369
1 0.671903 0.181401 0.059484 0.060884
1 0.955951 0.100917 0.061121 0.073394