0 0.002002 0.018936 0.004005 0.037873
0 0.009693 0.986580 0.019297 0.024053
0 0.172587 0.482440 0.046956 0.074086
0 0.029537 0.816757 0.048368 0.078541
0 0.994401 0.820281 0.009721 0.063771
0 0.934441 0.154515 0.051042 0.082078
0 0.011590 0.768634 0.023180 0.081398
0 0.573479 0.020860 0.030965 0.041720
0 0.991392 0.122853 0.015504 0.073682
0 0.600020 0.005975 0.043084 0.011950
0 0.397491 0.947774 0.060546 0.085185
0 0.990696 0.431996 0.016729 0.075865
0 0.769548 0.990289 0.048543 0.016475
0 0.109106 0.007638 0.041345 0.015275
0 0.958453 0.023175 0.037176 0.046276
0 0.062705 0.292986 0.053311 0.094240
0 0.279197 0.314639 0.049273 0.080301
0 0.697688 0.613875 0.052270 0.080968
0 0.988213 0.038557 0.021949 0.070033
0 0.145753 0.684575 0.050257 0.072771
0 0.836565 0.984987 0.051398 0.026960
0 0.189578 0.434955 0.049351 0.077751
0 0.026406 0.434903 0.052749 0.066002
0 0.080460 0.642214 0.045984 0.073523
0 0.917939 0.027667 0.047935 0.055333
0 0.906437 0.983761 0.054541 0.029225
0 0.038056 0.624855 0.050235 0.087089
0 0.209556 0.010838 0.045947 0.021675
0 0.836565 0.021899 0.048572 0.043798
0 0.873375 0.059244 0.047808 0.082778
0 0.280869 0.778807 0.058415 0.065288
0 0.353605 0.022718 0.050672 0.045437
0 0.589044 0.901303 0.044913 0.063513
0 0.897145 0.105755 0.054551 0.076177
0 0.336703 0.633707 0.053257 0.076059
0 0.982457 0.702663 0.033053 0.079901
0 0.685650 0.841880 0.051925 0.071324
0 0.521621 0.973276 0.048859 0.049865
0 0.019855 0.048754 0.038208 0.069177
0 0.028138 0.500335 0.046757 0.078414
0 0.377046 0.651613 0.044960 0.072363
0 0.650307 0.083938 0.047516 0.079153
0 0.075642 0.486024 0.042162 0.070999
0 0.073106 0.723474 0.056083 0.079946
0 0.901753 0.444779 0.050483 0.079322
0 0.026287 0.357465 0.051829 0.078968
0 0.188850 0.354288 0.057237 0.076032
0 0.139775 0.042000 0.053834 0.082720
0 0.339012 0.096977 0.050563 0.080038
0 0.819091 0.194302 0.054421 0.077334
0 0.121566 0.757331 0.051070 0.079170
0 0.300541 0.036099 0.050627 0.072198
0 0.279095 0.214753 0.051617 0.077097
0 0.710054 0.901781 0.053311 0.080680
0 0.475724 0.863990 0.047632 0.084363
0 0.089387 0.972284 0.054959 0.052137
0 0.612217 0.960451 0.054368 0.075607
0 0.646819 0.573849 0.060469 0.080802
0 0.017412 0.231026 0.034823 0.084046
0 0.244118 0.377450 0.046965 0.079600
0 0.104340 0.350072 0.050318 0.086043
0 0.118130 0.917627 0.052537 0.073751
0 0.180992 0.560737 0.049222 0.074198
0 0.055226 0.094658 0.048946 0.076971
0 0.019826 0.936654 0.039653 0.076134
0 0.208230 0.067714 0.047210 0.081123
0 0.128924 0.600767 0.049195 0.088408
0 0.225007 0.600069 0.046882 0.076487
0 0.532605 0.178560 0.046280 0.076105
0 0.287950 0.716549 0.053943 0.074082
0 0.709934 0.696877 0.055334 0.079870
0 0.642472 0.804801 0.048176 0.076853
0 0.860758 0.853004 0.046638 0.074684
0 0.249314 0.976660 0.047729 0.043212
0 0.264242 0.648678 0.049095 0.070846
0 0.217382 0.299987 0.054523 0.072995
0 0.338186 0.361702 0.056733 0.080529
0 0.605401 0.050821 0.047379 0.074617
0 0.080299 0.219286 0.052264 0.081081
0 0.255945 0.068896 0.044467 0.082539
0 0.751333 0.943201 0.051997 0.082093
0 0.467224 0.037972 0.048401 0.075785
0 0.126164 0.840006 0.050614 0.072748
0 0.125671 0.506323 0.048054 0.073020
0 0.171162 0.785873 0.049500 0.076075
0 0.264683 0.901626 0.050276 0.073759
0 0.975836 0.617634 0.045946 0.091877
0 0.203013 0.956581 0.050181 0.077117
0 0.687963 0.132494 0.047162 0.078998
0 0.362520 0.727210 0.049099 0.078318
0 0.412542 0.608837 0.042522 0.068193
0 0.687875 0.030049 0.055205 0.060097
0 0.668301 0.953121 0.052101 0.075733
0 0.188412 0.879386 0.052855 0.077686
0 0.097203 0.136955 0.051668 0.081930
0 0.413271 0.027887 0.055876 0.055773
0 0.612194 0.505640 0.047717 0.069708
0 0.385445 0.543092 0.054557 0.076805
0 0.568689 0.593713 0.048724 0.075302
0 0.239282 0.838281 0.051203 0.073944
0 0.149944 0.125930 0.047987 0.079831
0 0.743077 0.404137 0.045837 0.074367
0 0.783102 0.038361 0.052611 0.076722
0 0.780644 0.119930 0.054145 0.069949
0 0.936531 0.660516 0.047741 0.075861
0 0.976203 0.501934 0.045392 0.078158
0 0.743453 0.528476 0.046881 0.073619
0 0.415301 0.327059 0.057489 0.071868
0 0.499226 0.450191 0.047123 0.070463
0 0.762708 0.276668 0.053993 0.090289
0 0.841937 0.755465 0.052564 0.079507
0 0.438057 0.807349 0.054489 0.073877
0 0.142477 0.284746 0.054411 0.084619
0 0.883821 0.672947 0.053425 0.076580
0 0.713470 0.240205 0.048716 0.072601
0 0.416816 0.735876 0.054247 0.079947
0 0.577912 0.221153 0.052984 0.083354
0 0.427566 0.888485 0.050211 0.081320
0 0.812786 0.519080 0.050810 0.080825
0 0.787403 0.722178 0.054516 0.082678
0 0.407649 0.471988 0.056439 0.073351
0 0.844835 0.570945 0.048685 0.079038
0 0.736558 0.166874 0.052947 0.082850
0 0.297547 0.458426 0.054207 0.079190
0 0.557060 0.947576 0.050126 0.078723
0 0.326813 0.906131 0.050919 0.080534
0 0.216133 0.222056 0.054168 0.073956
0 0.457959 0.963027 0.055376 0.070333
0 0.491506 0.554048 0.053731 0.079268
0 0.807051 0.636143 0.057397 0.068498
0 0.813784 0.828466 0.051981 0.078560
0 0.507371 0.630195 0.052909 0.074493
0 0.471891 0.221692 0.053619 0.082530
0 0.572272 0.409309 0.050225 0.082469
0 0.274499 0.573063 0.047986 0.073153
0 0.506487 0.710010 0.053714 0.075795
0 0.510579 0.372611 0.053913 0.074252
0 0.624412 0.391895 0.051593 0.081306
0 0.904981 0.926746 0.056005 0.075716
0 0.332092 0.556939 0.047968 0.074272
0 0.509617 0.088007 0.056158 0.086407
0 0.243480 0.150435 0.053927 0.075329
0 0.878234 0.188054 0.056833 0.079193
0 0.353626 0.197478 0.048109 0.075156
0 0.709511 0.339605 0.055263 0.081719
0 0.418053 0.247700 0.050185 0.079428
0 0.343484 0.280565 0.057856 0.079909
0 0.602265 0.299574 0.050459 0.086678
0 0.924894 0.248439 0.056316 0.075162
0 0.599161 0.838095 0.052432 0.077386
0 0.664463 0.497385 0.050113 0.074413
0 0.713785 0.466022 0.051855 0.073310
0 0.873051 0.317773 0.050495 0.077879
0 0.588756 0.127550 0.050094 0.078554
0 0.918691 0.362784 0.053509 0.084739
0 0.426950 0.139885 0.051697 0.089304
0 0.641837 0.722288 0.051228 0.076366
0 0.551776 0.319433 0.050245 0.084632
0 0.539103 0.519847 0.048740 0.084098
0 0.971651 0.319388 0.051119 0.079991
0 0.835225 0.429163 0.054425 0.084309
0 0.809567 0.342047 0.054164 0.088556
0 0.847995 0.933154 0.054221 0.078046
0 0.648794 0.263105 0.049964 0.084844
0 0.902614 0.524614 0.057619 0.069860
0 0.728636 0.789847 0.055540 0.084736
0 0.927445 0.759732 0.046669 0.074884
0 0.558542 0.710120 0.047851 0.079132
0 0.943439 0.859190 0.056153 0.083561
1 0.442972 0.400334 0.042566 0.078399
1 0.520465 0.808173 0.049115 0.095079
1 0.062331 0.902419 0.054027 0.076731