0 0.209158 0.002729 0.028866 0.005425
0 0.390734 0.987008 0.036071 0.023698
0 0.996861 0.438970 0.005496 0.051642
0 0.424417 0.003906 0.034463 0.007734
0 0.996323 0.133063 0.006236 0.054143
0 0.507714 0.991933 0.040360 0.013718
0 0.993435 0.927709 0.011510 0.058894
0 0.527333 0.902338 0.041183 0.071059
0 0.487609 0.898574 0.052399 0.066773
0 0.990411 0.546813 0.017328 0.072956
0 0.744198 0.008406 0.038777 0.016812
0 0.272883 0.986268 0.044790 0.024648
0 0.885183 0.979641 0.054015 0.037806
0 0.590820 0.979955 0.048793 0.037079
0 0.128269 0.013336 0.047055 0.026603
0 0.984929 0.783640 0.028293 0.083241
0 0.012820 0.563185 0.025609 0.076727
0 0.016808 0.494021 0.033616 0.065722
0 0.676239 0.805174 0.047959 0.072048
0 0.803857 0.013041 0.048228 0.026083
0 0.652090 0.963763 0.050808 0.068897
0 0.640357 0.877850 0.044930 0.087498
0 0.272751 0.132967 0.050334 0.079439
0 0.012662 0.341056 0.025306 0.079086
0 0.051532 0.875536 0.052231 0.077912
0 0.647178 0.682277 0.049746 0.075906
0 0.591800 0.705383 0.057029 0.071229
0 0.269417 0.060936 0.056998 0.085057
0 0.985486 0.263832 0.027044 0.081253
0 0.707103 0.749269 0.053540 0.078890
0 0.865270 0.879785 0.046716 0.075822
0 0.164988 0.888131 0.048498 0.065844
0 0.840747 0.951145 0.058332 0.087043
0 0.372283 0.946956 0.050835 0.080157
0 0.916604 0.925250 0.047858 0.079952
0 0.077411 0.816488 0.052394 0.080575
0 0.131037 0.840357 0.047524 0.071333
0 0.324820 0.636527 0.039366 0.067575
0 0.815399 0.861218 0.048142 0.074267
0 0.341957 0.019964 0.045462 0.039928
0 0.475094 0.826243 0.050181 0.073730
0 0.607972 0.373166 0.052012 0.076689
0 0.143625 0.948944 0.054034 0.078323
0 0.299609 0.921936 0.047411 0.073909
0 0.335029 0.826295 0.045762 0.081435
0 0.251277 0.476231 0.048912 0.068065
0 0.192747 0.728809 0.044833 0.069462
0 0.806628 0.651818 0.045250 0.068929
0 0.782190 0.526110 0.060812 0.076494
0 0.813835 0.774039 0.047482 0.073679
0 0.723422 0.508795 0.049996 0.074592
0 0.027961 0.436790 0.050060 0.067282
0 0.783593 0.715631 0.052823 0.073628
0 0.379564 0.055365 0.049086 0.076385
0 0.311477 0.748382 0.051414 0.080955
0 0.699829 0.582233 0.054264 0.075712
0 0.970804 0.026697 0.044354 0.053348
0 0.281465 0.815108 0.048029 0.074080
0 0.247853 0.540175 0.048679 0.072543
0 0.777273 0.598966 0.047978 0.070372
0 0.969851 0.620339 0.049970 0.077338
0 0.368668 0.628325 0.044572 0.073896
0 0.818564 0.484647 0.047210 0.074115
0 0.925485 0.840532 0.052536 0.080760
0 0.556784 0.095320 0.050427 0.075994
0 0.423965 0.763538 0.049888 0.078508
0 0.378438 0.724614 0.049588 0.073602
0 0.919091 0.685866 0.052060 0.084228
0 0.376067 0.521961 0.045759 0.074254
0 0.577174 0.031199 0.046831 0.062397
0 0.173681 0.030232 0.046663 0.060465
0 0.703617 0.664271 0.047816 0.078344
0 0.115858 0.761805 0.046950 0.077222
0 0.040033 0.762518 0.048321 0.078755
0 0.413977 0.578221 0.049865 0.080815
0 0.626110 0.310388 0.054005 0.073003
0 0.971506 0.491787 0.046161 0.077812
0 0.891048 0.508889 0.044157 0.066764
0 0.171328 0.667774 0.050837 0.083702
0 0.861246 0.447910 0.051680 0.083413
0 0.109944 0.064880 0.049742 0.083346
0 0.859247 0.561606 0.044769 0.073773
0 0.430796 0.454550 0.051150 0.080768
0 0.907493 0.602277 0.045681 0.068700
0 0.326825 0.528238 0.046870 0.074118
0 0.580618 0.566200 0.053760 0.073298
0 0.507965 0.520514 0.046404 0.078893
0 0.769520 0.410558 0.043043 0.070457
0 0.513022 0.613420 0.048517 0.077277
0 0.455494 0.145980 0.046158 0.072713
0 0.412324 0.112570 0.045643 0.077813
0 0.508728 0.058662 0.049070 0.086755
0 0.030192 0.193519 0.047048 0.075461
0 0.589669 0.488681 0.047301 0.073088
0 0.682642 0.186570 0.047013 0.080410
0 0.494539 0.438833 0.049070 0.076766
0 0.669274 0.407705 0.050993 0.081749
0 0.049593 0.265297 0.046558 0.075971
0 0.459166 0.386911 0.052342 0.084377
0 0.846779 0.290132 0.049558 0.075985
0 0.849081 0.368657 0.052691 0.071576
0 0.571435 0.255519 0.046901 0.075232
0 0.194782 0.373431 0.046459 0.075084
0 0.620296 0.071083 0.048798 0.074925
0 0.082677 0.135754 0.046071 0.076560
0 0.642241 0.484753 0.052019 0.086710
0 0.082061 0.327432 0.045528 0.072625
0 0.215717 0.275481 0.052119 0.081923
0 0.681503 0.098956 0.045583 0.086889
0 0.185038 0.213119 0.047169 0.075585
0 0.302300 0.469350 0.048046 0.081563
0 0.823329 0.230667 0.047981 0.084814
0 0.594957 0.147852 0.051810 0.085730
0 0.358921 0.144434 0.049506 0.082572
0 0.752721 0.339339 0.044928 0.073421
0 0.379974 0.209549 0.049255 0.075069
0 0.871173 0.207273 0.045868 0.077552
0 0.513105 0.208380 0.053629 0.080859
0 0.930311 0.065324 0.048089 0.077622
0 0.655125 0.239539 0.050443 0.078981
0 0.959126 0.350898 0.052537 0.079362
0 0.080016 0.412271 0.054652 0.083123
0 0.722337 0.221433 0.043424 0.069647
0 0.250285 0.216653 0.052437 0.085157
0 0.103915 0.479651 0.051169 0.077413
0 0.725429 0.110658 0.041828 0.089815
0 0.318547 0.289225 0.053132 0.079306
0 0.088501 0.214357 0.050013 0.073704
0 0.963510 0.155702 0.053537 0.080306
0 0.301212 0.368012 0.049659 0.081006
0 0.144555 0.324488 0.049564 0.076713
0 0.795237 0.067349 0.050116 0.074197
0 0.771803 0.241708 0.047731 0.083550
0 0.385373 0.291351 0.055832 0.082343
0 0.918551 0.260566 0.059266 0.081363
1 0.495711 0.291418 0.057711 0.070322
1 0.403685 0.881406 0.043673 0.091776
2 0.758141 0.084625 0.024176 0.047676
2 0.651297 0.106675 0.019497 0.027414
2 0.408364 0.337902 0.018717 0.027414
2 0.386917 0.776520 0.017937 0.029797
2 0.667675 0.543504 0.016378 0.028605
2 0.766330 0.986889 0.021837 0.026222
3 0.569020 0.799166 0.138819 0.137068