0 0.993416 0.283454 0.011571 0.062558
0 0.995365 0.017090 0.008156 0.033852
0 0.511641 0.003135 0.032963 0.006252
0 0.009007 0.881453 0.018014 0.067960
0 0.993190 0.943220 0.012122 0.067758
0 0.009181 0.974236 0.018362 0.048434
0 0.004318 0.459924 0.008635 0.054258
0 0.088968 0.314803 0.047715 0.067590
0 0.335631 0.023070 0.043743 0.046140
0 0.813573 0.005442 0.037199 0.010884
0 0.788407 0.352393 0.043173 0.068941
0 0.762203 0.334150 0.045906 0.066403
0 0.624470 0.991682 0.035794 0.013911
0 0.445602 0.296277 0.051895 0.078776
0 0.531306 0.989946 0.047630 0.017149
0 0.988872 0.483867 0.020301 0.070514
0 0.260467 0.985933 0.040979 0.024977
0 0.744315 0.853783 0.050613 0.079569
0 0.373516 0.394698 0.052784 0.072200
0 0.766893 0.882378 0.049787 0.081287
0 0.384886 0.496233 0.046020 0.074640
0 0.723495 0.527789 0.047381 0.068729
0 0.914997 0.354216 0.049222 0.074529
0 0.708651 0.479815 0.048141 0.072090
0 0.367203 0.683625 0.047458 0.068927
0 0.732902 0.979780 0.046285 0.037086
0 0.379667 0.980100 0.048772 0.036688
0 0.979054 0.615346 0.039751 0.078269
0 0.341106 0.724776 0.049189 0.073136
0 0.268527 0.712675 0.052238 0.077925
0 0.546777 0.938703 0.045465 0.076215
0 0.987339 0.777253 0.023339 0.070790
0 0.506556 0.940948 0.047598 0.074488
0 0.934319 0.975931 0.047520 0.044973
0 0.012261 0.577060 0.024512 0.084177
0 0.243313 0.440307 0.046887 0.070349
0 0.307622 0.276176 0.050491 0.073030
0 0.118874 0.846164 0.047370 0.079981
0 0.208563 0.495873 0.051071 0.067683
0 0.964923 0.031737 0.045088 0.063110
0 0.758311 0.018359 0.055535 0.036718
0 0.604315 0.016378 0.047429 0.032755
0 0.429748 0.017236 0.047943 0.034473
0 0.314544 0.340919 0.046080 0.074409
0 0.723580 0.665674 0.050625 0.079881
0 0.033079 0.031185 0.054529 0.062370
0 0.249418 0.014977 0.049549 0.029954
0 0.100049 0.015221 0.048822 0.030441
0 0.308099 0.894855 0.048365 0.074615
0 0.072054 0.848480 0.051000 0.081040
0 0.467716 0.069300 0.051828 0.078123
0 0.356180 0.820964 0.048481 0.077901
0 0.198799 0.034669 0.048473 0.069338
0 0.174562 0.975672 0.050629 0.045415
0 0.262899 0.827311 0.041358 0.066537
0 0.264081 0.641954 0.045947 0.071202
0 0.170444 0.899228 0.047118 0.077643
0 0.310540 0.816130 0.047481 0.069752
0 0.019668 0.758452 0.039335 0.081825
0 0.473248 0.134106 0.051242 0.074332
0 0.111394 0.940381 0.048671 0.077894
0 0.046684 0.975086 0.046732 0.046447
0 0.769319 0.965129 0.044503 0.066614
0 0.256672 0.903050 0.048469 0.073532
0 0.518907 0.808708 0.046693 0.070871
0 0.624717 0.206306 0.048250 0.078952
0 0.551108 0.860709 0.048548 0.069613
0 0.647780 0.526313 0.045179 0.067104
0 0.983222 0.090050 0.031634 0.081976
0 0.395974 0.867672 0.053483 0.080503
0 0.614588 0.670274 0.050241 0.069508
0 0.050922 0.263652 0.053636 0.074466
0 0.889743 0.956697 0.050666 0.079266
0 0.448651 0.939622 0.050160 0.069958
0 0.089297 0.597898 0.054975 0.081784
0 0.228266 0.563729 0.054514 0.074357
0 0.594758 0.902720 0.046638 0.081924
0 0.213068 0.645022 0.048562 0.080678
0 0.079347 0.515774 0.054151 0.077918
0 0.046526 0.440140 0.045057 0.066950
0 0.920930 0.751665 0.051227 0.077543
0 0.149777 0.646204 0.050664 0.077931
0 0.739373 0.195182 0.048038 0.076405
0 0.333266 0.957232 0.046952 0.068221
0 0.642911 0.893654 0.047543 0.075072
0 0.886768 0.702007 0.053859 0.077586
0 0.861471 0.155650 0.048025 0.075075
0 0.221294 0.752091 0.050869 0.078996
0 0.858283 0.766921 0.045738 0.070087
0 0.154685 0.413040 0.051401 0.076411
0 0.893217 0.862427 0.048334 0.081562
0 0.385826 0.620133 0.048003 0.065417
0 0.375662 0.053218 0.049519 0.073072
0 0.667588 0.807302 0.043979 0.078524
0 0.841686 0.841831 0.051934 0.078165
0 0.164252 0.812522 0.050687 0.082649
0 0.320719 0.639461 0.051794 0.078198
0 0.254938 0.074913 0.051983 0.078221
0 0.074776 0.762651 0.052854 0.078591
0 0.468242 0.866546 0.048517 0.082984
0 0.075220 0.119995 0.050292 0.073991
0 0.304726 0.556410 0.051422 0.076680
0 0.834069 0.949135 0.051587 0.077837
0 0.780121 0.253567 0.047343 0.078988
0 0.509615 0.442391 0.049452 0.076533
0 0.101331 0.416691 0.046895 0.074264
0 0.782082 0.674893 0.048893 0.068512
0 0.662829 0.432446 0.050599 0.080543
0 0.510972 0.552014 0.046761 0.074908
0 0.267330 0.373606 0.053403 0.075558
0 0.387753 0.135468 0.054110 0.081867
0 0.190075 0.112042 0.046718 0.076280
0 0.443168 0.198402 0.047726 0.070806
0 0.552618 0.495882 0.052419 0.071033
0 0.813612 0.084559 0.047013 0.078566
0 0.674689 0.177567 0.060074 0.086321
0 0.284237 0.466415 0.046993 0.074758
0 0.153142 0.532727 0.047563 0.073450
0 0.427207 0.367555 0.049167 0.069776
0 0.629407 0.750320 0.054331 0.085592
0 0.237835 0.303059 0.049706 0.077385
0 0.048025 0.361246 0.055357 0.079421
0 0.924751 0.147501 0.049766 0.070535
0 0.729219 0.391731 0.049169 0.074713
0 0.300905 0.118745 0.052339 0.078954
0 0.762315 0.743183 0.049836 0.075259
0 0.587268 0.374583 0.047972 0.073732
0 0.648960 0.040105 0.050932 0.080209
0 0.389064 0.305068 0.054293 0.082548
0 0.948551 0.414042 0.052757 0.083225
0 0.908891 0.514010 0.051011 0.076619
0 0.410132 0.557993 0.052393 0.072191
0 0.558180 0.575865 0.047702 0.070903
0 0.901023 0.082753 0.047943 0.070640
0 0.717017 0.789081 0.051274 0.080481
0 0.793263 0.466259 0.046444 0.070948
0 0.823599 0.292878 0.045791 0.071282
0 0.480850 0.748114 0.048192 0.074568
0 0.820797 0.200898 0.048618 0.082880
0 0.664185 0.964968 0.049130 0.066970
0 0.256129 0.179587 0.046870 0.079254
0 0.537793 0.641041 0.049343 0.071574
0 0.459823 0.527786 0.050218 0.081999
0 0.612473 0.467303 0.047848 0.079825
0 0.337212 0.497400 0.041280 0.070999
0 0.141442 0.332624 0.051819 0.080144
0 0.578002 0.787008 0.052245 0.081563
0 0.099790 0.189852 0.051966 0.078244
0 0.649726 0.608259 0.052898 0.083717
0 0.026143 0.149196 0.051882 0.084609
0 0.348065 0.229517 0.049129 0.077314
0 0.428887 0.451524 0.052212 0.082562
0 0.549556 0.101324 0.048439 0.079913
0 0.180547 0.262209 0.052507 0.071559
0 0.705454 0.281497 0.052273 0.089567
0 0.883248 0.288131 0.054455 0.083805
0 0.556111 0.311787 0.049122 0.075657
0 0.969788 0.865477 0.046272 0.074112
0 0.446868 0.666833 0.051623 0.073099
0 0.832317 0.652501 0.049139 0.080200
0 0.860791 0.470821 0.051787 0.079654
0 0.965120 0.323169 0.049650 0.078486
0 0.489587 0.359598 0.053386 0.079404
0 0.500337 0.251606 0.048787 0.084867
0 0.931420 0.619611 0.047196 0.081259
1 0.173385 0.175980 0.037109 0.068390
1 0.686091 0.103837 0.058392 0.070892
1 0.769587 0.074229 0.043112 0.081735
1 0.228230 0.958716 0.043112 0.074229
1 0.294808 0.969975 0.036563 0.058382
2 0.522375 0.689741 0.024558 0.036697