0 0.001694 0.410527 0.003388 0.061341
0 0.009554 0.756550 0.019107 0.059230
0 0.010885 0.686109 0.021729 0.069085
0 0.787696 0.993340 0.033966 0.010886
0 0.662913 0.006711 0.049218 0.013334
0 0.571422 0.992074 0.037315 0.013008
0 0.638146 0.412134 0.049254 0.081380
0 0.007359 0.569075 0.014717 0.063930
0 0.667206 0.592043 0.048173 0.070366
0 0.992124 0.271730 0.014029 0.065882
0 0.988319 0.588865 0.021382 0.066977
0 0.006470 0.239492 0.012938 0.070390
0 0.474280 0.007602 0.032274 0.015204
0 0.453693 0.990863 0.037827 0.015292
0 0.383929 0.276082 0.057010 0.089834
0 0.239941 0.803087 0.051818 0.076078
0 0.536248 0.007939 0.041277 0.015877
0 0.986047 0.387048 0.025830 0.063496
0 0.217033 0.192999 0.049672 0.074518
0 0.898099 0.989245 0.043760 0.018558
0 0.029415 0.617085 0.053334 0.084836
0 0.630036 0.193816 0.043607 0.071884
0 0.630594 0.474492 0.051913 0.071531
0 0.571655 0.549206 0.050761 0.069521
0 0.322497 0.987781 0.045724 0.021267
0 0.600821 0.216203 0.048824 0.079370
0 0.012621 0.925543 0.025242 0.066495
0 0.294848 0.067433 0.042280 0.086074
0 0.225219 0.134341 0.053477 0.072569
0 0.276517 0.022245 0.056668 0.044489
0 0.221567 0.017027 0.044623 0.034054
0 0.239814 0.542522 0.055393 0.081331
0 0.807510 0.171665 0.055233 0.067523
0 0.222069 0.467028 0.056842 0.075299
0 0.018506 0.077488 0.037013 0.069693
0 0.083144 0.038982 0.054318 0.077491
0 0.013007 0.497671 0.025973 0.070614
0 0.589518 0.014289 0.049850 0.028579
0 0.275088 0.598832 0.047537 0.069221
0 0.429029 0.018681 0.047659 0.037362
0 0.038521 0.889146 0.033316 0.080970
0 0.016172 0.829506 0.032345 0.078283
0 0.578885 0.491256 0.049473 0.073089
0 0.334688 0.069607 0.044382 0.077415
0 0.176427 0.025213 0.042906 0.050426
0 0.151222 0.391391 0.058794 0.091761
0 0.298939 0.196602 0.074441 0.088228
0 0.322502 0.435615 0.049170 0.079182
0 0.214037 0.402188 0.051504 0.078021
0 0.115279 0.907967 0.049582 0.077470
0 0.682048 0.109434 0.046635 0.069150
0 0.502486 0.659288 0.050046 0.073096
0 0.078249 0.859026 0.043580 0.065037
0 0.262207 0.670605 0.051308 0.066347
0 0.247584 0.248357 0.049565 0.073427
0 0.376887 0.025620 0.043557 0.051239
0 0.176333 0.666075 0.043378 0.081279
0 0.976585 0.335624 0.044756 0.072207
0 0.137143 0.619667 0.049065 0.076697
0 0.705142 0.150687 0.047535 0.080346
0 0.092813 0.387552 0.046947 0.071876
0 0.409256 0.969167 0.052730 0.058072
0 0.142247 0.135665 0.046146 0.080887
0 0.672650 0.922876 0.045778 0.069502
0 0.648379 0.863176 0.044613 0.067975
0 0.082912 0.942539 0.050717 0.084255
0 0.030353 0.397178 0.046518 0.074290
0 0.608697 0.356379 0.048573 0.075321
0 0.809254 0.253496 0.046087 0.082129
0 0.024859 0.177161 0.046607 0.081218
0 0.159793 0.219569 0.057817 0.083028
0 0.745000 0.216513 0.050461 0.073102
0 0.781731 0.885896 0.053480 0.075521
0 0.986888 0.182034 0.024251 0.083475
0 0.057077 0.278916 0.047916 0.070290
0 0.504168 0.382127 0.047785 0.074293
0 0.412744 0.653245 0.038984 0.086753
0 0.270917 0.361765 0.049890 0.078648
0 0.435488 0.566094 0.048050 0.074598
0 0.134983 0.312081 0.051430 0.078488
0 0.301219 0.537010 0.044985 0.075955
0 0.531985 0.596211 0.054669 0.075478
0 0.106845 0.467308 0.048832 0.080462
0 0.375976 0.852138 0.046286 0.069025
0 0.621354 0.683970 0.050377 0.082090
0 0.189778 0.751108 0.046288 0.079831
0 0.185968 0.291304 0.050443 0.078671
0 0.411838 0.795149 0.051718 0.077647
0 0.053208 0.498065 0.046767 0.080637
0 0.704873 0.539374 0.048111 0.079630
0 0.822138 0.527807 0.049156 0.068375
0 0.101363 0.557217 0.049983 0.072639
0 0.066160 0.702909 0.046483 0.071882
0 0.814741 0.340778 0.050062 0.080671
0 0.485631 0.533751 0.054168 0.080674
0 0.798561 0.118583 0.048340 0.085505
0 0.524538 0.464008 0.049190 0.080127
0 0.369565 0.931829 0.051394 0.078847
0 0.310214 0.306816 0.048330 0.075920
0 0.458719 0.923866 0.051824 0.075380
0 0.435329 0.081781 0.048600 0.078537
0 0.083461 0.208737 0.050637 0.077343
0 0.847210 0.460628 0.050236 0.075357
0 0.096298 0.788669 0.054249 0.083989
0 0.550259 0.849549 0.047632 0.071886
0 0.835921 0.783749 0.049857 0.083053
0 0.662377 0.737588 0.052168 0.086914
0 0.334538 0.786475 0.056086 0.079765
0 0.454710 0.689820 0.049972 0.082005
0 0.382069 0.732159 0.052358 0.079135
0 0.594484 0.799079 0.050736 0.077345
0 0.184625 0.963737 0.055918 0.069164
0 0.720883 0.735937 0.056115 0.083387
0 0.784672 0.805468 0.049999 0.075246
0 0.139635 0.747879 0.047358 0.077231
0 0.171781 0.560811 0.044508 0.071571
0 0.976308 0.852094 0.045217 0.070333
0 0.719917 0.363923 0.048575 0.079662
0 0.765717 0.302690 0.050014 0.086182
0 0.165688 0.860703 0.050700 0.079618
0 0.664395 0.255645 0.053899 0.084741
0 0.650511 0.047558 0.049885 0.084638
0 0.804673 0.711386 0.049691 0.081919
0 0.900857 0.484735 0.053779 0.083094
0 0.600251 0.069162 0.049435 0.083601
0 0.857264 0.659435 0.048726 0.072261
0 0.978543 0.666753 0.040809 0.075233
0 0.567680 0.721564 0.054870 0.080730
0 0.716401 0.823882 0.057351 0.081542
0 0.907413 0.629696 0.050542 0.078268
0 0.230730 0.888201 0.053512 0.082536
0 0.365329 0.563805 0.047315 0.075147
0 0.300853 0.939029 0.055195 0.081468
0 0.499415 0.039387 0.053640 0.074662
0 0.506168 0.886567 0.047109 0.080522
0 0.982699 0.060024 0.032806 0.084028
0 0.728695 0.629372 0.052776 0.081598
0 0.893462 0.756849 0.049894 0.077888
0 0.753854 0.142763 0.041467 0.069077
0 0.763735 0.956046 0.051565 0.072910
0 0.444154 0.289136 0.047176 0.075765
0 0.876816 0.945920 0.049871 0.076224
0 0.375565 0.172329 0.048336 0.078403
0 0.458502 0.212661 0.050769 0.079721
0 0.900770 0.134039 0.047820 0.076841
0 0.752691 0.503851 0.052352 0.085483
0 0.905073 0.879076 0.049649 0.078930
0 0.750181 0.039916 0.050100 0.074091
0 0.859017 0.377314 0.048424 0.080167
0 0.933127 0.193856 0.057343 0.087460
0 0.369426 0.401217 0.048934 0.078699
0 0.859008 0.277195 0.051242 0.076549
0 0.591719 0.947768 0.053657 0.079550
0 0.964036 0.774839 0.051297 0.079130
0 0.938383 0.551584 0.057412 0.086006
0 0.960352 0.951862 0.054081 0.084368
0 0.942217 0.044097 0.045164 0.084359
0 0.535989 0.238387 0.060906 0.087063
0 0.893745 0.052390 0.047383 0.076695
0 0.929029 0.308203 0.048104 0.077905
0 0.833225 0.058143 0.055140 0.086370
1 0.454978 0.467056 0.053481 0.065054
1 0.462891 0.369892 0.039838 0.077565
1 0.539838 0.318599 0.058392 0.076731
1 0.639978 0.570892 0.044749 0.050876
1 0.678451 0.659716 0.044204 0.058382
1 0.786504 0.619683 0.046386 0.075063
1 0.239418 0.722269 0.045841 0.071726
2 0.183754 0.103837 0.029469 0.052544
2 0.642706 0.310259 0.030560 0.046706
2 0.302176 0.632193 0.019646 0.035029
2 0.061512 0.641368 0.024012 0.033361
2 0.686091 0.026272 0.020192 0.034195
2 0.888009 0.311510 0.018009 0.030859
4 0.492633 0.128440 0.075310 0.118432