0 0.995031 0.980207 0.008565 0.036800
0 0.003538 0.852641 0.007076 0.066373
0 0.994965 0.782197 0.008864 0.061893
0 0.006534 0.634944 0.013067 0.063418
0 0.489700 0.094417 0.049943 0.082251
0 0.008708 0.708530 0.017416 0.079222
0 0.884488 0.992728 0.041463 0.012127
0 0.114997 0.662556 0.049675 0.081021
0 0.008340 0.928567 0.016681 0.064890
0 0.128006 0.003855 0.028092 0.007710
0 0.456074 0.159650 0.049035 0.084169
0 0.789520 0.568118 0.054334 0.069273
0 0.006991 0.408507 0.013976 0.065721
0 0.325669 0.455271 0.050166 0.074941
0 0.886868 0.795782 0.050853 0.084101
0 0.550578 0.008271 0.036887 0.016531
0 0.719276 0.064576 0.049134 0.071261
0 0.406006 0.354977 0.053849 0.071820
0 0.297809 0.009241 0.045946 0.018481
0 0.034533 0.983882 0.051046 0.029120
0 0.800812 0.868925 0.045711 0.085970
0 0.700721 0.983812 0.044677 0.029080
0 0.363800 0.671075 0.047940 0.080015
0 0.091915 0.013320 0.043921 0.026640
0 0.934696 0.971121 0.048784 0.054569
0 0.116639 0.087458 0.044744 0.075602
0 0.681245 0.522427 0.047583 0.071220
0 0.791805 0.635291 0.057671 0.074065
0 0.898159 0.674305 0.047533 0.077393
0 0.856300 0.854279 0.047730 0.070287
0 0.734993 0.015526 0.050359 0.031038
0 0.171346 0.015234 0.043937 0.030468
0 0.428854 0.253995 0.056169 0.065567
0 0.656860 0.325627 0.056844 0.074825
0 0.832084 0.981169 0.049497 0.034447
0 0.828114 0.912123 0.051305 0.075755
0 0.413831 0.979687 0.055998 0.037343
0 0.030473 0.873896 0.045887 0.072115
0 0.028167 0.033876 0.056136 0.067751
0 0.272541 0.625790 0.052722 0.084082
0 0.015875 0.487974 0.031725 0.077024
0 0.592135 0.688754 0.056215 0.073931
0 0.634968 0.736877 0.053705 0.089677
0 0.419795 0.644066 0.043298 0.073576
0 0.890545 0.023614 0.051858 0.047228
0 0.861595 0.628357 0.044987 0.072048
0 0.233281 0.580644 0.046661 0.080638
0 0.475340 0.863933 0.047970 0.081924
0 0.537075 0.977958 0.051811 0.040799
0 0.981197 0.654166 0.035627 0.073741
0 0.735221 0.118886 0.053551 0.080347
0 0.504616 0.028115 0.045622 0.056200
0 0.792753 0.791758 0.045312 0.070267
0 0.501486 0.794566 0.047681 0.074684
0 0.673430 0.801068 0.052437 0.074117
0 0.282519 0.397504 0.043392 0.070384
0 0.374968 0.855033 0.050420 0.076745
0 0.668063 0.031698 0.050788 0.063343
0 0.134640 0.971122 0.052746 0.054369
0 0.446940 0.934111 0.046677 0.072167
0 0.015471 0.200735 0.030904 0.078601
0 0.560850 0.134844 0.046787 0.072915
0 0.151782 0.069512 0.047048 0.075826
0 0.201774 0.895193 0.046989 0.080342
0 0.236247 0.508273 0.049716 0.069689
0 0.708510 0.927382 0.050893 0.072870
0 0.802596 0.063169 0.051930 0.079082
0 0.495872 0.952849 0.043367 0.073705
0 0.629466 0.626402 0.054925 0.072812
0 0.538953 0.858079 0.046406 0.080457
0 0.305815 0.848067 0.046798 0.072309
0 0.631290 0.536733 0.049501 0.074643
0 0.250398 0.913731 0.052020 0.073911
0 0.470447 0.583339 0.051482 0.075634
0 0.390376 0.932384 0.057289 0.074465
0 0.150584 0.907589 0.054806 0.071065
0 0.896342 0.572770 0.047473 0.074400
0 0.022124 0.338761 0.044247 0.077396
0 0.733132 0.816084 0.050044 0.088735
0 0.069635 0.578763 0.043637 0.070061
0 0.648384 0.407959 0.049850 0.083683
0 0.038126 0.655840 0.050138 0.069710
0 0.791556 0.124548 0.050500 0.076930
0 0.479332 0.695839 0.047767 0.075829
0 0.384308 0.439574 0.048908 0.093570
0 0.873541 0.089677 0.045293 0.078230
0 0.032912 0.778621 0.045856 0.072111
0 0.128083 0.840482 0.051164 0.079690
0 0.652555 0.158604 0.047153 0.075860
0 0.310854 0.680450 0.050412 0.077529
0 0.975923 0.932671 0.046250 0.080951
0 0.610082 0.465802 0.054327 0.078103
0 0.749029 0.971908 0.047110 0.053062
0 0.290661 0.059183 0.045789 0.072424
0 0.581991 0.897522 0.051711 0.067945
0 0.214647 0.968693 0.057966 0.059197
0 0.765216 0.193784 0.048032 0.074330
0 0.112971 0.174568 0.049157 0.083334
0 0.022207 0.574102 0.044364 0.074641
0 0.043853 0.429648 0.047947 0.072300
0 0.887563 0.351581 0.047509 0.074214
0 0.826816 0.734363 0.049207 0.077731
0 0.018634 0.118835 0.037205 0.074885
0 0.398915 0.774154 0.053550 0.081006
0 0.125873 0.414484 0.053131 0.078311
0 0.083238 0.800915 0.051499 0.084333
0 0.210921 0.134784 0.048099 0.077806
0 0.550961 0.765527 0.050941 0.080591
0 0.920975 0.109556 0.044640 0.079189
0 0.079679 0.508577 0.042456 0.064499
0 0.605204 0.975225 0.055345 0.046281
0 0.504058 0.186212 0.048121 0.077724
0 0.601053 0.196980 0.048197 0.085131
0 0.522366 0.560557 0.049528 0.077699
0 0.351966 0.529507 0.047981 0.078876
0 0.156977 0.242639 0.052345 0.084785
0 0.981606 0.573461 0.034920 0.075106
0 0.164767 0.568609 0.045004 0.065839
0 0.945120 0.196354 0.049863 0.079927
0 0.702761 0.461749 0.057163 0.071390
0 0.166671 0.647383 0.049799 0.079145
0 0.712401 0.189889 0.048328 0.073313
0 0.938396 0.442332 0.048749 0.073851
0 0.428407 0.478746 0.051257 0.083118
0 0.700112 0.381511 0.051221 0.081791
0 0.565479 0.514229 0.049879 0.077200
0 0.941541 0.599195 0.045298 0.082317
0 0.704795 0.269906 0.052105 0.077451
0 0.781752 0.268587 0.047412 0.075753
0 0.631310 0.087491 0.051840 0.080001
0 0.314701 0.766338 0.054147 0.081081
0 0.315316 0.582014 0.050006 0.079597
0 0.211747 0.222935 0.049717 0.078575
0 0.861251 0.288314 0.051804 0.080720
0 0.067116 0.118072 0.051498 0.080065
0 0.971275 0.147707 0.053773 0.085285
0 0.571515 0.323085 0.048096 0.080309
0 0.954600 0.039880 0.054544 0.079374
0 0.195086 0.307412 0.049451 0.075755
0 0.808231 0.410279 0.049837 0.072165
0 0.150636 0.766989 0.051381 0.076024
0 0.845241 0.189353 0.048014 0.082528
0 0.160270 0.491465 0.051199 0.076849
0 0.107133 0.277822 0.056105 0.089451
0 0.343024 0.050726 0.051160 0.081284
0 0.262879 0.288753 0.052183 0.088913
0 0.263791 0.133358 0.049160 0.084097
0 0.905508 0.497567 0.060495 0.072241
0 0.545361 0.243588 0.049940 0.086080
0 0.212280 0.412368 0.043140 0.088879
0 0.800372 0.490563 0.055152 0.080788
0 0.046202 0.278646 0.056851 0.077781
0 0.504359 0.333182 0.055992 0.081595
0 0.375505 0.274729 0.048291 0.078522
0 0.339471 0.343254 0.054486 0.088019
0 0.322312 0.211715 0.053559 0.086590
0 0.975149 0.496733 0.047808 0.073562
0 0.375934 0.148067 0.054623 0.082539
0 0.969481 0.278149 0.053730 0.089250
0 0.955561 0.366799 0.050033 0.076430
1 0.099167 0.359466 0.037109 0.066722
1 0.688001 0.878649 0.055664 0.072560
1 0.924299 0.797331 0.040383 0.081735
1 0.686091 0.588824 0.049661 0.066722
1 0.536291 0.413261 0.053481 0.080901
2 0.172021 0.356130 0.024558 0.043369
2 0.544476 0.048374 0.036018 0.060050
2 0.552116 0.707256 0.022920 0.033361
2 0.718562 0.335279 0.025103 0.031693
2 0.769587 0.932027 0.021283 0.037531