0 0.002935 0.078094 0.005869 0.047709
0 0.002612 0.801060 0.005223 0.053521
0 0.996437 0.115850 0.006044 0.057392
0 0.996342 0.015289 0.006352 0.030578
0 0.996257 0.610780 0.006473 0.054173
0 0.988760 0.880769 0.020701 0.078810
0 0.390896 0.004552 0.035857 0.009038
0 0.011916 0.154963 0.023798 0.069589
0 0.994853 0.795651 0.008840 0.066222
0 0.108284 0.171989 0.053398 0.082323
0 0.777801 0.002713 0.039568 0.005337
0 0.817276 0.985279 0.044413 0.026373
0 0.557262 0.005410 0.039110 0.010803
0 0.991297 0.320022 0.015626 0.066820
0 0.107700 0.635132 0.050015 0.084856
0 0.730196 0.610859 0.047994 0.080394
0 0.667994 0.010123 0.049548 0.020246
0 0.157254 0.716161 0.051260 0.085142
0 0.960700 0.805865 0.049255 0.078985
0 0.587383 0.525442 0.051624 0.079755
0 0.045040 0.984638 0.051598 0.027476
0 0.465952 0.984405 0.050823 0.027851
0 0.455973 0.586352 0.052255 0.083843
0 0.017054 0.616281 0.034108 0.078869
0 0.015864 0.949509 0.031728 0.071140
0 0.729453 0.017970 0.048808 0.035939
0 0.215422 0.614607 0.053648 0.078092
0 0.486783 0.015950 0.051084 0.031900
0 0.153743 0.906231 0.050367 0.079308
0 0.154994 0.394909 0.048281 0.078377
0 0.036903 0.400014 0.048926 0.078762
0 0.099831 0.970914 0.052594 0.054732
0 0.032610 0.813346 0.047190 0.079924
0 0.315941 0.646611 0.050503 0.079333
0 0.635069 0.493474 0.051619 0.061421
0 0.638917 0.778160 0.052833 0.088148
0 0.103641 0.871650 0.052824 0.086008
0 0.056282 0.655396 0.049211 0.078649
0 0.903813 0.585400 0.049347 0.076107
0 0.235369 0.900083 0.051349 0.079251
0 0.132083 0.016597 0.049610 0.033194
0 0.016245 0.330305 0.032465 0.086491
0 0.808938 0.298185 0.050838 0.079749
0 0.763639 0.800299 0.049663 0.082875
0 0.498544 0.244278 0.050386 0.080881
0 0.786565 0.545762 0.050885 0.080204
0 0.783405 0.659756 0.047265 0.074440
0 0.104986 0.723932 0.050085 0.079870
0 0.528619 0.397298 0.054080 0.083314
0 0.860654 0.018641 0.049697 0.037282
0 0.917503 0.020250 0.051677 0.040500
0 0.527331 0.174496 0.044810 0.079955
0 0.261899 0.967293 0.045590 0.062142
0 0.219074 0.819153 0.043178 0.068885
0 0.373919 0.154883 0.060900 0.082028
0 0.793685 0.858214 0.054067 0.085303
0 0.289246 0.032000 0.048729 0.064000
0 0.019101 0.505907 0.038201 0.094488
0 0.681828 0.417376 0.052456 0.085627
0 0.776078 0.960114 0.044967 0.075607
0 0.194361 0.966864 0.058550 0.062805
0 0.973732 0.708127 0.048511 0.075898
0 0.687607 0.668003 0.046387 0.073362
0 0.948791 0.940355 0.049310 0.076360
0 0.385161 0.915443 0.045273 0.074120
0 0.594886 0.061799 0.052254 0.079061
0 0.027708 0.040492 0.055144 0.078347
0 0.413541 0.535642 0.045899 0.070913
0 0.558681 0.723317 0.051311 0.075720
0 0.573827 0.871205 0.048939 0.082247
0 0.582965 0.425828 0.053397 0.084592
0 0.683821 0.326326 0.051262 0.078679
0 0.426135 0.712796 0.054477 0.081816
0 0.898060 0.916967 0.049862 0.079321
0 0.800633 0.381919 0.049040 0.074013
0 0.637589 0.607282 0.049653 0.089923
0 0.556432 0.244190 0.051182 0.084006
0 0.513226 0.521492 0.047147 0.068373
0 0.635537 0.392172 0.040155 0.072080
0 0.399933 0.644231 0.049811 0.075870
0 0.358742 0.972073 0.055255 0.052372
0 0.080473 0.028994 0.051824 0.057988
0 0.537533 0.828510 0.046588 0.074486
0 0.841821 0.567883 0.053510 0.085220
0 0.340768 0.719781 0.055373 0.080259
0 0.637103 0.967694 0.058965 0.061006
0 0.761157 0.165416 0.053460 0.084537
0 0.328324 0.079683 0.049270 0.080781
0 0.168276 0.538477 0.050077 0.079126
0 0.060513 0.748160 0.048041 0.073823
0 0.735322 0.239664 0.045063 0.072861
0 0.551988 0.952980 0.051589 0.089777
0 0.400205 0.249302 0.048080 0.080333
0 0.209571 0.741632 0.058179 0.085134
0 0.713378 0.821796 0.052966 0.092355
0 0.067869 0.478518 0.051088 0.077129
0 0.492597 0.450228 0.050170 0.079828
0 0.610117 0.688279 0.053516 0.085241
0 0.749861 0.346638 0.049758 0.079305
0 0.358997 0.506333 0.050059 0.081028
0 0.707634 0.958698 0.055851 0.078991
0 0.742242 0.719572 0.044387 0.072717
0 0.261999 0.349087 0.053836 0.082346
0 0.815428 0.460503 0.055090 0.081752
0 0.037639 0.207654 0.051005 0.081570
0 0.509552 0.096804 0.052243 0.079965
0 0.185025 0.461324 0.048238 0.075409
0 0.059414 0.317389 0.047743 0.075387
0 0.917121 0.413190 0.048372 0.081748
0 0.911700 0.757663 0.049790 0.079148
0 0.483147 0.670422 0.054355 0.081062
0 0.694623 0.497640 0.052646 0.074307
0 0.487192 0.932756 0.053809 0.079745
0 0.883139 0.658271 0.056198 0.084301
0 0.430336 0.183638 0.048395 0.079488
0 0.287675 0.849151 0.057000 0.091585
0 0.309722 0.295359 0.051255 0.083721
0 0.826334 0.933848 0.060576 0.074876
0 0.972153 0.448240 0.051469 0.077728
0 0.874337 0.459734 0.050852 0.080109
0 0.250210 0.262887 0.054320 0.080396
0 0.926425 0.509562 0.044788 0.076333
0 0.682546 0.582332 0.046304 0.085733
0 0.327297 0.380302 0.052313 0.080090
0 0.838895 0.219640 0.053865 0.080130
0 0.379176 0.424365 0.047699 0.082348
0 0.223373 0.075993 0.049330 0.076363
0 0.447180 0.399043 0.056164 0.084307
0 0.683012 0.066994 0.051742 0.080513
0 0.328457 0.208925 0.053970 0.087469
0 0.144181 0.811800 0.053211 0.080465
0 0.308095 0.560407 0.059970 0.084275
0 0.419155 0.832599 0.047833 0.079993
0 0.682831 0.239107 0.052509 0.081918
0 0.575935 0.612433 0.051215 0.083975
0 0.262808 0.651418 0.052694 0.088534
0 0.812675 0.761301 0.054047 0.082826
0 0.199581 0.353340 0.047646 0.077160
0 0.165362 0.174032 0.052162 0.081325
0 0.735834 0.439692 0.049671 0.080444
0 0.584933 0.790819 0.053256 0.075236
0 0.673787 0.150276 0.052307 0.080704
0 0.510690 0.599342 0.047398 0.075880
0 0.474913 0.824535 0.056014 0.085938
0 0.091846 0.402026 0.049662 0.084013
0 0.114255 0.293268 0.054170 0.080981
0 0.865531 0.291743 0.054023 0.078216
0 0.426764 0.468881 0.053195 0.073376
0 0.858703 0.098688 0.054949 0.086995
0 0.165386 0.261410 0.050378 0.079307
0 0.525677 0.313101 0.050592 0.074234
0 0.954695 0.102402 0.046380 0.075060
0 0.601559 0.300555 0.053746 0.085984
0 0.366796 0.812741 0.051917 0.094402
0 0.775325 0.068473 0.047726 0.078207
0 0.230892 0.531602 0.054446 0.080053
0 0.264146 0.171805 0.049893 0.081990
0 0.413531 0.089230 0.051831 0.083733
0 0.924691 0.209772 0.050539 0.078058
0 0.963178 0.367191 0.052695 0.075979
0 0.433200 0.312426 0.053635 0.085510
0 0.955828 0.619077 0.052555 0.080809
1 0.185118 0.105088 0.042021 0.063386
1 0.465074 0.085071 0.043112 0.075063
2 0.304904 0.729775 0.020737 0.035029
2 0.675995 0.812761 0.021829 0.035863