0 0.002492 0.250622 0.004984 0.060653
0 0.003805 0.861602 0.007611 0.060621
0 0.234627 0.993897 0.038628 0.010459
0 0.004881 0.404646 0.009763 0.066758
0 0.004852 0.668245 0.009704 0.070417
0 0.597884 0.004170 0.039814 0.008340
0 0.737384 0.076131 0.051708 0.076922
0 0.019206 0.963830 0.038412 0.069605
0 0.237131 0.717024 0.045881 0.089740
0 0.128187 0.397391 0.058735 0.088970
0 0.835911 0.137473 0.064969 0.108771
0 0.497169 0.989182 0.042795 0.019030
0 0.934694 0.049825 0.053289 0.078066
0 0.906065 0.011075 0.047975 0.022150
0 0.960582 0.947364 0.066371 0.101925
0 0.558452 0.984062 0.053855 0.029178
0 0.744690 0.705434 0.049332 0.079945
0 0.767610 0.011210 0.042243 0.022421
0 0.629817 0.845643 0.065751 0.078048
0 0.175377 0.971253 0.053448 0.054432
0 0.338863 0.100840 0.052071 0.077095
0 0.855491 0.011929 0.040554 0.023858
0 0.022301 0.031337 0.044601 0.062662
0 0.431497 0.979178 0.049240 0.039147
0 0.611879 0.926225 0.049889 0.088494
0 0.981653 0.034345 0.035223 0.068660
0 0.454117 0.021611 0.047897 0.043222
0 0.068922 0.510150 0.056072 0.092360
0 0.037194 0.365018 0.048477 0.072641
0 0.331916 0.622073 0.053052 0.077709
0 0.987017 0.619591 0.024108 0.083901
0 0.078400 0.017951 0.050784 0.035902
0 0.263048 0.571631 0.047713 0.076489
0 0.693149 0.020117 0.052451 0.040233
0 0.111185 0.683725 0.061983 0.083212
0 0.240854 0.345544 0.043499 0.072158
0 0.081037 0.974441 0.052286 0.048048
0 0.565410 0.916306 0.051481 0.087387
0 0.221089 0.913687 0.052815 0.090562
0 0.020176 0.170565 0.040353 0.082994
0 0.244368 0.422772 0.049537 0.071099
0 0.049340 0.098184 0.059838 0.091097
0 0.702313 0.263860 0.054529 0.071981
0 0.382660 0.248970 0.046429 0.076707
0 0.027379 0.258406 0.042475 0.074686
0 0.195528 0.582819 0.049122 0.076124
0 0.155983 0.878390 0.050290 0.077880
0 0.115658 0.797983 0.050670 0.092523
0 0.561087 0.586884 0.049562 0.089819
0 0.514621 0.540933 0.051993 0.081666
0 0.691308 0.427528 0.046662 0.073523
0 0.881545 0.973575 0.051901 0.049942
0 0.438149 0.914491 0.062258 0.070142
0 0.819551 0.664822 0.049991 0.078728
0 0.054191 0.917585 0.042999 0.071753
0 0.127815 0.513817 0.052529 0.083518
0 0.791914 0.386453 0.056204 0.092869
0 0.108456 0.920451 0.050078 0.083361
0 0.828332 0.459510 0.052857 0.089549
0 0.072363 0.189803 0.051482 0.075324
0 0.426399 0.093664 0.049676 0.074022
0 0.384565 0.154713 0.042757 0.077540
0 0.341602 0.201419 0.053308 0.078961
0 0.206210 0.804632 0.053350 0.095325
0 0.703133 0.570236 0.053831 0.093005
0 0.293361 0.346311 0.049291 0.074595
0 0.313905 0.273579 0.051952 0.076234
0 0.641831 0.494471 0.067286 0.107025
0 0.565636 0.184554 0.063984 0.096356
0 0.882362 0.491457 0.050566 0.076844
0 0.128596 0.185250 0.050586 0.100752
0 0.822501 0.048565 0.056970 0.074360
0 0.681213 0.717694 0.057939 0.097749
0 0.812615 0.858606 0.044983 0.077044
0 0.503769 0.234826 0.048564 0.097021
0 0.797939 0.586459 0.055375 0.082199
0 0.192745 0.348768 0.045781 0.088928
0 0.387307 0.036553 0.053749 0.073107
0 0.425623 0.816590 0.059698 0.096082
0 0.358897 0.750906 0.056645 0.101164
0 0.059204 0.737079 0.055743 0.093078
0 0.561192 0.780452 0.053979 0.086383
0 0.874082 0.577129 0.052799 0.084881
0 0.750230 0.512295 0.054328 0.086429
0 0.572941 0.348203 0.045936 0.084317
0 0.490122 0.810511 0.058197 0.092046
0 0.952316 0.322033 0.069968 0.103637
0 0.057138 0.833126 0.052757 0.087117
0 0.644917 0.391019 0.049346 0.086531
0 0.418763 0.495129 0.053854 0.094974
0 0.261111 0.839871 0.053091 0.085820
0 0.798019 0.959764 0.057456 0.077822
0 0.884305 0.680036 0.050895 0.080527
0 0.448015 0.686723 0.051757 0.081629
0 0.910691 0.244800 0.053373 0.081375
0 0.897301 0.831883 0.049750 0.086843
0 0.254672 0.263816 0.055729 0.082229
0 0.380727 0.368118 0.056970 0.086277
0 0.466715 0.163096 0.049130 0.089119
0 0.395424 0.599651 0.054889 0.088501
0 0.196650 0.492067 0.061093 0.091340
0 0.183868 0.173200 0.052434 0.084216
0 0.170447 0.055864 0.052998 0.082234
0 0.741358 0.173244 0.052928 0.092757
0 0.269311 0.044447 0.059839 0.082160
0 0.643085 0.076672 0.059869 0.094484
0 0.941290 0.640673 0.058139 0.086000
0 0.556071 0.091588 0.058892 0.086924
0 0.938210 0.520324 0.052051 0.090569
1 0.288805 0.511676 0.044204 0.077565
1 0.832618 0.771059 0.046932 0.075897
2 0.180752 0.236030 0.024558 0.038365
2 0.239963 0.510425 0.020737 0.035029
2 0.215133 0.670142 0.020192 0.032527
2 0.521010 0.944120 0.030560 0.045038
2 0.721563 0.798999 0.026740 0.036697
2 0.606143 0.379066 0.024012 0.042535
2 0.023312 0.826105 0.019646 0.029191