0 0.596316 0.992961 0.048003 0.012270
0 0.103860 0.023324 0.056974 0.046602
0 0.004753 0.304335 0.009507 0.058480
0 0.703628 0.003647 0.038796 0.007294
0 0.615669 0.004944 0.038262 0.009888
0 0.894732 0.991550 0.038570 0.014312
0 0.803612 0.735571 0.050239 0.080428
0 0.989053 0.214224 0.020076 0.076587
0 0.573071 0.252201 0.050287 0.081427
0 0.892867 0.521121 0.065875 0.111367
0 0.958787 0.984711 0.064905 0.027725
0 0.536469 0.241383 0.051251 0.078996
0 0.025307 0.706127 0.050592 0.100558
0 0.666304 0.218311 0.046584 0.067808
0 0.817590 0.983602 0.045542 0.029690
0 0.045135 0.954914 0.061352 0.086981
0 0.045328 0.789240 0.048185 0.075615
0 0.371635 0.250103 0.052156 0.072484
0 0.600155 0.665423 0.046977 0.081001
0 0.425632 0.309959 0.068588 0.105627
0 0.147508 0.810862 0.045330 0.077098
0 0.876488 0.015800 0.046162 0.031565
0 0.022592 0.859596 0.045185 0.077949
0 0.322455 0.667470 0.052260 0.087566
0 0.176470 0.545602 0.069208 0.115398
0 0.287660 0.716121 0.055167 0.089876
0 0.260694 0.874170 0.050538 0.071838
0 0.517077 0.725249 0.047536 0.074501
0 0.632508 0.732215 0.050948 0.086072
0 0.385658 0.379863 0.048683 0.075122
0 0.921305 0.928181 0.056430 0.085085
0 0.794205 0.025393 0.048929 0.050787
0 0.507825 0.645789 0.055935 0.071414
0 0.212572 0.838636 0.050579 0.076525
0 0.931229 0.616708 0.053303 0.074392
0 0.744774 0.965691 0.049747 0.065624
0 0.982685 0.819138 0.032735 0.081622
0 0.066974 0.478863 0.054050 0.084849
0 0.099115 0.734432 0.078214 0.098972
0 0.979785 0.133166 0.038680 0.067659
0 0.519986 0.469281 0.044697 0.066121
0 0.709487 0.245132 0.052521 0.081388
0 0.114606 0.409515 0.052882 0.083453
0 0.756523 0.789429 0.053970 0.083145
0 0.371555 0.538393 0.051066 0.078047
0 0.236268 0.755479 0.056191 0.088154
0 0.457492 0.699923 0.053722 0.086667
0 0.646749 0.960474 0.055608 0.075751
0 0.723100 0.491372 0.047623 0.070797
0 0.856217 0.693829 0.053224 0.071255
0 0.890733 0.808236 0.051041 0.084733
0 0.614238 0.214021 0.047137 0.074612
0 0.567107 0.911336 0.048357 0.093493
0 0.757795 0.395408 0.049064 0.082041
0 0.359236 0.444803 0.046644 0.078078
0 0.701906 0.418074 0.058112 0.074516
0 0.588332 0.534492 0.050397 0.076952
0 0.176823 0.744451 0.053280 0.081236
0 0.576070 0.063071 0.052096 0.075915
0 0.639648 0.630692 0.052633 0.083414
0 0.932533 0.367416 0.055219 0.072039
0 0.929807 0.459857 0.050920 0.073056
0 0.196057 0.237450 0.049688 0.070753
0 0.505950 0.908503 0.052105 0.091229
0 0.682548 0.884256 0.059263 0.092615
0 0.744604 0.586091 0.058146 0.082023
0 0.393522 0.964780 0.053244 0.067128
0 0.829456 0.164493 0.055749 0.075404
0 0.123921 0.181300 0.064873 0.106807
0 0.654579 0.371754 0.060585 0.074255
0 0.976126 0.424617 0.045723 0.085627
0 0.431759 0.850690 0.047140 0.076797
0 0.484479 0.272617 0.050200 0.077267
0 0.430476 0.769475 0.054739 0.069541
0 0.763647 0.271107 0.046151 0.077510
0 0.152099 0.972705 0.051681 0.051426
0 0.122654 0.320403 0.053144 0.080031
0 0.269005 0.324983 0.045210 0.075156
0 0.187155 0.439842 0.055846 0.084069
0 0.386002 0.886969 0.051228 0.073960
0 0.745898 0.088517 0.053693 0.076663
0 0.813649 0.088589 0.051915 0.075664
0 0.687767 0.147845 0.053011 0.082778
0 0.307714 0.034577 0.053125 0.069100
0 0.609724 0.128147 0.051707 0.083473
0 0.221816 0.950370 0.051990 0.079546
0 0.656807 0.055227 0.052016 0.084734
0 0.917921 0.229948 0.052707 0.072257
0 0.037996 0.332849 0.062565 0.092678
0 0.307334 0.461262 0.051309 0.079168
0 0.342010 0.123892 0.048312 0.082948
0 0.845748 0.276619 0.055848 0.083103
0 0.974716 0.040331 0.048668 0.079445
0 0.285183 0.248255 0.043139 0.067452
0 0.126806 0.082254 0.051659 0.078299
0 0.570062 0.453956 0.049092 0.083492
0 0.433047 0.459156 0.050123 0.080709
0 0.918169 0.055122 0.053854 0.091316
0 0.491667 0.552451 0.056244 0.087371
0 0.723386 0.704214 0.050936 0.076846
0 0.468764 0.080635 0.048616 0.080504
0 0.226290 0.176829 0.048238 0.075165
0 0.027610 0.093430 0.043422 0.081631
0 0.971449 0.307060 0.051622 0.081448
0 0.520956 0.040521 0.057527 0.081041
0 0.076086 0.104054 0.045994 0.077005
0 0.416374 0.041679 0.054775 0.080287
0 0.454839 0.162602 0.050902 0.074993
0 0.399513 0.178886 0.053739 0.079716
0 0.814274 0.359730 0.054680 0.089758
0 0.276010 0.104980 0.057191 0.095444
0 0.918520 0.148982 0.055986 0.082262
1 0.225775 0.376564 0.036018 0.059216
1 0.188665 0.323186 0.050206 0.092577
1 0.643798 0.821518 0.043658 0.078399
1 0.683908 0.802335 0.049661 0.058382
1 0.782957 0.190158 0.042566 0.065054
3 0.018204 0.615513 0.036409 0.153461
3 0.953964 0.729358 0.092073 0.150959
2 0.007836 0.441201 0.015671 0.041701
2 0.057419 0.568807 0.023466 0.036697
2 0.467802 0.394078 0.030015 0.045872
2 0.638613 0.305254 0.028923 0.045038
2 0.799602 0.823186 0.038746 0.066722
2 0.727839 0.905338 0.030560 0.049208
2 0.743119 0.168057 0.020737 0.035863
2 0.874093 0.366555 0.019646 0.030859