0 0.996360 0.305295 0.005969 0.059360
0 0.004737 0.959838 0.009474 0.063660
0 0.009941 0.614123 0.019881 0.072900
0 0.658247 0.005210 0.035392 0.010392
0 0.038713 0.917511 0.056088 0.094786
0 0.148384 0.994374 0.041486 0.009349
0 0.416639 0.176653 0.050719 0.081491
0 0.004869 0.868962 0.009738 0.058814
0 0.990553 0.895575 0.017137 0.066934
0 0.257443 0.992795 0.033964 0.012062
0 0.578207 0.004435 0.050906 0.008869
0 0.563920 0.825137 0.054543 0.077762
0 0.540237 0.792362 0.049059 0.072659
0 0.217752 0.734978 0.051228 0.073482
0 0.988823 0.475513 0.020533 0.071730
0 0.751207 0.979701 0.046023 0.037584
0 0.778190 0.348246 0.075952 0.092110
0 0.168948 0.472326 0.049908 0.080553
0 0.125491 0.467329 0.052051 0.080915
0 0.833489 0.725409 0.052395 0.088003
0 0.590755 0.984324 0.047227 0.028156
0 0.820746 0.466670 0.057399 0.085754
0 0.716312 0.011776 0.051398 0.023553
0 0.621135 0.267332 0.052148 0.072165
0 0.339292 0.978786 0.046198 0.039153
0 0.392565 0.723382 0.043668 0.078158
0 0.106370 0.555068 0.046194 0.074797
0 0.613687 0.701040 0.051417 0.079655
0 0.375447 0.932381 0.073230 0.096358
0 0.515519 0.615145 0.052634 0.079269
0 0.156559 0.872462 0.052757 0.067552
0 0.526897 0.980694 0.050627 0.035554
0 0.438798 0.752865 0.052170 0.081551
0 0.013770 0.509882 0.027522 0.081712
0 0.523086 0.024829 0.047965 0.049615
0 0.056227 0.667463 0.047926 0.073014
0 0.660388 0.418170 0.061583 0.093332
0 0.341942 0.848989 0.064260 0.083674
0 0.016871 0.311530 0.033718 0.081820
0 0.715117 0.277531 0.047926 0.061926
0 0.667256 0.735724 0.053453 0.079208
0 0.076295 0.793701 0.051370 0.078667
0 0.625266 0.348765 0.054160 0.078484
0 0.913591 0.013647 0.053866 0.027295
0 0.985387 0.384361 0.027166 0.080869
0 0.767112 0.517455 0.061262 0.096185
0 0.132942 0.017945 0.054587 0.035889
0 0.489100 0.531475 0.055441 0.084497
0 0.260616 0.016921 0.055365 0.033843
0 0.362815 0.659347 0.049282 0.075526
0 0.779437 0.792150 0.058134 0.072025
0 0.096049 0.872678 0.054903 0.079521
0 0.626307 0.035772 0.045667 0.071545
0 0.271290 0.946264 0.056722 0.078189
0 0.617457 0.481807 0.050994 0.076622
0 0.311126 0.416603 0.044248 0.071494
0 0.630919 0.205340 0.051549 0.076135
0 0.571458 0.920219 0.048991 0.086826
0 0.498243 0.081319 0.048733 0.075956
0 0.488489 0.319752 0.054754 0.080837
0 0.224897 0.827642 0.052089 0.089742
0 0.402337 0.035945 0.051291 0.071890
0 0.532136 0.710437 0.054037 0.078851
0 0.654503 0.897357 0.048815 0.082838
0 0.073771 0.971193 0.062827 0.054357
0 0.056125 0.473743 0.052448 0.074648
0 0.315983 0.276343 0.059813 0.080357
0 0.121944 0.379566 0.053896 0.084531
0 0.387427 0.586261 0.054721 0.078641
0 0.278318 0.860207 0.053204 0.080909
0 0.902093 0.520708 0.046488 0.068210
0 0.692364 0.061191 0.050907 0.074798
0 0.209441 0.622354 0.049985 0.082278
0 0.701606 0.170957 0.052127 0.077639
0 0.536423 0.273454 0.045750 0.077543
0 0.906976 0.827485 0.060210 0.084878
0 0.739303 0.853581 0.055983 0.086175
0 0.785851 0.935545 0.055056 0.081933
0 0.945631 0.892182 0.053063 0.080022
0 0.966588 0.964127 0.052804 0.068383
0 0.276940 0.145241 0.054120 0.082103
0 0.856647 0.309775 0.046839 0.065890
0 0.038718 0.246526 0.052002 0.081547
0 0.878152 0.960764 0.060711 0.075233
0 0.337505 0.352402 0.051645 0.072263
0 0.266442 0.540255 0.049299 0.080243
0 0.268900 0.629619 0.060642 0.088136
0 0.856220 0.639808 0.058408 0.084517
0 0.740966 0.095860 0.050891 0.070815
0 0.875447 0.192153 0.053438 0.079705
0 0.232239 0.202914 0.048521 0.085182
0 0.913921 0.073265 0.047179 0.075332
0 0.195395 0.263749 0.052383 0.078587
0 0.446045 0.663123 0.049450 0.085650
0 0.849091 0.390690 0.053288 0.076244
0 0.853316 0.548969 0.055219 0.087782
0 0.953840 0.427536 0.050323 0.076799
0 0.687370 0.552709 0.058856 0.086275
0 0.136346 0.209185 0.051350 0.081570
0 0.363125 0.505894 0.052966 0.086227
0 0.429258 0.321323 0.049737 0.077850
0 0.446914 0.427450 0.051759 0.081064
0 0.313228 0.088388 0.059860 0.074612
0 0.522748 0.181870 0.061556 0.098401
0 0.245990 0.336060 0.053625 0.089393
0 0.447460 0.111634 0.052067 0.083408
0 0.247659 0.430728 0.054266 0.081397
0 0.711917 0.699749 0.055801 0.087102
0 0.666907 0.816450 0.057891 0.074919
0 0.141167 0.294682 0.056668 0.081682
0 0.981264 0.130156 0.035529 0.087910
0 0.523762 0.470133 0.052676 0.077622
0 0.110785 0.728583 0.055970 0.080242
0 0.867758 0.108569 0.051353 0.072317
0 0.051923 0.167167 0.061239 0.073735
0 0.898479 0.438281 0.051707 0.081571
0 0.159327 0.128095 0.052367 0.082024
0 0.955029 0.509476 0.050193 0.074755
0 0.060901 0.079695 0.052974 0.088382
0 0.961040 0.791257 0.051611 0.084862
1 0.010564 0.077148 0.021129 0.079233
1 0.284713 0.710175 0.058938 0.097581
1 0.598503 0.619683 0.063304 0.076731
1 0.574491 0.349458 0.051298 0.066722
1 0.349108 0.207256 0.051298 0.074229
1 0.806696 0.851960 0.051844 0.067556
3 0.409137 0.844871 0.085133 0.130108