0 0.623066 0.992042 0.027943 0.013237
0 0.010444 0.960311 0.020887 0.076600
0 0.002196 0.253094 0.004392 0.052651
0 0.995973 0.515273 0.006878 0.055547
0 0.949887 0.993599 0.034484 0.010547
0 0.806119 0.988661 0.032940 0.019924
0 0.032506 0.993212 0.036993 0.011244
0 0.803215 0.874308 0.054323 0.086069
0 0.006786 0.632102 0.013564 0.071589
0 0.988863 0.174559 0.020483 0.089715
0 0.197870 0.063156 0.039429 0.063785
0 0.178797 0.100288 0.057091 0.084234
0 0.964266 0.945445 0.050939 0.077352
0 0.712250 0.006561 0.041832 0.013122
0 0.006548 0.331294 0.013096 0.063362
0 0.108545 0.962314 0.056540 0.072221
0 0.273917 0.979563 0.049294 0.037556
0 0.789692 0.743276 0.055468 0.082360
0 0.391786 0.010420 0.049701 0.020840
0 0.095056 0.014890 0.053269 0.029781
0 0.024082 0.038899 0.048164 0.077798
0 0.156841 0.020902 0.048638 0.041805
0 0.022130 0.389856 0.044259 0.076865
0 0.212985 0.975661 0.057158 0.045332
0 0.602526 0.415980 0.052137 0.074013
0 0.232739 0.018393 0.044479 0.036785
0 0.424350 0.125729 0.053318 0.071002
0 0.922717 0.894554 0.049487 0.075155
0 0.299633 0.431633 0.054433 0.085019
0 0.949057 0.620290 0.051768 0.078039
0 0.858262 0.963608 0.051513 0.069465
0 0.729764 0.975739 0.048032 0.045313
0 0.917041 0.571056 0.055032 0.084504
0 0.289328 0.892078 0.049189 0.076961
0 0.789448 0.018401 0.049153 0.036802
0 0.780682 0.954385 0.056149 0.086535
0 0.220124 0.168132 0.047350 0.077415
0 0.176534 0.294208 0.050440 0.076706
0 0.025408 0.845156 0.050770 0.082658
0 0.326980 0.392472 0.049921 0.080776
0 0.977676 0.453172 0.042628 0.072587
0 0.840314 0.827028 0.048331 0.081009
0 0.092407 0.353534 0.057782 0.082803
0 0.450200 0.470231 0.054532 0.085441
0 0.167343 0.884747 0.060085 0.087216
0 0.848325 0.043362 0.054081 0.084532
0 0.972240 0.355402 0.050635 0.074202
0 0.487440 0.892244 0.051590 0.080094
0 0.427332 0.346386 0.048867 0.080992
0 0.520815 0.016859 0.053297 0.033717
0 0.051834 0.559714 0.048654 0.076482
0 0.313144 0.031839 0.048511 0.063678
0 0.173529 0.199310 0.053925 0.093926
0 0.972650 0.684017 0.052584 0.091563
0 0.490522 0.526663 0.049074 0.079234
0 0.588744 0.023466 0.059842 0.046933
0 0.091984 0.643349 0.061635 0.093887
0 0.939532 0.755675 0.050955 0.080287
0 0.106947 0.812058 0.053953 0.079741
0 0.534686 0.395652 0.049268 0.078994
0 0.356924 0.897845 0.052745 0.087583
0 0.558030 0.816476 0.054798 0.077316
0 0.225979 0.325025 0.048772 0.079060
0 0.056091 0.762117 0.056028 0.096308
0 0.170545 0.783749 0.055853 0.076151
0 0.473747 0.971206 0.054257 0.054227
0 0.907303 0.489726 0.052030 0.073439
0 0.664068 0.025186 0.058105 0.050372
0 0.379990 0.205798 0.055531 0.088046
0 0.857307 0.437489 0.049111 0.084289
0 0.634838 0.479562 0.050550 0.084690
0 0.085847 0.127525 0.047909 0.089740
0 0.454627 0.725449 0.049095 0.077860
0 0.653908 0.559679 0.055546 0.080573
0 0.746296 0.852134 0.060550 0.097733
0 0.695562 0.913222 0.046296 0.075892
0 0.803685 0.091715 0.048530 0.079375
0 0.250689 0.825235 0.058165 0.107745
0 0.282215 0.196448 0.056013 0.076168
0 0.747870 0.537945 0.053576 0.088140
0 0.180716 0.691066 0.055636 0.082532
0 0.449174 0.841746 0.058069 0.090943
0 0.733727 0.682895 0.056414 0.084322
0 0.921624 0.143964 0.047802 0.081339
0 0.559387 0.488637 0.055082 0.090293
0 0.972998 0.097815 0.052106 0.096128
0 0.401265 0.059046 0.055196 0.072176
0 0.972360 0.831010 0.046048 0.084500
0 0.825874 0.614197 0.051420 0.081106
0 0.651419 0.329805 0.051049 0.080311
0 0.921741 0.048257 0.047973 0.073652
0 0.481079 0.380681 0.054503 0.081831
0 0.537182 0.954069 0.059828 0.088630
0 0.750362 0.401642 0.060558 0.090574
0 0.298891 0.518530 0.054203 0.078016
0 0.301524 0.282219 0.051794 0.081594
0 0.326566 0.685908 0.060962 0.099952
0 0.365917 0.314562 0.055021 0.090781
0 0.250458 0.697443 0.050314 0.078485
0 0.549649 0.619269 0.047783 0.082791
0 0.696296 0.225959 0.056941 0.095365
0 0.810866 0.356979 0.047036 0.078709
0 0.509743 0.713447 0.056483 0.087201
0 0.909792 0.400938 0.049410 0.085017
0 0.556330 0.207704 0.057715 0.080767
0 0.494708 0.258270 0.049756 0.073956
0 0.638275 0.103841 0.055768 0.087892
0 0.333741 0.810590 0.057688 0.091518
0 0.590048 0.708682 0.054410 0.084313
0 0.866243 0.140483 0.050038 0.082665
0 0.743047 0.175100 0.050608 0.082047
0 0.942851 0.278506 0.056047 0.085445
0 0.605028 0.250481 0.053625 0.084861
1 0.446519 0.173895 0.063850 0.087573
1 0.596866 0.336113 0.045841 0.076731
1 0.682544 0.400334 0.053481 0.073394
2 0.242146 0.945371 0.028378 0.050876
2 0.526740 0.773561 0.033289 0.044204
2 0.801512 0.693495 0.026195 0.035863
2 0.747212 0.334445 0.032198 0.045038
1 0.613237 0.858215 0.062212 0.118432
3 0.253334 0.089658 0.080221 0.132611