0 0.009684 0.842794 0.019358 0.075535
0 0.995523 0.622660 0.007728 0.057497
0 0.365930 0.005944 0.039276 0.011824
0 0.002641 0.046030 0.005281 0.066069
0 0.992804 0.802844 0.012761 0.081544
0 0.451858 0.896117 0.051981 0.080729
0 0.879867 0.993277 0.044615 0.011310
0 0.986248 0.007211 0.026129 0.014419
0 0.540444 0.992767 0.034827 0.011982
0 0.190671 0.445406 0.057676 0.080028
0 0.063320 0.315197 0.046306 0.069463
0 0.991984 0.087294 0.014372 0.061792
0 0.749071 0.004666 0.038695 0.009333
0 0.580573 0.009761 0.045789 0.019471
0 0.987380 0.480885 0.023223 0.071672
0 0.135506 0.004746 0.039225 0.009491
0 0.274301 0.005549 0.046251 0.011091
0 0.083002 0.005619 0.033777 0.011238
0 0.671231 0.368136 0.052189 0.079012
0 0.702765 0.258998 0.061756 0.107628
0 0.899686 0.133704 0.053327 0.076586
0 0.100347 0.302104 0.047727 0.079836
0 0.343247 0.985113 0.044479 0.026608
0 0.215543 0.988090 0.048005 0.020837
0 0.441305 0.285017 0.055300 0.085933
0 0.212556 0.012269 0.053133 0.024538
0 0.163134 0.066178 0.055817 0.095141
0 0.419310 0.034261 0.051585 0.068522
0 0.015366 0.745629 0.030713 0.080049
0 0.116932 0.893130 0.047351 0.078740
0 0.014753 0.401341 0.029503 0.080087
0 0.984337 0.562456 0.029436 0.064913
0 0.123585 0.627258 0.049528 0.074375
0 0.026208 0.249306 0.052416 0.082868
0 0.613632 0.396431 0.054551 0.082755
0 0.165848 0.694004 0.059256 0.076435
0 0.591302 0.977232 0.048562 0.042362
0 0.747552 0.977133 0.057067 0.042573
0 0.015786 0.623418 0.031571 0.080376
0 0.042943 0.144512 0.052218 0.080496
0 0.560067 0.445078 0.051762 0.088249
0 0.363187 0.887573 0.055775 0.092501
0 0.273036 0.484182 0.054951 0.094086
0 0.393066 0.704842 0.059029 0.073892
0 0.828630 0.326831 0.052215 0.089555
0 0.673371 0.957436 0.054898 0.081705
0 0.121684 0.221041 0.043251 0.077981
0 0.213804 0.737360 0.053999 0.080990
0 0.505081 0.728187 0.056540 0.084163
0 0.379052 0.796574 0.050737 0.074534
0 0.661381 0.031753 0.050635 0.063506
0 0.056565 0.053410 0.047043 0.082430
0 0.663326 0.780590 0.047175 0.073908
0 0.737522 0.486603 0.052904 0.083775
0 0.066576 0.694212 0.051563 0.067987
0 0.618526 0.862867 0.061273 0.075853
0 0.330147 0.738504 0.058098 0.092942
0 0.402889 0.956158 0.053837 0.084030
0 0.322076 0.544711 0.052490 0.083194
0 0.651900 0.575366 0.051294 0.078988
0 0.511813 0.033996 0.048851 0.067952
0 0.821772 0.773497 0.056255 0.083414
0 0.395183 0.625059 0.050901 0.077182
0 0.216907 0.344262 0.050402 0.079489
0 0.508767 0.640120 0.055193 0.079052
0 0.569113 0.057392 0.053375 0.076511
0 0.735191 0.157242 0.049543 0.084904
0 0.876729 0.266794 0.057076 0.086415
0 0.446985 0.774506 0.070781 0.109846
0 0.312472 0.360100 0.052486 0.084943
0 0.564352 0.764975 0.048677 0.072169
0 0.448394 0.644070 0.047996 0.088509
0 0.204041 0.927882 0.054032 0.088082
0 0.107594 0.546850 0.061691 0.086304
0 0.467288 0.103259 0.054610 0.078736
0 0.977183 0.401707 0.043401 0.069336
0 0.254340 0.612327 0.058411 0.086659
0 0.478161 0.237343 0.046697 0.062367
0 0.160876 0.157815 0.047991 0.077706
0 0.769347 0.759700 0.050149 0.084524
0 0.144522 0.806167 0.052440 0.085527
0 0.827939 0.858078 0.061342 0.076645
0 0.506665 0.949601 0.049169 0.093415
0 0.921572 0.949579 0.049356 0.078739
0 0.176847 0.270703 0.050803 0.078846
0 0.611808 0.683823 0.057129 0.085706
0 0.759681 0.567148 0.047558 0.073143
0 0.565656 0.142655 0.051017 0.082365
0 0.971412 0.318126 0.051688 0.072493
0 0.970492 0.920134 0.055898 0.106353
0 0.617836 0.218733 0.055257 0.087005
0 0.939251 0.034183 0.052006 0.068366
0 0.981148 0.212928 0.035741 0.080604
0 0.366639 0.338444 0.052114 0.082792
0 0.882688 0.630101 0.051330 0.073358
0 0.284462 0.972474 0.057913 0.051834
0 0.701510 0.720139 0.060232 0.088285
0 0.723383 0.640031 0.053199 0.087748
0 0.561889 0.591530 0.061273 0.088821
0 0.337102 0.631753 0.054226 0.087321
0 0.932282 0.236893 0.055107 0.083146
0 0.329598 0.273466 0.061023 0.082130
0 0.718147 0.901631 0.063636 0.103454
0 0.665510 0.158987 0.054836 0.083225
0 0.732324 0.070001 0.053176 0.075738
0 0.882574 0.539600 0.057542 0.077726
0 0.947863 0.721738 0.056153 0.091554
0 0.467475 0.429483 0.051826 0.080824
0 0.843444 0.095105 0.050465 0.072198
0 0.916857 0.338639 0.054365 0.089610
0 0.366120 0.450560 0.054811 0.096175
0 0.452599 0.530978 0.047161 0.079478
0 0.936473 0.501052 0.059048 0.079506
1 0.802603 0.433695 0.050206 0.073394
1 0.809970 0.514178 0.048569 0.077565
1 0.778045 0.358632 0.042566 0.073394
1 0.775863 0.241034 0.045841 0.076731
1 0.223865 0.815263 0.052935 0.064220
1 0.099713 0.832777 0.038201 0.049208
2 0.102987 0.157631 0.032743 0.045038
2 0.037228 0.504587 0.042021 0.065054
2 0.630700 0.929942 0.033835 0.055046
2 0.987526 0.708507 0.024949 0.045872
2 0.768768 0.050459 0.037109 0.047540
2 0.521556 0.359049 0.026195 0.040867