0 0.996316 0.322296 0.006026 0.063442
0 0.056053 0.483058 0.055889 0.082769
0 0.774930 0.004393 0.031373 0.008621
0 0.002329 0.240938 0.004658 0.053719
0 0.857121 0.993966 0.034909 0.009833
0 0.991086 0.925197 0.016166 0.088854
0 0.468047 0.992882 0.042277 0.011806
0 0.713719 0.054816 0.050809 0.078568
0 0.990374 0.642198 0.017471 0.086301
0 0.990949 0.457659 0.016150 0.074964
0 0.693702 0.375980 0.054890 0.084896
0 0.952992 0.988648 0.042650 0.019830
0 0.346197 0.009497 0.049161 0.018994
0 0.091903 0.896535 0.060389 0.074462
0 0.302116 0.677076 0.055269 0.093104
0 0.011837 0.830141 0.023651 0.075569
0 0.090286 0.740773 0.043602 0.066567
0 0.248152 0.982411 0.054222 0.032060
0 0.038833 0.719514 0.049937 0.074241
0 0.062649 0.859304 0.054185 0.090498
0 0.059549 0.970754 0.048139 0.055305
0 0.736409 0.750159 0.046862 0.081365
0 0.695788 0.737046 0.046546 0.074025
0 0.202935 0.921557 0.042087 0.075015
0 0.475591 0.012165 0.053855 0.024330
0 0.805108 0.978716 0.052574 0.039337
0 0.653482 0.806492 0.051610 0.086284
0 0.456502 0.808858 0.047335 0.073893
0 0.129264 0.960722 0.053325 0.075294
0 0.260018 0.019384 0.049733 0.038767
0 0.986391 0.780533 0.025192 0.087521
0 0.636524 0.897347 0.047471 0.076936
0 0.266485 0.542589 0.048451 0.076952
0 0.361318 0.733892 0.054436 0.084426
0 0.868036 0.805446 0.044705 0.080135
0 0.749315 0.196946 0.048075 0.072018
0 0.411023 0.854759 0.051367 0.083457
0 0.325282 0.840760 0.055000 0.090114
0 0.208780 0.017534 0.043291 0.035069
0 0.700399 0.850070 0.042404 0.083011
0 0.547357 0.968466 0.047447 0.059606
0 0.260378 0.781307 0.058127 0.086416
0 0.947710 0.014861 0.046026 0.029723
0 0.287024 0.349719 0.048283 0.079643
0 0.237842 0.863029 0.050687 0.080411
0 0.144034 0.580107 0.054366 0.090670
0 0.022695 0.634077 0.045391 0.087614
0 0.164049 0.777126 0.052931 0.084751
0 0.710306 0.147747 0.049739 0.084568
0 0.629503 0.694686 0.056660 0.088292
0 0.193229 0.077310 0.055351 0.079443
0 0.141007 0.671616 0.054613 0.079496
0 0.672838 0.234524 0.055696 0.084941
0 0.516640 0.844354 0.048983 0.080882
0 0.811992 0.788682 0.053019 0.090770
0 0.662124 0.101141 0.049759 0.087042
0 0.601732 0.959763 0.051528 0.076921
0 0.609965 0.065831 0.055460 0.089788
0 0.806521 0.882567 0.059289 0.081566
0 0.186118 0.501892 0.049533 0.089086
0 0.869745 0.716330 0.050441 0.082244
0 0.591440 0.843037 0.051520 0.086857
0 0.145819 0.859806 0.057058 0.089564
0 0.468689 0.931330 0.063314 0.091508
0 0.407015 0.485260 0.054077 0.079742
0 0.206176 0.597351 0.052031 0.076575
0 0.516272 0.382680 0.047435 0.067381
0 0.923269 0.746235 0.052734 0.080164
0 0.321886 0.952619 0.058836 0.090914
0 0.832126 0.429945 0.053403 0.077068
0 0.111973 0.033356 0.053829 0.066713
0 0.128332 0.447967 0.045393 0.074515
0 0.720633 0.946435 0.046031 0.071611
0 0.740806 0.505482 0.044604 0.073193
0 0.848095 0.245106 0.059543 0.083023
0 0.786708 0.696890 0.050753 0.091696
0 0.081768 0.376760 0.056829 0.097565
0 0.234945 0.446574 0.049608 0.087910
0 0.490106 0.738396 0.054360 0.078325
0 0.317265 0.187101 0.054441 0.095598
0 0.160910 0.188518 0.052183 0.086156
0 0.127896 0.327140 0.050878 0.078674
0 0.912972 0.486287 0.049387 0.078616
0 0.389184 0.964303 0.054614 0.067943
0 0.858084 0.531176 0.050517 0.083450
0 0.355781 0.620222 0.056832 0.087785
0 0.594036 0.407701 0.050033 0.081708
0 0.658711 0.490394 0.050997 0.087097
0 0.321813 0.049572 0.049435 0.071799
0 0.322690 0.288267 0.047247 0.082460
0 0.944777 0.901962 0.047271 0.090261
0 0.370480 0.232704 0.053128 0.087139
0 0.242162 0.283298 0.051216 0.081153
0 0.805694 0.059460 0.047186 0.075943
0 0.799658 0.510742 0.056139 0.092458
0 0.957567 0.675546 0.051047 0.092171
0 0.679804 0.651886 0.052876 0.088094
0 0.232964 0.140677 0.053570 0.082834
0 0.428303 0.588963 0.047646 0.076015
0 0.727059 0.288826 0.053354 0.089286
0 0.560446 0.120235 0.060422 0.099195
0 0.939354 0.575886 0.057592 0.096001
0 0.577632 0.520262 0.050475 0.084958
0 0.832833 0.340475 0.055297 0.081908
0 0.545249 0.224795 0.054137 0.087515
0 0.409564 0.157186 0.052982 0.090577
0 0.453348 0.283189 0.049254 0.082583
0 0.025011 0.111239 0.049994 0.092402
0 0.406525 0.398593 0.061574 0.078975
0 0.981607 0.240162 0.034966 0.097649
0 0.526887 0.560754 0.055449 0.085674
0 0.073340 0.250989 0.057187 0.099583
0 0.480288 0.200423 0.050567 0.080757
0 0.913198 0.282203 0.056741 0.087416
0 0.391732 0.067057 0.057238 0.078556
0 0.903548 0.191699 0.059508 0.084065
1 0.781866 0.130108 0.052389 0.073394
1 0.424963 0.753128 0.066578 0.065054
1 0.451976 0.673061 0.043112 0.091743
1 0.916386 0.839867 0.046386 0.076731
2 0.073245 0.678899 0.026740 0.041701
2 0.193577 0.744787 0.027286 0.048374
2 0.554572 0.017932 0.028923 0.035863
2 0.661807 0.168474 0.025103 0.033361
2 0.765494 0.608841 0.032743 0.048374
2 0.821703 0.008340 0.022920 0.016681