0 0.997052 0.111982 0.005049 0.062752
0 0.011865 0.593333 0.023729 0.050286
0 0.985896 0.980229 0.026434 0.036762
0 0.584169 0.674892 0.042737 0.069993
0 0.950399 0.975722 0.051412 0.045527
0 0.018363 0.643471 0.036625 0.068991
0 0.145600 0.004634 0.031608 0.009244
0 0.570089 0.617760 0.047319 0.072634
0 0.017950 0.537256 0.035857 0.071907
0 0.274598 0.004507 0.041044 0.009015
0 0.035005 0.694978 0.047858 0.073269
0 0.897566 0.334717 0.076610 0.087939
0 0.839554 0.337273 0.061712 0.113273
0 0.850582 0.557287 0.050931 0.072716
0 0.890782 0.540295 0.046297 0.068337
0 0.048636 0.850158 0.055890 0.110468
0 0.992637 0.202386 0.013088 0.060989
0 0.055154 0.751632 0.046657 0.074336
0 0.067610 0.654178 0.051083 0.070470
0 0.396796 0.008376 0.042944 0.016752
0 0.990150 0.274717 0.017980 0.070322
0 0.137084 0.288964 0.050381 0.124453
0 0.320660 0.340853 0.080586 0.084279
0 0.355758 0.984325 0.045954 0.028042
0 0.017537 0.910594 0.035074 0.080248
0 0.301598 0.190810 0.079997 0.074222
0 0.695805 0.984238 0.045044 0.028474
0 0.502445 0.065082 0.080431 0.092266
0 0.071092 0.559617 0.049532 0.107920
0 0.574607 0.981101 0.049306 0.034684
0 0.548216 0.014959 0.047026 0.029857
0 0.607612 0.813290 0.057757 0.116371
0 0.460202 0.017182 0.047266 0.034363
0 0.404872 0.975347 0.044666 0.046060
0 0.236194 0.653863 0.073848 0.076432
0 0.127977 0.592072 0.069763 0.090522
0 0.306929 0.797695 0.055334 0.119352
0 0.984304 0.606289 0.029428 0.076845
0 0.816261 0.016274 0.040748 0.032458
0 0.911216 0.443452 0.053768 0.116104
0 0.088079 0.421816 0.041888 0.065713
0 0.043000 0.403057 0.045302 0.077617
0 0.921011 0.925686 0.050218 0.073998
0 0.149383 0.805966 0.045257 0.074441
0 0.851556 0.871231 0.059652 0.108705
0 0.974972 0.902071 0.048171 0.102338
0 0.132394 0.734184 0.047240 0.078274
0 0.677714 0.034398 0.051155 0.068796
0 0.118096 0.876495 0.042580 0.072215
0 0.864319 0.034363 0.045907 0.068709
0 0.824540 0.970243 0.049731 0.056313
0 0.797826 0.800756 0.060056 0.096479
0 0.247598 0.501492 0.075806 0.141192
0 0.451919 0.726811 0.038597 0.067593
0 0.874038 0.964789 0.042632 0.065834
0 0.125930 0.493847 0.077164 0.098332
0 0.061553 0.946161 0.049139 0.074560
0 0.206599 0.833561 0.050172 0.075107
0 0.869152 0.746736 0.044604 0.072326
0 0.317766 0.897365 0.053213 0.071425
0 0.452664 0.919678 0.045710 0.069503
0 0.300365 0.118280 0.045592 0.073749
0 0.251740 0.807873 0.041323 0.066466
0 0.164012 0.892667 0.049796 0.070255
0 0.925489 0.709021 0.072802 0.078221
0 0.512528 0.834249 0.045989 0.070621
0 0.259553 0.947981 0.041403 0.071607
0 0.913531 0.849478 0.048825 0.073890
0 0.302439 0.965268 0.044934 0.066274
0 0.146317 0.972331 0.052481 0.052097
0 0.512958 0.234988 0.080531 0.088153
0 0.193106 0.571551 0.042951 0.075713
0 0.855049 0.438463 0.050518 0.076449
0 0.028549 0.336904 0.057098 0.085755
0 0.376483 0.100033 0.069498 0.094746
0 0.024248 0.144248 0.048495 0.076087
0 0.799427 0.612268 0.044095 0.074257
0 0.397014 0.325039 0.046663 0.065112
0 0.422675 0.176303 0.063756 0.108593
0 0.951659 0.780375 0.046628 0.069599
0 0.594931 0.031861 0.046358 0.063721
0 0.912098 0.027121 0.042827 0.054176
0 0.979847 0.503135 0.038224 0.074332
0 0.653370 0.951433 0.044663 0.080723
0 0.514117 0.156036 0.047134 0.075346
0 0.322424 0.437112 0.066272 0.097919
0 0.786664 0.921809 0.047541 0.076622
0 0.908777 0.611134 0.060518 0.091422
0 0.592540 0.345269 0.048192 0.073830
0 0.860522 0.098689 0.049445 0.068439
0 0.434235 0.282088 0.044689 0.069298
0 0.185461 0.420202 0.048962 0.081269
0 0.794567 0.709714 0.079274 0.083672
0 0.904243 0.147531 0.045258 0.073113
0 0.284888 0.571476 0.041887 0.070697
0 0.439655 0.076202 0.042720 0.072225
0 0.562241 0.855676 0.050184 0.081202
0 0.592888 0.560591 0.052135 0.065935
0 0.669644 0.833952 0.048062 0.075496
0 0.953879 0.068203 0.038564 0.065297
0 0.662897 0.239866 0.042383 0.072023
0 0.724382 0.920246 0.046647 0.075423
0 0.515310 0.614344 0.042510 0.077502
0 0.211705 0.022919 0.049240 0.045838
0 0.611648 0.171228 0.055582 0.073906
0 0.289786 0.263492 0.047934 0.067330
0 0.779578 0.030419 0.048990 0.060582
0 0.175760 0.689187 0.049563 0.077899
0 0.712817 0.703403 0.045580 0.069050
0 0.689739 0.417900 0.041368 0.070396
0 0.243969 0.110487 0.044782 0.085535
0 0.503364 0.756926 0.050958 0.077053
0 0.324131 0.707947 0.051382 0.080311
0 0.277995 0.051342 0.054466 0.075512
0 0.192140 0.311245 0.064432 0.095150
0 0.629851 0.730930 0.047654 0.086078
0 0.402440 0.764711 0.068839 0.075250
0 0.101573 0.178285 0.074613 0.080744
0 0.658751 0.545840 0.045958 0.069052
0 0.749982 0.604192 0.047982 0.078570
0 0.447437 0.845429 0.045483 0.078645
0 0.699456 0.272649 0.045247 0.073801
0 0.935683 0.208045 0.047225 0.078425
0 0.362691 0.861454 0.048158 0.074502
0 0.647328 0.626588 0.048142 0.074758
0 0.965828 0.322554 0.053756 0.081233
0 0.579420 0.095419 0.050902 0.071184
0 0.705811 0.343287 0.047431 0.072041
0 0.222136 0.243909 0.045622 0.074612
0 0.484232 0.676697 0.052333 0.081949
0 0.523782 0.329178 0.050198 0.072516
0 0.730294 0.526093 0.050521 0.079511
0 0.620305 0.260623 0.045986 0.077527
0 0.523846 0.507468 0.048473 0.070277
0 0.486140 0.393725 0.046315 0.087207
0 0.469681 0.506000 0.047899 0.069872
0 0.635563 0.482957 0.049065 0.074899
0 0.641525 0.368610 0.048552 0.080355
0 0.800178 0.131943 0.058572 0.079149
0 0.453807 0.579655 0.044833 0.074310
0 0.361644 0.649520 0.053695 0.077531
0 0.776911 0.437062 0.052613 0.081757
0 0.405399 0.418565 0.047610 0.078741
0 0.367198 0.491086 0.044284 0.080963
0 0.569951 0.469057 0.054627 0.075110
0 0.405039 0.603579 0.050647 0.085139
2 0.361181 0.180572 0.021057 0.032181
2 0.048448 0.191299 0.019497 0.029797
2 0.725776 0.246722 0.017157 0.033373
2 0.598265 0.224076 0.021057 0.028605
2 0.833789 0.048272 0.016378 0.032181
2 0.721876 0.646603 0.023396 0.039333
2 0.776078 0.656138 0.022617 0.022646
2 0.537044 0.561383 0.018717 0.033373
2 0.094851 0.991657 0.023396 0.016687
4 0.706279 0.121573 0.184052 0.209774
2 0.717587 0.453516 0.014818 0.022646
2 0.589686 0.732420 0.016378 0.027414
2 0.176349 0.765793 0.024176 0.032181