0 0.002862 0.338928 0.005725 0.057214
0 0.453320 0.991828 0.034964 0.013716
0 0.002374 0.030514 0.004749 0.047065
0 0.002848 0.681656 0.005697 0.066499
0 0.994521 0.821144 0.009567 0.064931
0 0.089993 0.993410 0.041010 0.011116
0 0.259699 0.158436 0.045060 0.077093
0 0.991077 0.985332 0.015961 0.026553
0 0.007877 0.422183 0.015754 0.071485
0 0.025746 0.004520 0.034350 0.009018
0 0.351089 0.735289 0.050850 0.075530
0 0.990311 0.233772 0.017611 0.072604
0 0.415048 0.255005 0.049036 0.074243
0 0.025348 0.990105 0.041859 0.017195
0 0.521216 0.089637 0.056340 0.079330
0 0.031082 0.873633 0.052644 0.080860
0 0.031500 0.765681 0.053634 0.075376
0 0.020497 0.942519 0.040993 0.069404
0 0.087592 0.939551 0.049317 0.079707
0 0.077182 0.726196 0.042558 0.081519
0 0.363180 0.814723 0.048159 0.073870
0 0.815520 0.046388 0.070137 0.092775
0 0.306888 0.801597 0.050328 0.083453
0 0.759365 0.541506 0.048234 0.074847
0 0.173012 0.022095 0.047621 0.044156
0 0.468412 0.455279 0.048719 0.077334
0 0.277590 0.966695 0.065891 0.063406
0 0.185759 0.898080 0.052166 0.080031
0 0.143146 0.957921 0.056123 0.080880
0 0.197419 0.805680 0.059860 0.072836
0 0.381964 0.896406 0.044946 0.084158
0 0.022039 0.562623 0.044079 0.082437
0 0.282330 0.638798 0.062943 0.107267
0 0.240811 0.736477 0.061612 0.092696
0 0.920969 0.021147 0.045805 0.042279
0 0.520790 0.724639 0.052601 0.082242
0 0.515190 0.626428 0.047038 0.072837
0 0.731286 0.501171 0.054387 0.077810
0 0.026222 0.279078 0.052445 0.089318
0 0.739860 0.018156 0.047491 0.036312
0 0.507067 0.020366 0.054400 0.040732
0 0.243578 0.210511 0.050127 0.072472
0 0.209224 0.148248 0.050126 0.065330
0 0.901530 0.807561 0.048144 0.065994
0 0.644806 0.024539 0.052032 0.049030
0 0.676263 0.615495 0.047691 0.070123
0 0.804075 0.758241 0.047140 0.070630
0 0.877559 0.653316 0.050538 0.070304
0 0.387175 0.653328 0.051840 0.084462
0 0.984749 0.155758 0.028644 0.073138
0 0.424674 0.416078 0.046198 0.079028
0 0.513940 0.811183 0.050123 0.078104
0 0.069319 0.326308 0.055251 0.084255
0 0.527887 0.394385 0.057700 0.080326
0 0.148449 0.613707 0.057224 0.084920
0 0.222330 0.570479 0.054690 0.085605
0 0.549458 0.917602 0.051074 0.076568
0 0.357882 0.034431 0.048319 0.068862
0 0.889407 0.375223 0.048719 0.075895
0 0.975407 0.024559 0.047163 0.049118
0 0.882035 0.734785 0.056925 0.079922
0 0.643374 0.981971 0.054228 0.032985
0 0.753205 0.785966 0.044414 0.086773
0 0.435789 0.512425 0.048717 0.071932
0 0.898342 0.580085 0.051025 0.074779
0 0.934675 0.632397 0.048907 0.074244
0 0.123920 0.496128 0.051226 0.079605
0 0.311624 0.549357 0.053678 0.079291
0 0.327018 0.468223 0.047657 0.067821
0 0.728367 0.660378 0.056386 0.086114
0 0.074440 0.535225 0.056242 0.091650
0 0.842494 0.590211 0.046981 0.075125
0 0.088757 0.234138 0.048253 0.076283
0 0.134416 0.371856 0.042299 0.070780
0 0.590546 0.545541 0.048076 0.068961
0 0.563316 0.652324 0.051410 0.103652
0 0.762866 0.962381 0.050075 0.071975
0 0.511193 0.548688 0.047858 0.066316
0 0.293275 0.381893 0.049212 0.073960
0 0.628375 0.859846 0.053139 0.077663
0 0.492693 0.939738 0.050448 0.084361
0 0.769158 0.102014 0.051125 0.077257
0 0.894118 0.075025 0.051974 0.080436
0 0.689699 0.326746 0.055989 0.076684
0 0.761758 0.184845 0.053246 0.079043
0 0.621855 0.640224 0.047197 0.075128
0 0.656058 0.093203 0.056568 0.084327
0 0.836570 0.237209 0.058985 0.075812
0 0.829619 0.436658 0.049518 0.079862
0 0.885999 0.277856 0.049853 0.076537
0 0.413276 0.154852 0.051444 0.082285
0 0.807864 0.510944 0.048873 0.076206
0 0.349640 0.393454 0.049093 0.074350
0 0.469701 0.339047 0.056673 0.088667
0 0.070441 0.046801 0.054372 0.076343
0 0.178674 0.319653 0.049168 0.068075
0 0.963330 0.843215 0.046230 0.081765
0 0.932888 0.240592 0.044519 0.069958
0 0.467865 0.136306 0.052791 0.077543
0 0.906238 0.481352 0.050603 0.079893
0 0.291073 0.307378 0.047323 0.067865
0 0.724649 0.403107 0.056290 0.089869
0 0.227202 0.286691 0.051876 0.074767
0 0.056722 0.120611 0.048425 0.063265
0 0.587946 0.069216 0.055960 0.083519
0 0.169608 0.441407 0.051670 0.089352
0 0.742840 0.274400 0.057409 0.079664
0 0.922647 0.161281 0.051793 0.079191
0 0.304000 0.219046 0.054481 0.082262
0 0.203877 0.070007 0.049031 0.084633
0 0.620689 0.269613 0.045202 0.078765
0 0.581185 0.330688 0.058023 0.087618
0 0.356333 0.172743 0.053409 0.082922
0 0.826773 0.947522 0.051255 0.077241
1 0.044868 0.194746 0.052935 0.064220
1 0.142825 0.050459 0.051298 0.082569
1 0.480627 0.674312 0.043658 0.075897
1 0.567942 0.463303 0.053481 0.089241
1 0.791689 0.591326 0.046932 0.066722
1 0.884734 0.934529 0.042021 0.077565
1 0.728112 0.870726 0.061667 0.078399
1 0.946674 0.340701 0.057847 0.082569
3 0.092073 0.832777 0.085133 0.145955
3 0.420052 0.757715 0.093864 0.144287
2 0.109809 0.166806 0.026740 0.036697
2 0.031497 0.032944 0.019646 0.037531
2 0.370664 0.441618 0.027832 0.040867
2 0.302994 0.918265 0.021283 0.033361