0 0.009631 0.205415 0.019232 0.078998
0 0.977216 0.216184 0.043705 0.078346
0 0.029790 0.920909 0.051087 0.077314
0 0.988890 0.684710 0.020442 0.076495
0 0.989667 0.796114 0.018954 0.080717
0 0.753554 0.007711 0.037307 0.015421
0 0.984521 0.015091 0.029685 0.030133
0 0.502877 0.964048 0.047923 0.068574
0 0.242325 0.120207 0.059131 0.075705
0 0.019793 0.985068 0.039587 0.027037
0 0.109486 0.985695 0.051382 0.025906
0 0.206116 0.404812 0.052268 0.088421
0 0.986534 0.070182 0.025134 0.080050
0 0.592017 0.981041 0.052865 0.034810
0 0.236817 0.058916 0.052994 0.080997
0 0.404306 0.706490 0.046485 0.069762
0 0.986097 0.943739 0.025960 0.096659
0 0.657507 0.742237 0.052931 0.083488
0 0.615048 0.932711 0.044415 0.071000
0 0.609915 0.717201 0.052662 0.089745
0 0.436273 0.800449 0.065825 0.098759
0 0.657573 0.962671 0.044483 0.071307
0 0.986127 0.333604 0.025836 0.087138
0 0.824231 0.776864 0.044642 0.076356
0 0.901409 0.645321 0.050682 0.079394
0 0.059060 0.447901 0.050492 0.077532
0 0.063228 0.640614 0.049718 0.076383
0 0.647912 0.848722 0.048580 0.077978
0 0.199735 0.726528 0.050806 0.087638
0 0.343070 0.015977 0.049094 0.031953
0 0.823108 0.623120 0.052235 0.079816
0 0.092122 0.034166 0.049676 0.068332
0 0.434003 0.617882 0.056302 0.086843
0 0.614270 0.596622 0.051136 0.089232
0 0.898869 0.015354 0.048045 0.030709
0 0.706974 0.298405 0.061788 0.101397
0 0.420203 0.015861 0.057480 0.031722
0 0.792594 0.965604 0.064332 0.065776
0 0.182161 0.030206 0.058602 0.060411
0 0.522491 0.506317 0.057085 0.081480
0 0.900069 0.845035 0.047317 0.073467
0 0.536578 0.850656 0.052901 0.085171
0 0.762282 0.745905 0.052680 0.090264
0 0.513347 0.595836 0.049443 0.077891
0 0.847049 0.693623 0.045386 0.075010
0 0.805919 0.035533 0.064511 0.071067
0 0.564485 0.770965 0.053809 0.091333
0 0.072861 0.780479 0.068020 0.112105
0 0.656047 0.268653 0.045947 0.075200
0 0.563266 0.563147 0.050946 0.083657
0 0.022433 0.581591 0.044866 0.087367
0 0.468734 0.397771 0.060345 0.088938
0 0.104597 0.500833 0.054122 0.077804
0 0.472792 0.721746 0.055439 0.088252
0 0.740557 0.226011 0.047939 0.077011
0 0.249533 0.799705 0.048061 0.077985
0 0.928677 0.925057 0.050894 0.096188
0 0.683017 0.030878 0.052547 0.061755
0 0.133528 0.413193 0.048519 0.075530
0 0.682080 0.633090 0.052944 0.078522
0 0.698066 0.550182 0.051029 0.079453
0 0.282788 0.587303 0.052681 0.084882
0 0.136779 0.932309 0.053620 0.086631
0 0.352470 0.163861 0.052461 0.079195
0 0.138937 0.637020 0.054783 0.079710
0 0.755760 0.514832 0.046977 0.076118
0 0.421490 0.523441 0.056108 0.085082
0 0.863845 0.544636 0.048907 0.077351
0 0.244764 0.670375 0.055883 0.090081
0 0.908815 0.446840 0.053523 0.079022
0 0.146181 0.554438 0.044651 0.074175
0 0.342212 0.609132 0.054888 0.087304
0 0.145672 0.808179 0.054811 0.078944
0 0.945319 0.705108 0.049853 0.073648
0 0.277298 0.921324 0.055236 0.087808
0 0.024177 0.354525 0.048353 0.081818
0 0.679384 0.465621 0.055617 0.083671
0 0.962636 0.474857 0.050277 0.082838
0 0.175011 0.194252 0.056733 0.079492
0 0.806545 0.517475 0.051051 0.083894
0 0.422014 0.153168 0.048716 0.084504
0 0.372226 0.397588 0.055494 0.079308
0 0.946739 0.585704 0.057496 0.086419
0 0.756572 0.649925 0.052605 0.078135
0 0.083255 0.370882 0.055088 0.085827
0 0.290568 0.484344 0.052458 0.077792
0 0.561252 0.147352 0.059361 0.068124
0 0.180092 0.280258 0.049782 0.072780
0 0.383047 0.093486 0.054464 0.076848
0 0.942812 0.792138 0.051975 0.082411
0 0.937617 0.271443 0.051162 0.077276
0 0.292642 0.059772 0.051209 0.084564
0 0.103503 0.276630 0.054366 0.085083
0 0.583010 0.312950 0.056835 0.083224
0 0.488824 0.160433 0.048614 0.087005
0 0.872557 0.129633 0.051330 0.084176
0 0.931664 0.358435 0.053655 0.078621
0 0.608988 0.218929 0.055659 0.084625
0 0.264684 0.321688 0.054580 0.083010
0 0.349854 0.267516 0.049053 0.079724
0 0.561504 0.062078 0.050297 0.091597
0 0.498017 0.281895 0.057316 0.088124
0 0.280862 0.230681 0.052817 0.088151
1 0.022570 0.038365 0.045140 0.076731
1 0.190848 0.352794 0.041475 0.056714
1 0.342286 0.688073 0.040929 0.056714
1 0.708193 0.797748 0.066578 0.055880
1 0.706010 0.167223 0.033835 0.095913
2 0.144189 0.146789 0.032198 0.053378
2 0.456069 0.200167 0.031652 0.045038
2 0.699461 0.963720 0.032743 0.059216