0 0.005835 0.467137 0.011668 0.081800
0 0.008861 0.983853 0.017722 0.029805
0 0.004742 0.650633 0.009484 0.057363
0 0.993359 0.043677 0.011808 0.057723
0 0.801984 0.660604 0.067778 0.103738
0 0.320674 0.015333 0.048792 0.030666
0 0.790568 0.991881 0.037621 0.013616
0 0.154757 0.959565 0.056316 0.077586
0 0.620055 0.991361 0.039641 0.014548
0 0.961275 0.963781 0.053194 0.069123
0 0.439510 0.989598 0.043635 0.017960
0 0.801718 0.752193 0.048399 0.072128
0 0.062602 0.008629 0.040082 0.017258
0 0.107737 0.914921 0.060125 0.093473
0 0.344775 0.897260 0.052954 0.083597
0 0.985609 0.568702 0.026825 0.077476
0 0.838036 0.772733 0.048110 0.079169
0 0.510895 0.569812 0.043983 0.068832
0 0.020055 0.200973 0.040111 0.088583
0 0.101909 0.669463 0.051929 0.083051
0 0.740598 0.977778 0.043006 0.041631
0 0.089291 0.839510 0.047563 0.072158
0 0.067801 0.604696 0.050179 0.080616
0 0.047725 0.810711 0.052161 0.081211
0 0.972379 0.877034 0.053313 0.093874
0 0.833318 0.968245 0.048090 0.060373
0 0.060023 0.718553 0.047160 0.075104
0 0.156037 0.280270 0.048288 0.082856
0 0.901376 0.967817 0.051802 0.061135
0 0.986061 0.212101 0.025915 0.077504
0 0.525466 0.084844 0.050872 0.082005
0 0.038761 0.902505 0.057804 0.081707
0 0.405771 0.073379 0.049073 0.064809
0 0.972420 0.486161 0.053108 0.093687
0 0.115097 0.582187 0.055739 0.083617
0 0.596619 0.643046 0.052069 0.078104
0 0.292794 0.473487 0.048023 0.062923
0 0.022687 0.075947 0.045374 0.076045
0 0.138856 0.807592 0.052184 0.079190
0 0.666308 0.970039 0.050794 0.056843
0 0.648646 0.899900 0.051481 0.075637
0 0.142991 0.353875 0.051305 0.070556
0 0.982966 0.298940 0.032073 0.079742
0 0.056868 0.141290 0.053927 0.080002
0 0.519053 0.505289 0.058736 0.088198
0 0.418125 0.015324 0.049056 0.030648
0 0.848469 0.893800 0.056468 0.084547
0 0.371034 0.769936 0.052271 0.076976
0 0.324695 0.073710 0.052566 0.069004
0 0.659227 0.821132 0.051245 0.071886
0 0.139724 0.719167 0.053108 0.079507
0 0.023198 0.381323 0.046397 0.085713
0 0.940846 0.741799 0.045391 0.077514
0 0.288298 0.873078 0.051956 0.080553
0 0.177986 0.641881 0.051991 0.073733
0 0.087703 0.343772 0.054237 0.081519
0 0.166633 0.031898 0.054926 0.063797
0 0.239416 0.823993 0.058071 0.091520
0 0.734248 0.812547 0.054502 0.088041
0 0.501594 0.026559 0.048086 0.053119
0 0.965272 0.640522 0.060396 0.083581
0 0.588132 0.781697 0.053447 0.087212
0 0.518478 0.954706 0.060091 0.086710
0 0.402190 0.887690 0.052179 0.077277
0 0.367879 0.646429 0.055562 0.076457
0 0.375785 0.965801 0.051500 0.065098
0 0.258077 0.527374 0.054605 0.077447
0 0.567264 0.026848 0.052019 0.053696
0 0.671098 0.218605 0.055841 0.096226
0 0.510833 0.686683 0.049340 0.080642
0 0.532484 0.789832 0.051428 0.085392
0 0.847211 0.587554 0.053684 0.081794
0 0.350404 0.562013 0.052201 0.083310
0 0.135881 0.429704 0.057970 0.079741
0 0.310811 0.285907 0.049434 0.077222
0 0.414707 0.805720 0.047569 0.079755
0 0.473289 0.163909 0.050775 0.080556
0 0.756982 0.223839 0.059157 0.094342
0 0.875773 0.399542 0.053527 0.087751
0 0.197485 0.326810 0.051479 0.080491
0 0.666082 0.705772 0.066489 0.068582
0 0.826757 0.505111 0.053756 0.080379
0 0.445631 0.438174 0.051477 0.079028
0 0.976713 0.114460 0.044627 0.087803
0 0.540614 0.422611 0.054306 0.078916
0 0.150201 0.158824 0.055438 0.070962
0 0.947873 0.245172 0.053638 0.086558
0 0.927918 0.381424 0.049905 0.087271
0 0.280710 0.220425 0.048738 0.073722
0 0.194677 0.552815 0.058093 0.090452
0 0.320727 0.385287 0.051081 0.075261
0 0.797673 0.143636 0.055438 0.072884
0 0.368830 0.127707 0.048472 0.061642
0 0.547533 0.293310 0.045022 0.078396
0 0.638480 0.076972 0.053551 0.086133
0 0.729543 0.341228 0.054991 0.075167
0 0.895206 0.040206 0.053887 0.073396
0 0.806350 0.310861 0.058937 0.081712
0 0.641615 0.575733 0.058649 0.091809
0 0.232159 0.129478 0.048397 0.076763
0 0.373701 0.216812 0.053392 0.079853
0 0.494626 0.312696 0.051473 0.077017
0 0.565555 0.137055 0.054631 0.081957
0 0.905795 0.298891 0.054563 0.076174
0 0.401420 0.570561 0.047276 0.076686
0 0.428050 0.353448 0.055526 0.090103
0 0.708157 0.150258 0.049355 0.080240
0 0.601366 0.207602 0.056782 0.075536
1 0.211040 0.075063 0.054572 0.078399
1 0.266431 0.406172 0.048569 0.073394
1 0.572581 0.573812 0.049661 0.066722
2 0.039683 0.522519 0.022920 0.037531
2 0.101350 0.770225 0.024012 0.029191
2 0.501091 0.432861 0.022375 0.030025
1 0.284440 0.119266 0.036563 0.065054
4 0.096438 0.233528 0.092773 0.153461