0 0.073212 0.989193 0.040910 0.018821
0 0.987919 0.803733 0.022235 0.080034
0 0.006355 0.868816 0.012711 0.065701
0 0.986619 0.988253 0.025145 0.020723
0 0.986776 0.612024 0.024632 0.079635
0 0.386680 0.003000 0.039282 0.005998
0 0.992540 0.122660 0.013394 0.072145
0 0.063083 0.666930 0.051561 0.080433
0 0.445668 0.615713 0.043133 0.069200
0 0.750636 0.806565 0.054870 0.084291
0 0.659602 0.009857 0.046353 0.019713
0 0.822273 0.984100 0.046524 0.028700
0 0.253652 0.413905 0.050307 0.071047
0 0.040849 0.336418 0.048348 0.064490
0 0.243939 0.891233 0.045173 0.056606
0 0.412316 0.444972 0.068541 0.075754
0 0.052668 0.388392 0.048109 0.075016
0 0.315482 0.010910 0.044373 0.021821
0 0.935840 0.153547 0.055209 0.078712
0 0.398135 0.367613 0.054518 0.066791
0 0.702244 0.564281 0.049166 0.067789
0 0.179514 0.781405 0.062591 0.082218
0 0.293469 0.746946 0.049390 0.085861
0 0.986246 0.275474 0.025429 0.081440
0 0.338122 0.591985 0.045647 0.069117
0 0.102280 0.774966 0.045916 0.066815
0 0.332337 0.515715 0.049785 0.081845
0 0.012141 0.289567 0.024263 0.071113
0 0.233600 0.745674 0.050615 0.093260
0 0.020018 0.947738 0.040036 0.077355
0 0.411568 0.685456 0.052250 0.074804
0 0.337006 0.669310 0.047832 0.072639
0 0.532163 0.260075 0.051160 0.075317
0 0.020119 0.629777 0.040239 0.071004
0 0.382000 0.542404 0.048466 0.077624
0 0.100324 0.948990 0.055811 0.081251
0 0.174229 0.972858 0.062152 0.051078
0 0.212520 0.018847 0.051611 0.037694
0 0.222031 0.495979 0.052585 0.075456
0 0.279630 0.484469 0.053932 0.074105
0 0.258313 0.960164 0.052467 0.075097
0 0.404641 0.217090 0.050431 0.072078
0 0.986909 0.470198 0.024127 0.073655
0 0.278918 0.576190 0.052969 0.088082
0 0.087618 0.863886 0.049526 0.074957
0 0.027712 0.796377 0.050955 0.079181
0 0.514080 0.376653 0.049170 0.074423
0 0.179968 0.256561 0.053773 0.080164
0 0.696714 0.452610 0.051194 0.067846
0 0.264106 0.337161 0.048695 0.076015
0 0.773110 0.974032 0.047102 0.048679
0 0.868401 0.946033 0.051064 0.076842
0 0.509165 0.914081 0.057371 0.093495
0 0.203646 0.349630 0.054881 0.084078
0 0.553258 0.031272 0.052991 0.062543
0 0.667788 0.776763 0.049939 0.074139
0 0.070558 0.018869 0.050474 0.037738
0 0.571748 0.965867 0.055219 0.064972
0 0.321450 0.969445 0.049956 0.057859
0 0.246936 0.245687 0.055447 0.079156
0 0.363163 0.332743 0.051821 0.078929
0 0.112610 0.546929 0.051181 0.085885
0 0.048990 0.084113 0.056929 0.083796
0 0.368050 0.738353 0.050888 0.080306
0 0.107110 0.457061 0.052419 0.080309
0 0.060200 0.548808 0.048058 0.084664
0 0.569084 0.425376 0.048033 0.074093
0 0.428955 0.297525 0.049397 0.077378
0 0.699021 0.073819 0.070071 0.098563
0 0.688082 0.969157 0.053787 0.058567
0 0.447462 0.744455 0.053998 0.088507
0 0.635855 0.619831 0.055704 0.067790
0 0.639635 0.431717 0.054589 0.079625
0 0.488067 0.211175 0.048793 0.086674
0 0.921184 0.943015 0.044800 0.077827
0 0.317111 0.183229 0.041077 0.077682
0 0.674116 0.236233 0.050589 0.076058
0 0.799490 0.518824 0.045823 0.069674
0 0.606897 0.763208 0.046474 0.095260
0 0.607773 0.907916 0.050197 0.077764
0 0.649491 0.525722 0.045921 0.085423
0 0.602419 0.069666 0.050747 0.077289
0 0.696072 0.686767 0.068861 0.107810
0 0.170872 0.146148 0.054675 0.080880
0 0.558385 0.823790 0.054479 0.077267
0 0.121487 0.373661 0.054980 0.079296
0 0.712605 0.174880 0.053596 0.082414
0 0.088899 0.285226 0.050233 0.087148
0 0.114934 0.707094 0.058438 0.073176
0 0.952906 0.861179 0.049615 0.078030
0 0.969610 0.956722 0.047531 0.077409
0 0.363764 0.158145 0.051649 0.082135
0 0.839585 0.746368 0.058844 0.079618
0 0.741254 0.913465 0.060050 0.092629
0 0.811016 0.850660 0.055568 0.087373
0 0.615828 0.229593 0.047109 0.082243
0 0.561672 0.602212 0.058984 0.085929
0 0.057208 0.203456 0.061015 0.092816
0 0.392693 0.863730 0.051051 0.084737
0 0.637226 0.148352 0.054417 0.083114
0 0.947428 0.712655 0.057624 0.086150
0 0.912847 0.581271 0.044850 0.070597
0 0.563739 0.213514 0.052245 0.082285
0 0.611617 0.361254 0.045787 0.073801
0 0.898216 0.823402 0.057403 0.086738
0 0.858367 0.651897 0.052042 0.082233
0 0.950612 0.033785 0.056456 0.067523
0 0.860965 0.530740 0.051224 0.079387
0 0.138253 0.070005 0.057566 0.089630
0 0.879020 0.215638 0.051020 0.074560
0 0.767798 0.582752 0.054310 0.081658
0 0.767080 0.203403 0.051790 0.085904
0 0.832207 0.458136 0.053266 0.076523
0 0.939180 0.462040 0.049593 0.080352
0 0.900681 0.387304 0.055600 0.083946
0 0.810404 0.340836 0.047807 0.082783
0 0.311215 0.068395 0.055486 0.081548
0 0.913318 0.296707 0.058015 0.084108
0 0.798251 0.068614 0.051902 0.084175
0 0.822908 0.207935 0.051723 0.084651
0 0.416265 0.110333 0.053761 0.078388
1 0.408046 0.604671 0.040383 0.068390
1 0.318820 0.885321 0.060575 0.067556
1 0.958952 0.617598 0.045295 0.087573
4 0.491541 0.481651 0.114602 0.165972
2 0.539019 0.661384 0.027286 0.038365
2 0.992983 0.534195 0.014034 0.044204
2 0.982691 0.082152 0.030560 0.039199