0 0.010231 0.721757 0.020439 0.081012
0 0.030190 0.186516 0.053805 0.073754
0 0.988424 0.154309 0.021490 0.083446
0 0.988538 0.521761 0.021408 0.075330
0 0.107178 0.994446 0.035639 0.009209
0 0.793495 0.994476 0.046542 0.009654
0 0.009049 0.462646 0.018091 0.074283
0 0.296830 0.001894 0.039777 0.003788
0 0.014294 0.860875 0.028588 0.063056
0 0.992682 0.257621 0.013230 0.068362
0 0.013313 0.808561 0.026625 0.075712
0 0.283043 0.987006 0.042742 0.023126
0 0.715742 0.981756 0.059226 0.033678
0 0.190113 0.987001 0.044192 0.023307
0 0.857079 0.865078 0.049669 0.090282
0 0.462210 0.985559 0.049089 0.025959
0 0.115436 0.927914 0.050600 0.083862
0 0.929596 0.980485 0.045599 0.036173
0 0.236840 0.965140 0.049161 0.067031
0 0.829744 0.828870 0.051302 0.077055
0 0.494113 0.722750 0.067494 0.100279
0 0.282074 0.681424 0.045842 0.075683
0 0.525643 0.803057 0.052791 0.082716
0 0.121408 0.820051 0.050534 0.075359
0 0.017148 0.946699 0.034297 0.090076
0 0.380948 0.807653 0.050597 0.078993
0 0.718354 0.933085 0.052636 0.078649
0 0.331687 0.715346 0.050782 0.081845
0 0.800848 0.917841 0.049715 0.083321
0 0.984700 0.676736 0.028748 0.081352
0 0.300668 0.796544 0.053786 0.084596
0 0.874878 0.962760 0.060072 0.071563
0 0.116133 0.680767 0.055224 0.080092
0 0.268540 0.904050 0.047107 0.075410
0 0.364092 0.901787 0.051818 0.081085
0 0.844256 0.649604 0.047515 0.078694
0 0.653473 0.943418 0.050548 0.083907
0 0.687778 0.588173 0.051469 0.068209
0 0.267337 0.109987 0.047152 0.071080
0 0.424610 0.751463 0.058264 0.084159
0 0.059753 0.839534 0.049560 0.078981
0 0.718467 0.672465 0.052492 0.089044
0 0.525770 0.939647 0.065241 0.102101
0 0.537492 0.022149 0.052399 0.044299
0 0.282309 0.538061 0.052862 0.073834
0 0.570888 0.540744 0.043326 0.069618
0 0.799619 0.698904 0.049411 0.079872
0 0.419833 0.951459 0.050279 0.092273
0 0.974533 0.595504 0.046831 0.077807
0 0.743881 0.018989 0.056750 0.037978
0 0.251852 0.610042 0.059318 0.081704
0 0.022650 0.640449 0.045299 0.085655
0 0.411615 0.531210 0.055406 0.080519
0 0.581638 0.661100 0.049611 0.079834
0 0.514901 0.486212 0.056418 0.086778
0 0.204539 0.528372 0.055867 0.083161
0 0.754823 0.588859 0.050773 0.075770
0 0.019354 0.387099 0.038707 0.084775
0 0.190746 0.447530 0.049961 0.072991
0 0.899802 0.639228 0.053807 0.090597
0 0.910458 0.367098 0.053595 0.083429
0 0.602416 0.972481 0.053448 0.052025
0 0.062878 0.360469 0.049257 0.076996
0 0.701508 0.307180 0.048953 0.074599
0 0.471745 0.401892 0.047554 0.065279
0 0.160176 0.752942 0.056265 0.093497
0 0.722106 0.389346 0.058032 0.088359
0 0.691879 0.509165 0.070539 0.087549
0 0.322645 0.477924 0.050202 0.076041
0 0.883313 0.293047 0.049106 0.071364
0 0.860756 0.756597 0.056391 0.080982
0 0.097779 0.591012 0.051323 0.079321
0 0.440412 0.032856 0.055585 0.065711
0 0.244222 0.278283 0.059719 0.088973
0 0.912916 0.199555 0.063867 0.092668
0 0.900526 0.477016 0.044785 0.075514
0 0.648078 0.257552 0.052245 0.083866
0 0.112639 0.482904 0.052106 0.079713
0 0.448067 0.191355 0.051599 0.074124
0 0.570894 0.086929 0.052126 0.078970
0 0.771483 0.067464 0.048894 0.076327
0 0.629067 0.415049 0.049400 0.084099
0 0.289531 0.329182 0.049648 0.080235
0 0.754128 0.248576 0.051739 0.074301
0 0.403663 0.250639 0.050137 0.077267
0 0.634756 0.124577 0.055314 0.081831
0 0.243526 0.042159 0.054663 0.077777
0 0.350585 0.334870 0.045327 0.088726
0 0.850328 0.481850 0.048357 0.092745
0 0.058567 0.070809 0.052257 0.078545
0 0.953307 0.467396 0.050295 0.078919
0 0.703700 0.161339 0.050976 0.080559
0 0.962495 0.806440 0.050084 0.080739
0 0.958998 0.297620 0.053608 0.081725
0 0.080585 0.283460 0.054196 0.084128
0 0.163765 0.197847 0.054391 0.083087
0 0.850283 0.096976 0.053645 0.082226
0 0.354827 0.050655 0.058381 0.092251
0 0.952412 0.073280 0.056941 0.091830
1 0.512824 0.157214 0.051298 0.079233
1 0.504093 0.223520 0.055664 0.068390
1 0.581313 0.454545 0.049661 0.088407
1 0.419233 0.598415 0.052935 0.054212
1 0.823886 0.549208 0.056755 0.070892
1 0.066697 0.927440 0.044204 0.090075
2 0.672994 0.685988 0.031106 0.044204
2 0.839712 0.942035 0.027286 0.042535
2 0.297537 0.146789 0.026740 0.041701