0 0.002379 0.317088 0.004732 0.057756
0 0.990437 0.358926 0.017595 0.074193
0 0.001922 0.418533 0.003768 0.054609
0 0.994103 0.502026 0.010435 0.056724
0 0.397474 0.206559 0.054681 0.087522
0 0.799779 0.043664 0.049729 0.080292
0 0.994626 0.014008 0.009651 0.028014
0 0.004239 0.697140 0.008478 0.056618
0 0.987555 0.993223 0.023158 0.011221
0 0.717582 0.930373 0.051759 0.078416
0 0.005392 0.623291 0.010778 0.059467
0 0.349232 0.683912 0.056104 0.070136
0 0.093233 0.989855 0.042100 0.017435
0 0.931181 0.989568 0.046371 0.017952
0 0.189539 0.463233 0.046954 0.076278
0 0.034680 0.448942 0.061760 0.099920
0 0.168779 0.526877 0.047901 0.084571
0 0.712547 0.025236 0.046218 0.050426
0 0.359774 0.854636 0.061985 0.072574
0 0.377960 0.981681 0.049366 0.033330
0 0.987515 0.078242 0.023286 0.080449
0 0.281374 0.663246 0.049819 0.071057
0 0.522365 0.907637 0.045896 0.080308
0 0.482157 0.903081 0.052531 0.075249
0 0.210205 0.226373 0.053913 0.087214
0 0.404715 0.697030 0.048443 0.080335
0 0.984574 0.931572 0.029064 0.066708
0 0.297550 0.736963 0.047867 0.067555
0 0.019500 0.785210 0.039000 0.099979
0 0.626467 0.458788 0.044628 0.083549
0 0.660122 0.505419 0.053531 0.079642
0 0.319850 0.971983 0.045236 0.052868
0 0.164334 0.880353 0.044980 0.075401
0 0.240270 0.498378 0.050316 0.080717
0 0.429117 0.577228 0.055817 0.081495
0 0.054822 0.358530 0.051676 0.080539
0 0.305259 0.895155 0.053868 0.088005
0 0.294318 0.514466 0.049493 0.079979
0 0.110182 0.329401 0.048979 0.078177
0 0.771051 0.653970 0.051506 0.083046
0 0.120905 0.797705 0.048887 0.076248
0 0.169853 0.170411 0.054549 0.079143
0 0.399812 0.907259 0.050725 0.076509
0 0.042945 0.564351 0.055959 0.086344
0 0.594567 0.900440 0.055905 0.082233
0 0.218047 0.904188 0.052434 0.084613
0 0.827568 0.970441 0.046939 0.056076
0 0.446488 0.841974 0.050201 0.075447
0 0.345578 0.445259 0.054965 0.081202
0 0.809174 0.538066 0.053385 0.083991
0 0.373112 0.524058 0.051798 0.085134
0 0.357231 0.607464 0.052871 0.073809
0 0.192579 0.651587 0.055605 0.087425
0 0.553215 0.848581 0.048106 0.078006
0 0.212054 0.026147 0.051917 0.052243
0 0.536762 0.769212 0.049726 0.075718
0 0.056880 0.878124 0.052802 0.082001
0 0.636582 0.580623 0.047153 0.067874
0 0.607325 0.713542 0.052539 0.077735
0 0.142073 0.962692 0.056501 0.071307
0 0.386762 0.781870 0.057745 0.080583
0 0.268483 0.187343 0.048198 0.078654
0 0.211514 0.800837 0.059676 0.073187
0 0.107964 0.713998 0.048381 0.082214
0 0.195281 0.091328 0.051789 0.080536
0 0.582762 0.429420 0.046857 0.067616
0 0.239688 0.311269 0.068737 0.112577
0 0.278274 0.036632 0.045323 0.072931
0 0.725762 0.365184 0.053468 0.072620
0 0.342608 0.240068 0.052669 0.084399
0 0.771162 0.754504 0.048553 0.076242
0 0.623571 0.964549 0.055285 0.067749
0 0.530931 0.610834 0.051144 0.090206
0 0.256820 0.965235 0.054597 0.065828
0 0.595657 0.030894 0.052964 0.061715
0 0.850697 0.480885 0.046860 0.075416
0 0.326002 0.056866 0.044710 0.073557
0 0.036142 0.253026 0.072005 0.110658
0 0.567408 0.532161 0.049800 0.077079
0 0.716971 0.629630 0.052770 0.082217
0 0.618636 0.813203 0.049647 0.078968
0 0.334627 0.360198 0.050387 0.078768
0 0.498337 0.481080 0.048813 0.073702
0 0.828102 0.702199 0.053134 0.080743
0 0.787437 0.418655 0.054560 0.079454
0 0.725766 0.797582 0.050298 0.073546
0 0.438511 0.463816 0.055141 0.088872
0 0.561408 0.140917 0.056554 0.096772
0 0.507458 0.389155 0.051097 0.079314
0 0.343248 0.154382 0.050310 0.075891
0 0.418868 0.330119 0.051029 0.086679
0 0.915920 0.839590 0.049051 0.072265
0 0.516251 0.193528 0.054548 0.079943
0 0.774180 0.317436 0.051666 0.082104
0 0.758594 0.122862 0.054370 0.079982
0 0.843034 0.394574 0.052578 0.083170
0 0.963545 0.611935 0.054921 0.083262
0 0.800502 0.229016 0.050826 0.083373
0 0.494154 0.269087 0.047406 0.077551
0 0.616091 0.120315 0.053833 0.095765
0 0.548636 0.279295 0.051012 0.082637
0 0.945336 0.481651 0.051281 0.080126
0 0.943023 0.346331 0.053525 0.076812
0 0.953111 0.253518 0.058823 0.086446
1 0.729203 0.273978 0.044204 0.074229
1 0.709830 0.443703 0.052389 0.075063
1 0.129727 0.419933 0.057847 0.059216
1 0.719380 0.861968 0.043112 0.057548
2 0.582677 0.369475 0.029469 0.048374
2 0.741482 0.425354 0.029469 0.045038