0 0.002749 0.876523 0.005416 0.056364
0 0.993085 0.328996 0.012271 0.051955
0 0.003772 0.631537 0.007545 0.066026
0 0.995256 0.543382 0.008190 0.065082
0 0.988502 0.120260 0.021224 0.086084
0 0.933165 0.465951 0.062210 0.088374
0 0.391157 0.820691 0.059168 0.069937
0 0.493283 0.244598 0.047397 0.064395
0 0.937115 0.962926 0.055197 0.070837
0 0.286086 0.988567 0.044781 0.020079
0 0.024861 0.983444 0.049708 0.030267
0 0.680459 0.989684 0.041947 0.017838
0 0.613847 0.166047 0.057813 0.090447
0 0.287146 0.426425 0.050244 0.063458
0 0.011353 0.789775 0.022706 0.071651
0 0.024889 0.395289 0.049778 0.079375
0 0.098688 0.458762 0.044789 0.063088
0 0.809895 0.044210 0.058487 0.087988
0 0.469950 0.709899 0.051230 0.072045
0 0.355036 0.375173 0.049216 0.071940
0 0.490151 0.493068 0.051309 0.079761
0 0.226164 0.402666 0.052200 0.078377
0 0.587809 0.468769 0.058768 0.062045
0 0.029762 0.490127 0.059221 0.095820
0 0.086062 0.771433 0.039750 0.068316
0 0.033383 0.591593 0.044856 0.070637
0 0.269771 0.568225 0.050092 0.085354
0 0.259329 0.480864 0.053210 0.073095
0 0.509900 0.779868 0.044337 0.072304
0 0.090756 0.554745 0.047077 0.088011
0 0.123265 0.830169 0.050615 0.078270
0 0.166306 0.390016 0.057633 0.090830
0 0.077724 0.390241 0.049508 0.077884
0 0.384480 0.499420 0.051459 0.090289
0 0.246197 0.757277 0.049021 0.075604
0 0.284355 0.698209 0.052522 0.076643
0 0.089774 0.686760 0.046008 0.074517
0 0.438970 0.629956 0.045932 0.076808
0 0.339882 0.652229 0.054102 0.083897
0 0.481385 0.312811 0.048504 0.073087
0 0.308563 0.322492 0.051136 0.074580
0 0.304307 0.226436 0.047533 0.075796
0 0.478125 0.402359 0.050822 0.081212
0 0.574534 0.787668 0.049091 0.079007
0 0.065671 0.853660 0.042250 0.081538
0 0.977825 0.497416 0.042530 0.074405
0 0.183199 0.262045 0.052832 0.087749
0 0.446845 0.538030 0.054088 0.083960
0 0.508139 0.650813 0.053531 0.083956
0 0.421545 0.398354 0.053187 0.077322
0 0.553093 0.865793 0.057015 0.080553
0 0.344873 0.862688 0.054326 0.075817
0 0.516437 0.563686 0.051469 0.078705
0 0.964927 0.793083 0.048884 0.070173
0 0.880298 0.943120 0.055158 0.076052
0 0.524576 0.348267 0.057281 0.090212
0 0.383291 0.710715 0.055967 0.088638
0 0.700794 0.794805 0.050948 0.078194
0 0.241146 0.307388 0.049889 0.084206
0 0.692728 0.698788 0.049983 0.072810
0 0.022812 0.067675 0.045625 0.079782
0 0.534145 0.444176 0.050911 0.089611
0 0.771815 0.645990 0.055694 0.082243
0 0.438005 0.244059 0.051366 0.079017
0 0.287706 0.149158 0.054940 0.069816
0 0.064912 0.308912 0.056135 0.082772
0 0.187087 0.669493 0.053245 0.076949
0 0.927105 0.557110 0.053556 0.085281
0 0.579025 0.580265 0.049375 0.076728
0 0.596851 0.033592 0.050962 0.067185
0 0.824142 0.961206 0.055347 0.074301
0 0.613398 0.401421 0.046084 0.071535
0 0.231594 0.179397 0.049733 0.078455
0 0.218458 0.598476 0.050604 0.080724
0 0.058074 0.942354 0.054598 0.085709
0 0.925242 0.706904 0.063502 0.090653
0 0.576014 0.293940 0.053552 0.077662
0 0.623940 0.967322 0.054033 0.062271
0 0.971825 0.900814 0.050631 0.083854
0 0.029533 0.191334 0.048627 0.078566
0 0.681929 0.620462 0.055722 0.078370
0 0.891545 0.626689 0.057608 0.080721
0 0.248430 0.046123 0.051730 0.078807
0 0.332989 0.097132 0.051818 0.083169
0 0.550734 0.166332 0.048237 0.070868
0 0.897315 0.377727 0.045322 0.074511
0 0.846238 0.826916 0.055446 0.082384
0 0.754693 0.565612 0.047802 0.077432
0 0.564504 0.699283 0.051492 0.086350
0 0.441057 0.160293 0.051176 0.069876
0 0.845775 0.399392 0.054688 0.081565
0 0.099863 0.102980 0.047286 0.071584
0 0.212822 0.941936 0.053786 0.084158
0 0.960147 0.206502 0.054161 0.086927
0 0.538521 0.080011 0.050564 0.073661
0 0.767215 0.372297 0.050993 0.076698
0 0.629258 0.553623 0.051478 0.083953
0 0.461872 0.087156 0.051591 0.080291
0 0.799158 0.131658 0.051645 0.074962
0 0.884405 0.027666 0.056564 0.055331
0 0.765107 0.289814 0.050016 0.074398
0 0.669584 0.262443 0.049983 0.080452
0 0.863883 0.232791 0.050109 0.078068
1 0.357021 0.242702 0.046386 0.086739
1 0.409683 0.311093 0.054572 0.050042
1 0.158378 0.576731 0.048569 0.075897
1 0.428238 0.774395 0.048024 0.074229
2 0.674631 0.552544 0.034381 0.062552