0 0.057809 0.965608 0.053135 0.065660
0 0.010692 0.971935 0.021384 0.053340
0 0.089861 0.949726 0.063520 0.096241
0 0.005415 0.714201 0.010830 0.066272
0 0.992977 0.370595 0.012395 0.068053
0 0.189816 0.094121 0.054077 0.079163
0 0.992386 0.635772 0.013525 0.067970
0 0.462381 0.191919 0.054693 0.079992
0 0.679357 0.007056 0.044321 0.014112
0 0.457065 0.989509 0.044264 0.018104
0 0.444299 0.008203 0.043099 0.016407
0 0.226696 0.445506 0.054560 0.082663
0 0.449475 0.567386 0.049968 0.075908
0 0.823405 0.614733 0.054465 0.076020
0 0.201651 0.518107 0.056845 0.077980
0 0.324560 0.697114 0.060053 0.085646
0 0.603831 0.595321 0.051730 0.075209
0 0.246161 0.585627 0.054136 0.084507
0 0.020268 0.839260 0.040536 0.076669
0 0.440696 0.388469 0.054474 0.071395
0 0.746135 0.523410 0.044242 0.067338
0 0.021031 0.327656 0.042062 0.077002
0 0.201880 0.656288 0.053220 0.090169
0 0.786631 0.711359 0.046527 0.071796
0 0.379166 0.645828 0.049178 0.078975
0 0.482868 0.643292 0.045061 0.074431
0 0.776762 0.900377 0.056081 0.091036
0 0.571361 0.024283 0.046419 0.048566
0 0.303960 0.931212 0.045606 0.072387
0 0.343975 0.097431 0.041275 0.091890
0 0.384948 0.243632 0.053832 0.073280
0 0.101892 0.020603 0.048617 0.041194
0 0.809151 0.975422 0.050415 0.045980
0 0.581503 0.127857 0.063507 0.095483
0 0.150922 0.576256 0.062111 0.103240
0 0.129728 0.709256 0.056731 0.081037
0 0.869104 0.870223 0.049130 0.079489
0 0.391774 0.017184 0.046829 0.034369
0 0.371823 0.969776 0.057186 0.056953
0 0.563536 0.524332 0.052295 0.084508
0 0.628034 0.184897 0.054261 0.085029
0 0.409775 0.317497 0.051883 0.085159
0 0.969196 0.018989 0.047498 0.037978
0 0.085542 0.526219 0.050619 0.074870
0 0.795384 0.516011 0.044055 0.073502
0 0.540733 0.899452 0.056210 0.079902
0 0.533680 0.740172 0.048034 0.068505
0 0.570584 0.808501 0.050195 0.081220
0 0.253286 0.960510 0.050994 0.069079
0 0.278358 0.417797 0.049965 0.077519
0 0.672941 0.969994 0.054688 0.056944
0 0.451585 0.933000 0.062655 0.087779
0 0.063878 0.628482 0.064183 0.101648
0 0.460808 0.465028 0.051353 0.082165
0 0.311977 0.339231 0.048156 0.068304
0 0.101051 0.431784 0.064488 0.111855
0 0.930859 0.836337 0.044855 0.075119
0 0.759635 0.639928 0.052509 0.080858
0 0.618681 0.718055 0.051614 0.075270
0 0.715308 0.837030 0.051780 0.081768
0 0.737206 0.306608 0.053414 0.071379
0 0.534895 0.220264 0.054421 0.079980
0 0.234207 0.167175 0.050165 0.078372
0 0.976615 0.740670 0.044823 0.087259
0 0.555581 0.638130 0.052517 0.086226
0 0.700186 0.054879 0.050711 0.078951
0 0.292734 0.103867 0.050276 0.076114
0 0.317863 0.258090 0.048858 0.071112
0 0.667882 0.566228 0.047459 0.091084
0 0.894323 0.960091 0.051450 0.074510
0 0.476359 0.853864 0.054136 0.082054
0 0.083983 0.801808 0.055208 0.084176
0 0.246205 0.871518 0.044978 0.080145
0 0.399852 0.084116 0.055199 0.077455
0 0.391108 0.557632 0.054427 0.081069
0 0.764454 0.233164 0.051288 0.079222
0 0.317461 0.845890 0.051217 0.082068
0 0.906148 0.470503 0.050336 0.080144
0 0.694735 0.148460 0.054824 0.079212
0 0.795064 0.113287 0.049706 0.079118
0 0.872450 0.031664 0.047494 0.063329
0 0.598358 0.922409 0.051287 0.082333
0 0.841377 0.178357 0.053254 0.081314
0 0.190278 0.232763 0.057379 0.078455
0 0.767548 0.419182 0.061492 0.079730
0 0.975330 0.438003 0.047218 0.081121
0 0.709481 0.441351 0.050981 0.077474
0 0.468345 0.079991 0.048750 0.073593
0 0.805008 0.354253 0.056859 0.087354
0 0.604310 0.458043 0.058711 0.088935
0 0.616113 0.054539 0.048596 0.078189
0 0.025024 0.145331 0.049586 0.075250
0 0.848826 0.529223 0.053363 0.084791
0 0.914639 0.327316 0.051593 0.078995
0 0.981533 0.275049 0.034923 0.079250
0 0.072066 0.261285 0.050615 0.072407
0 0.808011 0.034543 0.050651 0.069025
0 0.904457 0.198085 0.053971 0.082439
0 0.252402 0.045165 0.051614 0.075685
0 0.082488 0.101074 0.050014 0.078477
0 0.930529 0.101595 0.048709 0.072141
1 0.037773 0.046706 0.043112 0.080067
1 0.077338 0.346539 0.044749 0.054212
2 0.381578 0.161802 0.045295 0.066722
2 0.742301 0.086322 0.038746 0.064220
2 0.771770 0.576314 0.027832 0.046706
2 0.957861 0.788991 0.027832 0.035029
2 0.023312 0.925771 0.027286 0.038365
2 0.089344 0.190992 0.025103 0.040033
2 0.166564 0.685571 0.025649 0.041701
5 0.310362 0.538782 0.077493 0.126772