0 0.995977 0.606864 0.006889 0.054979
0 0.008794 0.526064 0.017583 0.071996
0 0.011235 0.697548 0.022469 0.068076
0 0.252792 0.255098 0.046885 0.075654
0 0.002148 0.439468 0.004286 0.063895
0 0.988276 0.285288 0.021516 0.080495
0 0.053670 0.995279 0.035380 0.007828
0 0.281501 0.994263 0.040859 0.009423
0 0.994020 0.105928 0.010358 0.064803
0 0.264787 0.625201 0.049107 0.079903
0 0.226532 0.228975 0.046559 0.073058
0 0.490712 0.992972 0.035620 0.011595
0 0.583406 0.002943 0.041300 0.005886
0 0.484418 0.003881 0.036947 0.007763
0 0.069971 0.889492 0.051904 0.065439
0 0.841241 0.425469 0.048986 0.077994
0 0.873376 0.402287 0.046691 0.070578
0 0.382493 0.989780 0.040690 0.017529
0 0.971759 0.988474 0.045791 0.020261
0 0.491011 0.936371 0.053636 0.080868
0 0.115581 0.170729 0.048362 0.083447
0 0.193431 0.981949 0.051555 0.033008
0 0.857773 0.895398 0.050371 0.082773
0 0.869156 0.039548 0.056931 0.079083
0 0.808658 0.355912 0.047502 0.072755
0 0.025762 0.852070 0.050925 0.076415
0 0.814671 0.978319 0.045009 0.040267
0 0.106873 0.029648 0.055105 0.059297
0 0.983013 0.023024 0.032449 0.046006
0 0.521179 0.578666 0.057445 0.084676
0 0.020853 0.085596 0.041706 0.086935
0 0.155288 0.594525 0.049560 0.075196
0 0.242502 0.155223 0.054185 0.075119
0 0.111101 0.531370 0.049790 0.083848
0 0.399594 0.419127 0.045714 0.066056
0 0.550319 0.859750 0.054232 0.086440
0 0.026090 0.950092 0.050131 0.089938
0 0.191797 0.483566 0.057557 0.091503
0 0.648182 0.566339 0.048271 0.079149
0 0.609838 0.617173 0.051329 0.081638
0 0.440838 0.570444 0.049419 0.076366
0 0.094645 0.442305 0.060869 0.094571
0 0.252502 0.482606 0.049647 0.077630
0 0.698897 0.280655 0.050049 0.074004
0 0.799607 0.762042 0.046034 0.070523
0 0.409574 0.671601 0.046973 0.069591
0 0.625218 0.881190 0.053401 0.079148
0 0.542520 0.700829 0.050818 0.091202
0 0.506504 0.788965 0.054191 0.083848
0 0.375700 0.857666 0.050090 0.084709
0 0.626925 0.444306 0.052956 0.078942
0 0.184879 0.297110 0.046430 0.077798
0 0.658719 0.235343 0.050186 0.077101
0 0.829460 0.644063 0.047877 0.075629
0 0.078044 0.121142 0.045410 0.078768
0 0.041492 0.374809 0.047661 0.080705
0 0.935813 0.184508 0.049512 0.074790
0 0.287148 0.182674 0.052042 0.079693
0 0.723042 0.349627 0.052712 0.094159
0 0.225228 0.729985 0.047423 0.073437
0 0.734460 0.032951 0.051658 0.065903
0 0.065566 0.277056 0.048301 0.074348
0 0.031584 0.770817 0.050798 0.077503
0 0.706480 0.824961 0.054623 0.086349
0 0.148562 0.829147 0.046862 0.085740
0 0.030937 0.188162 0.052340 0.083896
0 0.670724 0.026087 0.053151 0.052133
0 0.157084 0.932269 0.060644 0.092999
0 0.415052 0.787529 0.054894 0.077469
0 0.293094 0.395079 0.055628 0.083927
0 0.318128 0.873475 0.048189 0.075554
0 0.746380 0.704320 0.050439 0.086342
0 0.617238 0.186176 0.053689 0.085610
0 0.924184 0.392777 0.050495 0.080342
0 0.902935 0.839271 0.047022 0.077528
0 0.418446 0.924396 0.058245 0.095344
0 0.216021 0.401548 0.049201 0.078094
0 0.773507 0.632909 0.055764 0.078123
0 0.349619 0.025825 0.048693 0.051651
0 0.903725 0.113701 0.049205 0.076246
0 0.715278 0.204700 0.052253 0.076495
0 0.304665 0.044147 0.040121 0.072275
0 0.485716 0.509444 0.054127 0.088386
0 0.599756 0.333940 0.053126 0.078991
0 0.945188 0.941082 0.047348 0.080520
0 0.355712 0.600848 0.051391 0.091009
0 0.604234 0.759803 0.054643 0.079608
0 0.709193 0.540232 0.057621 0.089388
0 0.301912 0.544462 0.059102 0.092393
0 0.871487 0.253924 0.051371 0.069773
0 0.683502 0.462540 0.047856 0.079470
0 0.858440 0.148668 0.047907 0.074250
0 0.230673 0.839822 0.056755 0.088902
0 0.664840 0.940735 0.052345 0.087306
0 0.850099 0.786954 0.050161 0.073647
0 0.644934 0.104675 0.050798 0.075663
0 0.315966 0.292779 0.046727 0.073944
0 0.486521 0.163222 0.049445 0.075702
0 0.293776 0.949843 0.052198 0.083882
0 0.431782 0.104883 0.052143 0.088531
0 0.534839 0.471927 0.049129 0.077035
0 0.975343 0.880832 0.047141 0.080072
0 0.783725 0.539797 0.056199 0.090724
0 0.193141 0.060348 0.046262 0.079973
0 0.430316 0.355693 0.053483 0.104935
0 0.767482 0.243505 0.057025 0.090441
0 0.696793 0.130226 0.052019 0.077879
0 0.258073 0.079407 0.048604 0.074046
0 0.974074 0.781158 0.049407 0.079354
0 0.411149 0.262923 0.053708 0.087172
0 0.472323 0.247815 0.055092 0.084185
0 0.962602 0.531035 0.050669 0.091026
0 0.520672 0.070993 0.055797 0.079095
0 0.540191 0.253248 0.053859 0.084226
0 0.956329 0.328187 0.051464 0.078956
5 0.169019 0.211426 0.076401 0.109258
1 0.092891 0.355713 0.043112 0.065888
1 0.903016 0.557131 0.051298 0.058382
2 0.114447 0.813595 0.022920 0.034195
2 0.840804 0.087156 0.032743 0.045872