0 0.004108 0.721396 0.008215 0.062253
0 0.002804 0.512205 0.005607 0.053230
0 0.484335 0.503085 0.046250 0.062929
0 0.500070 0.993826 0.033192 0.010274
0 0.009492 0.176129 0.018984 0.068325
0 0.384209 0.353795 0.043471 0.069869
0 0.450030 0.513506 0.046723 0.067299
0 0.993833 0.439043 0.010714 0.056209
0 0.651198 0.885169 0.049990 0.082934
0 0.377339 0.990035 0.033279 0.017051
0 0.789567 0.006200 0.029763 0.012397
0 0.894650 0.312989 0.053689 0.062288
0 0.008390 0.276962 0.016778 0.077202
0 0.955163 0.006838 0.033101 0.013675
0 0.277008 0.911575 0.041564 0.075112
0 0.588587 0.989012 0.039140 0.019142
0 0.315111 0.006873 0.036572 0.013745
0 0.144535 0.988909 0.040751 0.019489
0 0.250694 0.866306 0.049940 0.071444
0 0.710437 0.008497 0.041887 0.016993
0 0.988526 0.163572 0.021179 0.082386
0 0.207097 0.898598 0.046742 0.070168
0 0.316661 0.394146 0.052791 0.073857
0 0.791720 0.432278 0.040148 0.070385
0 0.634309 0.988853 0.038151 0.019533
0 0.834228 0.409396 0.044670 0.063070
0 0.224436 0.803868 0.050725 0.078555
0 0.620773 0.334245 0.044800 0.077507
0 0.346055 0.665907 0.044006 0.074256
0 0.430875 0.338497 0.057262 0.071415
0 0.988349 0.017385 0.021696 0.034722
0 0.556460 0.010458 0.042030 0.020916
0 0.790447 0.496835 0.048681 0.065651
0 0.986542 0.825555 0.025076 0.082858
0 0.235222 0.960957 0.047945 0.072237
0 0.097342 0.765835 0.044204 0.075332
0 0.413650 0.967179 0.045711 0.062519
0 0.284210 0.975879 0.045844 0.045194
0 0.292498 0.595534 0.044725 0.074469
0 0.905379 0.742747 0.047210 0.073253
0 0.311115 0.722440 0.047979 0.074616
0 0.880059 0.801073 0.047852 0.076776
0 0.683096 0.518395 0.041029 0.081407
0 0.339297 0.549451 0.043787 0.069373
0 0.645934 0.524086 0.050444 0.079554
0 0.025647 0.857112 0.051141 0.081048
0 0.343786 0.331666 0.047898 0.068089
0 0.020923 0.778304 0.041846 0.070862
0 0.325414 0.928378 0.053480 0.071995
0 0.308672 0.488128 0.046411 0.075348
0 0.883760 0.510943 0.047292 0.073046
0 0.878542 0.400344 0.044629 0.069256
0 0.453274 0.651576 0.043429 0.070125
0 0.856703 0.468946 0.051252 0.074455
0 0.430758 0.442834 0.047564 0.073267
0 0.522767 0.887122 0.053258 0.084823
0 0.368947 0.731925 0.049048 0.073151
0 0.472650 0.965871 0.049663 0.064862
0 0.171075 0.950312 0.046204 0.067869
0 0.987842 0.517156 0.022406 0.073745
0 0.154233 0.838195 0.046792 0.079444
0 0.544772 0.978068 0.044630 0.040972
0 0.549505 0.816673 0.050459 0.077490
0 0.197152 0.022036 0.048206 0.044073
0 0.016271 0.646107 0.032542 0.070921
0 0.600541 0.541960 0.049454 0.072257
0 0.638036 0.283894 0.047179 0.077956
0 0.790298 0.774932 0.048035 0.086030
0 0.244632 0.667617 0.053512 0.072493
0 0.740685 0.475054 0.051643 0.065843
0 0.987104 0.365325 0.023957 0.079548
0 0.512918 0.354587 0.048316 0.073340
0 0.664806 0.597826 0.051821 0.068874
0 0.103271 0.028348 0.052705 0.056665
0 0.670221 0.356638 0.044020 0.071682
0 0.465912 0.785105 0.053816 0.078006
0 0.524228 0.631263 0.046745 0.078867
0 0.509911 0.710440 0.054160 0.080376
0 0.984991 0.740017 0.028102 0.065481
0 0.566332 0.594705 0.045046 0.083078
0 0.397025 0.655187 0.045151 0.086222
0 0.393619 0.276784 0.045423 0.072066
0 0.780865 0.878046 0.051208 0.085204
0 0.262212 0.348205 0.070868 0.090051
0 0.152233 0.063762 0.050689 0.071359
0 0.807213 0.955646 0.044489 0.078124
0 0.105095 0.867658 0.049794 0.077705
0 0.595028 0.723082 0.050954 0.074977
0 0.223760 0.240124 0.042330 0.073663
0 0.840187 0.340096 0.051231 0.074414
0 0.731584 0.845403 0.048565 0.081897
0 0.587439 0.912935 0.049384 0.076900
0 0.761143 0.715117 0.047323 0.070611
0 0.686707 0.679659 0.054418 0.071739
0 0.355649 0.864901 0.055504 0.081612
0 0.910508 0.870251 0.049821 0.072528
0 0.440517 0.912688 0.047665 0.082241
0 0.980730 0.948278 0.036609 0.083764
0 0.656988 0.441870 0.050746 0.073717
0 0.528517 0.205537 0.052137 0.085375
0 0.721485 0.756619 0.046171 0.074169
0 0.878888 0.976888 0.049621 0.043291
0 0.260905 0.195820 0.046937 0.079042
0 0.112118 0.534462 0.049326 0.073817
0 0.092145 0.466829 0.044291 0.071175
0 0.059782 0.391089 0.055582 0.075248
0 0.073271 0.679507 0.048505 0.082723
0 0.123420 0.698520 0.047304 0.077953
0 0.703574 0.297729 0.046819 0.070997
0 0.645134 0.802471 0.052241 0.076600
0 0.935736 0.940958 0.045807 0.076311
0 0.178514 0.207082 0.045287 0.086404
0 0.218509 0.101228 0.045857 0.076718
0 0.478363 0.034884 0.046091 0.069769
0 0.246922 0.036197 0.049888 0.072395
0 0.719735 0.398171 0.058948 0.072749
0 0.930105 0.528418 0.047678 0.073560
0 0.418647 0.154231 0.045956 0.074001
0 0.326767 0.103072 0.054630 0.075269
0 0.501203 0.281351 0.048149 0.069023
0 0.702047 0.963991 0.054301 0.068793
0 0.874181 0.679757 0.050184 0.076629
0 0.571448 0.361747 0.045696 0.093398
0 0.780585 0.338728 0.050110 0.073704
0 0.038990 0.318793 0.049605 0.082195
0 0.872993 0.239636 0.048164 0.073027
0 0.696124 0.142628 0.055566 0.067185
0 0.438332 0.073682 0.049246 0.081294
0 0.661564 0.029200 0.052647 0.058401
0 0.312013 0.176232 0.053665 0.074885
0 0.974653 0.631628 0.046875 0.076397
0 0.441814 0.252410 0.051604 0.084954
0 0.775413 0.212641 0.045464 0.070658
0 0.544831 0.119262 0.045371 0.070243
0 0.651209 0.099703 0.052886 0.082069
0 0.122141 0.401839 0.053218 0.078353
0 0.729511 0.235470 0.048788 0.078019
0 0.134967 0.258314 0.052524 0.083750
0 0.362997 0.046680 0.046426 0.073828
0 0.916883 0.634483 0.049098 0.083767
0 0.061200 0.060851 0.057781 0.066683
0 0.924349 0.038539 0.053945 0.071463
0 0.745343 0.046972 0.052355 0.080216
0 0.580362 0.231629 0.047481 0.084909
0 0.872135 0.154021 0.058187 0.069048
0 0.815854 0.037780 0.051653 0.075124
0 0.023510 0.112983 0.047019 0.082094
0 0.924567 0.209785 0.048599 0.075694
0 0.787036 0.138684 0.054664 0.072905
0 0.943205 0.117549 0.042307 0.087939
0 0.075276 0.140003 0.047214 0.080877
1 0.209949 0.722686 0.049115 0.069224
1 0.287987 0.777731 0.038201 0.062552
1 0.954041 0.325271 0.039838 0.063386
1 0.499454 0.140117 0.044204 0.063386
2 0.062058 0.871560 0.017463 0.031693
2 0.186210 0.816097 0.021283 0.039199
2 0.558119 0.758966 0.028378 0.040033
2 0.917205 0.803586 0.022920 0.039199
5 0.366298 0.457048 0.074764 0.115096
4 0.744211 0.586739 0.105870 0.207673