0 0.784089 0.865062 0.050237 0.074910
0 0.134075 0.138976 0.047216 0.078294
0 0.810492 0.024314 0.048085 0.048627
0 0.414925 0.527073 0.043262 0.066659
0 0.294307 0.846580 0.045408 0.071773
0 0.997429 0.575706 0.004511 0.043537
0 0.667762 0.089809 0.046451 0.077099
0 0.280360 0.508546 0.050663 0.072283
0 0.995497 0.815406 0.008020 0.056789
0 0.201582 0.585104 0.045632 0.072216
0 0.240363 0.602976 0.046317 0.074940
0 0.547462 0.431018 0.052423 0.084253
0 0.571989 0.496609 0.049517 0.087516
0 0.532918 0.004991 0.047593 0.009981
0 0.446918 0.094423 0.045371 0.074930
0 0.481836 0.086124 0.037817 0.067084
0 0.493075 0.960732 0.042908 0.074015
0 0.848847 0.820842 0.046579 0.084356
0 0.456865 0.978512 0.055921 0.039723
0 0.004466 0.651721 0.008921 0.063543
0 0.990514 0.985912 0.017316 0.025522
0 0.995736 0.127826 0.007456 0.058329
0 0.163810 0.992952 0.033940 0.012092
0 0.991691 0.705557 0.014917 0.047928
0 0.594857 0.691337 0.074188 0.110196
0 0.402078 0.777976 0.050400 0.078164
0 0.395417 0.710672 0.047836 0.068733
0 0.278870 0.416098 0.047405 0.078744
0 0.710397 0.987781 0.057939 0.021419
0 0.496568 0.775575 0.052834 0.127460
0 0.428551 0.037286 0.046999 0.071750
0 0.990781 0.287333 0.017076 0.071574
0 0.012705 0.974634 0.025410 0.048119
0 0.597524 0.012862 0.055021 0.025724
0 0.353765 0.066844 0.042230 0.070594
0 0.984961 0.389535 0.028482 0.092425
0 0.664492 0.847267 0.048287 0.068793
0 0.014261 0.025864 0.028479 0.051711
0 0.988892 0.491330 0.020611 0.070116
0 0.669754 0.015141 0.046477 0.030282
0 0.277340 0.013266 0.044469 0.026533
0 0.399279 0.982217 0.048997 0.032219
0 0.310773 0.075435 0.051468 0.079074
0 0.125434 0.974696 0.046048 0.047974
0 0.012430 0.206040 0.024854 0.072518
0 0.399533 0.143334 0.056074 0.085145
0 0.525195 0.061383 0.048367 0.076256
0 0.210795 0.395445 0.044910 0.076766
0 0.978082 0.055732 0.042166 0.088880
0 0.717992 0.824633 0.071304 0.095714
0 0.525303 0.551615 0.048086 0.072330
0 0.375876 0.215531 0.045461 0.072644
0 0.644644 0.376836 0.057273 0.097490
0 0.246321 0.346909 0.063417 0.081354
0 0.560557 0.876702 0.045859 0.074348
0 0.373491 0.569205 0.040949 0.066993
0 0.018484 0.358476 0.036969 0.096451
0 0.345517 0.703137 0.045708 0.070186
0 0.548451 0.951997 0.064680 0.093076
0 0.201302 0.686955 0.072682 0.078068
0 0.915852 0.976254 0.043175 0.044452
0 0.969647 0.317699 0.046042 0.069154
0 0.607563 0.865306 0.044254 0.074035
0 0.585035 0.071889 0.049493 0.079612
0 0.865729 0.018395 0.054373 0.036790
0 0.538279 0.251071 0.053508 0.107577
0 0.504885 0.322307 0.048589 0.075711
0 0.290439 0.940759 0.054541 0.110676
0 0.703592 0.179083 0.047468 0.068994
0 0.086129 0.947233 0.054252 0.068430
0 0.249138 0.974358 0.051840 0.048195
0 0.083656 0.245589 0.047194 0.069599
0 0.115052 0.032218 0.048978 0.064435
0 0.691123 0.242466 0.046243 0.063167
0 0.455920 0.726582 0.048831 0.077008
0 0.598308 0.335277 0.054783 0.073257
0 0.776390 0.287349 0.055624 0.102460
0 0.819716 0.573548 0.072462 0.106519
0 0.778310 0.122777 0.049347 0.072069
0 0.126409 0.775572 0.051963 0.078030
0 0.026330 0.781792 0.052661 0.076916
0 0.283056 0.270128 0.048280 0.108869
0 0.165569 0.930579 0.068990 0.086396
0 0.817731 0.334829 0.048565 0.075482
0 0.884540 0.673463 0.075096 0.089629
0 0.447109 0.816607 0.046275 0.075980
0 0.114082 0.859727 0.048958 0.073377
0 0.399795 0.906528 0.050824 0.092609
0 0.474973 0.531770 0.055606 0.123153
0 0.451383 0.313666 0.052509 0.075427
0 0.673852 0.930462 0.060629 0.102437
0 0.033328 0.859982 0.050698 0.072514
0 0.743845 0.643331 0.049052 0.066560
0 0.283190 0.142039 0.070278 0.090565
0 0.932466 0.044865 0.047317 0.076596
0 0.945349 0.248981 0.053042 0.070358
0 0.393293 0.394473 0.064700 0.077108
0 0.345320 0.963477 0.052418 0.069693
0 0.245142 0.207155 0.054465 0.087231
0 0.764907 0.953478 0.050811 0.078161
0 0.332281 0.624931 0.049973 0.078063
0 0.633695 0.456958 0.073828 0.092610
0 0.132425 0.699271 0.048357 0.067832
0 0.767971 0.199910 0.048308 0.072737
0 0.970729 0.902785 0.057082 0.093253
0 0.431629 0.627057 0.053712 0.080816
0 0.552442 0.775278 0.052967 0.106784
0 0.626145 0.784723 0.053934 0.104118
0 0.030565 0.681839 0.049601 0.069478
0 0.080511 0.165308 0.073968 0.093457
0 0.823224 0.162146 0.052823 0.073456
0 0.358376 0.309399 0.048184 0.079963
0 0.151337 0.424816 0.047904 0.074706
0 0.355515 0.848866 0.053273 0.098002
0 0.669368 0.305231 0.068673 0.077128
0 0.741507 0.726078 0.046802 0.077181
0 0.894986 0.477771 0.048236 0.071309
0 0.871403 0.151261 0.049020 0.080306
0 0.199026 0.821755 0.048391 0.115407
0 0.808925 0.703761 0.050336 0.077050
0 0.238790 0.063303 0.051505 0.084115
0 0.647602 0.567253 0.046433 0.071374
0 0.578322 0.608548 0.047793 0.081800
0 0.908435 0.198485 0.050419 0.077200
0 0.969993 0.795162 0.052189 0.086295
0 0.909751 0.306470 0.048437 0.074029
0 0.961025 0.163440 0.045016 0.068123
0 0.023909 0.460799 0.047717 0.081435
0 0.194464 0.254744 0.051333 0.078314
0 0.897268 0.768638 0.064703 0.095607
0 0.859461 0.420917 0.065291 0.079912
0 0.032561 0.278669 0.049457 0.078842
0 0.790772 0.471182 0.050352 0.074698
0 0.679984 0.652737 0.048137 0.077523
0 0.145266 0.582736 0.061194 0.072119
0 0.066308 0.606450 0.051181 0.075040
0 0.116824 0.487204 0.066683 0.074649
0 0.092057 0.326056 0.050552 0.071882
0 0.141817 0.299242 0.048503 0.077961
0 0.935814 0.404630 0.050489 0.078771
0 0.733749 0.573806 0.051719 0.071331
0 0.883582 0.556299 0.050287 0.084622
0 0.713792 0.482771 0.048614 0.085474
1 0.765160 0.412396 0.039774 0.059595
2 0.092512 0.542312 0.021837 0.035757
2 0.092512 0.804529 0.024956 0.030989
2 0.225871 0.744338 0.028076 0.032181
2 0.250048 0.889750 0.024956 0.039333
2 0.395106 0.660310 0.024956 0.040524
2 0.535485 0.495828 0.034315 0.050060
2 0.572139 0.307509 0.028076 0.040524
2 0.614253 0.194875 0.026516 0.036949
2 0.744883 0.327175 0.017937 0.036949
2 0.339734 0.011919 0.023396 0.023838
3 0.461396 0.203814 0.107624 0.174017