0 0.002268 0.709560 0.004535 0.056213
0 0.996916 0.836394 0.005211 0.049592
0 0.009073 0.877922 0.018139 0.081753
0 0.936571 0.994885 0.038466 0.008469
0 0.829057 0.548948 0.048458 0.075132
0 0.004047 0.321946 0.008095 0.060177
0 0.006287 0.176069 0.012575 0.066246
0 0.878974 0.003984 0.034121 0.007968
0 0.992719 0.664147 0.012883 0.069047
0 0.134712 0.436653 0.047044 0.072893
0 0.006367 0.964549 0.012735 0.063302
0 0.992793 0.403783 0.012746 0.055104
0 0.987720 0.985938 0.022895 0.025449
0 0.769143 0.859287 0.050034 0.064805
0 0.988654 0.744715 0.020911 0.073422
0 0.249609 0.989803 0.044232 0.017684
0 0.494640 0.406855 0.049269 0.072934
0 0.718961 0.112694 0.049101 0.074745
0 0.985428 0.337223 0.027313 0.070692
0 0.719850 0.052590 0.048626 0.066350
0 0.109542 0.008201 0.039733 0.016403
0 0.824378 0.785639 0.048511 0.078204
0 0.115313 0.622990 0.049059 0.073352
0 0.521133 0.368739 0.054783 0.076816
0 0.256675 0.022080 0.049007 0.044160
0 0.495596 0.716484 0.050719 0.067555
0 0.525647 0.765393 0.045733 0.070229
0 0.038424 0.977453 0.051999 0.042038
0 0.451171 0.464011 0.050955 0.075039
0 0.363906 0.683697 0.051189 0.074790
0 0.549669 0.148554 0.045617 0.063824
0 0.069645 0.596386 0.042175 0.067575
0 0.011519 0.557754 0.023034 0.079246
0 0.049773 0.665888 0.052465 0.079591
0 0.671635 0.280230 0.051638 0.082965
0 0.677379 0.017340 0.046609 0.034681
0 0.657636 0.724535 0.050452 0.077155
0 0.117817 0.828769 0.044952 0.079337
0 0.886940 0.148214 0.055932 0.064658
0 0.398538 0.814184 0.045441 0.067942
0 0.410885 0.981089 0.053210 0.034710
0 0.136290 0.717744 0.048539 0.082257
0 0.320484 0.643020 0.042766 0.075758
0 0.984915 0.096986 0.028329 0.083947
0 0.028537 0.745417 0.050294 0.075900
0 0.272027 0.733188 0.048743 0.073283
0 0.541777 0.672698 0.048100 0.071485
0 0.925282 0.112094 0.052961 0.066391
0 0.183541 0.678217 0.045800 0.068684
0 0.400029 0.739003 0.052078 0.069177
0 0.164839 0.852608 0.047722 0.079578
0 0.621003 0.626410 0.048522 0.076613
0 0.403894 0.613083 0.047857 0.073751
0 0.195468 0.530633 0.050489 0.079248
0 0.448475 0.687068 0.046811 0.073349
0 0.965384 0.300573 0.036718 0.066926
0 0.816001 0.093504 0.047629 0.068066
0 0.782922 0.621930 0.051983 0.078027
0 0.826875 0.383052 0.045965 0.072384
0 0.883359 0.643092 0.052260 0.075322
0 0.085065 0.396359 0.054967 0.082126
0 0.585808 0.871987 0.051305 0.069887
0 0.110750 0.970474 0.048765 0.056033
0 0.314544 0.885813 0.046130 0.069918
0 0.078047 0.775117 0.044805 0.078116
0 0.677823 0.970417 0.047938 0.056117
0 0.576570 0.578555 0.053448 0.076065
0 0.273107 0.654047 0.043973 0.072016
0 0.403787 0.533227 0.051837 0.068918
0 0.427525 0.880199 0.052967 0.077543
0 0.254355 0.444245 0.050134 0.075917
0 0.601831 0.424843 0.048335 0.073975
0 0.630223 0.825064 0.050312 0.081141
0 0.439951 0.390643 0.051833 0.070830
0 0.772078 0.127882 0.046635 0.071961
0 0.549360 0.942812 0.049619 0.082133
0 0.332060 0.465215 0.054496 0.074312
0 0.567447 0.496765 0.048387 0.078764
0 0.468927 0.783163 0.045902 0.076506
0 0.461270 0.947044 0.049916 0.076922
0 0.637135 0.044863 0.044863 0.071071
0 0.103277 0.137769 0.047239 0.079065
0 0.123678 0.344767 0.048967 0.075336
0 0.875816 0.810521 0.049833 0.078743
0 0.825015 0.706469 0.044973 0.067797
0 0.035897 0.828980 0.051837 0.075579
0 0.879643 0.072006 0.047085 0.073064
0 0.229069 0.301622 0.058516 0.075218
0 0.498106 0.872931 0.051996 0.079980
0 0.787719 0.421838 0.051171 0.077504
0 0.308434 0.797369 0.060278 0.093899
0 0.782805 0.239743 0.054908 0.078138
0 0.727025 0.915710 0.052913 0.069206
0 0.801917 0.027215 0.047493 0.054429
0 0.513494 0.522126 0.053352 0.083427
0 0.574151 0.076108 0.052374 0.079255
0 0.721771 0.553922 0.053256 0.079180
0 0.270432 0.346572 0.045786 0.079716
0 0.654826 0.193968 0.055925 0.079959
0 0.883089 0.401115 0.048986 0.069250
0 0.184554 0.768205 0.047787 0.077884
0 0.402588 0.341603 0.047278 0.069607
0 0.794531 0.322682 0.051625 0.086200
0 0.363231 0.395754 0.051386 0.071510
0 0.741722 0.293623 0.045659 0.073497
0 0.849933 0.463016 0.050549 0.077329
0 0.825118 0.200630 0.051267 0.068953
0 0.662132 0.531424 0.049776 0.079037
0 0.185741 0.450215 0.048506 0.077357
0 0.585441 0.187870 0.044845 0.074411
0 0.532414 0.032777 0.049216 0.063074
0 0.045528 0.438504 0.050844 0.077624
0 0.687903 0.658362 0.046587 0.070858
0 0.292253 0.189898 0.046621 0.076643
0 0.946896 0.031690 0.055761 0.063379
0 0.878468 0.963586 0.048923 0.069791
0 0.922665 0.848967 0.050326 0.079407
0 0.747325 0.763254 0.048989 0.077004
0 0.952381 0.384032 0.045188 0.082371
0 0.256233 0.131326 0.044589 0.076006
0 0.067493 0.090154 0.052409 0.084051
0 0.767864 0.498430 0.048581 0.072846
0 0.978732 0.899891 0.040657 0.081914
0 0.239431 0.572068 0.047203 0.079608
0 0.664669 0.429641 0.052790 0.077180
0 0.643361 0.348671 0.055770 0.078643
0 0.954925 0.662443 0.050329 0.071914
0 0.453761 0.107216 0.046368 0.064349
0 0.119882 0.539533 0.051589 0.079240
0 0.416872 0.032207 0.047977 0.064326
0 0.141913 0.063554 0.048446 0.083290
0 0.090531 0.266040 0.052489 0.069428
0 0.301072 0.102878 0.045149 0.071744
0 0.905431 0.529905 0.050451 0.076681
0 0.438052 0.259996 0.052770 0.081294
0 0.903368 0.231071 0.049012 0.081546
0 0.910712 0.317485 0.043951 0.070904
0 0.953817 0.230875 0.045294 0.066245
0 0.402262 0.108747 0.048504 0.072803
0 0.172287 0.176771 0.052657 0.077629
0 0.150753 0.271646 0.049675 0.080782
0 0.251555 0.229142 0.051992 0.078392
0 0.857408 0.310832 0.049411 0.077335
0 0.964495 0.525992 0.046847 0.074122
1 0.358658 0.198916 0.043112 0.060884
1 0.216497 0.865721 0.045841 0.075063
1 0.805332 0.851126 0.038201 0.074229
2 0.026859 0.497915 0.022375 0.035029
2 0.789779 0.554212 0.027832 0.037531
2 0.916386 0.684737 0.023466 0.031693
2 0.651165 0.583820 0.022375 0.031693
2 0.821430 0.149291 0.026740 0.035029
4 0.519919 0.262302 0.105870 0.152627