0 0.246916 0.397310 0.043151 0.079207
0 0.002465 0.741381 0.004930 0.061263
0 0.996625 0.452848 0.005627 0.047016
0 0.992361 0.369107 0.014043 0.059747
0 0.864340 0.002808 0.037713 0.005617
0 0.002669 0.661928 0.005338 0.048216
0 0.597555 0.007784 0.032661 0.015493
0 0.011067 0.362183 0.022134 0.082052
0 0.805728 0.001942 0.034972 0.003869
0 0.779208 0.369903 0.044371 0.076874
0 0.739445 0.993706 0.037110 0.010384
0 0.723874 0.483498 0.045035 0.088649
0 0.397493 0.990769 0.039512 0.015520
0 0.989998 0.548642 0.018189 0.067252
0 0.989830 0.297032 0.018522 0.064762
0 0.448268 0.008530 0.033437 0.017061
0 0.975880 0.394311 0.046267 0.061968
0 0.081440 0.987580 0.041097 0.022075
0 0.554991 0.020323 0.054234 0.040646
0 0.791380 0.990742 0.039123 0.015783
0 0.284886 0.088406 0.043187 0.065135
0 0.373941 0.636829 0.053943 0.083196
0 0.495900 0.068705 0.050824 0.061906
0 0.689517 0.011430 0.043153 0.022860
0 0.745492 0.578344 0.045150 0.070039
0 0.678369 0.491206 0.047188 0.079362
0 0.471486 0.662917 0.049371 0.071760
0 0.129323 0.098423 0.052606 0.074005
0 0.306488 0.979103 0.049318 0.038493
0 0.499709 0.015932 0.042985 0.031863
0 0.676465 0.979676 0.056896 0.037557
0 0.273807 0.011953 0.049755 0.023906
0 0.013098 0.477180 0.026188 0.079353
0 0.199984 0.022844 0.048988 0.045689
0 0.766795 0.243148 0.051105 0.082684
0 0.422296 0.640555 0.047403 0.078898
0 0.741026 0.197404 0.054378 0.077494
0 0.785511 0.596263 0.046045 0.075402
0 0.509191 0.695207 0.053970 0.071546
0 0.428735 0.403012 0.048297 0.073247
0 0.249130 0.056405 0.049260 0.067143
0 0.120414 0.036191 0.046645 0.072383
0 0.358536 0.780430 0.054742 0.083702
0 0.018325 0.856776 0.036651 0.076336
0 0.742691 0.652055 0.053826 0.065345
0 0.015617 0.581971 0.031218 0.071208
0 0.938405 0.651205 0.049725 0.069439
0 0.382510 0.717313 0.052910 0.070471
0 0.201817 0.911696 0.041735 0.064270
0 0.548801 0.480619 0.049532 0.079526
0 0.986719 0.158254 0.024714 0.078427
0 0.796318 0.671739 0.049415 0.069863
0 0.062003 0.114725 0.049097 0.072879
0 0.452612 0.088706 0.048414 0.081489
0 0.446806 0.815354 0.047790 0.078913
0 0.171757 0.715339 0.049834 0.071693
0 0.752022 0.024265 0.050938 0.048530
0 0.567425 0.567515 0.047395 0.076153
0 0.400501 0.026299 0.055581 0.052598
0 0.396913 0.841947 0.054970 0.080598
0 0.459335 0.206013 0.043710 0.066205
0 0.743016 0.320235 0.046749 0.067355
0 0.045355 0.381303 0.048083 0.078881
0 0.966512 0.602454 0.050735 0.072119
0 0.068018 0.203494 0.053130 0.072105
0 0.121842 0.181498 0.051035 0.078577
0 0.352209 0.923502 0.045436 0.084708
0 0.056924 0.026475 0.045966 0.052950
0 0.192855 0.178698 0.052292 0.073752
0 0.175129 0.968608 0.051003 0.059674
0 0.404365 0.526903 0.052509 0.072435
0 0.407461 0.133733 0.048007 0.078520
0 0.672341 0.853920 0.036452 0.077877
0 0.688918 0.677831 0.050822 0.079238
0 0.195771 0.832348 0.050237 0.082903
0 0.074542 0.481753 0.040691 0.064235
0 0.202881 0.610976 0.046127 0.069808
0 0.133168 0.491111 0.047317 0.077202
0 0.496727 0.944796 0.051894 0.077235
0 0.603623 0.630598 0.051263 0.078947
0 0.288137 0.362272 0.045506 0.074645
0 0.041413 0.689894 0.049342 0.075149
0 0.765003 0.880541 0.052045 0.065668
0 0.368712 0.060650 0.055192 0.084533
0 0.350798 0.216622 0.046408 0.070697
0 0.644213 0.577672 0.051405 0.076270
0 0.468583 0.749051 0.049624 0.076837
0 0.543251 0.104743 0.052724 0.072691
0 0.365493 0.459114 0.051572 0.075150
0 0.119869 0.410680 0.049337 0.079565
0 0.490554 0.280866 0.039643 0.097952
0 0.701144 0.137434 0.047119 0.070267
0 0.576321 0.788371 0.047817 0.071322
0 0.148705 0.250719 0.054272 0.067980
0 0.180376 0.096489 0.050503 0.075733
0 0.074900 0.616165 0.050417 0.076931
0 0.923787 0.167780 0.041779 0.073148
0 0.154176 0.635470 0.047609 0.082866
0 0.036019 0.948324 0.053140 0.078129
0 0.804745 0.179924 0.047237 0.074507
0 0.694977 0.298336 0.045012 0.082383
0 0.423964 0.937264 0.048952 0.073554
0 0.919466 0.030901 0.045800 0.061753
0 0.110233 0.930990 0.049026 0.077229
0 0.211191 0.267762 0.049108 0.077203
0 0.607543 0.945112 0.046349 0.075101
0 0.041910 0.287104 0.051496 0.071902
0 0.861149 0.047914 0.051181 0.074285
0 0.898271 0.100430 0.049378 0.072877
0 0.267933 0.289036 0.045029 0.073330
0 0.814492 0.857326 0.043570 0.071523
0 0.687788 0.063064 0.044832 0.066684
0 0.114806 0.699017 0.047673 0.085111
0 0.148415 0.334505 0.054913 0.082852
0 0.217134 0.757280 0.045481 0.074416
0 0.498247 0.862776 0.050521 0.077391
0 0.751998 0.095869 0.053589 0.072283
0 0.803714 0.759486 0.043519 0.076825
0 0.857461 0.910072 0.049975 0.079773
0 0.863570 0.402411 0.047609 0.076314
0 0.773317 0.504193 0.051144 0.082746
0 0.880649 0.480670 0.053400 0.072705
0 0.854389 0.809305 0.045600 0.070744
0 0.465992 0.567013 0.048438 0.081417
0 0.706246 0.931191 0.045260 0.070460
0 0.810865 0.081234 0.047264 0.073219
0 0.184979 0.418628 0.053264 0.066419
0 0.882748 0.202532 0.048869 0.077757
0 0.507495 0.172497 0.052178 0.074150
0 0.262087 0.716855 0.049435 0.078193
0 0.605728 0.428845 0.046896 0.078945
0 0.238026 0.529583 0.045928 0.078068
0 0.866298 0.733967 0.042218 0.069758
0 0.400484 0.226610 0.042341 0.072259
0 0.639430 0.085220 0.045647 0.076744
0 0.618372 0.743802 0.048063 0.077573
0 0.543975 0.322699 0.056659 0.072853
0 0.185728 0.519014 0.046886 0.076969
0 0.733449 0.770828 0.048006 0.073182
0 0.268448 0.917816 0.049859 0.077606
0 0.438148 0.319392 0.048460 0.081230
0 0.330488 0.289890 0.056600 0.074741
0 0.904552 0.848039 0.052454 0.078891
0 0.912299 0.754188 0.043030 0.078004
0 0.863445 0.556857 0.047816 0.070319
0 0.915208 0.563294 0.046030 0.083021
0 0.948494 0.900108 0.051156 0.079501
0 0.925879 0.424360 0.049190 0.083198
0 0.958741 0.727421 0.050950 0.075927
0 0.957412 0.227445 0.051813 0.075683
0 0.950582 0.314794 0.050697 0.083501
0 0.602664 0.309716 0.049377 0.077165
1 0.032589 0.090492 0.037109 0.069224
1 0.250332 0.224771 0.042566 0.064220
1 0.303813 0.428274 0.054572 0.060884
1 0.417323 0.447456 0.038201 0.057548
1 0.524012 0.391576 0.028923 0.074229
1 0.806969 0.348624 0.044749 0.066722
1 0.850081 0.627189 0.036018 0.083403
1 0.346652 0.135113 0.056209 0.073394
2 0.090435 0.009591 0.024012 0.019183
2 0.630700 0.986239 0.030560 0.027523