0 0.996993 0.441845 0.005268 0.047841
0 0.006620 0.992044 0.013240 0.013516
0 0.996108 0.971914 0.006543 0.052381
0 0.131132 0.064223 0.050448 0.077199
0 0.921156 0.159094 0.046038 0.072999
0 0.928159 0.941358 0.046766 0.078700
0 0.960094 0.916384 0.047677 0.086093
0 0.795939 0.537498 0.049633 0.081204
0 0.575606 0.003947 0.030123 0.007893
0 0.005965 0.293835 0.011929 0.063074
0 0.746293 0.611082 0.045080 0.068797
0 0.713843 0.631833 0.051239 0.064389
0 0.681608 0.065250 0.049688 0.068431
0 0.722038 0.059596 0.040616 0.063984
0 0.459343 0.303918 0.043592 0.073113
0 0.733826 0.377451 0.048860 0.078170
0 0.904559 0.435578 0.047767 0.076472
0 0.480795 0.523985 0.046884 0.079765
0 0.259753 0.788936 0.047829 0.082990
0 0.290862 0.738508 0.048292 0.080879
0 0.722944 0.987276 0.046762 0.022496
0 0.094115 0.988745 0.039848 0.020079
0 0.125949 0.008995 0.041008 0.017990
0 0.388253 0.886290 0.048018 0.092687
0 0.718694 0.326117 0.064393 0.076249
0 0.256171 0.345340 0.048199 0.074731
0 0.711221 0.011268 0.042046 0.022537
0 0.335752 0.645986 0.047622 0.075487
0 0.429499 0.836796 0.055640 0.081897
0 0.773691 0.673552 0.048260 0.080672
0 0.035627 0.968333 0.048816 0.060527
0 0.657140 0.018738 0.041185 0.037477
0 0.300296 0.864713 0.050660 0.075639
0 0.338231 0.764964 0.047799 0.083810
0 0.909284 0.648554 0.048282 0.076294
0 0.662275 0.873321 0.050766 0.086715
0 0.444017 0.725015 0.048383 0.073290
0 0.353869 0.983024 0.052502 0.030852
0 0.859133 0.982844 0.047828 0.031413
0 0.021346 0.049837 0.042648 0.077166
0 0.888982 0.719089 0.052317 0.072872
0 0.455996 0.439342 0.051637 0.082638
0 0.796242 0.013044 0.046338 0.026088
0 0.624681 0.412108 0.048367 0.065083
0 0.509277 0.473866 0.051577 0.081533
0 0.476274 0.808655 0.044406 0.067539
0 0.719540 0.459174 0.057979 0.077669
0 0.978749 0.522599 0.040097 0.071845
0 0.703289 0.540652 0.049818 0.080518
0 0.674518 0.275490 0.044928 0.080902
0 0.935126 0.571026 0.049107 0.080173
0 0.678329 0.399520 0.047179 0.077096
0 0.942137 0.743864 0.046626 0.076118
0 0.514378 0.658118 0.047026 0.075261
0 0.281290 0.504037 0.041853 0.065663
0 0.910349 0.866837 0.043507 0.078058
0 0.217212 0.675845 0.047559 0.077116
0 0.627100 0.807860 0.044675 0.072189
0 0.328956 0.934690 0.055582 0.080158
0 0.459219 0.622013 0.049845 0.090758
0 0.183489 0.617373 0.048752 0.083390
0 0.711956 0.934664 0.047689 0.073378
0 0.271551 0.665129 0.051723 0.068663
0 0.526357 0.567147 0.048067 0.077283
0 0.111489 0.390858 0.058396 0.069707
0 0.063858 0.625433 0.053310 0.080129
0 0.489470 0.373005 0.045241 0.070524
0 0.761029 0.873142 0.049100 0.076252
0 0.938103 0.013025 0.046568 0.026049
0 0.188302 0.104848 0.051462 0.077295
0 0.224476 0.516708 0.049070 0.085605
0 0.879453 0.530119 0.045183 0.075554
0 0.634646 0.223230 0.051904 0.080577
0 0.698950 0.811318 0.041134 0.079031
0 0.681503 0.697188 0.052372 0.082398
0 0.580991 0.377449 0.046690 0.069745
0 0.819861 0.062426 0.043977 0.073605
0 0.873713 0.108590 0.042821 0.071608
0 0.568013 0.452085 0.048808 0.069953
0 0.976910 0.807760 0.043944 0.075213
0 0.420533 0.378672 0.048225 0.074457
0 0.019899 0.470653 0.039798 0.076625
0 0.217926 0.413280 0.046407 0.078823
0 0.841095 0.835431 0.046494 0.070946
0 0.081323 0.756146 0.053042 0.086025
0 0.867777 0.032794 0.043362 0.065382
0 0.789473 0.302733 0.053230 0.077064
0 0.390938 0.313422 0.044014 0.066798
0 0.281536 0.140840 0.046309 0.070471
0 0.371962 0.501057 0.046633 0.073061
0 0.286729 0.031951 0.051421 0.063901
0 0.799855 0.950337 0.052546 0.079453
0 0.477772 0.236886 0.054105 0.087226
0 0.152261 0.532704 0.046330 0.072910
0 0.822688 0.463154 0.053452 0.084685
0 0.576145 0.544366 0.049304 0.085862
0 0.526177 0.854236 0.048724 0.078446
0 0.970474 0.631677 0.049729 0.081476
0 0.838043 0.208279 0.053171 0.074160
0 0.134756 0.459101 0.049673 0.078775
0 0.173072 0.376261 0.048115 0.071335
0 0.618430 0.716362 0.048999 0.074695
0 0.982380 0.356153 0.033252 0.074079
0 0.756081 0.219403 0.047374 0.072704
0 0.264530 0.436325 0.045856 0.064053
0 0.047465 0.152603 0.049174 0.067422
0 0.262028 0.591859 0.044728 0.064992
0 0.316091 0.432397 0.045015 0.080770
0 0.324654 0.529636 0.045846 0.074726
0 0.118622 0.693937 0.044333 0.073825
0 0.323790 0.197132 0.049378 0.080763
0 0.612985 0.290950 0.046453 0.072021
0 0.447972 0.170759 0.048039 0.072451
0 0.377538 0.422118 0.045911 0.068850
0 0.420844 0.247424 0.048544 0.079236
0 0.347795 0.272315 0.047475 0.080539
0 0.980367 0.246270 0.037358 0.070148
0 0.764557 0.136809 0.050402 0.080657
0 0.332931 0.353524 0.052027 0.073579
0 0.066900 0.450416 0.046113 0.076186
0 0.236219 0.174859 0.047283 0.073062
0 0.084523 0.333529 0.043285 0.069773
0 0.434465 0.099701 0.052398 0.073485
0 0.703606 0.149503 0.048134 0.075635
0 0.094407 0.837895 0.044951 0.074497
0 0.577881 0.829066 0.047764 0.078735
0 0.048480 0.232655 0.045717 0.075554
0 0.921185 0.072619 0.052256 0.084169
0 0.509328 0.077896 0.050864 0.083123
0 0.223159 0.964375 0.048604 0.068160
0 0.966015 0.448499 0.049967 0.072314
0 0.611995 0.146775 0.051658 0.073337
0 0.232847 0.072962 0.046770 0.071265
0 0.563106 0.306924 0.044679 0.070462
0 0.906503 0.335932 0.051990 0.083325
0 0.067878 0.080689 0.045512 0.071014
0 0.591625 0.071452 0.045464 0.074364
0 0.394967 0.043830 0.053820 0.071002
0 0.193920 0.297522 0.043733 0.066543
0 0.159530 0.177038 0.047592 0.079779
0 0.032036 0.338962 0.047134 0.082118
0 0.335361 0.113831 0.049753 0.076404
0 0.513263 0.301503 0.042068 0.074313
0 0.559573 0.212006 0.047789 0.079960
0 0.239247 0.263495 0.049560 0.077628
0 0.101411 0.180193 0.045454 0.074168
0 0.138411 0.310601 0.047203 0.089790
1 0.379123 0.169725 0.041475 0.067556
1 0.361114 0.703086 0.038201 0.040033
1 0.800147 0.592577 0.056209 0.054212
1 0.938761 0.221018 0.056209 0.075063