0 0.001932 0.461654 0.003826 0.058139
0 0.996076 0.400395 0.007188 0.059821
0 0.010146 0.717213 0.020256 0.072820
0 0.995824 0.538694 0.007393 0.059360
0 0.002263 0.558605 0.004527 0.068756
0 0.895404 0.133331 0.048760 0.080032
0 0.011201 0.889415 0.022402 0.074083
0 0.991802 0.903609 0.014949 0.070804
0 0.742599 0.001951 0.036871 0.003901
0 0.005572 0.180630 0.011122 0.067494
0 0.812140 0.445242 0.048862 0.078020
0 0.379483 0.992335 0.034688 0.012788
0 0.147434 0.574678 0.053317 0.083372
0 0.029321 0.221875 0.048221 0.081213
0 0.014524 0.983615 0.029047 0.030363
0 0.227751 0.420253 0.044109 0.076821
0 0.284404 0.480197 0.053060 0.077450
0 0.761133 0.887539 0.043637 0.072380
0 0.797213 0.030122 0.049204 0.060241
0 0.547519 0.783739 0.044316 0.080305
0 0.658667 0.979029 0.051235 0.039043
0 0.715296 0.895923 0.054104 0.085366
0 0.320963 0.696228 0.048649 0.087027
0 0.319500 0.514484 0.050228 0.076085
0 0.258722 0.389606 0.045902 0.077697
0 0.745647 0.977667 0.053576 0.041654
0 0.429495 0.981400 0.049147 0.034140
0 0.290215 0.635071 0.043402 0.079674
0 0.928380 0.625340 0.046959 0.075834
0 0.033324 0.940657 0.049833 0.075725
0 0.441349 0.425458 0.056020 0.086378
0 0.306408 0.409971 0.046160 0.073867
0 0.404467 0.474766 0.049614 0.077966
0 0.466353 0.640463 0.055226 0.088513
0 0.498322 0.698859 0.047460 0.076955
0 0.586973 0.621486 0.058474 0.076434
0 0.591673 0.822694 0.051885 0.074111
0 0.855326 0.694314 0.048663 0.069334
0 0.311936 0.963556 0.049499 0.069724
0 0.330791 0.590540 0.052641 0.072602
0 0.801461 0.970695 0.048923 0.055559
0 0.564677 0.014611 0.044585 0.029163
0 0.471730 0.490919 0.053725 0.076945
0 0.366341 0.654561 0.049098 0.084570
0 0.096908 0.701551 0.045538 0.071596
0 0.560676 0.699952 0.053556 0.077525
0 0.449778 0.930219 0.046605 0.072516
0 0.828075 0.365871 0.054256 0.078349
0 0.490159 0.558273 0.043303 0.075220
0 0.390777 0.853956 0.046063 0.071665
0 0.287992 0.853927 0.055351 0.072699
0 0.983871 0.743896 0.030530 0.085039
0 0.449096 0.773889 0.051815 0.074493
0 0.724972 0.807993 0.054212 0.077515
0 0.612523 0.932217 0.049589 0.077147
0 0.153486 0.733566 0.049018 0.074030
0 0.160963 0.354687 0.050625 0.081105
0 0.791074 0.217896 0.050364 0.078565
0 0.393631 0.015945 0.051219 0.031891
0 0.893778 0.933971 0.056662 0.077673
0 0.541090 0.938604 0.053850 0.085183
0 0.889992 0.849286 0.051146 0.079123
0 0.022054 0.382813 0.044109 0.075970
0 0.325990 0.025022 0.046237 0.050045
0 0.362762 0.408744 0.048734 0.078652
0 0.882577 0.454372 0.046212 0.074075
0 0.824361 0.277170 0.045020 0.071742
0 0.684214 0.023904 0.041958 0.047807
0 0.772474 0.630844 0.051277 0.068106
0 0.642564 0.497116 0.048417 0.074827
0 0.664136 0.759629 0.051250 0.074161
0 0.774203 0.709633 0.051182 0.079406
0 0.875848 0.767528 0.052283 0.079239
0 0.516720 0.030420 0.046949 0.060840
0 0.933819 0.476834 0.051690 0.086188
0 0.267169 0.124038 0.055054 0.087868
0 0.793879 0.818313 0.049944 0.074971
0 0.376355 0.941372 0.046994 0.077082
0 0.841263 0.618289 0.053639 0.081007
0 0.534901 0.334423 0.049935 0.080931
0 0.981917 0.032101 0.034666 0.064146
0 0.101659 0.036394 0.047985 0.072751
0 0.097236 0.262413 0.049591 0.082029
0 0.745171 0.436862 0.047200 0.078938
0 0.652405 0.136423 0.047878 0.083118
0 0.518904 0.440779 0.043655 0.072606
0 0.875379 0.019553 0.051227 0.039106
0 0.032220 0.656598 0.046061 0.072744
0 0.300627 0.194855 0.051650 0.086412
0 0.140611 0.657715 0.056049 0.078391
0 0.666143 0.358498 0.049667 0.078204
0 0.221749 0.078533 0.048041 0.081687
0 0.065794 0.107187 0.051424 0.078635
0 0.873073 0.537130 0.052713 0.081229
0 0.752675 0.074412 0.052237 0.086809
0 0.477779 0.069457 0.050606 0.085822
0 0.563180 0.541287 0.050811 0.078631
0 0.625389 0.229621 0.051447 0.080787
0 0.711532 0.308504 0.046502 0.079612
0 0.588452 0.379298 0.048139 0.078618
0 0.940999 0.181097 0.049546 0.084841
0 0.358112 0.246968 0.050141 0.080248
0 0.237479 0.313164 0.056163 0.080564
0 0.543251 0.245464 0.045248 0.086367
0 0.099032 0.499216 0.048056 0.078547
0 0.688910 0.552681 0.040391 0.090772
0 0.176380 0.956173 0.045971 0.072680
0 0.127775 0.950353 0.044691 0.069250
0 0.769421 0.554336 0.045217 0.069220
0 0.424384 0.293149 0.054692 0.084155
0 0.212203 0.196620 0.049552 0.081061
0 0.696893 0.463586 0.053433 0.082411
0 0.320449 0.334575 0.052850 0.080926
0 0.925790 0.064291 0.047734 0.076118
0 0.592917 0.296783 0.049053 0.072593
0 0.638177 0.043305 0.048902 0.073199
0 0.733159 0.158357 0.046031 0.076526
0 0.491158 0.165279 0.048718 0.082275
0 0.481053 0.347153 0.048097 0.079726
0 0.587196 0.168093 0.053323 0.086200
0 0.884590 0.351306 0.048777 0.079100
0 0.146103 0.263190 0.044008 0.083556
0 0.171161 0.062309 0.046751 0.079655
0 0.873796 0.237876 0.055673 0.083814
0 0.972714 0.251036 0.046168 0.081438
0 0.435938 0.194567 0.050739 0.076754
0 0.048978 0.547851 0.045855 0.071057
0 0.819316 0.147047 0.052143 0.079474
0 0.964233 0.408890 0.049568 0.080319
1 0.149646 0.814012 0.042021 0.071726
1 0.584860 0.458299 0.036018 0.062552
1 0.078430 0.201418 0.039292 0.084237
2 0.041866 0.793161 0.026195 0.038365
2 0.254698 0.633862 0.020737 0.028357
2 0.460162 0.823603 0.020192 0.032527