0 0.002365 0.569110 0.004710 0.060057
0 0.997139 0.332351 0.005399 0.057840
0 0.997265 0.218451 0.005047 0.042826
0 0.563268 0.535946 0.049817 0.080282
0 0.007735 0.144732 0.015470 0.068651
0 0.593949 0.003707 0.034522 0.007414
0 0.005705 0.649317 0.011410 0.060388
0 0.993584 0.805568 0.011898 0.068195
0 0.712220 0.990659 0.042161 0.016294
0 0.135668 0.993183 0.038724 0.011643
0 0.855582 0.186849 0.049040 0.075966
0 0.861930 0.002679 0.038147 0.005358
0 0.554007 0.248349 0.047997 0.077641
0 0.107816 0.010903 0.045898 0.021807
0 0.754926 0.005350 0.039650 0.010701
0 0.524481 0.003934 0.034420 0.007868
0 0.524553 0.755091 0.048884 0.078241
0 0.625839 0.992710 0.037170 0.012472
0 0.398370 0.012736 0.043406 0.025456
0 0.991730 0.610530 0.015391 0.077361
0 0.514364 0.637824 0.048996 0.075755
0 0.990287 0.419455 0.018359 0.069826
0 0.345061 0.022300 0.047688 0.044601
0 0.693319 0.499938 0.051259 0.086009
0 0.606271 0.301690 0.047110 0.080796
0 0.920594 0.593550 0.054800 0.078405
0 0.234365 0.009574 0.044231 0.019148
0 0.635467 0.020947 0.050961 0.041885
0 0.899123 0.254134 0.046691 0.063325
0 0.177311 0.008876 0.041321 0.017752
0 0.285383 0.682906 0.045077 0.073079
0 0.667320 0.443002 0.048005 0.075929
0 0.772935 0.415865 0.052682 0.071157
0 0.101105 0.042534 0.049166 0.074794
0 0.013612 0.887018 0.027223 0.080483
0 0.509722 0.872734 0.050636 0.073817
0 0.399605 0.916147 0.045912 0.079149
0 0.394129 0.044467 0.052528 0.064373
0 0.613497 0.414704 0.045674 0.068043
0 0.675804 0.355700 0.044878 0.074809
0 0.325402 0.683517 0.041101 0.085120
0 0.481079 0.809211 0.053357 0.075088
0 0.480150 0.710868 0.046995 0.073391
0 0.613510 0.647873 0.047657 0.073372
0 0.316677 0.041402 0.045922 0.072101
0 0.447405 0.882239 0.051290 0.082343
0 0.373572 0.703856 0.046493 0.075802
0 0.979564 0.879003 0.039513 0.079643
0 0.678341 0.249626 0.049595 0.074386
0 0.807141 0.480311 0.050854 0.077318
0 0.235338 0.882992 0.050582 0.077444
0 0.033853 0.186652 0.047039 0.069686
0 0.597936 0.875245 0.046249 0.071888
0 0.569042 0.703598 0.041297 0.080854
0 0.628033 0.559701 0.048429 0.071393
0 0.716047 0.302162 0.044041 0.073524
0 0.667371 0.610609 0.047283 0.076083
0 0.798675 0.679279 0.046059 0.076211
0 0.807629 0.565591 0.052351 0.080354
0 0.192201 0.690945 0.047453 0.077902
0 0.145084 0.208757 0.041610 0.070082
0 0.260273 0.370423 0.043468 0.071725
0 0.389592 0.623974 0.052284 0.075880
0 0.132118 0.128047 0.043721 0.076053
0 0.963412 0.378478 0.048425 0.093021
0 0.427991 0.677296 0.049004 0.079723
0 0.905727 0.428552 0.045951 0.071295
0 0.214441 0.542838 0.047751 0.073300
0 0.907086 0.326306 0.050138 0.073609
0 0.758339 0.332691 0.042169 0.073113
0 0.095349 0.170115 0.044824 0.067805
0 0.728619 0.186770 0.041628 0.069030
0 0.019711 0.048283 0.039393 0.063564
0 0.037781 0.110951 0.035702 0.063064
0 0.276013 0.225569 0.050675 0.073273
0 0.641648 0.936129 0.048757 0.079314
0 0.408262 0.804539 0.043113 0.079125
0 0.691504 0.024008 0.045619 0.048015
0 0.624746 0.753567 0.049615 0.079382
0 0.700237 0.730143 0.047961 0.072246
0 0.734772 0.865446 0.046955 0.071092
0 0.230307 0.744400 0.046534 0.080280
0 0.190056 0.839122 0.050551 0.078299
0 0.308843 0.835500 0.044573 0.077234
0 0.461083 0.526907 0.046927 0.083526
0 0.227890 0.619960 0.050879 0.074919
0 0.359368 0.964541 0.045174 0.067709
0 0.823833 0.115569 0.048939 0.080204
0 0.186401 0.058680 0.052903 0.074070
0 0.102349 0.754671 0.044450 0.067268
0 0.169523 0.504281 0.049677 0.079193
0 0.907499 0.178070 0.046628 0.079614
0 0.864479 0.707498 0.051512 0.073411
0 0.560048 0.412648 0.049595 0.072337
0 0.662153 0.172264 0.046420 0.075605
0 0.866210 0.623818 0.052851 0.079617
0 0.885753 0.512628 0.047455 0.068995
0 0.153711 0.600654 0.047726 0.071596
0 0.219821 0.418078 0.048690 0.076404
0 0.124791 0.682438 0.049717 0.074553
0 0.026860 0.810953 0.048293 0.076246
0 0.834647 0.260829 0.047452 0.072390
0 0.051754 0.741831 0.046611 0.077303
0 0.981346 0.497098 0.035511 0.071964
0 0.414460 0.555272 0.047283 0.071843
0 0.426328 0.432860 0.042981 0.068681
0 0.804247 0.888765 0.048152 0.077764
0 0.277342 0.564332 0.048002 0.089967
0 0.104774 0.506586 0.048077 0.074042
0 0.550808 0.946351 0.050264 0.075290
0 0.333741 0.526279 0.049436 0.081786
0 0.523978 0.320462 0.047921 0.073595
0 0.102326 0.958988 0.050240 0.073253
0 0.358985 0.287711 0.045919 0.070261
0 0.953806 0.760916 0.050205 0.079728
0 0.173128 0.349373 0.048756 0.075539
0 0.511581 0.546274 0.048048 0.074423
0 0.067201 0.608625 0.047168 0.075674
0 0.969026 0.244997 0.043691 0.071352
0 0.363044 0.129261 0.051011 0.076215
0 0.746345 0.044445 0.052205 0.072799
0 0.288240 0.147825 0.046205 0.072725
0 0.860175 0.801842 0.050990 0.078905
0 0.112854 0.292068 0.047324 0.076819
0 0.180044 0.154279 0.048526 0.080565
0 0.300720 0.297427 0.049278 0.079922
0 0.425431 0.290281 0.046451 0.081894
0 0.067564 0.414143 0.046994 0.080692
0 0.934466 0.034857 0.054081 0.069714
0 0.200650 0.258870 0.050142 0.074173
0 0.441528 0.070843 0.045985 0.076499
0 0.976695 0.166970 0.045497 0.078724
0 0.602015 0.142407 0.049137 0.085149
1 0.367389 0.207256 0.049661 0.070892
1 0.419506 0.168474 0.054572 0.075063
1 0.484447 0.178899 0.043658 0.074229
1 0.476534 0.393244 0.044204 0.089241
1 0.785413 0.203503 0.050752 0.066722
1 0.136822 0.818182 0.048024 0.071726
1 0.121269 0.882402 0.047478 0.070058
2 0.066969 0.143036 0.017463 0.024187
2 0.511187 0.409508 0.019646 0.033361
2 0.235325 0.665972 0.016917 0.024187
2 0.162198 0.790242 0.020192 0.030859
2 0.495088 0.925771 0.024558 0.035029
2 0.607507 0.940784 0.020192 0.033361