0 0.995894 0.670670 0.007790 0.057810
0 0.009964 0.811106 0.019927 0.084541
0 0.271345 0.523873 0.040915 0.069228
0 0.993484 0.005638 0.013004 0.011244
0 0.002126 0.586846 0.004252 0.071125
0 0.921534 0.995886 0.054611 0.007509
0 0.001912 0.180049 0.003824 0.068145
0 0.889375 0.001893 0.040591 0.003758
0 0.046727 0.002209 0.036623 0.004380
0 0.405610 0.003993 0.027943 0.007986
0 0.008960 0.313533 0.017872 0.076267
0 0.005346 0.471546 0.010667 0.070983
0 0.458193 0.993181 0.035073 0.011286
0 0.344723 0.466073 0.047881 0.080167
0 0.297196 0.005879 0.041242 0.011759
0 0.989734 0.583573 0.019454 0.071877
0 0.432776 0.363767 0.057150 0.066287
0 0.099348 0.007949 0.043967 0.015898
0 0.990253 0.296250 0.018334 0.072130
0 0.222746 0.694320 0.050753 0.075205
0 0.501242 0.455096 0.050493 0.079122
0 0.372116 0.029964 0.047402 0.059928
0 0.196629 0.632755 0.048348 0.076579
0 0.194670 0.542808 0.042079 0.071835
0 0.122223 0.053254 0.051045 0.079789
0 0.190761 0.018368 0.058216 0.036735
0 0.339491 0.975323 0.048692 0.045853
0 0.251759 0.247897 0.057595 0.062107
0 0.796097 0.910840 0.046670 0.077487
0 0.127318 0.965591 0.044755 0.065342
0 0.143189 0.415832 0.050862 0.071090
0 0.570349 0.899475 0.051969 0.077017
0 0.033096 0.725741 0.055544 0.080122
0 0.222145 0.133780 0.050694 0.077225
0 0.613161 0.025685 0.045681 0.051370
0 0.015989 0.903058 0.031979 0.086017
0 0.121597 0.638456 0.052640 0.077932
0 0.184572 0.325545 0.040959 0.091030
0 0.801364 0.368207 0.051036 0.073530
0 0.492047 0.168964 0.042666 0.061776
0 0.208310 0.898015 0.051900 0.077246
0 0.238491 0.583455 0.049900 0.072895
0 0.383595 0.972387 0.041450 0.052027
0 0.045860 0.546995 0.054438 0.086679
0 0.157018 0.493525 0.053678 0.078807
0 0.975887 0.713885 0.045454 0.079623
0 0.388273 0.712846 0.047523 0.067216
0 0.063721 0.978691 0.045900 0.039478
0 0.338031 0.679141 0.049307 0.080948
0 0.476034 0.831134 0.041931 0.069309
0 0.372295 0.170639 0.043946 0.069969
0 0.118682 0.556680 0.050100 0.075377
0 0.311456 0.264250 0.048375 0.069384
0 0.405408 0.296948 0.054130 0.076218
0 0.830843 0.756749 0.042991 0.077709
0 0.451919 0.120049 0.053193 0.076537
0 0.977386 0.885117 0.044183 0.075356
0 0.520852 0.634070 0.049216 0.077577
0 0.158855 0.889833 0.047689 0.079089
0 0.501974 0.027007 0.051879 0.054014
0 0.549949 0.841566 0.054821 0.073813
0 0.052540 0.418065 0.051395 0.076813
0 0.101790 0.362296 0.048500 0.073158
0 0.807260 0.221417 0.056976 0.063785
0 0.647174 0.069593 0.055246 0.075350
0 0.031265 0.054389 0.051647 0.076104
0 0.169372 0.102605 0.054402 0.073689
0 0.485256 0.682087 0.050223 0.075247
0 0.487378 0.322997 0.049237 0.074899
0 0.494922 0.962847 0.047423 0.070879
0 0.760178 0.406101 0.045079 0.071488
0 0.308640 0.146148 0.046663 0.071260
0 0.568856 0.675841 0.051656 0.080119
0 0.496978 0.244012 0.046522 0.073989
0 0.361994 0.099837 0.050666 0.071539
0 0.087140 0.781931 0.049525 0.073966
0 0.138657 0.308443 0.051205 0.082324
0 0.349033 0.831038 0.050426 0.069871
0 0.465510 0.750577 0.052906 0.069345
0 0.440883 0.563835 0.053101 0.076655
0 0.401113 0.786611 0.051311 0.078692
0 0.941879 0.656580 0.052853 0.079562
0 0.806673 0.291797 0.052247 0.070912
0 0.544368 0.239348 0.051658 0.077414
0 0.853554 0.265294 0.046433 0.072875
0 0.549505 0.482278 0.048816 0.076343
0 0.321273 0.044376 0.052505 0.080505
0 0.627526 0.666053 0.047117 0.074463
0 0.863983 0.975889 0.050197 0.045449
0 0.638335 0.589742 0.058619 0.075169
0 0.258535 0.067476 0.050765 0.076841
0 0.637690 0.426985 0.051705 0.073859
0 0.837607 0.413177 0.047891 0.078078
0 0.557745 0.031435 0.051664 0.062870
0 0.631450 0.846815 0.042948 0.081654
0 0.825941 0.601491 0.048566 0.075495
0 0.781594 0.754455 0.047612 0.071012
0 0.348779 0.341769 0.049955 0.081067
0 0.440613 0.036705 0.049622 0.073328
0 0.733810 0.334539 0.050784 0.080677
0 0.934898 0.147143 0.052659 0.088836
0 0.548056 0.163790 0.045131 0.072122
0 0.610198 0.740607 0.057076 0.071256
0 0.107509 0.902476 0.048438 0.075438
0 0.098041 0.142328 0.050039 0.076634
0 0.901823 0.082130 0.048770 0.071192
0 0.736442 0.954411 0.051564 0.080913
0 0.633412 0.308516 0.055363 0.073214
0 0.355721 0.913613 0.053180 0.077926
0 0.665444 0.148435 0.050533 0.075972
0 0.941449 0.030956 0.045382 0.061912
0 0.718234 0.080911 0.051653 0.074182
0 0.854557 0.050120 0.050257 0.075840
0 0.242104 0.791661 0.056193 0.078378
0 0.734051 0.817533 0.046817 0.074917
0 0.357219 0.579029 0.049198 0.070202
0 0.666480 0.501024 0.049226 0.073084
0 0.557562 0.580001 0.050824 0.075751
0 0.278361 0.730887 0.044626 0.074916
0 0.845816 0.130365 0.046896 0.077310
0 0.799704 0.149613 0.050409 0.076540
0 0.700188 0.620636 0.045801 0.076492
0 0.845362 0.677857 0.050823 0.081633
0 0.749388 0.692032 0.051295 0.075421
0 0.866419 0.805591 0.052529 0.083176
0 0.710240 0.448487 0.053924 0.084088
0 0.918934 0.783693 0.046411 0.076339
0 0.296023 0.819172 0.045279 0.085029
0 0.695154 0.239848 0.046150 0.074522
0 0.846939 0.886184 0.048022 0.073484
0 0.540901 0.768459 0.048570 0.063266
0 0.426245 0.887410 0.047116 0.075969
0 0.716670 0.169135 0.049745 0.078060
0 0.531472 0.359353 0.052101 0.083206
0 0.935631 0.493131 0.047348 0.067886
0 0.598234 0.147094 0.048097 0.078362
0 0.670141 0.789482 0.048658 0.074599
0 0.956070 0.221477 0.056217 0.087810
0 0.971077 0.799923 0.051451 0.077869
0 0.827528 0.511413 0.049738 0.081762
0 0.940009 0.332866 0.050161 0.071800
0 0.976483 0.106926 0.045622 0.079555
0 0.944295 0.570775 0.053083 0.081330
1 0.196578 0.835279 0.058392 0.060884
1 0.620332 0.533778 0.057847 0.083403
1 0.599594 0.816931 0.039292 0.077565
1 0.283894 0.473311 0.045295 0.062552
2 0.216770 0.281068 0.019100 0.030025
2 0.011383 0.677648 0.022766 0.040867
2 0.582950 0.454128 0.021283 0.032527
2 0.555937 0.958716 0.017463 0.027523
2 0.639432 0.118432 0.016372 0.023353
4 0.273252 0.360717 0.135339 0.184320