0 0.995723 0.874472 0.007401 0.053673
0 0.940230 0.995394 0.032006 0.007321
0 0.545842 0.004240 0.035000 0.008416
0 0.267318 0.007391 0.042809 0.014773
0 0.007902 0.245101 0.015768 0.071289
0 0.157465 0.024018 0.041661 0.048036
0 0.554968 0.654959 0.049196 0.071758
0 0.855385 0.680740 0.046301 0.072522
0 0.871737 0.007856 0.042028 0.015712
0 0.691786 0.986150 0.043976 0.024701
0 0.363605 0.006902 0.039461 0.013803
0 0.060938 0.010557 0.039202 0.021115
0 0.893212 0.987853 0.049218 0.021359
0 0.320330 0.988757 0.040251 0.019577
0 0.747748 0.010509 0.045199 0.021019
0 0.212223 0.012639 0.043964 0.025277
0 0.627352 0.977868 0.054022 0.040988
0 0.547129 0.977968 0.048696 0.040849
0 0.015103 0.319893 0.030141 0.073487
0 0.808209 0.019012 0.043203 0.038024
0 0.020588 0.950246 0.041177 0.077677
0 0.117850 0.721897 0.054630 0.067437
0 0.882061 0.857007 0.051007 0.071521
0 0.310306 0.704365 0.051506 0.077557
0 0.189393 0.072200 0.047187 0.071766
0 0.123890 0.918656 0.044596 0.074178
0 0.072063 0.598698 0.044718 0.068142
0 0.233391 0.977313 0.054252 0.042189
0 0.686096 0.615531 0.045448 0.088680
0 0.039931 0.702034 0.050564 0.073553
0 0.176714 0.963814 0.046901 0.068867
0 0.023832 0.777218 0.047196 0.078154
0 0.137490 0.793530 0.045847 0.076494
0 0.153168 0.203558 0.052120 0.073290
0 0.102438 0.382332 0.054450 0.071696
0 0.894407 0.936296 0.047158 0.070029
0 0.930471 0.900069 0.044645 0.079128
0 0.739087 0.965902 0.048794 0.065003
0 0.751379 0.750331 0.046370 0.068739
0 0.113086 0.643096 0.048666 0.078090
0 0.025943 0.046407 0.049596 0.071922
0 0.131952 0.550437 0.043964 0.070345
0 0.227065 0.761292 0.050570 0.076448
0 0.120765 0.133231 0.050023 0.074550
0 0.563307 0.552557 0.049882 0.076829
0 0.542188 0.731544 0.045969 0.073127
0 0.031843 0.510551 0.045605 0.071462
0 0.173132 0.872789 0.048196 0.074695
0 0.907968 0.517856 0.045415 0.069145
0 0.643666 0.530764 0.049695 0.073206
0 0.246619 0.542303 0.044400 0.072346
0 0.071776 0.944983 0.048711 0.075491
0 0.914293 0.661214 0.041201 0.069568
0 0.236833 0.077941 0.048249 0.075041
0 0.045644 0.856643 0.049218 0.073912
0 0.487768 0.484051 0.048817 0.070177
0 0.133784 0.436657 0.046190 0.068730
0 0.808560 0.975647 0.047922 0.045528
0 0.976321 0.930211 0.045437 0.076423
0 0.631395 0.039975 0.043784 0.079321
0 0.717765 0.545413 0.047385 0.073175
0 0.594945 0.487260 0.049651 0.072915
0 0.560529 0.807872 0.048036 0.075749
0 0.435704 0.647405 0.052236 0.082015
0 0.631375 0.177964 0.043034 0.071907
0 0.301322 0.856522 0.055443 0.079133
0 0.457721 0.968583 0.047835 0.059684
0 0.492411 0.895832 0.055659 0.085087
0 0.038658 0.167204 0.047620 0.073931
0 0.648742 0.814335 0.046018 0.062462
0 0.518545 0.420575 0.049135 0.078593
0 0.686704 0.438213 0.046806 0.073484
0 0.187247 0.661949 0.048843 0.065037
0 0.410848 0.815777 0.053985 0.086504
0 0.280425 0.626596 0.049613 0.080243
0 0.745908 0.673648 0.056264 0.072429
0 0.301153 0.936691 0.048051 0.070303
0 0.978985 0.683994 0.040215 0.071967
0 0.643035 0.691990 0.050197 0.084828
0 0.641549 0.889879 0.049885 0.071356
0 0.061498 0.448186 0.043808 0.073840
0 0.582381 0.031603 0.048368 0.063207
0 0.732896 0.135585 0.049223 0.071261
0 0.191595 0.275454 0.045404 0.077107
0 0.818751 0.599814 0.048483 0.071608
0 0.204448 0.362426 0.046310 0.071499
0 0.568666 0.254859 0.050021 0.067127
0 0.094564 0.066187 0.053912 0.071482
0 0.727645 0.818833 0.050790 0.080624
0 0.927992 0.584502 0.046519 0.066822
0 0.139035 0.327324 0.047096 0.068762
0 0.394873 0.730286 0.047326 0.073192
0 0.357118 0.651408 0.043914 0.082423
0 0.676283 0.242282 0.050928 0.068678
0 0.623231 0.373039 0.050521 0.078146
0 0.190209 0.508427 0.054488 0.071659
0 0.570308 0.102850 0.046734 0.072829
0 0.665051 0.100169 0.050159 0.079320
0 0.289085 0.161375 0.048322 0.083136
0 0.819252 0.456051 0.045706 0.068853
0 0.754352 0.493551 0.048093 0.072370
0 0.494096 0.587182 0.048051 0.073155
0 0.559226 0.360606 0.049280 0.074636
0 0.564235 0.919042 0.049915 0.073084
0 0.520231 0.309858 0.052732 0.075287
0 0.552817 0.170720 0.047692 0.071842
0 0.869026 0.422195 0.049793 0.078167
0 0.976308 0.213746 0.045444 0.075110
0 0.335095 0.090075 0.049247 0.082475
0 0.046941 0.248282 0.050418 0.074215
0 0.682205 0.331913 0.050247 0.068412
0 0.921401 0.179999 0.050771 0.082467
0 0.387252 0.070233 0.047147 0.077382
0 0.454322 0.052390 0.051229 0.079713
0 0.972472 0.046596 0.047294 0.077702
0 0.736589 0.060134 0.055626 0.070391
0 0.951424 0.450459 0.050779 0.075529
0 0.831702 0.312260 0.052679 0.078300
0 0.975081 0.297755 0.047059 0.075232
0 0.922448 0.346600 0.049342 0.075489
1 0.195214 0.151793 0.040383 0.068390
1 0.392766 0.610926 0.046932 0.085905
1 0.605597 0.756047 0.057847 0.077565
4 0.879004 0.759800 0.074218 0.133445
2 0.100258 0.471643 0.026195 0.037531
2 0.108717 0.850709 0.026740 0.043369
2 0.436969 0.738949 0.025103 0.036697
2 0.286895 0.985405 0.018555 0.025855
2 0.308724 0.338616 0.026195 0.045038
2 0.687728 0.194746 0.026740 0.029191
2 0.792507 0.154295 0.022375 0.031693
2 0.887736 0.221435 0.020737 0.032527
2 0.785958 0.242702 0.021283 0.036697
2 0.795509 0.522519 0.021829 0.034195
2 0.818702 0.663053 0.022375 0.035029
2 0.916386 0.838616 0.015826 0.032527