0 0.002261 0.613925 0.004503 0.064204
0 0.987701 0.793922 0.023115 0.072750
0 0.011571 0.843703 0.023141 0.075772
0 0.401958 0.654754 0.052114 0.075989
0 0.456749 0.996090 0.037065 0.007176
0 0.989757 0.005685 0.019685 0.011370
0 0.600954 0.994261 0.037023 0.009987
0 0.086419 0.927980 0.041447 0.095702
0 0.992724 0.451861 0.013681 0.074333
0 0.357863 0.903919 0.048949 0.082321
0 0.641328 0.971691 0.045045 0.054139
0 0.683592 0.991159 0.039707 0.015977
0 0.233504 0.095765 0.047096 0.077095
0 0.127647 0.499434 0.049550 0.076017
0 0.801630 0.985904 0.052524 0.025550
0 0.864561 0.980990 0.047278 0.035817
0 0.114102 0.984038 0.047267 0.029764
0 0.902062 0.022064 0.052974 0.044090
0 0.263568 0.011662 0.050909 0.023323
0 0.347649 0.011781 0.046563 0.023562
0 0.558536 0.704744 0.046682 0.068789
0 0.229633 0.625364 0.054150 0.082491
0 0.022637 0.037519 0.045235 0.074776
0 0.181651 0.399576 0.049551 0.079870
0 0.746716 0.977802 0.043816 0.041873
0 0.017628 0.946949 0.035256 0.075588
0 0.514242 0.765027 0.048830 0.080512
0 0.493121 0.865538 0.046953 0.080619
0 0.619629 0.906205 0.046678 0.087390
0 0.154348 0.326990 0.052572 0.078839
0 0.029490 0.770685 0.057015 0.077968
0 0.018215 0.238318 0.036385 0.074923
0 0.583114 0.958472 0.047881 0.075487
0 0.047160 0.875383 0.050734 0.073815
0 0.706410 0.949821 0.045834 0.088286
0 0.207421 0.717204 0.049091 0.076214
0 0.733150 0.031619 0.048011 0.063207
0 0.167661 0.934970 0.047938 0.078594
0 0.588368 0.757116 0.042245 0.067631
0 0.984065 0.269708 0.030672 0.068488
0 0.419642 0.966965 0.053263 0.063783
0 0.762071 0.414757 0.049194 0.074040
0 0.763033 0.898946 0.047059 0.080013
0 0.738097 0.583902 0.045927 0.070858
0 0.443501 0.479555 0.054758 0.051538
0 0.082628 0.461088 0.052335 0.078745
0 0.142048 0.579266 0.047853 0.077313
0 0.865102 0.925520 0.051313 0.076790
0 0.449366 0.914869 0.049887 0.071559
0 0.305720 0.942532 0.047933 0.085723
0 0.810722 0.934980 0.051147 0.072274
0 0.022655 0.321266 0.045310 0.084357
0 0.449786 0.026594 0.052240 0.053188
0 0.407791 0.870397 0.047879 0.082172
0 0.188921 0.037473 0.051242 0.074946
0 0.205124 0.156944 0.055254 0.074340
0 0.558918 0.037464 0.048998 0.074927
0 0.196438 0.516219 0.045669 0.070932
0 0.279448 0.061189 0.046909 0.075432
0 0.168310 0.651598 0.052088 0.080601
0 0.141956 0.846872 0.046802 0.083031
0 0.805249 0.458947 0.048549 0.073638
0 0.259733 0.701658 0.048017 0.076666
0 0.695270 0.288633 0.051291 0.079711
0 0.886302 0.157343 0.053490 0.079012
0 0.669339 0.883067 0.050809 0.078256
0 0.571250 0.427871 0.048642 0.078034
0 0.333734 0.316624 0.045184 0.063396
0 0.558439 0.843949 0.050067 0.077831
0 0.963207 0.924163 0.051789 0.079319
0 0.204604 0.878220 0.047459 0.072974
0 0.647088 0.781878 0.048757 0.075753
0 0.674977 0.632069 0.047132 0.072257
0 0.148728 0.173293 0.051182 0.073165
0 0.958973 0.409176 0.054164 0.068315
0 0.835610 0.860827 0.055004 0.075154
0 0.247951 0.974196 0.050949 0.049320
0 0.724473 0.351466 0.052788 0.076583
0 0.809112 0.662857 0.045453 0.067350
0 0.605664 0.056748 0.043736 0.083644
0 0.739332 0.226708 0.043763 0.064408
0 0.953462 0.753128 0.050789 0.069992
0 0.894038 0.510723 0.046262 0.065441
0 0.212169 0.265068 0.048697 0.067716
0 0.252331 0.902581 0.046549 0.071214
0 0.376920 0.062992 0.049513 0.075520
0 0.949181 0.482587 0.047684 0.069265
0 0.331143 0.378000 0.054647 0.076326
0 0.846092 0.571332 0.046773 0.084492
0 0.504017 0.041818 0.049967 0.078037
0 0.611930 0.627446 0.051384 0.083801
0 0.384475 0.368033 0.041705 0.071670
0 0.682520 0.500149 0.052773 0.080929
0 0.439030 0.115764 0.052046 0.080865
0 0.203627 0.798504 0.047980 0.073678
0 0.889172 0.846020 0.047827 0.082845
0 0.448755 0.726079 0.051708 0.079692
0 0.861964 0.266393 0.049180 0.068434
0 0.400897 0.438949 0.048230 0.068656
0 0.626292 0.128536 0.049102 0.075856
0 0.372531 0.161747 0.048318 0.068237
0 0.764977 0.299787 0.045275 0.067347
0 0.823938 0.359788 0.053549 0.077839
0 0.695114 0.417931 0.051562 0.078601
0 0.877817 0.074877 0.050513 0.077469
0 0.447172 0.809215 0.049851 0.071457
0 0.112075 0.059538 0.047388 0.072393
0 0.343864 0.823221 0.046416 0.072151
0 0.580972 0.248176 0.052151 0.086934
0 0.956352 0.844427 0.049624 0.079668
0 0.250316 0.210638 0.044905 0.086213
0 0.885700 0.687579 0.049921 0.080698
0 0.323815 0.448489 0.049778 0.075620
0 0.226461 0.450201 0.047536 0.081620
0 0.916128 0.234129 0.050232 0.084968
0 0.674992 0.213410 0.043394 0.076356
0 0.883757 0.339747 0.049998 0.077992
0 0.919409 0.594354 0.046132 0.071660
0 0.959713 0.325976 0.051559 0.072953
0 0.328484 0.605214 0.046668 0.070844
0 0.981946 0.535893 0.034852 0.076423
0 0.063885 0.374653 0.053516 0.089810
0 0.271081 0.571780 0.048379 0.073114
0 0.378818 0.287803 0.045364 0.075948
0 0.523076 0.449582 0.052055 0.080802
0 0.225885 0.340392 0.050855 0.075549
0 0.873124 0.430635 0.050395 0.076795
0 0.421558 0.211193 0.048519 0.071764
0 0.354910 0.746074 0.048002 0.069936
0 0.533810 0.163452 0.046860 0.087057
0 0.134648 0.250190 0.050593 0.075377
0 0.428221 0.539673 0.053946 0.076644
0 0.446345 0.301079 0.049215 0.071203
0 0.555498 0.350030 0.051176 0.079603
0 0.946546 0.675937 0.047975 0.075286
0 0.960285 0.066354 0.050156 0.079200
0 0.766455 0.164192 0.052200 0.083638
1 0.753638 0.658733 0.065701 0.074724
1 0.737594 0.728009 0.060099 0.066941
1 0.064541 0.727231 0.052459 0.079395
2 0.015647 0.572722 0.026993 0.033470
2 0.030927 0.696874 0.023938 0.034249
2 0.352811 0.215835 0.028012 0.037362
2 0.495927 0.096743 0.023938 0.026465
2 0.452126 0.353997 0.020882 0.027243
2 0.764079 0.494106 0.025466 0.038141
5 0.725116 0.822193 0.085055 0.136995
1 0.327345 0.250473 0.061627 0.064606
1 0.496436 0.280441 0.043291 0.090292