0 0.995522 0.617572 0.007562 0.054581
0 0.226811 0.001427 0.033907 0.002751
0 0.997551 0.489885 0.004372 0.044258
0 0.345139 0.436055 0.043988 0.074274
0 0.213431 0.608660 0.047872 0.077837
0 0.004702 0.812528 0.009403 0.057227
0 0.240246 0.954646 0.048539 0.076479
0 0.976598 0.006300 0.033413 0.012600
0 0.849858 0.263990 0.045834 0.067069
0 0.096256 0.991791 0.037200 0.013738
0 0.990558 0.196376 0.017256 0.077257
0 0.370525 0.236571 0.047886 0.084951
0 0.691201 0.494443 0.047239 0.079374
0 0.614311 0.009706 0.041027 0.019411
0 0.556129 0.007745 0.040245 0.015490
0 0.403366 0.986796 0.043732 0.023239
0 0.207960 0.985529 0.039229 0.026011
0 0.779794 0.406144 0.047663 0.085096
0 0.637376 0.944523 0.047500 0.073888
0 0.300250 0.527424 0.047007 0.089127
0 0.604742 0.978235 0.051874 0.040328
0 0.490484 0.356041 0.040868 0.066940
0 0.919279 0.982054 0.045349 0.032878
0 0.473520 0.981001 0.051857 0.034834
0 0.160996 0.576716 0.046675 0.076750
0 0.020699 0.193011 0.041261 0.078140
0 0.699955 0.017415 0.049541 0.034829
0 0.323221 0.012435 0.047707 0.024869
0 0.036008 0.968010 0.060003 0.060738
0 0.531787 0.348555 0.044200 0.063009
0 0.156041 0.015164 0.051062 0.030315
0 0.015557 0.388286 0.031115 0.079414
0 0.596577 0.896890 0.046434 0.078983
0 0.554003 0.907218 0.042351 0.079315
0 0.527847 0.971468 0.049921 0.053708
0 0.012812 0.305621 0.025593 0.076392
0 0.357864 0.931353 0.050970 0.074384
0 0.020578 0.747917 0.041128 0.076539
0 0.830758 0.835571 0.050627 0.080002
0 0.031166 0.663542 0.046408 0.071264
0 0.889486 0.540972 0.047699 0.063964
0 0.719096 0.977001 0.047497 0.042935
0 0.877052 0.960459 0.046820 0.075730
0 0.060335 0.784406 0.047701 0.075637
0 0.660752 0.879701 0.050691 0.076027
0 0.805502 0.943995 0.050783 0.073073
0 0.469324 0.032060 0.056803 0.064121
0 0.498242 0.442514 0.050912 0.071710
0 0.506636 0.883250 0.050368 0.076244
0 0.859189 0.192870 0.043343 0.067949
0 0.306767 0.809957 0.050491 0.068492
0 0.097572 0.845404 0.045430 0.082592
0 0.558029 0.443348 0.047504 0.068406
0 0.639596 0.653678 0.050767 0.064440
0 0.190918 0.356696 0.050053 0.084169
0 0.776415 0.830837 0.047784 0.072912
0 0.823060 0.659401 0.048260 0.078774
0 0.175288 0.701535 0.045432 0.078858
0 0.030035 0.090017 0.050574 0.079030
0 0.280893 0.737842 0.048385 0.069219
0 0.428495 0.937567 0.052387 0.080331
0 0.025629 0.895419 0.045837 0.072603
0 0.341878 0.664660 0.053125 0.068209
0 0.447710 0.391646 0.047631 0.085591
0 0.144025 0.887065 0.052448 0.075200
0 0.347599 0.334823 0.043860 0.071968
0 0.708378 0.422628 0.044933 0.060023
0 0.871480 0.725941 0.050386 0.072912
0 0.914057 0.462265 0.049804 0.066008
0 0.852119 0.030381 0.047244 0.060762
0 0.492159 0.235791 0.046476 0.065368
0 0.848019 0.488931 0.051802 0.074144
0 0.714698 0.563448 0.048390 0.070684
0 0.899446 0.659970 0.045737 0.063901
0 0.447429 0.098644 0.045173 0.069302
0 0.820566 0.567119 0.050788 0.072439
0 0.345308 0.570111 0.051429 0.094628
0 0.092645 0.540020 0.054739 0.084109
0 0.749520 0.338084 0.047344 0.074306
0 0.497479 0.800532 0.052755 0.079095
0 0.722959 0.277420 0.041589 0.074282
0 0.898918 0.393620 0.055554 0.073150
0 0.363112 0.857811 0.053259 0.066390
0 0.373385 0.496967 0.043996 0.067653
0 0.156334 0.247820 0.050941 0.081179
0 0.941915 0.931151 0.047930 0.071038
0 0.077394 0.060096 0.051414 0.080507
0 0.843429 0.409629 0.048896 0.074726
0 0.029940 0.466481 0.052541 0.081119
0 0.982616 0.891352 0.032817 0.081001
0 0.788939 0.053985 0.051145 0.085768
0 0.308550 0.066285 0.041602 0.076732
0 0.266998 0.376255 0.048738 0.074009
0 0.212158 0.796642 0.045727 0.079707
0 0.402388 0.667408 0.054306 0.081226
0 0.356672 0.766282 0.049606 0.072061
0 0.253562 0.513269 0.041611 0.086346
0 0.900917 0.240183 0.051594 0.070638
0 0.431639 0.243747 0.054983 0.076756
0 0.684820 0.235766 0.045643 0.087940
0 0.063632 0.386597 0.049111 0.075782
0 0.716053 0.656304 0.045869 0.071415
0 0.759094 0.218176 0.052196 0.083967
0 0.433829 0.828699 0.055255 0.079013
0 0.578050 0.378812 0.053662 0.072304
0 0.617735 0.498033 0.048440 0.080858
0 0.976113 0.058678 0.045835 0.079574
0 0.636034 0.240307 0.040134 0.078929
0 0.041076 0.577573 0.057821 0.078795
0 0.907682 0.318883 0.048026 0.071060
0 0.159965 0.789902 0.049322 0.069529
0 0.664986 0.340178 0.053606 0.061462
0 0.482019 0.711387 0.050483 0.088911
0 0.929853 0.116155 0.047055 0.082217
0 0.210257 0.276771 0.047865 0.076675
0 0.870575 0.122966 0.051926 0.077596
0 0.256695 0.062839 0.044129 0.089294
0 0.473811 0.162638 0.049136 0.080357
0 0.732728 0.141313 0.055783 0.085722
0 0.955707 0.756106 0.046072 0.072334
0 0.066840 0.168692 0.053071 0.076132
0 0.592449 0.699403 0.048403 0.077027
0 0.263265 0.209308 0.049947 0.085022
0 0.396389 0.392213 0.052505 0.082130
0 0.962804 0.369051 0.052911 0.084339
0 0.530952 0.509916 0.049251 0.081574
0 0.592879 0.061817 0.054290 0.084332
0 0.202050 0.122777 0.059763 0.095507
0 0.690158 0.818608 0.049937 0.078329
0 0.053629 0.288058 0.051563 0.078705
0 0.120779 0.470759 0.046275 0.077145
0 0.321104 0.178842 0.047804 0.077173
0 0.540738 0.181903 0.049372 0.077862
0 0.607497 0.174881 0.060715 0.067704
0 0.969995 0.570326 0.052223 0.074407
1 0.494543 0.297748 0.060575 0.053378
1 0.959771 0.294829 0.049115 0.067556
1 0.951039 0.226856 0.045841 0.085071
4 0.572854 0.278148 0.084041 0.154295
2 0.760855 0.627606 0.024558 0.042535
2 0.778864 0.623853 0.015826 0.031693
2 0.588680 0.798999 0.020737 0.036697
2 0.260155 0.835279 0.024012 0.034195
2 0.749941 0.514178 0.023466 0.030859
1 0.872183 0.879483 0.049661 0.087573