0 0.008959 0.338501 0.017825 0.076173
0 0.265753 0.005444 0.021544 0.010838
0 0.987914 0.731752 0.022449 0.074917
0 0.933254 0.995322 0.037095 0.007642
0 0.642321 0.804617 0.050962 0.075645
0 0.009459 0.228194 0.018855 0.070940
0 0.559878 0.608762 0.049399 0.075940
0 0.841754 0.995221 0.031210 0.007755
0 0.005173 0.953799 0.010347 0.057552
0 0.748299 0.994920 0.037653 0.008504
0 0.991765 0.941509 0.014895 0.069493
0 0.005009 0.098051 0.010017 0.057453
0 0.871280 0.185510 0.052880 0.076242
0 0.706334 0.007993 0.040783 0.015986
0 0.488224 0.989696 0.042898 0.017645
0 0.328390 0.989189 0.044281 0.018632
0 0.233562 0.553383 0.040669 0.075427
0 0.019725 0.591139 0.039386 0.079659
0 0.339186 0.011021 0.048180 0.022042
0 0.374765 0.214959 0.049555 0.074647
0 0.063167 0.618287 0.048797 0.085468
0 0.093723 0.020479 0.044243 0.040959
0 0.186729 0.020651 0.051722 0.041302
0 0.094218 0.666464 0.044915 0.071253
0 0.017812 0.503642 0.035600 0.072287
0 0.540587 0.536165 0.048197 0.073911
0 0.509503 0.775508 0.045111 0.069206
0 0.605347 0.016772 0.046072 0.033544
0 0.556793 0.695188 0.051521 0.079012
0 0.779418 0.398520 0.048111 0.071099
0 0.820184 0.865060 0.050221 0.072535
0 0.478050 0.943352 0.052617 0.070361
0 0.609206 0.980409 0.047787 0.036200
0 0.102343 0.469696 0.049776 0.071937
0 0.340067 0.513909 0.049354 0.073415
0 0.503835 0.875742 0.052778 0.075120
0 0.856565 0.780831 0.047006 0.067719
0 0.936584 0.729089 0.045046 0.062098
0 0.288874 0.682357 0.047767 0.070304
0 0.583817 0.483626 0.047483 0.070120
0 0.277018 0.607094 0.047554 0.065423
0 0.778549 0.814860 0.051066 0.077929
0 0.682571 0.073291 0.045602 0.069187
0 0.173518 0.973362 0.045578 0.050150
0 0.201752 0.168073 0.050889 0.078298
0 0.752467 0.675498 0.048951 0.070435
0 0.885892 0.863810 0.045530 0.076083
0 0.437379 0.678397 0.046687 0.079573
0 0.866924 0.576076 0.050232 0.071657
0 0.511721 0.416830 0.043251 0.072835
0 0.356142 0.617400 0.052067 0.078006
0 0.877310 0.025591 0.052875 0.051182
0 0.142576 0.866309 0.047956 0.067675
0 0.227861 0.408107 0.052852 0.075050
0 0.023992 0.429471 0.047782 0.073289
0 0.825170 0.521165 0.054200 0.078151
0 0.132922 0.703445 0.048703 0.077219
0 0.189102 0.085574 0.043437 0.073586
0 0.058070 0.832136 0.044275 0.072027
0 0.281302 0.532791 0.048196 0.074175
0 0.426917 0.028957 0.052694 0.057913
0 0.654231 0.588627 0.053510 0.072374
0 0.188820 0.343750 0.043148 0.071556
0 0.756167 0.335268 0.046638 0.069816
0 0.465219 0.363349 0.052385 0.075166
0 0.256109 0.812719 0.051080 0.082920
0 0.555942 0.138956 0.044324 0.072550
0 0.735894 0.051143 0.047475 0.073290
0 0.708613 0.143980 0.046134 0.071109
0 0.378991 0.944162 0.055340 0.076633
0 0.751372 0.527628 0.051208 0.064016
0 0.409235 0.539765 0.050294 0.077027
0 0.797858 0.704697 0.047245 0.070705
0 0.296297 0.762691 0.047254 0.070598
0 0.028241 0.769862 0.048122 0.077170
0 0.042601 0.901314 0.050957 0.071312
0 0.273911 0.051558 0.051683 0.082821
0 0.550592 0.840218 0.045850 0.078086
0 0.800162 0.034879 0.047884 0.069758
0 0.824025 0.440191 0.054620 0.075062
0 0.213542 0.938545 0.049188 0.079376
0 0.565197 0.947902 0.052492 0.084846
0 0.128912 0.060361 0.049707 0.069273
0 0.145579 0.781707 0.050717 0.075915
0 0.136721 0.520191 0.049621 0.071125
0 0.917082 0.436935 0.046464 0.072126
0 0.592788 0.198812 0.047417 0.087304
0 0.376090 0.829560 0.048202 0.076616
0 0.675166 0.521844 0.048882 0.069916
0 0.100457 0.946179 0.046063 0.074241
0 0.741423 0.602771 0.047781 0.077081
0 0.426471 0.194602 0.050767 0.077495
0 0.980610 0.446213 0.036710 0.072981
0 0.120381 0.293485 0.047567 0.073111
0 0.867670 0.260058 0.048435 0.078412
0 0.619155 0.429568 0.046402 0.068300
0 0.442200 0.470897 0.045911 0.071949
0 0.433395 0.831623 0.053766 0.082607
0 0.240178 0.112109 0.046015 0.074348
0 0.944984 0.603655 0.055464 0.058106
0 0.330827 0.082249 0.050108 0.073491
0 0.803712 0.112874 0.052188 0.075200
0 0.095604 0.180424 0.052676 0.072524
0 0.451916 0.090634 0.046361 0.084066
0 0.642924 0.702686 0.048853 0.073302
0 0.851516 0.946846 0.052491 0.081361
0 0.589244 0.296498 0.049278 0.077913
0 0.076121 0.093718 0.051058 0.077129
0 0.274240 0.930040 0.054057 0.081052
0 0.651974 0.925845 0.048186 0.069826
0 0.901305 0.520835 0.053919 0.079283
0 0.144157 0.228378 0.048102 0.071018
0 0.415462 0.304602 0.055860 0.083271
0 0.976214 0.557921 0.045209 0.074016
0 0.186525 0.641147 0.049658 0.076971
0 0.266597 0.328678 0.048368 0.071862
0 0.930163 0.087908 0.043929 0.077720
0 0.775458 0.263039 0.046230 0.068303
0 0.934124 0.362386 0.046962 0.077806
0 0.977091 0.039491 0.042032 0.068396
0 0.278286 0.189651 0.050567 0.078503
0 0.932756 0.247902 0.043390 0.066545
1 0.325096 0.452460 0.040383 0.062552
1 0.463982 0.591743 0.038746 0.065888
1 0.941489 0.667223 0.066032 0.066722
2 0.159742 0.315263 0.019646 0.033361
2 0.263975 0.275229 0.030560 0.036697
2 0.709557 0.589658 0.023466 0.033361
2 0.705737 0.628023 0.023466 0.028357
2 0.979144 0.399917 0.018009 0.025855
2 0.889373 0.718515 0.020737 0.030859
2 0.362751 0.743536 0.018555 0.030859
2 0.628790 0.293995 0.019100 0.030859