0 0.765493 0.099338 0.042911 0.070762
0 0.997586 0.310210 0.004827 0.060420
0 0.569832 0.908352 0.048352 0.073080
0 0.893500 0.115592 0.049270 0.070216
0 0.997657 0.374168 0.004586 0.062913
0 0.865747 0.136260 0.049588 0.070102
0 0.002599 0.100152 0.005198 0.050382
0 0.928038 0.977066 0.050076 0.043376
0 0.007010 0.990325 0.014007 0.016814
0 0.228877 0.396384 0.043589 0.078486
0 0.537195 0.896796 0.042888 0.072723
0 0.629183 0.994265 0.065719 0.009798
0 0.024276 0.252575 0.048552 0.072032
0 0.200152 0.372477 0.042113 0.066827
0 0.041026 0.208585 0.046108 0.072813
0 0.746459 0.918458 0.066900 0.102085
0 0.589358 0.007083 0.027920 0.014166
0 0.858094 0.004196 0.035926 0.008392
0 0.775632 0.567135 0.044664 0.067327
0 0.600293 0.911821 0.042292 0.073067
0 0.994488 0.941010 0.009520 0.054040
0 0.719318 0.979821 0.069621 0.037795
0 0.737195 0.556852 0.047833 0.064618
0 0.387081 0.006105 0.033858 0.012196
0 0.994048 0.018420 0.011013 0.036839
0 0.098611 0.373575 0.061054 0.120824
0 0.393176 0.231153 0.084609 0.142470
0 0.993417 0.854392 0.011798 0.056202
0 0.006546 0.925173 0.013093 0.063068
0 0.519781 0.154449 0.045226 0.076365
0 0.808414 0.098785 0.040967 0.064101
0 0.756021 0.373045 0.078505 0.097461
0 0.030838 0.389048 0.061675 0.084022
0 0.301291 0.986898 0.040873 0.023321
0 0.026804 0.327046 0.049617 0.064989
0 0.009296 0.029988 0.018593 0.059904
0 0.494964 0.751181 0.068669 0.103548
0 0.367373 0.585784 0.052140 0.078773
0 0.257743 0.787780 0.044663 0.070730
0 0.229255 0.820138 0.044956 0.072171
0 0.651338 0.009981 0.042889 0.019902
0 0.989678 0.447441 0.019278 0.073323
0 0.801345 0.039315 0.062937 0.078631
0 0.348157 0.987771 0.043397 0.021469
0 0.774704 0.317746 0.041845 0.068954
0 0.334133 0.547839 0.050369 0.068699
0 0.064050 0.906630 0.047042 0.073158
0 0.036385 0.949106 0.047001 0.076977
0 0.073995 0.980217 0.045332 0.036764
0 0.436977 0.009343 0.046872 0.018686
0 0.595510 0.841574 0.047645 0.064966
0 0.840046 0.981672 0.050753 0.033953
0 0.012955 0.455878 0.025910 0.069196
0 0.335907 0.477211 0.050862 0.068101
0 0.641400 0.848129 0.046780 0.069782
0 0.987294 0.170317 0.023949 0.070169
0 0.478198 0.193684 0.070642 0.080063
0 0.628513 0.951820 0.051933 0.077535
0 0.014174 0.730540 0.028300 0.066134
0 0.985620 0.245712 0.027474 0.071234
0 0.548995 0.101872 0.054504 0.079504
0 0.638328 0.227157 0.044997 0.072990
0 0.509829 0.976347 0.051373 0.044419
0 0.542973 0.722906 0.048109 0.076785
0 0.095962 0.014225 0.043839 0.028451
0 0.880971 0.453209 0.047569 0.071905
0 0.197895 0.974658 0.044355 0.047675
0 0.975852 0.353856 0.041722 0.065941
0 0.457019 0.975488 0.047906 0.046231
0 0.346314 0.414159 0.052805 0.071640
0 0.049752 0.562953 0.066474 0.108216
0 0.217761 0.016228 0.046358 0.032455
0 0.881517 0.899715 0.044291 0.069743
0 0.149717 0.974985 0.050994 0.047298
0 0.270482 0.949520 0.066603 0.097525
0 0.859661 0.056891 0.048176 0.070946
0 0.586563 0.170470 0.081330 0.075916
0 0.979483 0.079933 0.039867 0.076135
0 0.025085 0.136291 0.045933 0.071277
0 0.673251 0.277854 0.053590 0.080467
0 0.842261 0.852239 0.051351 0.080736
0 0.017547 0.833841 0.035058 0.071627
0 0.104193 0.946905 0.045114 0.075589
0 0.129795 0.140766 0.054001 0.105656
0 0.290581 0.080239 0.051287 0.076309
0 0.088654 0.484580 0.044254 0.071712
0 0.150388 0.892305 0.046625 0.073040
0 0.630112 0.776847 0.044527 0.071546
0 0.244977 0.886510 0.047234 0.068732
0 0.412479 0.383018 0.045305 0.066309
0 0.342232 0.020651 0.052065 0.041299
0 0.094435 0.085292 0.044054 0.072396
0 0.190258 0.868340 0.046748 0.067227
0 0.884658 0.812438 0.044976 0.077753
0 0.443271 0.818565 0.062529 0.089098
0 0.079083 0.614663 0.049581 0.071896
0 0.861942 0.682499 0.054318 0.078688
0 0.477261 0.899219 0.045006 0.067170
0 0.644282 0.331918 0.045716 0.066005
0 0.970920 0.752116 0.049824 0.077604
0 0.980243 0.667309 0.038490 0.078534
0 0.606095 0.272613 0.051254 0.068617
0 0.549866 0.027996 0.056641 0.055992
0 0.877258 0.382345 0.051723 0.069193
0 0.362623 0.942063 0.049204 0.070216
0 0.582315 0.331416 0.048226 0.071262
0 0.444164 0.581611 0.045451 0.064900
0 0.954883 0.900910 0.048760 0.072934
0 0.900778 0.722123 0.054042 0.091042
0 0.814748 0.756778 0.049592 0.077958
0 0.652567 0.531478 0.046302 0.070604
0 0.256023 0.040550 0.047985 0.075945
0 0.934056 0.166571 0.049747 0.076677
0 0.768794 0.179529 0.060720 0.083400
0 0.326440 0.674112 0.051112 0.074996
0 0.127078 0.827687 0.046508 0.072152
0 0.094127 0.211885 0.050275 0.079634
0 0.874570 0.600993 0.047746 0.072320
0 0.940571 0.267797 0.047700 0.071892
0 0.154865 0.319863 0.050499 0.076034
0 0.530658 0.252974 0.052748 0.094852
0 0.750063 0.646932 0.052543 0.095450
0 0.420997 0.521999 0.046612 0.074877
0 0.201533 0.756031 0.051240 0.077221
0 0.634597 0.048245 0.050136 0.068426
0 0.420381 0.929832 0.048753 0.075432
0 0.217952 0.571792 0.051840 0.076124
0 0.746782 0.476945 0.056919 0.091499
0 0.695738 0.792836 0.047115 0.075820
0 0.346317 0.755431 0.051847 0.074430
0 0.615700 0.392219 0.054150 0.088969
0 0.373511 0.330431 0.056085 0.076839
0 0.383525 0.856021 0.067203 0.083191
0 0.600022 0.584564 0.049196 0.067894
0 0.247264 0.206808 0.048446 0.072819
0 0.160305 0.424967 0.052417 0.078699
0 0.742847 0.745030 0.060187 0.105333
0 0.438658 0.066068 0.052434 0.077484
0 0.752378 0.262054 0.050932 0.075286
0 0.225096 0.290696 0.047064 0.071420
0 0.887569 0.241523 0.051197 0.078271
0 0.695019 0.422022 0.061573 0.082245
0 0.268148 0.614823 0.056535 0.082903
0 0.493152 0.029891 0.049553 0.059782
0 0.208856 0.096789 0.050902 0.072659
0 0.450570 0.316726 0.050274 0.071377
0 0.164018 0.698536 0.056983 0.101507
0 0.837670 0.260909 0.051717 0.079627
0 0.938465 0.620611 0.051165 0.077685
0 0.295896 0.868211 0.050475 0.071849
0 0.929939 0.374552 0.048769 0.080207
0 0.503742 0.354835 0.063733 0.101979
0 0.108649 0.759816 0.056664 0.067216
0 0.138631 0.621618 0.050199 0.074617
0 0.490842 0.617236 0.063087 0.075219
0 0.476476 0.490801 0.068623 0.076697
0 0.576658 0.661489 0.052728 0.072439
0 0.300932 0.174295 0.054541 0.084906
0 0.685197 0.619116 0.049129 0.079271
0 0.292920 0.295444 0.049487 0.077701
0 0.605633 0.512378 0.051209 0.076207
0 0.430474 0.697622 0.051371 0.078747
2 0.127216 0.049464 0.021057 0.039333
2 0.301130 0.119190 0.017937 0.026222
2 0.170500 0.272944 0.021837 0.030989
2 0.139695 0.480930 0.025736 0.032181
2 0.160751 0.512515 0.025736 0.033373
2 0.227431 0.494636 0.021837 0.035757
2 0.276564 0.737187 0.029636 0.034565
2 0.184928 0.822408 0.021057 0.033373
2 0.479723 0.413588 0.021057 0.038141
2 0.514818 0.519070 0.021057 0.029797
2 0.802594 0.850417 0.030415 0.044100
2 0.822091 0.912396 0.025736 0.034565
2 0.938684 0.747318 0.018717 0.028605
2 0.916457 0.305125 0.019497 0.028605
2 0.732795 0.153754 0.017157 0.026222
3 0.815852 0.468415 0.095925 0.128725
5 0.179858 0.202026 0.067070 0.110846
1 0.398225 0.132300 0.046793 0.066746