0 0.995707 0.280321 0.007674 0.050930
0 0.996750 0.731383 0.005764 0.039054
0 0.081395 0.001312 0.033016 0.002621
0 0.003773 0.911924 0.007545 0.052475
0 0.994474 0.554657 0.009944 0.053843
0 0.074343 0.995887 0.028925 0.006588
0 0.003418 0.498745 0.006836 0.048900
0 0.010496 0.724041 0.020977 0.064722
0 0.004366 0.161563 0.008732 0.067706
0 0.415929 0.820853 0.057732 0.084591
0 0.520709 0.569966 0.055117 0.077219
0 0.991641 0.166369 0.015088 0.064969
0 0.869472 0.004550 0.034151 0.009099
0 0.622124 0.988491 0.041000 0.020235
0 0.813860 0.009531 0.045524 0.019061
0 0.824547 0.987412 0.048666 0.022094
0 0.530222 0.979290 0.055442 0.038521
0 0.524784 0.484875 0.051407 0.071355
0 0.986743 0.465616 0.024632 0.061003
0 0.338312 0.960664 0.052256 0.075246
0 0.808850 0.675262 0.045851 0.078001
0 0.743543 0.982070 0.046733 0.032903
0 0.489145 0.636951 0.044839 0.071954
0 0.391893 0.436084 0.049630 0.078665
0 0.987310 0.892371 0.023588 0.077027
0 0.012525 0.270092 0.025050 0.079178
0 0.522436 0.856116 0.043848 0.079276
0 0.873166 0.973613 0.041198 0.049789
0 0.321964 0.581215 0.059094 0.064194
0 0.023545 0.342018 0.047089 0.076204
0 0.150962 0.863560 0.055296 0.077717
0 0.291420 0.682763 0.050345 0.075455
0 0.987989 0.087791 0.022227 0.073898
0 0.635403 0.014996 0.051227 0.029991
0 0.176433 0.799337 0.043389 0.068255
0 0.351762 0.881841 0.051371 0.077924
0 0.170532 0.699114 0.047000 0.073182
0 0.036830 0.160983 0.044738 0.069518
0 0.945576 0.626194 0.047046 0.077979
0 0.454490 0.680938 0.047071 0.072329
0 0.590343 0.908780 0.049476 0.074823
0 0.471959 0.370802 0.045828 0.073484
0 0.165087 0.940295 0.048296 0.077296
0 0.801415 0.942206 0.049417 0.076590
0 0.040628 0.847990 0.047889 0.079483
0 0.510151 0.411575 0.046569 0.073725
0 0.716491 0.017443 0.053469 0.034885
0 0.756938 0.699082 0.053250 0.069510
0 0.908084 0.524080 0.044424 0.068287
0 0.117927 0.973331 0.045782 0.050601
0 0.093403 0.862589 0.047359 0.073944
0 0.979437 0.682926 0.039360 0.073174
0 0.981889 0.783839 0.034502 0.072077
0 0.710773 0.592151 0.043398 0.073536
0 0.879298 0.851504 0.042071 0.083813
0 0.866510 0.651881 0.051099 0.079581
0 0.249029 0.960911 0.047164 0.074654
0 0.573532 0.754898 0.048835 0.075560
0 0.472478 0.845249 0.049425 0.077658
0 0.758615 0.402011 0.050630 0.064202
0 0.747094 0.626485 0.049257 0.067218
0 0.104262 0.641603 0.038200 0.073324
0 0.984223 0.395639 0.029491 0.068306
0 0.431932 0.096570 0.043453 0.078722
0 0.714307 0.908298 0.049690 0.072497
0 0.928383 0.769534 0.048589 0.069807
0 0.344364 0.021233 0.047945 0.042365
0 0.057763 0.768436 0.049689 0.077992
0 0.629404 0.731347 0.047136 0.069651
0 0.028674 0.032693 0.047863 0.065387
0 0.857086 0.570047 0.050132 0.071722
0 0.401090 0.741949 0.052641 0.073900
0 0.266375 0.620006 0.047852 0.066960
0 0.714421 0.511553 0.050138 0.063633
0 0.744731 0.767654 0.053179 0.069014
0 0.305721 0.835450 0.059883 0.085719
0 0.820328 0.429802 0.048554 0.067313
0 0.146004 0.357987 0.052444 0.072244
0 0.640123 0.536671 0.054151 0.077348
0 0.625286 0.845183 0.049946 0.075111
0 0.401284 0.662375 0.049354 0.076411
0 0.853830 0.769894 0.046633 0.076325
0 0.907751 0.700041 0.047829 0.075766
0 0.468517 0.511811 0.047143 0.071793
0 0.834423 0.886485 0.048760 0.070683
0 0.670258 0.948477 0.049959 0.080445
0 0.286878 0.321061 0.049216 0.081903
0 0.281743 0.523262 0.051716 0.075688
0 0.598546 0.587743 0.052263 0.085600
0 0.967275 0.518656 0.044039 0.071354
0 0.657669 0.446695 0.047039 0.077390
0 0.855933 0.489957 0.052498 0.076146
0 0.734103 0.838843 0.051963 0.072572
0 0.175909 0.231084 0.052935 0.079985
0 0.764596 0.489201 0.050315 0.079298
0 0.136440 0.181158 0.053251 0.083366
0 0.211819 0.751199 0.045910 0.077329
0 0.354644 0.499490 0.047881 0.076230
0 0.866221 0.062785 0.049481 0.065175
0 0.220975 0.195660 0.049261 0.085238
0 0.571007 0.029842 0.051647 0.059660
0 0.870042 0.217083 0.049636 0.073953
0 0.083968 0.556868 0.048677 0.067139
0 0.927676 0.946635 0.050267 0.075474
0 0.069099 0.688005 0.045411 0.071140
0 0.942695 0.869575 0.050848 0.073778
0 0.671034 0.796230 0.048212 0.081631
0 0.663152 0.641120 0.048156 0.075943
0 0.798709 0.159391 0.053941 0.074370
0 0.420542 0.378837 0.048294 0.071302
0 0.632044 0.143130 0.046834 0.072023
0 0.758485 0.328949 0.050993 0.073497
0 0.646536 0.369259 0.049182 0.074950
0 0.918003 0.029958 0.049412 0.059915
0 0.349126 0.084774 0.049376 0.075493
0 0.610777 0.078038 0.046835 0.075363
0 0.350188 0.361163 0.052460 0.092539
0 0.226354 0.386536 0.050655 0.074273
0 0.885964 0.299699 0.047655 0.072500
0 0.942465 0.088887 0.048828 0.073638
0 0.873236 0.136688 0.053605 0.073194
0 0.524565 0.062351 0.048109 0.073346
0 0.852681 0.369558 0.048409 0.076553
0 0.940105 0.323433 0.050529 0.073788
0 0.224707 0.040804 0.050707 0.079188
0 0.707480 0.297357 0.052093 0.078291
0 0.327993 0.262057 0.050042 0.074004
0 0.728678 0.071646 0.054273 0.075885
0 0.514257 0.175675 0.053269 0.069210
0 0.383005 0.232518 0.043575 0.083147
0 0.473302 0.073402 0.051519 0.081649
0 0.566764 0.141627 0.048197 0.073715
1 0.166018 0.300250 0.062758 0.073394
1 0.106534 0.748123 0.042021 0.050042
1 0.578857 0.972477 0.048024 0.055046
1 0.432058 0.158465 0.052389 0.061718
2 0.011656 0.970392 0.023312 0.039199
2 0.939852 0.557965 0.026740 0.041701
2 0.962227 0.573812 0.019100 0.031693
2 0.984601 0.593411 0.028923 0.045872
2 0.693186 0.433278 0.020192 0.029191
2 0.736843 0.130525 0.023466 0.039199
2 0.942308 0.816097 0.021829 0.027523
1 0.500273 0.302752 0.050206 0.088407
4 0.451431 0.250626 0.095501 0.139283