0 0.009727 0.639521 0.019426 0.078976
0 0.010310 0.411339 0.020579 0.074422
0 0.995305 0.236032 0.008685 0.066239
0 0.001912 0.159524 0.003824 0.049722
0 0.175983 0.002491 0.030761 0.004753
0 0.994306 0.902515 0.010143 0.078249
0 0.008257 0.543174 0.016457 0.075456
0 0.472384 0.991651 0.038133 0.013955
0 0.990559 0.024381 0.017517 0.048738
0 0.440181 0.005978 0.030227 0.011955
0 0.040951 0.990613 0.039462 0.016246
0 0.749139 0.425802 0.051686 0.077966
0 0.286276 0.005853 0.039096 0.011707
0 0.632576 0.376645 0.045212 0.076973
0 0.192544 0.396811 0.046349 0.071330
0 0.189665 0.471582 0.054881 0.075989
0 0.252530 0.391325 0.046008 0.075968
0 0.125307 0.985033 0.056808 0.026822
0 0.229074 0.333590 0.054237 0.084196
0 0.706562 0.014964 0.044155 0.029929
0 0.126837 0.933665 0.050400 0.068756
0 0.203583 0.979883 0.045104 0.037177
0 0.249253 0.564621 0.047489 0.076773
0 0.018268 0.330885 0.036482 0.080102
0 0.097336 0.318725 0.047512 0.066004
0 0.072195 0.265981 0.040528 0.068765
0 0.163851 0.661679 0.049378 0.062439
0 0.091083 0.905126 0.045962 0.075170
0 0.604602 0.982309 0.046815 0.032211
0 0.747155 0.684093 0.049468 0.069892
0 0.204328 0.548189 0.051519 0.070655
0 0.706503 0.979562 0.050394 0.037681
0 0.282587 0.305895 0.049293 0.074627
0 0.361728 0.490431 0.045419 0.073352
0 0.657819 0.444024 0.039554 0.065446
0 0.539301 0.977210 0.043046 0.042421
0 0.371966 0.018986 0.041989 0.037972
0 0.337342 0.976466 0.052683 0.043729
0 0.120430 0.801116 0.047134 0.083222
0 0.194663 0.922568 0.044684 0.071503
0 0.118397 0.418158 0.046763 0.076790
0 0.792677 0.721211 0.044992 0.070326
0 0.916278 0.980269 0.045258 0.036563
0 0.366365 0.628163 0.048875 0.072302
0 0.016990 0.911658 0.033980 0.079827
0 0.867477 0.723955 0.044783 0.068882
0 0.704763 0.585440 0.043118 0.072076
0 0.258810 0.893595 0.043705 0.072839
0 0.159187 0.585265 0.052228 0.081793
0 0.037970 0.210311 0.044774 0.077445
0 0.314320 0.919904 0.048076 0.075406
0 0.149781 0.325665 0.046418 0.078514
0 0.683004 0.511851 0.043681 0.074523
0 0.290843 0.707897 0.045990 0.063247
0 0.070216 0.817136 0.044876 0.074713
0 0.496689 0.939693 0.057593 0.075454
0 0.588157 0.491560 0.049461 0.075347
0 0.035123 0.467613 0.045884 0.066599
0 0.424316 0.857969 0.045119 0.075679
0 0.785924 0.480611 0.045828 0.081408
0 0.536312 0.609352 0.051196 0.076071
0 0.358031 0.779277 0.050993 0.077023
0 0.456278 0.510367 0.048046 0.073510
0 0.753173 0.802126 0.046059 0.073658
0 0.627752 0.548461 0.045190 0.081579
0 0.060828 0.379522 0.049932 0.077293
0 0.607656 0.628604 0.048172 0.072927
0 0.376793 0.851425 0.043151 0.071572
0 0.700390 0.723307 0.052662 0.084673
0 0.579175 0.569092 0.047554 0.066499
0 0.795576 0.961125 0.051955 0.073248
0 0.264950 0.811350 0.047023 0.066991
0 0.225250 0.677049 0.058263 0.068060
0 0.505501 0.800999 0.049318 0.073601
0 0.441064 0.434469 0.046621 0.072980
0 0.735492 0.052332 0.051456 0.081421
0 0.583265 0.406899 0.053058 0.077735
0 0.555451 0.332072 0.050792 0.071747
0 0.657800 0.966799 0.049052 0.062923
0 0.396993 0.553077 0.048015 0.081882
0 0.546962 0.904013 0.052525 0.081777
0 0.439818 0.937186 0.045882 0.078614
0 0.795376 0.564256 0.050459 0.077960
0 0.379473 0.704326 0.054192 0.085117
0 0.807469 0.645472 0.054723 0.075947
0 0.748469 0.886630 0.049109 0.074223
0 0.853313 0.799610 0.047430 0.074602
0 0.069455 0.564490 0.048439 0.078648
0 0.922699 0.030407 0.054358 0.060815
0 0.972195 0.694533 0.049563 0.079134
0 0.388346 0.422358 0.050853 0.077142
0 0.550868 0.693781 0.050749 0.082994
0 0.305660 0.222531 0.053374 0.080364
0 0.459655 0.594831 0.058085 0.085384
0 0.319297 0.140401 0.050882 0.073403
0 0.251368 0.042445 0.045604 0.068045
0 0.775982 0.093814 0.046309 0.077022
0 0.839359 0.143959 0.045064 0.072598
0 0.131091 0.163832 0.055395 0.076982
0 0.867629 0.481603 0.046191 0.074981
0 0.457969 0.109293 0.044638 0.074376
0 0.748917 0.165941 0.049485 0.078247
0 0.618205 0.757810 0.052296 0.082448
0 0.457234 0.265495 0.052368 0.076869
0 0.936969 0.915210 0.052936 0.081104
0 0.428287 0.200216 0.051372 0.076669
0 0.902607 0.164772 0.048131 0.077349
0 0.101676 0.719754 0.049349 0.079930
0 0.547966 0.034275 0.048209 0.068550
0 0.570082 0.193073 0.041876 0.082066
0 0.865256 0.597459 0.050905 0.084162
0 0.223044 0.106419 0.052407 0.079586
0 0.942479 0.222976 0.051317 0.072318
0 0.512090 0.162557 0.044301 0.067740
0 0.814735 0.330258 0.050946 0.074451
0 0.586069 0.115029 0.050097 0.079637
0 0.047006 0.098974 0.057355 0.076273
0 0.240831 0.229122 0.055550 0.074125
0 0.736661 0.349206 0.051364 0.074748
0 0.945409 0.423531 0.048818 0.079297
0 0.643736 0.189158 0.053982 0.084056
0 0.643545 0.103026 0.049087 0.078594
0 0.564010 0.827224 0.050174 0.073000
0 0.546038 0.258295 0.046969 0.068820
0 0.965363 0.153379 0.059175 0.072419
0 0.921073 0.304706 0.043646 0.075662
0 0.981611 0.561498 0.035150 0.074754
0 0.979582 0.359175 0.039314 0.081322
0 0.829244 0.249170 0.051742 0.082064
0 0.903747 0.542839 0.051506 0.084361
1 0.408319 0.061301 0.062758 0.060884
1 0.899196 0.084237 0.051298 0.076731
2 0.181298 0.284821 0.032198 0.045872
2 0.216497 0.292744 0.021829 0.028357
2 0.261792 0.506672 0.015280 0.027523
2 0.396040 0.175563 0.025103 0.029191
2 0.621150 0.683069 0.026740 0.040033
2 0.713923 0.857381 0.022375 0.030025
2 0.936305 0.517932 0.020737 0.030025
2 0.985147 0.423269 0.022375 0.040867
5 0.319639 0.393661 0.078584 0.126772