0 0.994732 0.986924 0.008966 0.023847
0 0.995377 0.910756 0.007796 0.058302
0 0.995957 0.168527 0.006881 0.046366
0 0.010840 0.409460 0.021680 0.077882
0 0.995622 0.242473 0.007292 0.049914
0 0.887467 0.953975 0.045924 0.067509
0 0.004493 0.099054 0.008986 0.063164
0 0.908108 0.929242 0.045039 0.080499
0 0.194920 0.383169 0.039668 0.071444
0 0.994203 0.323971 0.009874 0.060095
0 0.167632 0.254768 0.045501 0.066972
0 0.005031 0.157229 0.010062 0.051948
0 0.171196 0.413087 0.038981 0.066500
0 0.199763 0.256596 0.042285 0.084396
0 0.724764 0.914973 0.043661 0.080490
0 0.976889 0.003810 0.030813 0.007620
0 0.358774 0.545493 0.047250 0.077339
0 0.006369 0.831543 0.012738 0.075146
0 0.987990 0.637334 0.022126 0.071433
0 0.134386 0.190881 0.051203 0.078108
0 0.163562 0.165947 0.041301 0.077058
0 0.257878 0.990570 0.040906 0.016044
0 0.676759 0.991599 0.036516 0.013987
0 0.014917 0.912247 0.029795 0.070769
0 0.909529 0.022007 0.045422 0.043996
0 0.175981 0.886994 0.043612 0.073986
0 0.090894 0.021878 0.072458 0.043755
0 0.528275 0.008221 0.039952 0.016442
0 0.024621 0.961194 0.048821 0.072510
0 0.783978 0.979609 0.047909 0.037798
0 0.325993 0.276395 0.045700 0.076848
0 0.701552 0.878138 0.044722 0.062986
0 0.620692 0.976446 0.041399 0.043989
0 0.207339 0.582493 0.050578 0.079127
0 0.564251 0.481090 0.048278 0.076720
0 0.577170 0.369114 0.046846 0.069262
0 0.318477 0.982951 0.048157 0.031032
0 0.771714 0.931760 0.045886 0.076886
0 0.149522 0.838222 0.048114 0.071711
0 0.090700 0.977196 0.051795 0.042416
0 0.589204 0.528751 0.049243 0.077851
0 0.802087 0.019844 0.043789 0.039657
0 0.410850 0.325551 0.049810 0.072021
0 0.019236 0.027201 0.038473 0.054402
0 0.021635 0.540562 0.043269 0.075066
0 0.678424 0.944454 0.044900 0.071418
0 0.861302 0.312317 0.044411 0.071699
0 0.656293 0.779392 0.048679 0.072388
0 0.549129 0.397967 0.051492 0.077912
0 0.374746 0.356722 0.051222 0.067394
0 0.853967 0.017858 0.047000 0.035716
0 0.145104 0.944638 0.048490 0.073360
0 0.637465 0.569249 0.043713 0.067689
0 0.016260 0.330280 0.032520 0.070750
0 0.242807 0.413374 0.047327 0.067680
0 0.896128 0.202187 0.046473 0.065015
0 0.820202 0.405133 0.046173 0.068784
0 0.516650 0.980333 0.044952 0.036224
0 0.954154 0.043938 0.055173 0.065033
0 0.552174 0.628233 0.050148 0.080108
0 0.807704 0.535349 0.052846 0.077137
0 0.146003 0.700026 0.044297 0.073835
0 0.687403 0.607389 0.052505 0.092520
0 0.665913 0.023621 0.047257 0.047231
0 0.124509 0.610423 0.077394 0.086226
0 0.700739 0.783151 0.045286 0.070960
0 0.359562 0.132857 0.052468 0.083961
0 0.654014 0.856612 0.047089 0.070188
0 0.043246 0.858406 0.052175 0.069535
0 0.250741 0.618874 0.045580 0.070987
0 0.512134 0.568031 0.046312 0.079399
0 0.638501 0.397642 0.051574 0.073383
0 0.833408 0.960432 0.046722 0.074446
0 0.707893 0.544732 0.052390 0.073941
0 0.498563 0.866558 0.047365 0.075136
0 0.804048 0.711791 0.056688 0.059475
0 0.810755 0.875869 0.052344 0.070752
0 0.613113 0.462953 0.045046 0.072949
0 0.982434 0.094818 0.033204 0.067170
0 0.782937 0.352282 0.048075 0.072747
0 0.535190 0.701858 0.047989 0.073057
0 0.319434 0.692177 0.049172 0.073051
0 0.280692 0.524004 0.048359 0.078602
0 0.824289 0.072395 0.045742 0.073113
0 0.771069 0.602140 0.055196 0.086182
0 0.820115 0.275816 0.053678 0.077974
0 0.026960 0.770749 0.048444 0.080347
0 0.851880 0.837053 0.041813 0.066425
0 0.478138 0.944129 0.049620 0.078047
0 0.059207 0.173646 0.046796 0.076781
0 0.125299 0.374322 0.050344 0.075129
0 0.383054 0.431173 0.045904 0.064171
0 0.844456 0.476332 0.051417 0.070822
0 0.072736 0.536459 0.046634 0.070750
0 0.262249 0.693045 0.053253 0.072699
0 0.915452 0.256715 0.042749 0.062895
0 0.954723 0.916765 0.053674 0.065046
0 0.252529 0.768603 0.046137 0.071813
0 0.042622 0.091701 0.050798 0.068853
0 0.157764 0.026721 0.051099 0.053442
0 0.319164 0.365159 0.047645 0.068235
0 0.410605 0.487465 0.044860 0.076126
0 0.820792 0.644962 0.047189 0.077082
0 0.051978 0.669393 0.048240 0.079061
0 0.220538 0.510345 0.047979 0.079878
0 0.821590 0.785791 0.054142 0.065601
0 0.596499 0.673870 0.045437 0.090148
0 0.096162 0.826614 0.047982 0.077153
0 0.894189 0.470828 0.050592 0.071844
0 0.503870 0.441744 0.051086 0.077262
0 0.179152 0.760898 0.048948 0.081891
0 0.094246 0.463043 0.047836 0.073732
0 0.453907 0.407107 0.046262 0.072068
0 0.510893 0.780767 0.053105 0.080513
0 0.395040 0.813481 0.048219 0.070289
0 0.046952 0.274972 0.049751 0.075481
0 0.237773 0.337693 0.052098 0.071204
0 0.595656 0.783298 0.044157 0.076175
0 0.243190 0.854049 0.049694 0.080573
0 0.310786 0.600519 0.045959 0.080319
0 0.359600 0.639722 0.044681 0.083084
0 0.342322 0.844340 0.051366 0.081242
0 0.439223 0.699429 0.045103 0.076521
0 0.682892 0.371863 0.050564 0.069778
0 0.280243 0.134201 0.049108 0.068763
0 0.763927 0.449301 0.048507 0.073953
0 0.583048 0.956320 0.045976 0.072483
0 0.165503 0.500636 0.049847 0.074598
0 0.767047 0.123802 0.047025 0.074645
0 0.396916 0.900951 0.047680 0.069598
0 0.977233 0.719865 0.043210 0.083573
0 0.798736 0.200757 0.051582 0.083244
0 0.754831 0.292956 0.041995 0.065923
0 0.762282 0.780671 0.046668 0.067998
0 0.070263 0.363957 0.044470 0.088502
0 0.876301 0.082513 0.049632 0.078070
0 0.175981 0.086705 0.051300 0.071174
0 0.363183 0.744482 0.049612 0.083450
0 0.599570 0.296220 0.050158 0.076855
0 0.313481 0.448308 0.049497 0.075558
0 0.912010 0.758611 0.048892 0.074093
0 0.586807 0.214889 0.048880 0.071084
0 0.696772 0.070433 0.047238 0.072053
0 0.099468 0.248640 0.049550 0.077230
0 0.452566 0.610879 0.045252 0.071449
0 0.702062 0.216518 0.049750 0.068068
0 0.318019 0.195993 0.051220 0.068420
0 0.626602 0.096798 0.055989 0.067393
0 0.915904 0.841696 0.050002 0.076829
0 0.694143 0.455147 0.067582 0.082018
0 0.871622 0.397890 0.046850 0.077220
0 0.623456 0.168417 0.051655 0.064538
0 0.325132 0.077717 0.048065 0.070779
0 0.531233 0.927072 0.052143 0.069991
0 0.703777 0.294111 0.048771 0.071397
0 0.442244 0.860341 0.046610 0.077465
0 0.411108 0.068988 0.044742 0.067548
0 0.649528 0.239135 0.047095 0.073380
0 0.586754 0.039180 0.052624 0.077875
0 0.439880 0.146663 0.045555 0.069446
0 0.249362 0.226554 0.049903 0.069308
0 0.964956 0.427559 0.048098 0.073632
0 0.949648 0.310410 0.051213 0.069540
0 0.950300 0.615993 0.049709 0.072034
0 0.458377 0.521761 0.051710 0.083625
0 0.458668 0.240238 0.048170 0.073072
0 0.487231 0.172267 0.045909 0.071303
0 0.867629 0.560704 0.056090 0.073884
0 0.459359 0.069596 0.045521 0.073006
0 0.406193 0.246664 0.049073 0.070057
0 0.547342 0.161896 0.044897 0.074204
0 0.716633 0.140577 0.044991 0.069980
0 0.947671 0.177579 0.051043 0.080110
1 0.294263 0.303169 0.047478 0.067556
1 0.914203 0.531276 0.031106 0.043369
1 0.964683 0.831109 0.034926 0.069224
1 0.552935 0.816514 0.040929 0.068390
1 0.237508 0.962052 0.054027 0.052544
1 0.608326 0.894495 0.051298 0.079233
2 0.230959 0.014595 0.028923 0.029191
2 0.010837 0.203920 0.021674 0.049208
2 0.654985 0.473311 0.019100 0.035863
2 0.776408 0.500834 0.018555 0.027523
2 0.902743 0.154295 0.021283 0.028357
0 0.214587 0.930359 0.038746 0.060884
0 0.942035 0.542952 0.043112 0.075063
0 0.985070 0.850709 0.029860 0.068390
5 0.658259 0.695997 0.070398 0.102585