0 0.997395 0.068298 0.004259 0.048003
0 0.011329 0.977183 0.022657 0.043020
0 0.997399 0.971500 0.004570 0.054258
0 0.874501 0.009597 0.042545 0.019194
0 0.010764 0.861271 0.021529 0.069952
0 0.609791 0.010138 0.043020 0.020276
0 0.002283 0.433547 0.004566 0.072212
0 0.005956 0.712346 0.011912 0.069724
0 0.134499 0.001127 0.043955 0.002233
0 0.832124 0.994694 0.044414 0.009255
0 0.177423 0.993266 0.030717 0.011456
0 0.960318 0.316058 0.052298 0.081523
0 0.428733 0.008980 0.044821 0.017960
0 0.017408 0.785998 0.034817 0.067171
0 0.523176 0.735093 0.051557 0.080601
0 0.823509 0.018692 0.045360 0.037384
0 0.450525 0.968762 0.055891 0.059452
0 0.884388 0.904249 0.047078 0.073727
0 0.106814 0.877703 0.054952 0.069322
0 0.263108 0.647100 0.041791 0.067260
0 0.231220 0.586510 0.044156 0.063158
0 0.270876 0.978814 0.044604 0.039889
0 0.200437 0.925004 0.052937 0.083732
0 0.074742 0.021109 0.046626 0.042217
0 0.065034 0.836814 0.046556 0.075296
0 0.723010 0.685535 0.050899 0.076069
0 0.676112 0.909276 0.046137 0.080562
0 0.595665 0.483491 0.045535 0.067413
0 0.804721 0.849802 0.051535 0.077025
0 0.141935 0.431851 0.053151 0.062985
0 0.403780 0.901719 0.044663 0.071696
0 0.063670 0.421951 0.053811 0.076616
0 0.023744 0.254715 0.047489 0.080655
0 0.724802 0.597535 0.052288 0.085087
0 0.490745 0.927397 0.052052 0.076516
0 0.103316 0.371141 0.046223 0.073395
0 0.734692 0.512365 0.051053 0.075781
0 0.253526 0.412392 0.047205 0.074417
0 0.526360 0.975178 0.044134 0.047060
0 0.017446 0.531455 0.034892 0.075847
0 0.559682 0.689371 0.048447 0.076261
0 0.814980 0.930873 0.052354 0.079137
0 0.722467 0.940547 0.049503 0.079698
0 0.927047 0.693229 0.051007 0.075593
0 0.301917 0.367883 0.046240 0.078354
0 0.825085 0.603152 0.048787 0.079292
0 0.254100 0.911812 0.047035 0.072316
0 0.431611 0.841431 0.041415 0.073369
0 0.563411 0.428324 0.046075 0.080288
0 0.212492 0.267031 0.048370 0.071200
0 0.016761 0.160425 0.033485 0.069018
0 0.140175 0.276178 0.053823 0.083238
0 0.851941 0.527300 0.053230 0.080205
0 0.775848 0.587056 0.046693 0.079089
0 0.796430 0.398854 0.054885 0.075737
0 0.567111 0.610337 0.049007 0.074814
0 0.241007 0.811615 0.051860 0.072270
0 0.251213 0.316070 0.053649 0.081064
0 0.247844 0.030682 0.054698 0.061364
0 0.886710 0.464410 0.046940 0.072570
0 0.699356 0.156722 0.044809 0.074421
0 0.770175 0.467647 0.054697 0.077450
0 0.481512 0.624940 0.048371 0.079141
0 0.823285 0.690241 0.046417 0.074535
0 0.546043 0.333088 0.055548 0.062675
0 0.481885 0.123089 0.044521 0.071525
0 0.350504 0.885001 0.045800 0.064049
0 0.700597 0.281729 0.044455 0.073670
0 0.380165 0.735803 0.046196 0.075404
0 0.521096 0.451875 0.046882 0.072122
0 0.074749 0.952879 0.053444 0.073054
0 0.172812 0.849524 0.047536 0.082561
0 0.943425 0.617488 0.054871 0.070056
0 0.846160 0.133811 0.051694 0.070558
0 0.435187 0.436347 0.047619 0.074894
0 0.097156 0.082304 0.049446 0.076640
0 0.145776 0.502345 0.050744 0.071044
0 0.179295 0.664302 0.053721 0.087097
0 0.443811 0.354323 0.054291 0.077549
0 0.050022 0.588392 0.051429 0.082425
0 0.080081 0.666679 0.046321 0.072774
0 0.604921 0.557004 0.053884 0.077788
0 0.980719 0.566411 0.037431 0.079354
0 0.349856 0.546856 0.048238 0.079811
0 0.833051 0.782530 0.043936 0.069795
0 0.262969 0.099001 0.051631 0.075868
0 0.104976 0.749811 0.049461 0.080222
0 0.379015 0.067554 0.047571 0.079160
0 0.497074 0.516773 0.051557 0.079893
0 0.656336 0.740637 0.053350 0.080760
0 0.650554 0.233583 0.049999 0.080553
0 0.678771 0.356873 0.043482 0.074163
0 0.854164 0.059346 0.050985 0.071960
0 0.227836 0.190337 0.047603 0.077032
0 0.610888 0.180439 0.046289 0.077560
0 0.486889 0.308519 0.047478 0.073906
0 0.736833 0.207559 0.046750 0.083592
0 0.532122 0.265570 0.043570 0.065491
0 0.374497 0.630094 0.051360 0.076467
0 0.196920 0.432318 0.046242 0.076815
0 0.742036 0.313248 0.042966 0.067450
0 0.444506 0.227477 0.046868 0.076444
0 0.282775 0.575684 0.050844 0.080397
0 0.069300 0.311557 0.046968 0.071439
0 0.602747 0.275531 0.047972 0.066898
0 0.609987 0.371525 0.046080 0.072029
0 0.581930 0.049243 0.053403 0.077732
0 0.845898 0.336434 0.044880 0.071477
0 0.880251 0.387603 0.047234 0.069343
0 0.357435 0.437999 0.049937 0.074156
0 0.780780 0.088203 0.043548 0.069143
0 0.977902 0.689257 0.042945 0.080411
0 0.509561 0.191916 0.047235 0.088479
0 0.499609 0.056641 0.049842 0.070262
0 0.382072 0.178836 0.047925 0.075238
0 0.925034 0.861440 0.051515 0.090171
0 0.390128 0.298139 0.057784 0.083110
0 0.435984 0.109603 0.050067 0.081708
0 0.867220 0.239554 0.049568 0.079172
0 0.913052 0.147930 0.052470 0.079031
0 0.794585 0.319441 0.049546 0.071789
0 0.158377 0.159258 0.047958 0.084241
0 0.977461 0.482103 0.044382 0.073589
0 0.977894 0.236907 0.042787 0.076868
0 0.720509 0.083629 0.044973 0.073506
0 0.560381 0.181732 0.044525 0.075869
1 0.095248 0.188872 0.052669 0.071640
2 0.477890 0.180822 0.021594 0.029783