0 0.996303 0.831240 0.006091 0.051200
0 0.883722 0.992399 0.035245 0.012740
0 0.367051 0.644121 0.050535 0.076735
0 0.200776 0.297202 0.056625 0.075428
0 0.163748 0.834985 0.052236 0.076106
0 0.954646 0.994131 0.031026 0.009799
0 0.106998 0.994030 0.030136 0.009821
0 0.516321 0.990402 0.041397 0.016542
0 0.992237 0.263796 0.013956 0.064485
0 0.196940 0.993222 0.034672 0.011319
0 0.368990 0.003655 0.030602 0.007309
0 0.416982 0.900780 0.047884 0.074143
0 0.950043 0.336459 0.046043 0.078803
0 0.727576 0.008207 0.039511 0.016413
0 0.249167 0.989885 0.039336 0.017594
0 0.283776 0.834839 0.044977 0.067652
0 0.547830 0.552935 0.048173 0.069938
0 0.389420 0.986598 0.046860 0.023786
0 0.491379 0.671451 0.046321 0.065696
0 0.722830 0.986018 0.045897 0.024959
0 0.485240 0.595707 0.048815 0.074758
0 0.035591 0.983750 0.049022 0.029390
0 0.536971 0.642662 0.047257 0.069805
0 0.644614 0.015896 0.046518 0.031792
0 0.526200 0.492362 0.052533 0.074179
0 0.650498 0.883891 0.047764 0.079372
0 0.582548 0.602277 0.050910 0.073869
0 0.658998 0.638534 0.055616 0.071618
0 0.644032 0.707451 0.051894 0.077668
0 0.224548 0.012255 0.045135 0.024510
0 0.812519 0.838657 0.055105 0.074016
0 0.143437 0.022409 0.048395 0.044800
0 0.644889 0.548849 0.047718 0.075518
0 0.699869 0.567241 0.046141 0.070271
0 0.476759 0.019445 0.043361 0.038890
0 0.049936 0.564023 0.051187 0.067532
0 0.079016 0.704220 0.051916 0.065228
0 0.020629 0.465289 0.041258 0.070728
0 0.034401 0.920995 0.046567 0.067038
0 0.661115 0.473603 0.044806 0.080974
0 0.574991 0.474098 0.047177 0.070651
0 0.195866 0.521051 0.044681 0.083515
0 0.830078 0.680258 0.053767 0.071950
0 0.080024 0.775822 0.049847 0.069160
0 0.020593 0.706698 0.041186 0.071542
0 0.796410 0.907921 0.055820 0.081566
0 0.151611 0.974495 0.051057 0.047765
0 0.076775 0.629261 0.052498 0.071328
0 0.098539 0.548634 0.047771 0.060453
0 0.705956 0.484402 0.047613 0.076824
0 0.207220 0.425454 0.044847 0.065939
0 0.893800 0.540536 0.050730 0.077345
0 0.021010 0.329182 0.042020 0.068326
0 0.551002 0.019103 0.052174 0.038207
0 0.846570 0.785792 0.048489 0.076888
0 0.869161 0.212621 0.061074 0.078117
0 0.296141 0.390160 0.049169 0.073762
0 0.172239 0.637970 0.053945 0.069541
0 0.819051 0.565256 0.049287 0.076226
0 0.978060 0.964395 0.042045 0.068134
0 0.121163 0.303071 0.046290 0.072011
0 0.070732 0.489948 0.048532 0.070432
0 0.260591 0.222400 0.051914 0.071754
0 0.550047 0.407004 0.055629 0.074454
0 0.016924 0.853741 0.033847 0.076234
0 0.287261 0.910264 0.055353 0.077931
0 0.690010 0.942558 0.056433 0.068353
0 0.020279 0.048198 0.040558 0.076701
0 0.987133 0.339070 0.023880 0.073071
0 0.109375 0.213241 0.052300 0.069852
0 0.718352 0.810676 0.049734 0.074702
0 0.283651 0.635590 0.045768 0.072352
0 0.458891 0.385149 0.051540 0.066754
0 0.491885 0.747628 0.049352 0.074548
0 0.862825 0.865392 0.053825 0.071653
0 0.619755 0.811946 0.053272 0.070236
0 0.361497 0.942189 0.049985 0.072212
0 0.742856 0.884446 0.043558 0.079433
0 0.335209 0.122614 0.050181 0.069691
0 0.336052 0.877223 0.044522 0.072490
0 0.690161 0.030705 0.051956 0.061410
0 0.980738 0.474570 0.036563 0.069469
0 0.868338 0.727756 0.049307 0.075554
0 0.744730 0.441154 0.043989 0.066737
0 0.568814 0.759908 0.048811 0.074444
0 0.613982 0.961591 0.049199 0.073548
0 0.341171 0.046809 0.050478 0.073930
0 0.150029 0.359091 0.051055 0.071792
0 0.877082 0.944731 0.049612 0.077031
0 0.776279 0.502012 0.047361 0.071588
0 0.443863 0.773002 0.048086 0.079643
0 0.533905 0.957528 0.056159 0.065399
0 0.235583 0.648777 0.045233 0.067347
0 0.379134 0.179040 0.046776 0.072441
0 0.288822 0.160418 0.046556 0.077347
0 0.402695 0.443107 0.048015 0.075053
0 0.765573 0.593272 0.048147 0.082468
0 0.224831 0.358654 0.045603 0.068333
0 0.057356 0.409009 0.050905 0.078819
0 0.489366 0.184360 0.051851 0.078164
0 0.390749 0.104169 0.051171 0.075168
0 0.519834 0.884351 0.054123 0.082134
0 0.542282 0.160009 0.045859 0.081084
0 0.149649 0.233650 0.050070 0.082980
0 0.468536 0.878821 0.046923 0.076839
0 0.422629 0.029333 0.048974 0.058666
0 0.088438 0.873006 0.050907 0.081111
0 0.395496 0.795625 0.051413 0.082845
0 0.265702 0.722933 0.050932 0.073239
0 0.976470 0.701206 0.045082 0.068975
0 0.532253 0.067506 0.048009 0.069521
0 0.873516 0.632752 0.050174 0.081499
0 0.254797 0.481606 0.043332 0.083184
0 0.814464 0.461778 0.045717 0.068805
0 0.342156 0.227456 0.053746 0.077037
0 0.928479 0.588806 0.050289 0.080028
0 0.353637 0.538761 0.050985 0.070735
0 0.206301 0.070246 0.043281 0.070315
0 0.307124 0.570809 0.052361 0.075989
0 0.482882 0.279886 0.051161 0.072994
0 0.964372 0.769390 0.054775 0.073780
0 0.234754 0.847044 0.050000 0.083334
0 0.849134 0.090838 0.047312 0.072875
0 0.672381 0.269565 0.050037 0.071236
0 0.483465 0.100529 0.052695 0.082391
0 0.607442 0.388207 0.051792 0.089115
0 0.694934 0.385725 0.054405 0.067418
0 0.707858 0.211395 0.053126 0.076434
0 0.589349 0.197095 0.052632 0.080511
0 0.797628 0.334585 0.044338 0.072702
0 0.622250 0.066760 0.051372 0.080046
0 0.725239 0.136650 0.048347 0.077974
0 0.328463 0.323057 0.048634 0.074144
0 0.935349 0.445292 0.050239 0.082677
0 0.102283 0.143400 0.047483 0.074910
0 0.810609 0.038821 0.048515 0.076149
0 0.750522 0.355789 0.049982 0.080800
0 0.886496 0.335439 0.048555 0.077516
0 0.046806 0.191672 0.049342 0.073394
0 0.977383 0.037541 0.043434 0.074416
0 0.615659 0.265059 0.050956 0.079453
0 0.144635 0.099386 0.048452 0.080016
0 0.402207 0.590088 0.048520 0.076218
0 0.891330 0.144450 0.053906 0.085033
1 0.136003 0.775229 0.050752 0.079233
1 0.176387 0.930359 0.057301 0.077565
1 0.211586 0.901585 0.051298 0.070058
1 0.338739 0.448707 0.056755 0.073394
1 0.433695 0.315263 0.053481 0.068390
1 0.866725 0.467890 0.062758 0.068390
2 0.581040 0.700167 0.024012 0.035863
2 0.630428 0.758966 0.028923 0.035029
4 0.150738 0.453294 0.086770 0.127606
3 0.716925 0.675563 0.089498 0.181818
1 0.584860 0.324020 0.056755 0.067556
1 0.681453 0.111343 0.049115 0.090909