0 0.011077 0.893800 0.022137 0.075842
0 0.987946 0.752872 0.022222 0.070546
0 0.996799 0.669512 0.005336 0.044671
0 0.005100 0.666677 0.010201 0.063799
0 0.993005 0.943747 0.012396 0.063204
0 0.867000 0.814100 0.051061 0.071977
0 0.565764 0.506520 0.054011 0.073719
0 0.182626 0.020927 0.051416 0.041854
0 0.994086 0.230834 0.010282 0.060291
0 0.004350 0.557524 0.008699 0.058205
0 0.010606 0.305747 0.021207 0.068953
0 0.347251 0.993704 0.033979 0.010257
0 0.779524 0.003512 0.030868 0.007025
0 0.009283 0.818044 0.018567 0.066507
0 0.005509 0.492717 0.011018 0.059524
0 0.057432 0.143945 0.045288 0.067957
0 0.716765 0.991813 0.038093 0.013508
0 0.006719 0.231341 0.013438 0.066595
0 0.988155 0.355186 0.021726 0.073436
0 0.261483 0.017926 0.045924 0.035852
0 0.414505 0.987807 0.043540 0.021327
0 0.486752 0.277390 0.054086 0.078079
0 0.518010 0.009117 0.045520 0.018235
0 0.288357 0.554631 0.051206 0.066339
0 0.324816 0.444413 0.048523 0.069517
0 0.495064 0.985733 0.047203 0.025371
0 0.143154 0.465034 0.043560 0.071307
0 0.855349 0.385692 0.048346 0.069262
0 0.118076 0.010262 0.045130 0.020524
0 0.180243 0.443562 0.046801 0.079452
0 0.405277 0.401297 0.048545 0.072169
0 0.097769 0.983274 0.045081 0.030098
0 0.026402 0.703879 0.046493 0.073522
0 0.430368 0.362213 0.045740 0.068202
0 0.411753 0.509191 0.050238 0.076468
0 0.959008 0.982418 0.048258 0.032142
0 0.691363 0.111862 0.050778 0.070466
0 0.039663 0.022145 0.052781 0.044290
0 0.753734 0.162131 0.045467 0.069227
0 0.224196 0.982667 0.053307 0.031445
0 0.043595 0.473320 0.043071 0.065180
0 0.160230 0.595602 0.049899 0.077968
0 0.082500 0.547866 0.048387 0.076891
0 0.546540 0.747020 0.049337 0.070137
0 0.511588 0.713448 0.049129 0.078322
0 0.119806 0.515970 0.049623 0.078856
0 0.050267 0.406297 0.048539 0.067683
0 0.083303 0.884557 0.048051 0.074752
0 0.572797 0.615791 0.047306 0.071836
0 0.291981 0.483704 0.053229 0.071507
0 0.024487 0.083567 0.048974 0.080687
0 0.168523 0.972217 0.047711 0.052412
0 0.979633 0.293674 0.038780 0.079424
0 0.786698 0.977796 0.052996 0.041052
0 0.963312 0.837976 0.040033 0.059138
0 0.336203 0.660532 0.051554 0.068378
0 0.286753 0.629953 0.047935 0.074694
0 0.985620 0.056804 0.026934 0.069418
0 0.336523 0.585542 0.048155 0.071937
0 0.816696 0.483245 0.044075 0.067158
0 0.868929 0.929867 0.048233 0.071402
0 0.100295 0.422724 0.047975 0.074432
0 0.476614 0.628083 0.046507 0.075458
0 0.664602 0.694163 0.048820 0.072463
0 0.911214 0.885533 0.047678 0.078657
0 0.504086 0.414076 0.046615 0.070666
0 0.227480 0.047529 0.041068 0.061983
0 0.679974 0.182300 0.048572 0.069503
0 0.352645 0.398972 0.048464 0.074588
0 0.317593 0.323610 0.043788 0.071032
0 0.529073 0.627001 0.053788 0.077175
0 0.201320 0.922682 0.048869 0.074786
0 0.100987 0.658690 0.051660 0.074833
0 0.169759 0.292809 0.052124 0.076067
0 0.219802 0.574225 0.057593 0.075250
0 0.110262 0.160800 0.049751 0.074290
0 0.590154 0.419158 0.052129 0.069727
0 0.918195 0.965636 0.048499 0.065363
0 0.054105 0.818145 0.050157 0.077692
0 0.058261 0.340285 0.054709 0.064344
0 0.750962 0.825276 0.053531 0.064213
0 0.209818 0.392209 0.049139 0.078667
0 0.256936 0.703327 0.052037 0.073870
0 0.225802 0.497345 0.047340 0.068881
0 0.122735 0.328591 0.049511 0.070916
0 0.089415 0.232448 0.047795 0.080398
0 0.128174 0.920312 0.048332 0.079369
0 0.052426 0.270237 0.050881 0.072029
0 0.204362 0.766697 0.042283 0.070194
0 0.327014 0.244791 0.052894 0.079547
0 0.820945 0.883191 0.051640 0.076783
0 0.751434 0.317768 0.044034 0.065327
0 0.664704 0.906880 0.054932 0.074226
0 0.957909 0.917363 0.051508 0.085716
0 0.069003 0.741139 0.049414 0.072024
0 0.682588 0.619793 0.045178 0.068035
0 0.210261 0.659547 0.052904 0.087075
0 0.253766 0.784846 0.054221 0.081284
0 0.749952 0.675403 0.049372 0.068252
0 0.797798 0.778123 0.051964 0.071141
0 0.044023 0.952530 0.053673 0.076902
0 0.268471 0.958481 0.046582 0.078300
0 0.740249 0.897972 0.053089 0.078276
0 0.115733 0.786904 0.050392 0.079160
0 0.786651 0.631474 0.050478 0.075682
0 0.674744 0.420955 0.048651 0.073899
0 0.619571 0.476857 0.046487 0.075519
0 0.417125 0.866707 0.052131 0.071728
0 0.642359 0.363004 0.054416 0.076540
0 0.637317 0.825823 0.051828 0.077495
0 0.860067 0.069657 0.052402 0.069606
0 0.297328 0.084103 0.050499 0.079442
0 0.749122 0.751700 0.054895 0.077281
0 0.883115 0.026581 0.052570 0.053095
0 0.680746 0.778931 0.052573 0.078177
0 0.540473 0.873380 0.049808 0.073103
0 0.289365 0.161406 0.053410 0.067639
0 0.799465 0.378982 0.047661 0.069454
0 0.458785 0.958644 0.049831 0.073672
0 0.846057 0.746462 0.048634 0.073154
0 0.554082 0.965367 0.049558 0.066074
0 0.348201 0.182178 0.053824 0.076787
0 0.047611 0.591035 0.052546 0.083579
0 0.726879 0.370237 0.056408 0.076558
0 0.839203 0.972068 0.049818 0.052619
0 0.783771 0.115144 0.052557 0.083148
0 0.941699 0.323400 0.051763 0.077981
0 0.678967 0.300232 0.056497 0.073165
0 0.203910 0.105579 0.048160 0.067371
0 0.657745 0.060996 0.045926 0.073455
0 0.361433 0.037570 0.046093 0.074518
0 0.271857 0.240801 0.050053 0.075093
0 0.234137 0.863905 0.053925 0.085513
0 0.186484 0.217502 0.049414 0.073650
0 0.965037 0.648977 0.050129 0.071967
0 0.847890 0.135212 0.054072 0.072781
0 0.458620 0.724166 0.049385 0.081438
0 0.700807 0.026824 0.052774 0.053615
0 0.377365 0.123659 0.053230 0.077954
0 0.420438 0.172410 0.050263 0.076603
0 0.791828 0.041966 0.045859 0.071309
0 0.784114 0.214817 0.049275 0.079806
0 0.375331 0.957197 0.050259 0.079030
0 0.558218 0.156193 0.047787 0.070243
0 0.858887 0.458563 0.047123 0.068934
0 0.884931 0.334903 0.044423 0.066361
0 0.380207 0.270093 0.048154 0.073175
0 0.698244 0.549930 0.050773 0.073364
0 0.947338 0.415370 0.057722 0.079971
0 0.258879 0.353554 0.053264 0.081295
0 0.483976 0.132287 0.050060 0.068780
0 0.970225 0.569682 0.055331 0.077208
0 0.610554 0.670913 0.050223 0.073436
0 0.490068 0.201808 0.051699 0.065221
0 0.583754 0.832180 0.047816 0.074805
0 0.469605 0.879557 0.053601 0.079713
0 0.882827 0.184026 0.052976 0.077194
0 0.942216 0.778561 0.052208 0.074510
0 0.591563 0.913810 0.051787 0.087178
0 0.832391 0.676640 0.053585 0.078384
0 0.971946 0.127798 0.053558 0.078596
0 0.728311 0.247322 0.049490 0.076653
0 0.574766 0.351494 0.049781 0.072419
0 0.141395 0.101068 0.049856 0.074131
0 0.851990 0.269877 0.047623 0.070957
0 0.415326 0.063469 0.050436 0.079407
0 0.906425 0.271430 0.052642 0.075222
0 0.941748 0.039195 0.051519 0.075832
0 0.556677 0.036379 0.052057 0.072618
0 0.470678 0.049080 0.050229 0.081536
0 0.968436 0.489318 0.052538 0.078465
0 0.799863 0.300941 0.050123 0.075869
0 0.604887 0.114132 0.048908 0.080848
1 0.301084 0.877398 0.056755 0.080067
1 0.345833 0.828607 0.050206 0.069224
1 0.533289 0.317348 0.051844 0.079233
1 0.771224 0.456631 0.056209 0.085905
1 0.537382 0.110092 0.053481 0.081735
1 0.631792 0.749374 0.052389 0.069224
1 0.385671 0.784404 0.056755 0.079233
1 0.404226 0.726856 0.056755 0.077565
1 0.416232 0.668474 0.048024 0.064220
2 0.082250 0.103003 0.020737 0.030859
2 0.257972 0.087990 0.018555 0.029191
2 0.180752 0.733528 0.027832 0.039199
2 0.420870 0.809425 0.025649 0.040867
2 0.384853 0.839033 0.021283 0.028357
2 0.285531 0.915346 0.020192 0.025855
2 0.134912 0.987490 0.020192 0.025021
2 0.197943 0.324020 0.015280 0.029191
2 0.847352 0.590075 0.019646 0.029191
2 0.865907 0.582152 0.020737 0.031693
2 0.993801 0.612594 0.012397 0.034195
2 0.705464 0.668891 0.018555 0.033361
2 0.802876 0.828607 0.018009 0.035863
2 0.657168 0.958299 0.020192 0.028357
2 0.909292 0.221852 0.020192 0.028357
2 0.591681 0.030442 0.015826 0.027523
2 0.611327 0.344871 0.016917 0.025855
2 0.751032 0.416180 0.021283 0.028357
1 0.970063 0.206422 0.059875 0.079233
5 0.473532 0.533361 0.073127 0.114262
1 0.433695 0.457048 0.054572 0.068390