0 0.010602 0.177835 0.021163 0.070452
0 0.009614 0.510402 0.019188 0.068616
0 0.639858 0.995746 0.035724 0.006903
0 0.412952 0.002734 0.024337 0.005459
0 0.004185 0.030778 0.008344 0.054963
0 0.849653 0.001924 0.033465 0.003840
0 0.009654 0.304737 0.019284 0.071384
0 0.339152 0.604858 0.047447 0.071143
0 0.989911 0.928405 0.018432 0.062627
0 0.388366 0.826764 0.047831 0.077871
0 0.005121 0.442094 0.010242 0.058705
0 0.363560 0.791379 0.046594 0.073927
0 0.978517 0.984474 0.036636 0.028068
0 0.991532 0.083670 0.015396 0.063071
0 0.708518 0.991157 0.040150 0.014799
0 0.227305 0.989992 0.033781 0.017352
0 0.142710 0.990847 0.038164 0.015594
0 0.007675 0.660136 0.015350 0.070558
0 0.373537 0.033353 0.042757 0.066706
0 0.462219 0.822443 0.051920 0.081232
0 0.546985 0.990479 0.035236 0.016223
0 0.783491 0.987705 0.041926 0.021666
0 0.639277 0.491162 0.047617 0.072652
0 0.041728 0.005732 0.031529 0.011465
0 0.459876 0.021890 0.051213 0.043779
0 0.443177 0.935045 0.046126 0.069037
0 0.534809 0.483760 0.049011 0.073417
0 0.110071 0.008105 0.038778 0.016209
0 0.415186 0.884988 0.046273 0.071728
0 0.743934 0.859125 0.051997 0.074894
0 0.714763 0.560494 0.044517 0.064429
0 0.554784 0.641331 0.045937 0.068610
0 0.685819 0.154829 0.048878 0.076524
0 0.082836 0.868629 0.042184 0.067768
0 0.716323 0.496580 0.047984 0.074202
0 0.335302 0.011417 0.044275 0.022826
0 0.739505 0.783651 0.049964 0.075155
0 0.514550 0.703258 0.046403 0.074752
0 0.325274 0.432213 0.047537 0.078511
0 0.989593 0.235906 0.018918 0.068139
0 0.207117 0.275487 0.047428 0.072551
0 0.014547 0.958186 0.029093 0.069153
0 0.919154 0.299102 0.048131 0.074317
0 0.916206 0.214114 0.050244 0.074256
0 0.948245 0.022855 0.048315 0.045606
0 0.552501 0.744578 0.050608 0.079373
0 0.124982 0.835286 0.042805 0.073941
0 0.789764 0.022338 0.050358 0.044605
0 0.453443 0.416177 0.050723 0.078039
0 0.051982 0.815322 0.051207 0.078132
0 0.446460 0.575234 0.048698 0.077259
0 0.218769 0.524965 0.042187 0.078684
0 0.811738 0.786820 0.051709 0.068222
0 0.116911 0.933232 0.049089 0.077257
0 0.514115 0.805294 0.045749 0.073183
0 0.432639 0.749900 0.054301 0.083643
0 0.106188 0.089132 0.044824 0.073619
0 0.925936 0.155698 0.047556 0.061572
0 0.555138 0.570977 0.047923 0.075439
0 0.985961 0.328224 0.025918 0.073517
0 0.258108 0.015490 0.047175 0.030979
0 0.079373 0.628040 0.046612 0.074653
0 0.152734 0.761269 0.044866 0.065233
0 0.635745 0.767216 0.048943 0.074568
0 0.892411 0.631941 0.046602 0.072498
0 0.464110 0.692800 0.044678 0.067199
0 0.106004 0.531701 0.044787 0.071273
0 0.032346 0.696490 0.045142 0.071548
0 0.499535 0.625050 0.056031 0.083010
0 0.169193 0.897437 0.050860 0.078217
0 0.898032 0.922666 0.049193 0.073214
0 0.538156 0.868906 0.049229 0.069869
0 0.411479 0.637470 0.053477 0.068240
0 0.389685 0.712630 0.043823 0.080505
0 0.280585 0.334569 0.050303 0.075103
0 0.780537 0.909788 0.047879 0.071898
0 0.224548 0.451887 0.046030 0.067768
0 0.666007 0.866361 0.051952 0.074031
0 0.267367 0.969932 0.047002 0.056835
0 0.759185 0.543239 0.042776 0.077074
0 0.045135 0.560431 0.055969 0.087328
0 0.135158 0.597875 0.048979 0.077731
0 0.984958 0.709252 0.028043 0.071339
0 0.341254 0.724505 0.048229 0.075982
0 0.846226 0.561880 0.043456 0.072806
0 0.828799 0.714785 0.050275 0.072410
0 0.876570 0.853903 0.050017 0.066015
0 0.170951 0.224035 0.048182 0.074725
0 0.774264 0.728031 0.049991 0.076228
0 0.890426 0.539421 0.050075 0.073927
0 0.255230 0.634237 0.049252 0.076743
0 0.166625 0.414506 0.046592 0.071856
0 0.664643 0.558958 0.047793 0.076618
0 0.275280 0.445076 0.046630 0.074645
0 0.943331 0.966377 0.053251 0.064214
0 0.685553 0.791124 0.047806 0.071442
0 0.486511 0.898164 0.047856 0.082275
0 0.606184 0.635570 0.049722 0.071399
0 0.948365 0.359021 0.046655 0.073311
0 0.405034 0.365652 0.052986 0.082283
0 0.388189 0.560007 0.048709 0.077271
0 0.302466 0.791685 0.050915 0.073027
0 0.614151 0.563693 0.048061 0.072254
0 0.099462 0.177717 0.047267 0.070291
0 0.711495 0.916995 0.049173 0.079205
0 0.216036 0.182034 0.049163 0.079766
0 0.204616 0.705963 0.047969 0.075687
0 0.632979 0.020919 0.051102 0.041809
0 0.212258 0.376666 0.046044 0.074574
0 0.335538 0.524386 0.047538 0.075196
0 0.133166 0.692155 0.049753 0.075953
0 0.831368 0.891988 0.048790 0.075249
0 0.830790 0.966887 0.051778 0.062941
0 0.704940 0.251598 0.050959 0.078980
0 0.191801 0.018538 0.050590 0.037076
0 0.611096 0.837981 0.049617 0.076548
0 0.436470 0.160201 0.051494 0.078901
0 0.162323 0.492916 0.048136 0.072758
0 0.983437 0.596318 0.030979 0.073429
0 0.500720 0.325370 0.050650 0.077892
0 0.936197 0.756875 0.049133 0.073766
0 0.589117 0.972063 0.053047 0.052891
0 0.423311 0.501361 0.048203 0.070465
0 0.190788 0.963739 0.052166 0.069298
0 0.217634 0.786437 0.049854 0.074892
0 0.027950 0.890326 0.049291 0.075907
0 0.016158 0.100933 0.032316 0.073759
0 0.608207 0.355560 0.048738 0.077612
0 0.474961 0.502180 0.046209 0.073182
0 0.959083 0.255272 0.041171 0.077489
0 0.271656 0.721104 0.048154 0.070676
0 0.934868 0.676461 0.047349 0.075602
0 0.806032 0.480314 0.045775 0.072455
0 0.872457 0.775750 0.050691 0.078508
0 0.456717 0.284649 0.042822 0.075461
0 0.599666 0.711100 0.046529 0.072436
0 0.719514 0.024270 0.051061 0.048528
0 0.343778 0.964469 0.048937 0.067653
0 0.621095 0.928253 0.050122 0.079688
0 0.071626 0.307546 0.048525 0.071754
0 0.927744 0.835411 0.047006 0.067789
0 0.198348 0.081834 0.051714 0.074787
0 0.143898 0.332322 0.054956 0.076121
0 0.765408 0.412689 0.046491 0.077968
0 0.859047 0.277681 0.046877 0.072643
0 0.785714 0.294784 0.038719 0.088243
0 0.556019 0.342247 0.046267 0.077696
0 0.714046 0.411715 0.048568 0.078847
0 0.629304 0.156264 0.052507 0.075689
0 0.645642 0.410379 0.053291 0.079762
0 0.248640 0.116055 0.049076 0.077059
0 0.154714 0.129361 0.047165 0.067104
0 0.297549 0.924064 0.047173 0.073532
0 0.054555 0.212989 0.046919 0.077602
0 0.533954 0.231331 0.045974 0.073783
0 0.829839 0.167679 0.045244 0.071849
0 0.315809 0.200471 0.046987 0.072479
0 0.936632 0.584333 0.052991 0.072355
0 0.922472 0.482364 0.044713 0.088070
0 0.238586 0.882081 0.046818 0.074452
0 0.971276 0.447030 0.043834 0.072626
0 0.408501 0.283520 0.045860 0.074728
0 0.374777 0.149618 0.050171 0.086132
0 0.808611 0.095808 0.048591 0.073117
0 0.851659 0.063310 0.041404 0.069089
0 0.878582 0.354677 0.054792 0.088863
0 0.973764 0.137025 0.048543 0.082707
0 0.722008 0.329408 0.049863 0.075712
0 0.586272 0.200132 0.043221 0.072472
0 0.922661 0.088469 0.047514 0.066020
0 0.490995 0.169669 0.049288 0.079336
0 0.563105 0.040181 0.047084 0.073572
0 0.609488 0.077081 0.047841 0.079517
0 0.537584 0.141307 0.042874 0.071449
0 0.761705 0.160443 0.046416 0.068592
0 0.893794 0.034559 0.046876 0.069119
0 0.515192 0.066294 0.047306 0.075737
0 0.719085 0.091019 0.050921 0.073559
0 0.662861 0.081823 0.052335 0.072585
1 0.057419 0.057548 0.056209 0.090075
1 0.102441 0.409508 0.048024 0.091743
1 0.321276 0.281068 0.041475 0.068390
1 0.256335 0.260217 0.049115 0.096747
1 0.372028 0.469141 0.046932 0.095913
1 0.577765 0.443703 0.043658 0.078399
1 0.757035 0.235613 0.051844 0.077565
2 0.118540 0.044204 0.018009 0.023353
2 0.145281 0.080484 0.025649 0.037531
2 0.278982 0.225605 0.016917 0.024187
2 0.126453 0.479983 0.018555 0.032527
2 0.298083 0.630942 0.023466 0.030859
2 0.243783 0.940784 0.018555 0.030025
2 0.440243 0.984153 0.019646 0.026689
2 0.656349 0.926188 0.019646 0.030859
2 0.723746 0.618432 0.021283 0.029191
2 0.870818 0.457048 0.017463 0.030025
2 0.636976 0.317348 0.021283 0.030859
2 0.071335 0.762719 0.019646 0.027523
5 0.672448 0.695580 0.069307 0.120100
3 0.976065 0.814012 0.047869 0.166806
2 0.927301 0.893244 0.014735 0.025021
2 0.953222 0.881151 0.018555 0.022519
1 0.404226 0.095079 0.049115 0.070058