0 0.002269 0.801278 0.004515 0.085247
0 0.004785 0.336394 0.009571 0.060418
0 0.195546 0.001834 0.046691 0.003636
0 0.994308 0.286391 0.010548 0.062124
0 0.307895 0.805292 0.056610 0.066823
0 0.144353 0.837568 0.050809 0.072826
0 0.683929 0.215697 0.050954 0.077949
0 0.301361 0.006973 0.035488 0.013946
0 0.421300 0.019137 0.078963 0.038273
0 0.131946 0.782759 0.050327 0.084069
0 0.690886 0.007757 0.043197 0.015514
0 0.974228 0.980120 0.048455 0.037068
0 0.477875 0.142802 0.052542 0.082371
0 0.485366 0.977588 0.040232 0.041854
0 0.612065 0.938165 0.054900 0.120228
0 0.473428 0.916905 0.051501 0.080651
0 0.018526 0.490577 0.037051 0.067498
0 0.026846 0.922810 0.053692 0.095199
0 0.100509 0.386820 0.053625 0.086000
0 0.015793 0.415697 0.031574 0.067256
0 0.165362 0.979440 0.048893 0.038326
0 0.789552 0.018011 0.058270 0.036023
0 0.842926 0.906725 0.052209 0.084689
0 0.189398 0.881943 0.050799 0.085397
0 0.324224 0.883724 0.052896 0.079111
0 0.079579 0.763207 0.043604 0.071540
0 0.536199 0.976457 0.053046 0.043881
0 0.679129 0.970601 0.053794 0.055729
0 0.302608 0.520754 0.052693 0.073831
0 0.123261 0.467173 0.052842 0.080629
0 0.920736 0.961090 0.060381 0.075295
0 0.190464 0.278277 0.046080 0.074164
0 0.265582 0.966817 0.073104 0.063370
0 0.768202 0.799203 0.056856 0.084746
0 0.481812 0.565682 0.049182 0.086312
0 0.772640 0.718225 0.055594 0.064254
0 0.752894 0.883164 0.055468 0.078207
0 0.893389 0.023687 0.049468 0.047329
0 0.814024 0.968623 0.055149 0.059743
0 0.157991 0.647888 0.053422 0.077113
0 0.409981 0.465843 0.050015 0.085004
0 0.228418 0.817820 0.047659 0.079212
0 0.167375 0.411895 0.049172 0.076761
0 0.214535 0.356099 0.049380 0.080923
0 0.387803 0.770308 0.047338 0.076937
0 0.069052 0.967386 0.054391 0.062396
0 0.333328 0.053138 0.052771 0.079957
0 0.672803 0.303252 0.048977 0.081261
0 0.445518 0.346365 0.045607 0.073352
0 0.220385 0.571741 0.049940 0.081012
0 0.786821 0.535891 0.049107 0.080849
0 0.145519 0.559402 0.056431 0.078073
0 0.985953 0.123715 0.026651 0.072082
0 0.237896 0.437704 0.052975 0.080712
0 0.841758 0.042867 0.049959 0.077824
0 0.900149 0.890197 0.056891 0.094649
0 0.556140 0.563299 0.051569 0.079708
0 0.033956 0.786156 0.046195 0.073616
0 0.730905 0.537274 0.051080 0.079239
0 0.458488 0.738254 0.049117 0.081289
0 0.982502 0.674609 0.033522 0.083014
0 0.670039 0.793623 0.053435 0.082191
0 0.285211 0.244303 0.056555 0.085615
0 0.761209 0.203490 0.047343 0.069498
0 0.060912 0.593884 0.051732 0.075485
0 0.556556 0.446820 0.053413 0.082408
0 0.349990 0.468584 0.049918 0.081685
0 0.420175 0.646639 0.052083 0.079778
0 0.262526 0.679708 0.050434 0.079033
0 0.251175 0.171484 0.050570 0.078676
0 0.348604 0.972680 0.054304 0.051562
0 0.470980 0.427851 0.053347 0.082311
0 0.563463 0.104841 0.049822 0.084287
0 0.125179 0.300953 0.052739 0.076048
0 0.076230 0.146323 0.053375 0.081714
0 0.359551 0.224096 0.054849 0.088841
0 0.703101 0.678586 0.053407 0.085868
0 0.791532 0.409415 0.051019 0.078658
0 0.029566 0.192714 0.058635 0.081907
0 0.191119 0.144205 0.048506 0.081115
0 0.818398 0.666042 0.059482 0.077063
0 0.614594 0.128619 0.047597 0.085795
0 0.969669 0.538238 0.050739 0.086354
0 0.710927 0.076429 0.044163 0.077234
0 0.078076 0.038733 0.049054 0.072439
0 0.944907 0.718876 0.055232 0.085590
0 0.946376 0.040076 0.048883 0.080152
0 0.605795 0.241804 0.054356 0.073946
0 0.900890 0.571407 0.051058 0.087798
0 0.970203 0.220743 0.047906 0.077221
1 0.448429 0.091326 0.046932 0.087573
1 0.414049 0.198082 0.051298 0.095913
1 0.870545 0.228524 0.052935 0.091743
1 0.814336 0.204754 0.049661 0.074229
1 0.820612 0.823186 0.044749 0.086739
1 0.321822 0.754796 0.054572 0.076731
2 0.200126 0.624687 0.026195 0.033361
2 0.117176 0.161802 0.024012 0.038365
2 0.736298 0.256464 0.026740 0.039199
2 0.653075 0.930776 0.021829 0.035029
2 0.754852 0.949541 0.030015 0.045872
4 0.516099 0.859883 0.087316 0.161802
1 0.548024 0.922018 0.052935 0.067556