0 0.907529 0.994742 0.038730 0.008973
0 0.003478 0.299636 0.006957 0.054166
0 0.002306 0.704745 0.004613 0.076759
0 0.997276 0.492902 0.005282 0.067333
0 0.973757 0.431231 0.026384 0.036777
0 0.980384 0.003556 0.038413 0.007090
0 0.993269 0.705456 0.012573 0.072075
0 0.772467 0.995771 0.036873 0.007533
0 0.175846 0.992219 0.040359 0.013822
0 0.161414 0.718761 0.055130 0.086824
0 0.875832 0.555969 0.059444 0.087518
0 0.657012 0.007054 0.042320 0.014108
0 0.620535 0.990378 0.045848 0.017392
0 0.224925 0.989155 0.044151 0.019204
0 0.013632 0.373164 0.027186 0.079045
0 0.097465 0.427428 0.047849 0.079439
0 0.392077 0.979164 0.052884 0.039254
0 0.852911 0.981452 0.046307 0.035043
0 0.396949 0.657247 0.045510 0.080182
0 0.390195 0.556328 0.053180 0.077184
0 0.442612 0.702003 0.054766 0.085193
0 0.405722 0.796967 0.049762 0.072823
0 0.372185 0.731773 0.052520 0.077345
0 0.494723 0.881661 0.045131 0.072638
0 0.450399 0.843235 0.050202 0.082426
0 0.425611 0.339957 0.048284 0.073985
0 0.351568 0.012298 0.050274 0.024597
0 0.823267 0.869830 0.054234 0.064104
0 0.056642 0.563838 0.048025 0.071497
0 0.308461 0.977221 0.050064 0.043010
0 0.161205 0.085787 0.051296 0.089587
0 0.214686 0.353544 0.046861 0.076413
0 0.216087 0.036392 0.059315 0.072784
0 0.507034 0.806732 0.046771 0.068687
0 0.055890 0.054139 0.056766 0.080966
0 0.216089 0.264703 0.050728 0.078876
0 0.231991 0.657291 0.055607 0.073170
0 0.396229 0.473678 0.050365 0.081215
0 0.282249 0.922324 0.052103 0.075272
0 0.504863 0.579004 0.046306 0.068273
0 0.327202 0.057741 0.048515 0.078509
0 0.352313 0.906722 0.053117 0.079936
0 0.431250 0.939271 0.052930 0.080682
0 0.105544 0.969902 0.055505 0.057979
0 0.058107 0.867714 0.048753 0.075351
0 0.194982 0.495346 0.054990 0.078948
0 0.754770 0.878574 0.055330 0.083391
0 0.134922 0.871006 0.041370 0.071354
0 0.480634 0.382723 0.051777 0.079798
0 0.490576 0.653476 0.059770 0.082619
0 0.319605 0.631634 0.057941 0.088114
0 0.967827 0.111363 0.055065 0.074775
0 0.203232 0.578167 0.052722 0.081829
0 0.741139 0.474018 0.053767 0.076700
0 0.086226 0.699165 0.057510 0.084870
0 0.653883 0.052045 0.056324 0.068834
0 0.448194 0.533933 0.059223 0.084372
0 0.770301 0.720030 0.048954 0.077510
0 0.716603 0.826085 0.049022 0.076680
0 0.714948 0.716371 0.054682 0.084233
0 0.164564 0.947042 0.050991 0.080649
0 0.770505 0.542453 0.050305 0.080582
0 0.337452 0.381932 0.053185 0.081754
0 0.146466 0.399257 0.053316 0.084436
0 0.570235 0.789326 0.056494 0.070650
0 0.136478 0.539988 0.058481 0.084367
0 0.203465 0.805901 0.055748 0.070631
0 0.568128 0.551775 0.055136 0.082234
0 0.517523 0.226005 0.060117 0.086314
0 0.885826 0.949703 0.050432 0.071038
0 0.798990 0.224770 0.054370 0.081823
0 0.678077 0.130793 0.051398 0.075232
0 0.158196 0.288429 0.052618 0.075229
0 0.839156 0.795967 0.051398 0.082652
0 0.975242 0.934383 0.048332 0.080088
0 0.107535 0.157142 0.052931 0.077147
0 0.631859 0.932836 0.053128 0.081333
0 0.298083 0.809263 0.057304 0.083719
0 0.628199 0.646658 0.055864 0.075427
0 0.084677 0.276809 0.050704 0.084230
0 0.452865 0.111209 0.048666 0.074029
0 0.273487 0.349245 0.059197 0.082651
0 0.960342 0.483934 0.055420 0.087757
0 0.979854 0.591948 0.038353 0.086431
0 0.961944 0.744689 0.052958 0.076037
0 0.937517 0.676884 0.052402 0.076166
0 0.477994 0.039814 0.053414 0.079511
0 0.373986 0.087671 0.050816 0.078371
0 0.618553 0.739068 0.050350 0.076996
0 0.612231 0.169942 0.051571 0.082861
0 0.383417 0.171679 0.051813 0.077030
0 0.955290 0.857577 0.051195 0.082078
0 0.787943 0.350270 0.055766 0.082378
0 0.734612 0.188400 0.054625 0.077407
0 0.716393 0.040478 0.055534 0.079913
0 0.690047 0.949960 0.057234 0.090277
0 0.871237 0.256099 0.054265 0.073299
0 0.369114 0.250456 0.054464 0.073911
0 0.568607 0.026821 0.049264 0.053630
0 0.556847 0.342447 0.055846 0.080742
0 0.692658 0.349922 0.074594 0.108492
0 0.763128 0.111207 0.052158 0.077455
0 0.555554 0.096434 0.052764 0.078608
0 0.969915 0.191593 0.049017 0.072447
0 0.603613 0.482198 0.053759 0.078455
0 0.893306 0.819031 0.055050 0.077377
0 0.914913 0.207743 0.054126 0.079331
0 0.888224 0.061711 0.054702 0.077462
1 0.177751 0.214345 0.043658 0.073394
1 0.293171 0.189324 0.046386 0.111760
1 0.458798 0.290242 0.038201 0.066722
1 0.598776 0.868224 0.047478 0.081735
1 0.835073 0.308173 0.050752 0.094245
1 0.817337 0.137615 0.043658 0.090075
2 0.060694 0.215179 0.024558 0.036697
2 0.360022 0.613428 0.019646 0.029191
2 0.332190 0.726856 0.024012 0.030859
2 0.575037 0.899917 0.030560 0.036697
3 0.217316 0.150542 0.099867 0.162636
2 0.141460 0.207673 0.032198 0.056714