0 0.011107 0.475984 0.022191 0.073109
0 0.995726 0.085789 0.007326 0.054388
0 0.919773 0.496535 0.047136 0.080121
0 0.008915 0.838980 0.017829 0.082349
0 0.160050 0.317292 0.050591 0.062344
0 0.131759 0.333346 0.048893 0.074888
0 0.012597 0.177633 0.025092 0.075274
0 0.295246 0.952944 0.055651 0.087304
0 0.272451 0.910562 0.047040 0.084124
0 0.975201 0.981863 0.047774 0.033727
0 0.010078 0.396805 0.020106 0.079612
0 0.473146 0.349227 0.048514 0.079555
0 0.006663 0.671162 0.013301 0.069356
0 0.468015 0.300266 0.048447 0.065220
0 0.609446 0.006851 0.040030 0.013701
0 0.826110 0.009599 0.043687 0.019192
0 0.063150 0.365902 0.060455 0.076920
0 0.418063 0.513764 0.051294 0.079358
0 0.880203 0.574270 0.057700 0.078551
0 0.397095 0.453136 0.050143 0.076940
0 0.372306 0.953418 0.052506 0.085250
0 0.622159 0.987724 0.048001 0.021586
0 0.208106 0.756609 0.055031 0.091878
0 0.866825 0.504391 0.056635 0.082208
0 0.425179 0.983003 0.047615 0.030866
0 0.669746 0.253358 0.053731 0.076363
0 0.395342 0.013201 0.049865 0.026403
0 0.269311 0.673225 0.059048 0.108076
0 0.985495 0.378160 0.027094 0.068752
0 0.363802 0.405520 0.051063 0.085500
0 0.013627 0.286765 0.027207 0.067659
0 0.372142 0.783922 0.054530 0.067558
0 0.453463 0.020286 0.051067 0.040571
0 0.228538 0.977846 0.054652 0.041294
0 0.939757 0.018667 0.054554 0.037334
0 0.700819 0.280955 0.054191 0.086301
0 0.277155 0.443332 0.056446 0.076026
0 0.137605 0.411322 0.051214 0.068466
0 0.686477 0.420102 0.048170 0.070307
0 0.818877 0.397773 0.050279 0.078486
0 0.941126 0.343224 0.050177 0.074276
0 0.650094 0.032013 0.047084 0.064026
0 0.367372 0.862560 0.055208 0.080887
0 0.202432 0.460212 0.049435 0.079784
0 0.421030 0.387292 0.047108 0.071992
0 0.865707 0.036636 0.052373 0.073271
0 0.153376 0.933409 0.058329 0.083382
0 0.951298 0.424690 0.052557 0.073483
0 0.143010 0.109792 0.051290 0.070743
0 0.069212 0.033657 0.050021 0.067314
0 0.569604 0.030391 0.046610 0.060783
0 0.084692 0.446207 0.047590 0.080037
0 0.492903 0.903066 0.051459 0.071326
0 0.455308 0.835126 0.048445 0.078021
0 0.436174 0.589247 0.057088 0.074056
0 0.053059 0.684609 0.042318 0.070063
0 0.172366 0.844991 0.052258 0.090252
0 0.628103 0.183700 0.051212 0.074424
0 0.275039 0.044173 0.056275 0.085992
0 0.395045 0.075607 0.052441 0.086239
0 0.204984 0.338908 0.050696 0.078448
0 0.777150 0.907225 0.049674 0.077544
0 0.693157 0.555357 0.055269 0.081509
0 0.691241 0.066456 0.047132 0.085864
0 0.091632 0.887013 0.051701 0.074646
0 0.725560 0.485850 0.051468 0.081795
0 0.457664 0.185403 0.054141 0.085703
0 0.474213 0.965957 0.052139 0.064962
0 0.789019 0.975754 0.054486 0.045463
0 0.754272 0.316506 0.042968 0.076717
0 0.424719 0.683863 0.052451 0.084755
0 0.262004 0.123105 0.051477 0.070881
0 0.058277 0.165106 0.053252 0.067198
0 0.636555 0.388933 0.050642 0.088439
0 0.878270 0.659571 0.051244 0.077946
0 0.754497 0.400606 0.048687 0.074042
0 0.618849 0.663775 0.046899 0.074494
0 0.483575 0.748095 0.046904 0.081714
0 0.779501 0.821813 0.047016 0.074838
0 0.521665 0.813103 0.053514 0.079950
0 0.601909 0.932761 0.050416 0.076644
0 0.073352 0.235218 0.049189 0.069009
0 0.672769 0.890866 0.045410 0.097991
0 0.876587 0.758699 0.046419 0.082708
0 0.531114 0.972817 0.047350 0.051242
0 0.981695 0.528497 0.034706 0.079619
0 0.510885 0.269617 0.053584 0.069927
0 0.817339 0.313322 0.050613 0.079544
0 0.122534 0.041463 0.047933 0.074537
0 0.622754 0.102104 0.055682 0.073354
0 0.885920 0.346517 0.047908 0.080041
0 0.747382 0.580091 0.047794 0.077614
0 0.623942 0.763188 0.049583 0.075822
0 0.826314 0.740020 0.051835 0.087079
0 0.636573 0.838117 0.055410 0.086017
0 0.712758 0.654208 0.050650 0.084438
0 0.527921 0.087211 0.050866 0.077884
0 0.579185 0.854791 0.047829 0.085964
0 0.720139 0.774364 0.049008 0.083949
0 0.948955 0.264741 0.049993 0.078232
0 0.046879 0.801116 0.049729 0.085526
0 0.823537 0.193851 0.053648 0.080666
0 0.469817 0.098819 0.057522 0.085067
0 0.401850 0.187695 0.048640 0.078773
0 0.723407 0.863210 0.052079 0.082695
0 0.200695 0.121616 0.052870 0.078694
0 0.769377 0.221534 0.051019 0.082330
0 0.957549 0.943914 0.054487 0.094086
0 0.125809 0.602759 0.054385 0.088792
0 0.840074 0.954024 0.049368 0.081555
0 0.625344 0.581446 0.059967 0.083622
0 0.567899 0.380377 0.054455 0.075557
0 0.876018 0.866503 0.052343 0.076603
0 0.329930 0.230801 0.058400 0.092261
0 0.264562 0.231298 0.051788 0.082168
0 0.963507 0.089369 0.050997 0.083296
0 0.924726 0.730619 0.050101 0.077726
0 0.943337 0.846493 0.050642 0.089676
0 0.533923 0.711131 0.051573 0.083399
1 0.063695 0.103003 0.052389 0.059216
1 0.319093 0.097998 0.042566 0.057548
1 0.226320 0.393661 0.052389 0.055046
1 0.310634 0.382819 0.050752 0.091743
1 0.241328 0.503336 0.046386 0.074229
1 0.411320 0.928274 0.036018 0.065054
0 0.339558 0.133862 0.050752 0.075897
2 0.587316 0.479566 0.033289 0.053378
2 0.756489 0.709341 0.033289 0.062552
2 0.796054 0.725605 0.024012 0.035029
2 0.687456 0.818182 0.026195 0.035029
2 0.244056 0.763136 0.023466 0.035029
2 0.034226 0.986239 0.036018 0.027523
2 0.487994 0.229358 0.023466 0.040033
2 0.370664 0.349458 0.031106 0.041701
2 0.932212 0.093828 0.016917 0.029191
3 0.138732 0.220183 0.100959 0.175146
3 0.349926 0.693495 0.114056 0.149291
3 0.735206 0.140117 0.093319 0.148457
3 0.895103 0.186405 0.093319 0.140951
5 0.467257 0.449958 0.061667 0.102585