0 0.812324 0.639943 0.049926 0.065162
0 0.907477 0.993898 0.030735 0.009964
0 0.806099 0.580857 0.050934 0.071454
0 0.002942 0.601479 0.005884 0.053288
0 0.238323 0.994114 0.032702 0.009799
0 0.850402 0.639185 0.043655 0.073060
0 0.658113 0.992029 0.035113 0.013280
0 0.441909 0.006842 0.040747 0.013684
0 0.005981 0.683559 0.011962 0.057498
0 0.438976 0.536352 0.045426 0.075528
0 0.158753 0.571996 0.044061 0.076492
0 0.163786 0.636658 0.048297 0.071203
0 0.992109 0.601249 0.014050 0.064719
0 0.992987 0.915350 0.012415 0.065681
0 0.456176 0.494705 0.044350 0.066449
0 0.197522 0.314936 0.072693 0.103333
0 0.240885 0.619661 0.068597 0.106729
0 0.461572 0.587058 0.051449 0.069163
0 0.129000 0.914461 0.047974 0.069792
0 0.089910 0.891551 0.047381 0.067626
0 0.287505 0.437288 0.044807 0.063287
0 0.594344 0.468527 0.067557 0.089671
0 0.246128 0.446267 0.043537 0.072280
0 0.014304 0.758096 0.028572 0.079122
0 0.285385 0.523435 0.075500 0.089327
0 0.083697 0.026718 0.049156 0.053346
0 0.957621 0.980040 0.042456 0.036812
0 0.071604 0.975045 0.047479 0.046899
0 0.664748 0.016762 0.047396 0.033524
0 0.547057 0.893721 0.067460 0.104668
0 0.842285 0.013977 0.045604 0.027955
0 0.087446 0.086341 0.052070 0.072811
0 0.419560 0.620190 0.043265 0.062010
0 0.758039 0.871258 0.047387 0.073776
0 0.352444 0.550094 0.050125 0.065827
0 0.190878 0.510959 0.060067 0.074959
0 0.516937 0.572960 0.045289 0.073116
0 0.788801 0.806296 0.045894 0.081218
0 0.030817 0.838562 0.044942 0.075007
0 0.820296 0.909293 0.051329 0.066685
0 0.894803 0.554360 0.041256 0.067405
0 0.979021 0.676013 0.039798 0.100901
0 0.495611 0.646538 0.048851 0.071150
0 0.580221 0.965418 0.054659 0.066073
0 0.854608 0.971667 0.047206 0.053554
0 0.493554 0.457889 0.048910 0.070940
0 0.829369 0.757781 0.045742 0.081824
0 0.223550 0.809866 0.044160 0.067950
0 0.158539 0.372844 0.055467 0.062567
0 0.486000 0.760967 0.049055 0.077592
0 0.234157 0.949043 0.047094 0.069039
0 0.745145 0.945522 0.051026 0.072544
0 0.209380 0.707919 0.046265 0.071056
0 0.366844 0.479414 0.048061 0.078205
0 0.790237 0.018758 0.045781 0.037517
0 0.492782 0.966895 0.046884 0.063148
0 0.813188 0.504883 0.044182 0.069788
0 0.372900 0.633712 0.046615 0.084399
0 0.399466 0.882013 0.050925 0.074095
0 0.437090 0.733593 0.048455 0.081270
0 0.882687 0.688477 0.049715 0.081097
0 0.080605 0.803494 0.047460 0.071929
0 0.623074 0.725444 0.048560 0.080434
0 0.281649 0.020017 0.054918 0.040020
0 0.169301 0.028686 0.044723 0.057371
0 0.413453 0.805626 0.059503 0.075434
0 0.712212 0.619946 0.044649 0.072436
0 0.297177 0.685285 0.048574 0.075686
0 0.338281 0.761459 0.051489 0.080520
0 0.948261 0.019473 0.051455 0.038946
0 0.416955 0.265274 0.043603 0.066165
0 0.427038 0.362455 0.045120 0.064688
0 0.433515 0.433366 0.052292 0.071826
0 0.688235 0.837562 0.046734 0.075732
0 0.871016 0.834041 0.042117 0.067758
0 0.145330 0.825363 0.047949 0.073459
0 0.965390 0.516232 0.066495 0.075588
0 0.578660 0.820615 0.050630 0.075333
0 0.502010 0.836278 0.055557 0.081021
0 0.115395 0.661195 0.046363 0.083792
0 0.017765 0.231809 0.035530 0.103732
0 0.189971 0.909133 0.048593 0.076742
0 0.197161 0.416142 0.047705 0.079533
0 0.558223 0.740061 0.049169 0.072115
0 0.979171 0.426168 0.039447 0.086577
0 0.659444 0.599863 0.043941 0.076613
0 0.134114 0.742541 0.049396 0.078528
0 0.051474 0.135496 0.041580 0.077977
0 0.266782 0.874151 0.049257 0.079735
0 0.665726 0.495129 0.045150 0.069653
0 0.963865 0.761419 0.049076 0.078724
0 0.081480 0.578698 0.046366 0.077191
0 0.337047 0.149015 0.048071 0.083681
0 0.576196 0.663351 0.051603 0.079367
0 0.294200 0.215411 0.048151 0.082405
0 0.031204 0.064163 0.047002 0.076198
0 0.699653 0.695263 0.050676 0.077826
0 0.054192 0.722428 0.044219 0.073342
0 0.785299 0.422519 0.049914 0.066437
0 0.220036 0.068125 0.046293 0.069657
0 0.497138 0.380602 0.054045 0.078487
0 0.662204 0.141453 0.039767 0.077366
0 0.293125 0.102826 0.054853 0.081544
0 0.385769 0.323209 0.046856 0.076718
0 0.669067 0.365284 0.049515 0.078937
0 0.609012 0.588092 0.050328 0.080060
0 0.527300 0.309003 0.046921 0.079952
0 0.174782 0.110073 0.052631 0.067918
0 0.243963 0.168029 0.047288 0.067548
0 0.961701 0.892185 0.048303 0.073854
0 0.926685 0.463358 0.047361 0.072707
0 0.868136 0.481228 0.044545 0.067309
0 0.339236 0.282155 0.051826 0.079665
0 0.384619 0.217418 0.050319 0.075509
0 0.690414 0.057732 0.048368 0.076621
0 0.607221 0.330235 0.048896 0.072035
0 0.085459 0.208570 0.049945 0.084722
0 0.118774 0.505970 0.046766 0.074204
0 0.709554 0.411210 0.051024 0.075900
0 0.178395 0.194097 0.046364 0.074220
0 0.053506 0.485168 0.048743 0.072563
0 0.517816 0.216773 0.049499 0.078549
0 0.526976 0.119187 0.049923 0.075901
0 0.596927 0.253272 0.046222 0.077619
0 0.730583 0.487961 0.050438 0.080575
0 0.973210 0.153172 0.049022 0.078310
0 0.519350 0.040192 0.049593 0.071484
0 0.123877 0.150349 0.053223 0.086767
0 0.590347 0.060415 0.049643 0.073901
0 0.739145 0.089478 0.047254 0.075926
0 0.684673 0.212763 0.050535 0.075948
0 0.460790 0.201179 0.050337 0.076763
0 0.466880 0.108885 0.049015 0.076228
0 0.835190 0.144991 0.048690 0.072349
0 0.695972 0.294062 0.053127 0.080451
0 0.061064 0.364391 0.049526 0.072167
0 0.131121 0.267663 0.050554 0.080345
0 0.939667 0.085506 0.052565 0.083851
0 0.848952 0.070513 0.051336 0.073849
0 0.796698 0.342482 0.050480 0.083051
0 0.907488 0.183894 0.044190 0.088555
0 0.923587 0.331617 0.050379 0.080734
0 0.859588 0.283027 0.054077 0.083660
1 0.353382 0.402861 0.031975 0.076281
2 0.127606 0.566150 0.017157 0.023838
2 0.572529 0.400477 0.017937 0.028605
2 0.889941 0.380810 0.027296 0.039333
2 0.754631 0.019666 0.021837 0.036949
2 0.763600 0.567342 0.025736 0.040524
2 0.905149 0.724076 0.021837 0.027414
2 0.790896 0.690703 0.022617 0.032181
2 0.949212 0.819428 0.024176 0.032181
1 0.544453 0.509535 0.036654 0.094160