0 0.987722 0.928697 0.022901 0.076795
0 0.996942 0.677498 0.005902 0.086237
0 0.293310 0.111611 0.046546 0.077735
0 0.011775 0.784504 0.023511 0.079969
0 0.261383 0.097311 0.046496 0.082147
0 0.672709 0.993411 0.034838 0.010924
0 0.246560 0.982959 0.027939 0.031159
0 0.007232 0.613229 0.014428 0.076552
0 0.990918 0.014210 0.016711 0.028365
0 0.993519 0.311426 0.011897 0.075165
0 0.212681 0.971431 0.049646 0.054027
0 0.007651 0.490451 0.015257 0.073965
0 0.991979 0.810435 0.014570 0.078486
0 0.729269 0.004532 0.036697 0.009065
0 0.123621 0.006881 0.043421 0.013762
0 0.419795 0.986491 0.046665 0.023862
0 0.088735 0.429693 0.048456 0.081545
0 0.248888 0.926626 0.051703 0.080661
0 0.191414 0.714337 0.051649 0.082481
0 0.161525 0.685124 0.047932 0.076329
0 0.095395 0.926917 0.060366 0.097559
0 0.018937 0.125023 0.037875 0.083577
0 0.055413 0.759547 0.058502 0.109506
0 0.414329 0.011944 0.046364 0.023887
0 0.594053 0.017150 0.044515 0.034299
0 0.117820 0.982247 0.051757 0.032551
0 0.163066 0.962240 0.047017 0.069773
0 0.359968 0.018050 0.048652 0.036101
0 0.576919 0.326077 0.052017 0.093999
0 0.331432 0.946783 0.052125 0.087378
0 0.808179 0.815090 0.049696 0.085480
0 0.031727 0.903933 0.052869 0.077688
0 0.023389 0.705740 0.046568 0.088300
0 0.552888 0.262101 0.048757 0.080924
0 0.175516 0.890915 0.054866 0.078959
0 0.425065 0.704194 0.044664 0.073069
0 0.420900 0.274996 0.050984 0.072830
0 0.382768 0.945472 0.044381 0.070382
0 0.301057 0.855484 0.050858 0.086552
0 0.340725 0.684628 0.050196 0.081365
0 0.109927 0.702870 0.051952 0.079608
0 0.850167 0.861949 0.053381 0.079808
0 0.530182 0.155153 0.045497 0.080435
0 0.636520 0.655044 0.051817 0.082777
0 0.228320 0.029368 0.054092 0.058735
0 0.159270 0.432403 0.044946 0.069097
0 0.287231 0.527298 0.056959 0.092372
0 0.299639 0.029064 0.053613 0.058127
0 0.281435 0.637289 0.046268 0.073838
0 0.256242 0.733943 0.053138 0.078323
0 0.359762 0.136443 0.053256 0.094891
0 0.765304 0.965520 0.055117 0.065851
0 0.549281 0.038354 0.051032 0.076707
0 0.711919 0.644304 0.050163 0.074317
0 0.474342 0.944858 0.051590 0.087014
0 0.091982 0.535748 0.048378 0.080627
0 0.142034 0.589645 0.043931 0.076986
0 0.095281 0.619030 0.050557 0.077820
0 0.394657 0.056957 0.045044 0.074323
0 0.519599 0.668877 0.042945 0.078487
0 0.718604 0.761592 0.054114 0.086546
0 0.469338 0.083091 0.046975 0.080478
0 0.785988 0.737665 0.055429 0.078700
0 0.191701 0.583252 0.048679 0.081447
0 0.638247 0.164110 0.055719 0.077291
0 0.632269 0.913046 0.052295 0.076048
0 0.930276 0.966169 0.054441 0.064524
0 0.032794 0.037438 0.053737 0.074823
0 0.428474 0.165980 0.045629 0.090438
0 0.705505 0.910402 0.049147 0.090161
0 0.881245 0.353789 0.052281 0.081192
0 0.034834 0.346223 0.049115 0.075859
0 0.550829 0.734907 0.052307 0.087036
0 0.333144 0.223238 0.060857 0.093235
0 0.891205 0.177281 0.054758 0.087802
0 0.482931 0.816447 0.051483 0.086722
0 0.153890 0.324270 0.056832 0.083137
0 0.844198 0.739516 0.048722 0.076974
0 0.290532 0.314113 0.053240 0.086940
0 0.898826 0.896238 0.052617 0.078103
0 0.203559 0.491674 0.054699 0.081680
0 0.860842 0.534265 0.049743 0.076441
0 0.606390 0.824338 0.054099 0.082318
0 0.080606 0.283361 0.059531 0.080152
0 0.841861 0.414768 0.049699 0.087961
0 0.585653 0.467757 0.050078 0.074213
0 0.255812 0.408150 0.051681 0.079015
0 0.604276 0.230317 0.051224 0.083583
0 0.896175 0.443360 0.049739 0.084300
0 0.609464 0.539536 0.053229 0.084198
0 0.879451 0.035754 0.048823 0.071508
0 0.954371 0.230586 0.048424 0.078281
0 0.912859 0.724601 0.052410 0.082237
0 0.669545 0.571989 0.057143 0.092230
0 0.427994 0.828148 0.051747 0.081073
0 0.160523 0.234225 0.053431 0.085697
0 0.612110 0.088593 0.051854 0.080656
0 0.163226 0.068712 0.049536 0.085690
0 0.579058 0.631186 0.055254 0.088459
0 0.466656 0.319847 0.052631 0.083739
0 0.831508 0.247325 0.056081 0.087513
0 0.720150 0.392871 0.049156 0.081873
0 0.526976 0.580891 0.050531 0.076261
0 0.632440 0.423375 0.051063 0.091208
0 0.743592 0.521483 0.059811 0.090224
0 0.919933 0.811302 0.057545 0.081988
0 0.904481 0.280874 0.053968 0.087048
0 0.735120 0.189540 0.054938 0.086507
0 0.933534 0.046406 0.048884 0.080977
0 0.743056 0.290435 0.052774 0.081525
0 0.955296 0.394225 0.052552 0.093317
1 0.387854 0.653878 0.049115 0.086739
1 0.542566 0.956631 0.056209 0.086739
1 0.735752 0.079233 0.046386 0.061718
1 0.583223 0.159299 0.046932 0.073394
4 0.100531 0.806505 0.082404 0.161802
2 0.006199 0.391576 0.012397 0.032527
2 0.213496 0.915346 0.018009 0.027523
2 0.148009 0.924937 0.016917 0.025021
2 0.789233 0.273978 0.028923 0.047540
1 0.739572 0.833194 0.061667 0.078399