0 0.003277 0.958057 0.006555 0.047774
0 0.010314 0.749381 0.020628 0.074320
0 0.002466 0.140974 0.004932 0.056519
0 0.002417 0.345868 0.004834 0.070667
0 0.425829 0.003734 0.036526 0.007320
0 0.006412 0.238653 0.012824 0.073118
0 0.814443 0.003376 0.037807 0.006751
0 0.144923 0.712869 0.047517 0.076170
0 0.989674 0.891616 0.018807 0.073120
0 0.661057 0.003936 0.032246 0.007871
0 0.764152 0.124066 0.053949 0.074637
0 0.985867 0.985764 0.026354 0.025532
0 0.489191 0.890690 0.057001 0.083718
0 0.496594 0.007736 0.042295 0.015461
0 0.909460 0.009335 0.044720 0.018671
0 0.609781 0.008210 0.042488 0.016420
0 0.400333 0.988598 0.043990 0.019719
0 0.249378 0.752184 0.050617 0.074067
0 0.329267 0.403897 0.048476 0.084411
0 0.080689 0.014174 0.054640 0.028348
0 0.375587 0.456148 0.058104 0.086526
0 0.223168 0.018609 0.052714 0.037218
0 0.268648 0.675022 0.055299 0.079980
0 0.030081 0.869339 0.057293 0.113341
0 0.323520 0.727886 0.055279 0.068716
0 0.369357 0.767771 0.046094 0.078326
0 0.024485 0.469425 0.045123 0.069410
0 0.375965 0.561753 0.049050 0.077259
0 0.523078 0.952815 0.049289 0.071215
0 0.732287 0.474220 0.065925 0.103969
0 0.599894 0.822498 0.053336 0.067516
0 0.308146 0.976875 0.052151 0.043109
0 0.116099 0.476365 0.053513 0.078481
0 0.281576 0.356355 0.051242 0.084628
0 0.036103 0.587782 0.051632 0.085954
0 0.241935 0.589265 0.066276 0.102754
0 0.194792 0.735046 0.051702 0.088343
0 0.878628 0.975455 0.047045 0.045923
0 0.276274 0.466366 0.055667 0.089296
0 0.452526 0.786331 0.047960 0.074710
0 0.172229 0.567132 0.051293 0.080540
0 0.477871 0.618932 0.051636 0.080688
0 0.072300 0.755264 0.048047 0.075540
0 0.792436 0.362235 0.052769 0.090272
0 0.749417 0.974397 0.050528 0.048067
0 0.089100 0.878340 0.052377 0.070973
0 0.427912 0.579428 0.049745 0.087011
0 0.137524 0.931292 0.049975 0.071724
0 0.623262 0.893935 0.050406 0.082638
0 0.677703 0.515494 0.055314 0.083812
0 0.584973 0.697111 0.052337 0.085585
0 0.751993 0.314651 0.050306 0.085362
0 0.411246 0.846576 0.050526 0.082218
0 0.608445 0.966188 0.057102 0.064349
0 0.440724 0.959234 0.050383 0.078042
0 0.649413 0.588984 0.060742 0.091062
0 0.827575 0.642370 0.052502 0.078016
0 0.734320 0.911170 0.058818 0.067672
0 0.782620 0.867598 0.054014 0.083893
0 0.229538 0.928129 0.051185 0.076363
0 0.540747 0.831496 0.048191 0.077580
0 0.341909 0.172973 0.054193 0.078486
0 0.799397 0.783589 0.052710 0.079195
0 0.370361 0.347351 0.049401 0.081391
0 0.681487 0.787099 0.052588 0.075282
0 0.322948 0.268227 0.051539 0.082660
0 0.178377 0.380167 0.053369 0.076491
0 0.290777 0.118298 0.048557 0.073704
0 0.132325 0.061904 0.052240 0.079238
0 0.770843 0.698350 0.052462 0.087552
0 0.939936 0.882241 0.051993 0.074998
0 0.205808 0.216974 0.047692 0.077672
0 0.287385 0.040576 0.053676 0.072440
0 0.249183 0.843512 0.052046 0.093823
0 0.979422 0.590913 0.038955 0.082453
0 0.961386 0.775886 0.054287 0.088921
0 0.885840 0.639481 0.047038 0.085364
0 0.831838 0.957881 0.049630 0.078317
0 0.823603 0.214793 0.055310 0.082081
0 0.111756 0.390965 0.055809 0.082497
0 0.644054 0.359441 0.052640 0.083329
0 0.126342 0.172043 0.050117 0.082917
0 0.245686 0.151858 0.048886 0.092819
0 0.557737 0.212375 0.046820 0.081344
0 0.954263 0.437392 0.049678 0.083846
0 0.970934 0.273358 0.049205 0.075082
0 0.895745 0.546127 0.056000 0.085179
0 0.871708 0.278801 0.051465 0.085313
0 0.695932 0.291198 0.055368 0.087961
0 0.870837 0.061671 0.053089 0.100615
0 0.857295 0.769361 0.053520 0.081050
0 0.935078 0.697957 0.050438 0.083170
0 0.734922 0.051042 0.054848 0.082361
0 0.895720 0.201050 0.053215 0.077236
0 0.517543 0.130581 0.054619 0.087260
0 0.407417 0.047807 0.045337 0.085945
0 0.945504 0.129421 0.056209 0.087339
1 0.089344 0.100917 0.051298 0.091743
1 0.091800 0.562135 0.064941 0.075063
1 0.414322 0.703503 0.067124 0.062552
1 0.496726 0.463303 0.051844 0.084237
1 0.588134 0.473311 0.049115 0.082569
1 0.463437 0.273561 0.073673 0.055046
1 0.130273 0.749374 0.058938 0.077565
2 0.112537 0.231443 0.026740 0.040867