0 0.002368 0.801636 0.004735 0.068479
0 0.002340 0.471596 0.004681 0.064779
0 0.995924 0.416525 0.006967 0.053178
0 0.995916 0.239366 0.007056 0.060082
0 0.008506 0.363735 0.017000 0.078137
0 0.006392 0.964769 0.012785 0.067214
0 0.046289 0.099445 0.045875 0.077018
0 0.026365 0.067550 0.048469 0.078759
0 0.612543 0.992798 0.034257 0.012045
0 0.006696 0.145038 0.013391 0.070069
0 0.233495 0.780643 0.046741 0.076229
0 0.991204 0.585384 0.015879 0.068801
0 0.014937 0.238810 0.029874 0.100020
0 0.037504 0.482161 0.061647 0.105313
0 0.688313 0.008004 0.042864 0.016008
0 0.626697 0.007983 0.043198 0.015967
0 0.990130 0.685427 0.018001 0.072861
0 0.403974 0.510863 0.047086 0.080823
0 0.675272 0.814717 0.046970 0.076823
0 0.215626 0.376220 0.073476 0.081262
0 0.357846 0.022169 0.052263 0.044310
0 0.512765 0.425261 0.050177 0.080019
0 0.373108 0.465770 0.048894 0.073586
0 0.336383 0.560738 0.056540 0.107654
0 0.552121 0.433118 0.044138 0.076795
0 0.599261 0.588376 0.071330 0.116821
0 0.704628 0.297907 0.061114 0.104340
0 0.203188 0.020031 0.043813 0.040061
0 0.383102 0.315128 0.047104 0.070486
0 0.641687 0.724110 0.047499 0.076119
0 0.663040 0.968068 0.047810 0.061027
0 0.754482 0.898043 0.046560 0.078002
0 0.947214 0.014708 0.047495 0.029416
0 0.194406 0.872736 0.048370 0.077564
0 0.555829 0.720558 0.079686 0.094827
0 0.276246 0.358793 0.045257 0.076727
0 0.322692 0.443237 0.041014 0.076199
0 0.103014 0.443349 0.049335 0.075500
0 0.943258 0.237515 0.050814 0.089547
0 0.624010 0.345896 0.042831 0.071528
0 0.622707 0.895732 0.050859 0.085474
0 0.514927 0.640650 0.045130 0.072636
0 0.509050 0.147289 0.066513 0.096258
0 0.079564 0.159706 0.046542 0.075584
0 0.837773 0.044158 0.051858 0.087387
0 0.274371 0.438549 0.048204 0.076226
0 0.849689 0.695753 0.046340 0.071273
0 0.045350 0.655490 0.047155 0.084032
0 0.177325 0.781882 0.051431 0.076379
0 0.117488 0.823396 0.050350 0.073500
0 0.693997 0.735033 0.047756 0.076234
0 0.066758 0.346363 0.045246 0.073514
0 0.703658 0.907694 0.049230 0.080163
0 0.421809 0.397195 0.048339 0.081058
0 0.570519 0.247467 0.056550 0.117437
0 0.567764 0.956845 0.054513 0.082890
0 0.355226 0.386821 0.044167 0.071592
0 0.379823 0.234451 0.050574 0.078182
0 0.791451 0.657889 0.052809 0.082876
0 0.724473 0.216465 0.045342 0.078771
0 0.193838 0.175276 0.054463 0.084095
0 0.320102 0.080137 0.054245 0.070055
0 0.730519 0.679035 0.048650 0.070430
0 0.948334 0.077660 0.054062 0.080187
0 0.412362 0.904654 0.057554 0.073995
0 0.143979 0.902992 0.053447 0.086016
0 0.470291 0.033543 0.048719 0.067067
0 0.983436 0.340218 0.031184 0.086079
0 0.088922 0.025160 0.052708 0.050320
0 0.205521 0.975358 0.052621 0.046694
0 0.240972 0.061095 0.049293 0.079631
0 0.805723 0.570577 0.049933 0.084743
0 0.478992 0.704325 0.053073 0.084407
0 0.468340 0.529061 0.051112 0.078095
0 0.295418 0.959055 0.059914 0.078660
0 0.825663 0.914354 0.050153 0.088948
0 0.556501 0.350859 0.057652 0.069844
0 0.723582 0.387988 0.053001 0.076545
0 0.207834 0.698513 0.060378 0.087925
0 0.509344 0.240833 0.047357 0.080358
0 0.477677 0.821092 0.048033 0.076705
0 0.406669 0.972861 0.049441 0.051416
0 0.271306 0.670461 0.052128 0.074064
0 0.107795 0.724895 0.055072 0.084251
0 0.953408 0.879220 0.052545 0.086574
0 0.198762 0.519269 0.048750 0.084398
0 0.413000 0.029899 0.054065 0.059759
0 0.874307 0.569053 0.077281 0.093049
0 0.322355 0.212529 0.045418 0.077878
0 0.278404 0.588615 0.048997 0.080408
0 0.729256 0.133359 0.058478 0.076757
0 0.769529 0.072758 0.066250 0.083298
0 0.456039 0.228260 0.045865 0.077287
0 0.348869 0.909196 0.051582 0.087595
0 0.705904 0.521378 0.052605 0.087990
0 0.538074 0.529082 0.052160 0.078352
0 0.403697 0.787745 0.048671 0.077251
0 0.879659 0.127674 0.048143 0.081398
0 0.571408 0.131678 0.045977 0.084335
0 0.291125 0.782156 0.051221 0.083124
0 0.407443 0.105243 0.054723 0.083207
0 0.917249 0.351154 0.058249 0.066761
0 0.603041 0.425593 0.049588 0.091136
0 0.929982 0.428589 0.053322 0.081417
0 0.852162 0.435796 0.052432 0.075406
0 0.951398 0.587129 0.047520 0.081343
0 0.136289 0.165383 0.055687 0.071656
1 0.134912 0.240617 0.054027 0.069224
1 0.114993 0.326522 0.050206 0.075897
1 0.151556 0.404087 0.038201 0.079233
1 0.977430 0.770642 0.045140 0.105088
1 0.625516 0.106339 0.048569 0.089241
2 0.395494 0.182235 0.026195 0.035863
2 0.747485 0.315680 0.029469 0.052544
2 0.981600 0.119683 0.024012 0.037531
2 0.951039 0.143870 0.026195 0.037531
2 0.831526 0.613011 0.022920 0.040033
2 0.662625 0.686822 0.020192 0.029191
2 0.451158 0.922852 0.017463 0.035863
3 0.225229 0.274395 0.100413 0.143453
3 0.768768 0.776063 0.090590 0.157631
5 0.662080 0.412427 0.062758 0.109258