0 0.990482 0.947747 0.017527 0.073682
0 0.009523 0.336593 0.019008 0.073065
0 0.002545 0.238580 0.005090 0.061144
0 0.995943 0.669804 0.007721 0.064521
0 0.229435 0.017759 0.035252 0.035518
0 0.300825 0.042756 0.048402 0.066854
0 0.989073 0.758544 0.021066 0.079925
0 0.004549 0.775998 0.009098 0.069638
0 0.293983 0.095089 0.046307 0.071813
0 0.193491 0.023321 0.042592 0.046638
0 0.482191 0.884293 0.051377 0.073342
0 0.162185 0.996019 0.041376 0.006992
0 0.992512 0.847490 0.014354 0.081319
0 0.993952 0.156993 0.010981 0.068460
0 0.829282 0.183418 0.052750 0.081044
0 0.452723 0.842937 0.054507 0.081959
0 0.318781 0.611953 0.046880 0.075983
0 0.568828 0.006275 0.033872 0.012550
0 0.847060 0.009998 0.039038 0.019996
0 0.495060 0.592310 0.049108 0.090431
0 0.154967 0.752393 0.049275 0.077914
0 0.313563 0.339968 0.049540 0.070995
0 0.422471 0.195808 0.053044 0.080771
0 0.889036 0.070899 0.055941 0.081380
0 0.295555 0.571483 0.055173 0.081277
0 0.543042 0.936388 0.055084 0.077007
0 0.834559 0.979946 0.051705 0.037275
0 0.726890 0.413852 0.051875 0.074773
0 0.729623 0.873733 0.047581 0.085267
0 0.290381 0.290810 0.052630 0.067220
0 0.410480 0.784533 0.052517 0.075502
0 0.799251 0.109766 0.054059 0.069593
0 0.387750 0.094254 0.049614 0.070147
0 0.361071 0.024074 0.047481 0.048137
0 0.044504 0.724224 0.049295 0.073642
0 0.367159 0.461230 0.047129 0.073140
0 0.015455 0.415823 0.030865 0.071303
0 0.704428 0.796874 0.048902 0.078536
0 0.223863 0.836403 0.047440 0.081048
0 0.030475 0.329899 0.044967 0.077909
0 0.263883 0.647239 0.058128 0.080663
0 0.209460 0.686473 0.055519 0.090774
0 0.700040 0.345090 0.046128 0.081623
0 0.016289 0.500345 0.032568 0.073729
0 0.516477 0.026255 0.062371 0.052490
0 0.305314 0.423944 0.053827 0.071421
0 0.744699 0.046875 0.048184 0.076692
0 0.547426 0.824427 0.048070 0.075920
0 0.083499 0.895402 0.044483 0.075733
0 0.101180 0.973508 0.055858 0.050629
0 0.030823 0.144167 0.056868 0.083127
0 0.343115 0.935052 0.052684 0.083242
0 0.770104 0.455650 0.052450 0.080282
0 0.547728 0.559469 0.053112 0.081427
0 0.480544 0.168527 0.049041 0.081481
0 0.743488 0.296413 0.050068 0.079760
0 0.046663 0.559674 0.052548 0.074704
0 0.349310 0.147677 0.051028 0.077698
0 0.892509 0.830773 0.040919 0.081668
0 0.748364 0.960493 0.056742 0.074924
0 0.187004 0.562796 0.046207 0.074107
0 0.027075 0.642085 0.050215 0.083932
0 0.419729 0.027188 0.049566 0.054376
0 0.839225 0.859852 0.049936 0.077489
0 0.369460 0.571903 0.049246 0.087938
0 0.254395 0.748283 0.055401 0.081849
0 0.539095 0.175796 0.053220 0.073882
0 0.769072 0.207422 0.050659 0.065228
0 0.604784 0.034705 0.040132 0.059551
0 0.239891 0.528315 0.056843 0.074593
0 0.796565 0.341104 0.054925 0.082875
0 0.984298 0.405059 0.030427 0.083766
0 0.614176 0.707475 0.060331 0.072322
0 0.101216 0.722158 0.051749 0.085899
0 0.822417 0.268108 0.050493 0.073647
0 0.426477 0.706878 0.056980 0.082495
0 0.439447 0.384581 0.051869 0.085661
0 0.649129 0.262378 0.045584 0.075507
0 0.342813 0.693668 0.050216 0.087836
0 0.136295 0.594724 0.050081 0.094997
0 0.404776 0.307722 0.052757 0.079405
0 0.427347 0.607859 0.054712 0.079109
0 0.917694 0.972778 0.050685 0.051558
0 0.643688 0.633545 0.044785 0.078975
0 0.864852 0.758144 0.049686 0.080186
0 0.420856 0.504270 0.075860 0.105154
0 0.531679 0.457403 0.053036 0.080248
0 0.677498 0.032836 0.049594 0.065672
0 0.852082 0.419166 0.057687 0.088006
0 0.606508 0.308659 0.051400 0.077513
0 0.101529 0.495795 0.055118 0.086126
0 0.582091 0.621348 0.055318 0.081596
0 0.195897 0.933919 0.057292 0.092244
0 0.758122 0.729874 0.052580 0.088102
0 0.247089 0.442542 0.053596 0.082537
0 0.893896 0.156279 0.047083 0.073524
0 0.255652 0.196638 0.050761 0.079149
0 0.903340 0.368221 0.057293 0.088302
0 0.946420 0.317001 0.047347 0.081730
0 0.916075 0.726005 0.045320 0.077577
0 0.103085 0.252215 0.055280 0.083806
0 0.694441 0.617524 0.049821 0.077620
0 0.190990 0.230430 0.053734 0.082349
0 0.552023 0.352789 0.055061 0.086290
0 0.971366 0.578214 0.049762 0.085029
0 0.866098 0.607292 0.050706 0.073089
0 0.978754 0.260246 0.041830 0.083900
0 0.100876 0.149315 0.053329 0.085282
1 0.518009 0.252711 0.060575 0.073394
1 0.508459 0.097998 0.051298 0.089241
1 0.599867 0.103003 0.033289 0.074229
1 0.340649 0.858632 0.058392 0.067556
2 0.386490 0.844454 0.031106 0.037531
2 0.391401 0.891576 0.035472 0.050042
2 0.606416 0.982902 0.026740 0.034195
2 0.558119 0.238532 0.021829 0.038365
5 0.559484 0.100083 0.055118 0.086739
5 0.623060 0.809008 0.087316 0.130108