0 0.670853 0.992337 0.036668 0.013146
0 0.201068 0.264178 0.043943 0.074730
0 0.671410 0.270865 0.050512 0.071704
0 0.467856 0.979556 0.026116 0.038377
0 0.256389 0.618400 0.051967 0.068522
0 0.006212 0.973616 0.012424 0.050526
0 0.203592 0.996266 0.043450 0.007203
0 0.663677 0.221600 0.050062 0.075698
0 0.305818 0.993586 0.041815 0.011377
0 0.242723 0.575784 0.058678 0.072150
0 0.175872 0.288294 0.047762 0.075508
0 0.990708 0.789581 0.017571 0.076365
0 0.720551 0.992260 0.037749 0.013342
0 0.984440 0.420837 0.029533 0.061718
0 0.388645 0.369893 0.050453 0.111246
0 0.129271 0.132744 0.042400 0.070076
0 0.418489 0.280299 0.038019 0.068652
0 0.980759 0.358889 0.037569 0.071536
0 0.146315 0.082392 0.049034 0.077517
0 0.544670 0.011796 0.042518 0.023592
0 0.696562 0.528602 0.070514 0.082395
0 0.142346 0.984963 0.056173 0.028072
0 0.602441 0.021959 0.053768 0.043918
0 0.564843 0.984020 0.046101 0.029381
0 0.860851 0.688243 0.054971 0.106752
0 0.616003 0.550496 0.044611 0.069271
0 0.922425 0.125787 0.050192 0.083437
0 0.563494 0.577220 0.046492 0.092145
0 0.491870 0.018759 0.049677 0.037488
0 0.809342 0.522116 0.045419 0.075986
0 0.618378 0.981006 0.047373 0.035393
0 0.015682 0.722499 0.031353 0.073587
0 0.443432 0.449287 0.052669 0.074656
0 0.021779 0.440544 0.043557 0.077907
0 0.824346 0.909609 0.049855 0.076723
0 0.260783 0.370604 0.052326 0.079869
0 0.473836 0.658331 0.051550 0.076644
0 0.593270 0.079025 0.045216 0.071374
0 0.253684 0.494195 0.050464 0.074562
0 0.369032 0.276766 0.047449 0.071704
0 0.017779 0.827998 0.035558 0.081003
0 0.679035 0.692829 0.048540 0.089467
0 0.293398 0.875621 0.050230 0.082719
0 0.721227 0.750569 0.047284 0.070984
0 0.677315 0.437032 0.050918 0.071965
0 0.187895 0.953996 0.050836 0.071232
0 0.795978 0.737945 0.058439 0.089869
0 0.636101 0.792658 0.048032 0.070057
0 0.125165 0.931780 0.050981 0.081044
0 0.632212 0.625802 0.049412 0.078104
0 0.252888 0.214695 0.051207 0.074056
0 0.456519 0.238160 0.049559 0.080021
0 0.021362 0.914607 0.042699 0.078136
0 0.257187 0.705066 0.050480 0.082586
0 0.087402 0.824303 0.051238 0.080067
0 0.584175 0.383667 0.050926 0.069773
0 0.314339 0.796757 0.049783 0.076023
0 0.509981 0.595574 0.049924 0.078816
0 0.170041 0.877367 0.053463 0.079598
0 0.153705 0.727433 0.051139 0.078767
0 0.454669 0.843399 0.052422 0.081715
0 0.184293 0.024078 0.052149 0.048156
0 0.370471 0.724911 0.050352 0.078594
0 0.318224 0.669930 0.051347 0.085803
0 0.225468 0.075107 0.050598 0.077881
0 0.744177 0.600300 0.045006 0.077676
0 0.077739 0.739087 0.051698 0.077609
0 0.380063 0.808779 0.048741 0.074240
0 0.977202 0.582044 0.044710 0.088679
0 0.090026 0.546880 0.053298 0.084354
0 0.875676 0.865035 0.056376 0.078021
0 0.555333 0.286687 0.049104 0.075137
0 0.075596 0.027985 0.044712 0.055969
0 0.157890 0.641875 0.046607 0.078858
0 0.618225 0.296282 0.046562 0.077293
0 0.872524 0.949876 0.051510 0.069407
0 0.025314 0.050976 0.050513 0.080064
0 0.770257 0.831397 0.055138 0.087879
0 0.278984 0.145696 0.046812 0.069615
0 0.207641 0.740536 0.047300 0.078011
0 0.225752 0.818611 0.052642 0.074676
0 0.520125 0.472179 0.051019 0.079100
0 0.024796 0.164001 0.049306 0.079763
0 0.126326 0.254933 0.051694 0.078527
0 0.433368 0.543993 0.050570 0.089372
0 0.511226 0.818791 0.056316 0.080819
0 0.637934 0.096629 0.043154 0.078729
0 0.677617 0.934280 0.055741 0.085398
0 0.547051 0.750390 0.055540 0.086254
0 0.321477 0.025797 0.051261 0.051595
0 0.927888 0.932540 0.052832 0.083281
0 0.071451 0.463101 0.050405 0.079051
0 0.975071 0.491993 0.048345 0.075407
0 0.389097 0.197914 0.057760 0.074956
0 0.129509 0.370847 0.053373 0.084859
0 0.408874 0.119470 0.047087 0.077117
0 0.327364 0.122336 0.046269 0.085154
0 0.700846 0.852605 0.052937 0.078665
0 0.740492 0.477576 0.049177 0.077156
0 0.772165 0.038432 0.047005 0.070191
0 0.078821 0.179407 0.048266 0.081375
0 0.719356 0.056029 0.050107 0.078177
0 0.857146 0.033206 0.043775 0.066374
0 0.909671 0.040701 0.047820 0.077981
0 0.865686 0.512451 0.050699 0.082775
0 0.973097 0.166670 0.052469 0.092020
0 0.894686 0.253543 0.045905 0.076432
0 0.964342 0.258486 0.041042 0.079567
0 0.059409 0.279566 0.053801 0.077667
1 0.249513 0.300667 0.048569 0.062552
1 0.183481 0.134696 0.052935 0.102585
1 0.486630 0.171810 0.052389 0.068390
1 0.937669 0.742702 0.049661 0.080901
1 0.686364 0.107590 0.046932 0.088407
1 0.377485 0.974145 0.041475 0.051710
1 0.432603 0.972477 0.056755 0.055046
2 0.568488 0.516681 0.021829 0.035863
2 0.628245 0.507089 0.026740 0.031693
2 0.228230 0.928274 0.030015 0.056714
4 0.451158 0.345288 0.087316 0.150125
3 0.317183 0.407423 0.120605 0.130942