0 0.002321 0.381350 0.004643 0.062042
0 0.997221 0.189051 0.005557 0.061499
0 0.009459 0.988660 0.018871 0.020302
0 0.001641 0.685059 0.003283 0.069164
0 0.470233 0.995143 0.046186 0.008758
0 0.899142 0.993719 0.039342 0.010685
0 0.002919 0.111222 0.005838 0.064982
0 0.001861 0.292625 0.003723 0.072725
0 0.848840 0.001606 0.042454 0.003206
0 0.982832 0.006556 0.032776 0.013112
0 0.180995 0.461957 0.038933 0.078627
0 0.292431 0.535272 0.052056 0.086167
0 0.399830 0.986530 0.049268 0.024438
0 0.318994 0.956529 0.080905 0.083704
0 0.315564 0.011006 0.041591 0.022012
0 0.208638 0.395625 0.047845 0.074795
0 0.169349 0.324749 0.049358 0.078688
0 0.115956 0.980850 0.055012 0.035609
0 0.442508 0.685537 0.058936 0.074090
0 0.215663 0.014938 0.051099 0.029822
0 0.248364 0.584597 0.047207 0.089505
0 0.122958 0.283559 0.053153 0.073287
0 0.232262 0.962407 0.076928 0.071956
0 0.047572 0.968758 0.052335 0.059651
0 0.261012 0.378746 0.049960 0.078455
0 0.591005 0.573444 0.047076 0.071623
0 0.204525 0.656829 0.050453 0.079375
0 0.184964 0.899191 0.055725 0.084125
0 0.665187 0.016354 0.050327 0.032688
0 0.141101 0.815148 0.047854 0.083942
0 0.275142 0.761354 0.052109 0.075730
0 0.644318 0.974797 0.054096 0.047389
0 0.330138 0.599266 0.047826 0.071861
0 0.502172 0.383373 0.046781 0.069751
0 0.789667 0.453954 0.046302 0.072933
0 0.016231 0.462199 0.032462 0.078715
0 0.102199 0.897005 0.047227 0.076569
0 0.932837 0.546742 0.062967 0.099486
0 0.609778 0.666960 0.050891 0.084013
0 0.277225 0.874013 0.050923 0.083434
0 0.498414 0.874455 0.046214 0.069303
0 0.411201 0.769311 0.049675 0.072325
0 0.626906 0.314662 0.047636 0.085500
0 0.028995 0.355189 0.047537 0.076747
0 0.025177 0.778834 0.050354 0.081818
0 0.695361 0.960717 0.044617 0.073225
0 0.216963 0.269011 0.054461 0.085748
0 0.658841 0.805376 0.047268 0.069549
0 0.278566 0.063187 0.052430 0.077404
0 0.691396 0.463293 0.047594 0.074668
0 0.066482 0.721839 0.054543 0.078806
0 0.312529 0.458870 0.047549 0.079223
0 0.578303 0.960933 0.048099 0.074788
0 0.829384 0.833319 0.053318 0.084853
0 0.648084 0.727213 0.045945 0.070367
0 0.352345 0.679964 0.049705 0.079686
0 0.947699 0.962240 0.056492 0.072352
0 0.485120 0.530213 0.048531 0.078302
0 0.808277 0.621878 0.051067 0.075181
0 0.524349 0.961040 0.048710 0.074447
0 0.104636 0.120867 0.055600 0.082171
0 0.748556 0.644527 0.047399 0.081206
0 0.119015 0.048040 0.045492 0.068021
0 0.666907 0.885325 0.060362 0.078397
0 0.364796 0.026309 0.048229 0.052619
0 0.421442 0.921737 0.055837 0.088732
0 0.094940 0.652938 0.050094 0.073094
0 0.719630 0.376532 0.044530 0.075405
0 0.531977 0.473721 0.050712 0.077636
0 0.308989 0.223448 0.051862 0.082313
0 0.920946 0.027377 0.045580 0.054754
0 0.749064 0.299418 0.050119 0.088509
0 0.882365 0.741327 0.053360 0.083564
0 0.726251 0.773263 0.050369 0.083493
0 0.517285 0.789494 0.046322 0.089034
0 0.435473 0.846315 0.053518 0.078629
0 0.524965 0.597376 0.053499 0.081093
0 0.631547 0.195908 0.052649 0.072719
0 0.913436 0.663447 0.049930 0.081757
0 0.666953 0.258826 0.051449 0.083172
0 0.446557 0.580012 0.053557 0.087661
0 0.606062 0.403488 0.055527 0.073350
0 0.248235 0.167087 0.054758 0.081669
0 0.037239 0.219434 0.049490 0.084885
0 0.041157 0.124723 0.052151 0.080947
0 0.511803 0.023640 0.054943 0.047281
0 0.846858 0.069400 0.049306 0.074312
0 0.752576 0.037227 0.049436 0.074339
0 0.600152 0.487804 0.049277 0.080636
0 0.370490 0.332540 0.047442 0.078202
0 0.723554 0.549118 0.047224 0.083146
0 0.712674 0.210515 0.049532 0.076042
0 0.968495 0.053772 0.044261 0.073676
0 0.927368 0.235426 0.047195 0.077686
0 0.785388 0.369107 0.047453 0.077898
0 0.974715 0.279066 0.042673 0.073632
0 0.415236 0.109584 0.060722 0.072473
0 0.901437 0.106379 0.047553 0.081151
0 0.914197 0.890984 0.052490 0.089428
0 0.537016 0.263388 0.046342 0.084675
0 0.873956 0.241635 0.050510 0.086031
1 0.010291 0.548791 0.020583 0.088407
1 0.559211 0.105922 0.054572 0.091743
1 0.672175 0.100500 0.055664 0.085905
1 0.363569 0.459967 0.050752 0.075897
1 0.546114 0.726856 0.042566 0.070892
2 0.700553 0.315680 0.038201 0.050876
3 0.235598 0.479566 0.082950 0.131776
5 0.608872 0.125521 0.067670 0.090909