0 0.996768 0.948532 0.006380 0.069554
0 0.009056 0.430738 0.018084 0.075030
0 0.275149 0.003932 0.050397 0.007820
0 0.992968 0.469633 0.012668 0.065344
0 0.882533 0.992171 0.039939 0.013471
0 0.021856 0.666650 0.043709 0.081193
0 0.259434 0.572801 0.052216 0.079388
0 0.173323 0.825112 0.049125 0.084014
0 0.670673 0.734714 0.048642 0.071694
0 0.140960 0.757299 0.044356 0.069695
0 0.138197 0.020482 0.053137 0.040964
0 0.078708 0.981577 0.051267 0.033846
0 0.406472 0.701326 0.053962 0.073709
0 0.017312 0.901489 0.034624 0.080685
0 0.320803 0.918579 0.047421 0.081085
0 0.194275 0.524690 0.052768 0.081766
0 0.305430 0.782418 0.048346 0.073307
0 0.269548 0.878960 0.047054 0.077952
0 0.396097 0.020486 0.048889 0.040972
0 0.275791 0.977394 0.048244 0.042279
0 0.367617 0.563307 0.040727 0.071836
0 0.476091 0.773566 0.047375 0.075992
0 0.503310 0.534173 0.045760 0.076014
0 0.428475 0.821878 0.051986 0.079184
0 0.073797 0.691307 0.051220 0.074383
0 0.366244 0.961425 0.048798 0.073296
0 0.935415 0.738018 0.043508 0.082132
0 0.436328 0.547501 0.047564 0.071705
0 0.495998 0.617333 0.048526 0.071911
0 0.190399 0.668857 0.049528 0.075666
0 0.626059 0.961306 0.049573 0.073977
0 0.599344 0.661520 0.046524 0.068857
0 0.579632 0.861514 0.051982 0.074254
0 0.733422 0.305168 0.051978 0.082422
0 0.523454 0.973819 0.052201 0.049351
0 0.055678 0.596337 0.054792 0.086368
0 0.769791 0.362930 0.046132 0.072876
0 0.374347 0.841587 0.048892 0.079499
0 0.175319 0.956994 0.048536 0.081817
0 0.099194 0.917142 0.051382 0.081751
0 0.551012 0.763462 0.055120 0.089372
0 0.324823 0.383394 0.045503 0.072661
0 0.706864 0.604997 0.048134 0.072461
0 0.832475 0.961240 0.052833 0.074595
0 0.828947 0.844038 0.047105 0.082315
0 0.975243 0.304771 0.048408 0.074509
0 0.431782 0.629061 0.051415 0.075908
0 0.488832 0.897429 0.052499 0.078160
0 0.831264 0.026585 0.051697 0.053170
0 0.780935 0.473277 0.054872 0.074944
0 0.468952 0.479229 0.046056 0.078663
0 0.974917 0.719061 0.048804 0.085681
0 0.303467 0.234131 0.052444 0.067707
0 0.814398 0.409131 0.046825 0.070765
0 0.699966 0.509688 0.048341 0.067501
0 0.652277 0.134971 0.051655 0.074779
0 0.614624 0.796614 0.050867 0.073927
0 0.575080 0.588186 0.059196 0.086087
0 0.746764 0.735098 0.051390 0.074868
0 0.967917 0.041268 0.051807 0.079413
0 0.478148 0.159355 0.052207 0.073026
0 0.664561 0.892573 0.054255 0.078595
0 0.459737 0.091376 0.052618 0.077465
0 0.221338 0.111813 0.053227 0.080844
0 0.280798 0.305290 0.056475 0.074050
0 0.132142 0.324902 0.055643 0.087297
0 0.929436 0.945991 0.051033 0.076580
0 0.336945 0.029067 0.049141 0.058134
0 0.172583 0.066965 0.052172 0.077062
0 0.867979 0.379775 0.049943 0.076804
0 0.821775 0.732045 0.056578 0.078402
0 0.686848 0.054994 0.043364 0.080491
0 0.702197 0.230296 0.055273 0.083015
0 0.743834 0.055814 0.046705 0.072873
0 0.962626 0.221390 0.049010 0.075248
0 0.313180 0.151839 0.054381 0.078066
0 0.616945 0.074124 0.049137 0.070381
0 0.913321 0.619029 0.056478 0.084362
0 0.563937 0.125846 0.049557 0.077159
0 0.881369 0.096234 0.053283 0.085272
0 0.525756 0.046592 0.055227 0.083830
0 0.566791 0.261961 0.055203 0.077748
0 0.891220 0.288573 0.053416 0.081156
0 0.369257 0.127473 0.050307 0.078514
0 0.478729 0.301233 0.055851 0.085486
1 0.143916 0.581318 0.055664 0.078399
1 0.257426 0.673478 0.048024 0.072560
1 0.649255 0.249374 0.053481 0.081735
2 0.337648 0.306088 0.043658 0.073394
2 0.508732 0.452877 0.034381 0.055046
2 0.237508 0.453294 0.027832 0.035863
2 0.204491 0.796914 0.022920 0.037531
2 0.780774 0.914929 0.029469 0.046706
2 0.726202 0.466639 0.027286 0.037531
2 0.931939 0.255630 0.041475 0.047540
3 0.328097 0.655129 0.111873 0.139283