0 0.003434 0.301377 0.006869 0.066399
0 0.002642 0.924299 0.005280 0.075584
0 0.868433 0.882150 0.050997 0.078263
0 0.671231 0.995496 0.049332 0.008246
0 0.163047 0.909712 0.055403 0.089935
0 0.991477 0.239225 0.016339 0.073876
0 0.124572 0.945212 0.050949 0.075903
0 0.562953 0.006894 0.037097 0.013789
0 0.783310 0.842457 0.054697 0.086769
0 0.943779 0.286007 0.053696 0.094383
0 0.988547 0.025966 0.021693 0.051809
0 0.033219 0.286962 0.048218 0.084465
0 0.017582 0.535292 0.035163 0.073959
0 0.013909 0.738482 0.027818 0.081340
0 0.012734 0.377861 0.025454 0.069344
0 0.887645 0.979462 0.048738 0.039317
0 0.668263 0.012732 0.054559 0.025444
0 0.061772 0.894027 0.052888 0.077811
0 0.986070 0.100791 0.026241 0.079538
0 0.260295 0.436608 0.049752 0.079622
0 0.701762 0.313706 0.047108 0.075299
0 0.820374 0.024149 0.049876 0.048298
0 0.373371 0.919065 0.054113 0.094352
0 0.495669 0.539591 0.051751 0.076749
0 0.197308 0.973749 0.049833 0.050383
0 0.348529 0.843420 0.053714 0.077347
0 0.561703 0.774325 0.049094 0.077856
0 0.683442 0.395652 0.049347 0.074619
0 0.661449 0.467917 0.050943 0.082700
0 0.522507 0.036576 0.052947 0.073134
0 0.104333 0.808955 0.054497 0.078494
0 0.438698 0.483951 0.050046 0.083069
0 0.694181 0.199588 0.047568 0.067294
0 0.933112 0.713895 0.046340 0.074046
0 0.535699 0.676189 0.043393 0.073722
0 0.614182 0.705953 0.049672 0.085954
0 0.360301 0.763165 0.056246 0.077272
0 0.338041 0.594368 0.053125 0.084635
0 0.268959 0.215195 0.046090 0.073095
0 0.452594 0.753628 0.052912 0.080160
0 0.508555 0.761792 0.049108 0.081968
0 0.658232 0.640576 0.054720 0.068476
0 0.633200 0.065445 0.048721 0.079548
0 0.583431 0.319876 0.045111 0.078282
0 0.153253 0.201035 0.048102 0.069442
0 0.722942 0.484368 0.057098 0.081576
0 0.137845 0.404256 0.050704 0.079669
0 0.380546 0.291624 0.045044 0.073154
0 0.187563 0.435318 0.047579 0.086826
0 0.098921 0.543973 0.057602 0.091636
0 0.483214 0.203814 0.053742 0.080389
0 0.640187 0.280828 0.053522 0.081136
0 0.822395 0.207692 0.049033 0.072939
0 0.892681 0.397471 0.044856 0.075083
0 0.294435 0.141513 0.052346 0.075579
0 0.385949 0.641873 0.050368 0.082560
0 0.851462 0.485219 0.049867 0.076860
0 0.871814 0.236943 0.049284 0.090916
0 0.750338 0.244303 0.046488 0.070477
0 0.601452 0.213093 0.051685 0.081705
0 0.031910 0.047034 0.044457 0.072592
0 0.534078 0.125721 0.052806 0.075854
0 0.575880 0.407681 0.057519 0.081723
0 0.486680 0.451702 0.049038 0.088580
0 0.248286 0.300561 0.050257 0.076887
0 0.572825 0.586890 0.053511 0.078108
0 0.264727 0.526313 0.050222 0.076392
0 0.470357 0.063628 0.048836 0.066131
0 0.122431 0.115371 0.050988 0.072305
0 0.206497 0.027635 0.052070 0.055270
0 0.688087 0.858039 0.050695 0.075875
0 0.792048 0.095233 0.043206 0.070641
0 0.174994 0.597664 0.051057 0.081119
0 0.440689 0.669545 0.048872 0.076609
0 0.072018 0.338391 0.049624 0.083593
0 0.384871 0.461871 0.049626 0.083809
0 0.923220 0.215706 0.048093 0.080762
0 0.676860 0.126775 0.051335 0.073189
0 0.427274 0.117533 0.046087 0.085663
0 0.976609 0.672303 0.045724 0.076656
0 0.470898 0.306713 0.054252 0.078371
0 0.160773 0.280256 0.054466 0.075530
0 0.037713 0.196590 0.059212 0.080126
0 0.712065 0.678277 0.045142 0.084820
0 0.205830 0.178442 0.051767 0.081255
0 0.957030 0.893296 0.053773 0.086778
0 0.860872 0.660933 0.054063 0.085018
0 0.884727 0.560646 0.054600 0.079078
0 0.326558 0.061997 0.049472 0.079535
0 0.772132 0.662706 0.052793 0.084605
0 0.883860 0.048756 0.049446 0.076782
0 0.946251 0.460290 0.048211 0.074538
1 0.963591 0.531693 0.060029 0.087573
2 0.114447 0.466639 0.031652 0.049208
2 0.521283 0.472894 0.021283 0.038365
2 0.572035 0.947456 0.024558 0.035029
2 0.978794 0.968307 0.042412 0.063386
2 0.964137 0.083820 0.024012 0.040867
5 0.841895 0.793995 0.067670 0.131776