0 0.998495 0.239458 0.003011 0.058002
0 0.995938 0.395798 0.007611 0.060582
0 0.996618 0.880647 0.006600 0.084327
0 0.002127 0.221675 0.004252 0.084009
0 0.003951 0.429924 0.007902 0.057923
0 0.097178 0.003375 0.055012 0.006681
0 0.003913 0.512869 0.007827 0.062856
0 0.498596 0.003066 0.052440 0.006131
0 0.994150 0.561465 0.010900 0.071213
0 0.992156 0.787883 0.014655 0.072866
0 0.795095 0.476221 0.052728 0.081810
0 0.615822 0.436766 0.055225 0.085702
0 0.088694 0.306490 0.052884 0.082905
0 0.622882 0.009831 0.043951 0.019661
0 0.050092 0.954643 0.055614 0.087616
0 0.323622 0.021344 0.049915 0.042689
0 0.902074 0.376800 0.053404 0.087179
0 0.231016 0.425778 0.052902 0.080625
0 0.039269 0.567111 0.056782 0.099373
0 0.025877 0.864495 0.051753 0.081506
0 0.423338 0.038992 0.062046 0.077962
0 0.037858 0.364432 0.044621 0.074055
0 0.105972 0.461847 0.056287 0.082271
0 0.130430 0.977998 0.052155 0.041251
0 0.986207 0.659286 0.026164 0.079281
0 0.599722 0.978054 0.051288 0.041012
0 0.773638 0.029220 0.047162 0.058439
0 0.355173 0.075661 0.052406 0.069058
0 0.568743 0.028655 0.056700 0.057309
0 0.265390 0.030458 0.050029 0.060916
0 0.215104 0.894581 0.055450 0.079597
0 0.720357 0.735073 0.057991 0.086880
0 0.982713 0.489024 0.033665 0.063136
0 0.278910 0.377133 0.053183 0.077705
0 0.849321 0.365379 0.046083 0.075776
0 0.461831 0.617079 0.045601 0.078033
0 0.205209 0.151294 0.060216 0.076875
0 0.828660 0.265980 0.045711 0.074025
0 0.983211 0.316977 0.032828 0.073508
0 0.594815 0.544634 0.054860 0.078505
0 0.698131 0.535369 0.047455 0.081111
0 0.465024 0.126827 0.046312 0.076274
0 0.356897 0.156806 0.045874 0.071381
0 0.802391 0.945021 0.046125 0.085173
0 0.042470 0.696645 0.050795 0.075940
0 0.538046 0.853661 0.050239 0.100048
0 0.826314 0.041383 0.051577 0.082753
0 0.728114 0.062960 0.054172 0.075124
0 0.648792 0.563373 0.045425 0.092481
0 0.885789 0.744104 0.053070 0.083646
0 0.781568 0.382201 0.056579 0.071524
0 0.528346 0.353596 0.054951 0.085007
0 0.392410 0.425185 0.049954 0.085793
0 0.313285 0.941573 0.052454 0.081739
0 0.385880 0.886607 0.051576 0.078810
0 0.454135 0.388317 0.051401 0.080080
0 0.137583 0.362318 0.053089 0.082718
0 0.408979 0.591885 0.054146 0.082474
0 0.363114 0.718769 0.053888 0.081693
0 0.442399 0.284155 0.060734 0.093470
0 0.925080 0.036480 0.049151 0.072961
0 0.527069 0.126987 0.049705 0.075538
0 0.798332 0.614169 0.053070 0.087155
0 0.210568 0.311367 0.052467 0.073461
0 0.422601 0.726106 0.054757 0.073042
0 0.694195 0.632459 0.066463 0.076521
0 0.303830 0.724282 0.057340 0.086136
0 0.730763 0.148545 0.050886 0.079995
0 0.361502 0.310477 0.049403 0.076518
0 0.755495 0.867879 0.050201 0.081970
0 0.887608 0.126444 0.050364 0.074028
0 0.304855 0.820142 0.053705 0.088198
0 0.218034 0.699091 0.054997 0.085580
0 0.897221 0.210212 0.052913 0.075406
0 0.744648 0.262524 0.048991 0.084441
0 0.559453 0.251166 0.053647 0.080179
0 0.945157 0.541463 0.056730 0.088293
0 0.908437 0.666004 0.053061 0.072906
0 0.971990 0.140539 0.049635 0.079780
1 0.039683 0.058382 0.060029 0.061718
1 0.229322 0.103003 0.033289 0.045872
1 0.259336 0.101751 0.022375 0.040033
1 0.158105 0.469975 0.055664 0.079233
1 0.090981 0.644287 0.060029 0.074229
1 0.540656 0.523353 0.042566 0.082569
1 0.639159 0.679316 0.060575 0.084237
1 0.445155 0.518349 0.060029 0.089241
1 0.487176 0.856547 0.046932 0.080067
2 0.360022 0.939950 0.032743 0.060050
2 0.586497 0.605505 0.029469 0.041701
2 0.660442 0.732277 0.023466 0.043369
2 0.889646 0.806505 0.027832 0.043369