0 0.995667 0.207086 0.008470 0.073965
0 0.002399 0.336611 0.004751 0.072243
0 0.004256 0.897032 0.008511 0.071092
0 0.285997 0.009640 0.059828 0.019277
0 0.517084 0.996379 0.048283 0.007242
0 0.902505 0.385994 0.060296 0.075684
0 0.890487 0.001665 0.042356 0.003257
0 0.974549 0.995044 0.048085 0.009444
0 0.284779 0.091491 0.046500 0.069152
0 0.005256 0.426641 0.010512 0.073138
0 0.610658 0.011218 0.065636 0.022437
0 0.264678 0.051205 0.048198 0.078450
0 0.273940 0.933968 0.050573 0.072815
0 0.232743 0.013280 0.043393 0.026496
0 0.144342 0.462497 0.043823 0.074668
0 0.242319 0.962889 0.048556 0.072674
0 0.770865 0.986019 0.047388 0.026777
0 0.076068 0.747029 0.059948 0.092619
0 0.183862 0.049915 0.072447 0.098686
0 0.127402 0.361819 0.070603 0.104101
0 0.368216 0.675151 0.044522 0.067280
0 0.692718 0.411233 0.044950 0.097787
0 0.885750 0.981879 0.054164 0.034476
0 0.338992 0.373005 0.053594 0.081184
0 0.420378 0.333896 0.070467 0.094409
0 0.179842 0.233070 0.048741 0.071046
0 0.168960 0.607975 0.050121 0.085003
0 0.430233 0.923255 0.049412 0.083628
0 0.014666 0.768752 0.029333 0.087768
0 0.308451 0.311763 0.049474 0.076736
0 0.118946 0.017014 0.051051 0.034028
0 0.066165 0.381078 0.052338 0.072001
0 0.290389 0.743128 0.066542 0.085420
0 0.462238 0.978223 0.049927 0.041658
0 0.281752 0.427149 0.053114 0.083525
0 0.352020 0.491854 0.050191 0.078812
0 0.046591 0.297090 0.058013 0.085307
0 0.270049 0.833577 0.044125 0.076663
0 0.184289 0.960127 0.051192 0.077954
0 0.591768 0.969234 0.052643 0.060576
0 0.042300 0.204092 0.050771 0.086546
0 0.110886 0.531799 0.053073 0.080136
0 0.626913 0.458083 0.050894 0.083908
0 0.294080 0.527485 0.048611 0.080233
0 0.182389 0.858094 0.052633 0.081131
0 0.130896 0.669212 0.054825 0.083041
0 0.254993 0.303247 0.052288 0.086761
0 0.588471 0.884600 0.051195 0.078461
0 0.671873 0.500631 0.052016 0.079927
0 0.153585 0.790899 0.051450 0.082384
0 0.862010 0.440197 0.048221 0.086782
0 0.393407 0.434217 0.053475 0.082825
0 0.897529 0.242987 0.053914 0.074060
0 0.391392 0.837255 0.048404 0.078772
0 0.071813 0.035789 0.044192 0.071578
0 0.547433 0.815499 0.052520 0.076315
0 0.493349 0.751634 0.055094 0.086795
0 0.101458 0.237469 0.056869 0.078280
0 0.046495 0.119599 0.047585 0.070343
0 0.982039 0.609374 0.035525 0.080942
0 0.930473 0.034298 0.048394 0.068596
0 0.606132 0.054449 0.048952 0.076008
0 0.077450 0.912172 0.054199 0.081762
0 0.980763 0.037323 0.037650 0.074607
0 0.873563 0.174544 0.062403 0.076717
0 0.598360 0.648788 0.050424 0.077448
0 0.890764 0.098528 0.048111 0.073280
0 0.691145 0.032252 0.052223 0.064505
0 0.714912 0.925370 0.057405 0.089480
0 0.335922 0.818429 0.049911 0.080361
0 0.941543 0.548575 0.058481 0.081178
0 0.940330 0.162171 0.052372 0.074839
0 0.458705 0.427478 0.051644 0.079839
0 0.908730 0.745852 0.053184 0.090667
0 0.965584 0.363011 0.047908 0.076554
0 0.553505 0.687231 0.050418 0.072820
0 0.555864 0.483874 0.052432 0.086855
0 0.327215 0.219907 0.053219 0.082513
0 0.428297 0.769667 0.054507 0.084246
0 0.810340 0.842539 0.051706 0.085012
0 0.980514 0.481507 0.038681 0.082203
0 0.634702 0.368077 0.052965 0.075788
0 0.710695 0.245667 0.055166 0.091521
0 0.818800 0.226030 0.047314 0.088839
0 0.769100 0.252088 0.052572 0.080239
0 0.710237 0.781463 0.052924 0.081280
0 0.536549 0.180460 0.057456 0.092220
0 0.660219 0.108915 0.050783 0.083386
0 0.774394 0.470107 0.049978 0.083739
0 0.970141 0.838384 0.055687 0.088545
0 0.827828 0.947559 0.057243 0.075679
0 0.938025 0.950646 0.051967 0.075470
0 0.368291 0.119495 0.050602 0.082954
1 0.609417 0.159716 0.043658 0.080901
1 0.767131 0.138866 0.044749 0.072560
1 0.218134 0.216847 0.040383 0.063386
2 0.030952 0.402419 0.028378 0.042535
2 0.839439 0.354879 0.022375 0.039199
2 0.978871 0.099249 0.020737 0.035029
2 0.432603 0.013761 0.029469 0.027523
3 0.320730 0.633028 0.086224 0.156797
5 0.173112 0.522936 0.069307 0.113428