0 0.908137 0.994158 0.035603 0.009424
0 0.509089 0.995292 0.027941 0.007573
0 0.997086 0.568776 0.004723 0.046583
0 0.033062 0.994446 0.033702 0.009051
0 0.287367 0.994623 0.031370 0.008795
0 0.798158 0.003661 0.033612 0.007322
0 0.226384 0.993867 0.029907 0.010088
0 0.996030 0.737643 0.006660 0.050121
0 0.973779 0.990668 0.041694 0.015850
0 0.207425 0.080058 0.047803 0.069333
0 0.268767 0.620031 0.041139 0.071162
0 0.628132 0.990945 0.043169 0.015164
0 0.233848 0.638110 0.050789 0.082832
0 0.993605 0.848343 0.011204 0.064908
0 0.826221 0.988536 0.044100 0.019985
0 0.192542 0.039080 0.051952 0.067509
0 0.732943 0.988445 0.044426 0.019934
0 0.011697 0.197263 0.023301 0.075651
0 0.010738 0.528477 0.021438 0.060776
0 0.989421 0.098342 0.019363 0.075279
0 0.013171 0.067967 0.026300 0.076485
0 0.347378 0.983155 0.052799 0.030573
0 0.986246 0.026462 0.025853 0.052784
0 0.283860 0.014347 0.039383 0.028694
0 0.531803 0.015047 0.049787 0.030041
0 0.378513 0.012737 0.046025 0.025473
0 0.704972 0.364096 0.050335 0.076064
0 0.020917 0.874049 0.041833 0.072098
0 0.015858 0.334765 0.031674 0.071981
0 0.432002 0.365133 0.044281 0.087548
0 0.547387 0.894814 0.045047 0.072328
0 0.019007 0.747022 0.038013 0.069403
0 0.239797 0.023352 0.044087 0.046685
0 0.227431 0.555187 0.052223 0.074227
0 0.040736 0.188576 0.047293 0.075439
0 0.692101 0.306430 0.048987 0.077949
0 0.134506 0.019920 0.046243 0.039840
0 0.884928 0.895710 0.048476 0.072884
0 0.791100 0.513079 0.044534 0.067132
0 0.138930 0.972599 0.048942 0.051602
0 0.190238 0.791479 0.042437 0.072476
0 0.048749 0.034352 0.051644 0.068704
0 0.511674 0.918372 0.047541 0.073296
0 0.192324 0.964270 0.051571 0.068197
0 0.304198 0.060053 0.043713 0.066048
0 0.662509 0.025491 0.050736 0.050931
0 0.749491 0.023132 0.049187 0.046239
0 0.465648 0.327150 0.046589 0.075548
0 0.491242 0.839292 0.050044 0.066510
0 0.296772 0.933975 0.049155 0.075153
0 0.239946 0.922299 0.049383 0.072066
0 0.786747 0.680319 0.048565 0.072278
0 0.961645 0.700415 0.045646 0.071096
0 0.041392 0.496382 0.045745 0.069243
0 0.899465 0.567084 0.041763 0.071110
0 0.861014 0.961312 0.051045 0.073305
0 0.978676 0.306583 0.040435 0.078102
0 0.125220 0.595962 0.050328 0.078585
0 0.917239 0.951645 0.045373 0.076773
0 0.395449 0.966325 0.046996 0.063967
0 0.179292 0.686474 0.046647 0.073011
0 0.942378 0.627998 0.048073 0.069377
0 0.227386 0.144961 0.052026 0.086744
0 0.761363 0.550847 0.048757 0.080336
0 0.630451 0.940122 0.048251 0.072823
0 0.679472 0.960524 0.047230 0.073233
0 0.794414 0.606694 0.046822 0.066797
0 0.262560 0.433372 0.045550 0.078331
0 0.902967 0.822015 0.051548 0.078579
0 0.638737 0.863521 0.047580 0.070771
0 0.349926 0.518476 0.050454 0.075270
0 0.160454 0.444489 0.045548 0.074416
0 0.209525 0.479344 0.045925 0.074670
0 0.654850 0.666821 0.043412 0.072469
0 0.552946 0.386019 0.048512 0.073337
0 0.067659 0.662497 0.053138 0.079790
0 0.840255 0.699701 0.054199 0.069589
0 0.641459 0.746480 0.047492 0.075945
0 0.605488 0.811404 0.046667 0.070182
0 0.783759 0.412302 0.050503 0.072059
0 0.514858 0.539953 0.045868 0.068778
0 0.492103 0.038681 0.046215 0.075973
0 0.280247 0.127083 0.047566 0.076181
0 0.220844 0.366561 0.045245 0.080458
0 0.137656 0.371082 0.049552 0.081143
0 0.174229 0.888402 0.052020 0.083363
0 0.354683 0.099070 0.048706 0.080969
0 0.026507 0.418700 0.053014 0.087896
0 0.048020 0.572451 0.053342 0.072012
0 0.288275 0.788423 0.050569 0.079259
0 0.333768 0.704237 0.049286 0.080234
0 0.501974 0.436234 0.052202 0.081433
0 0.239399 0.834353 0.048140 0.074527
0 0.512650 0.353274 0.047355 0.070450
0 0.266764 0.201713 0.053559 0.069869
0 0.832707 0.385197 0.046685 0.078845
0 0.636444 0.545709 0.049428 0.076968
0 0.927651 0.430091 0.045458 0.073931
0 0.881064 0.161534 0.043378 0.069674
0 0.962381 0.497792 0.049798 0.072937
0 0.476242 0.244184 0.047580 0.066644
0 0.838614 0.799812 0.052361 0.079954
0 0.373959 0.444364 0.051771 0.082117
0 0.691198 0.867750 0.049242 0.079515
0 0.444098 0.056629 0.048500 0.078318
0 0.875877 0.643683 0.050709 0.078762
0 0.466309 0.597989 0.048822 0.078221
0 0.407423 0.292763 0.046965 0.068157
0 0.777005 0.875518 0.053881 0.079822
0 0.137008 0.512177 0.051120 0.075696
0 0.402594 0.096151 0.043627 0.089069
0 0.873195 0.438023 0.050799 0.080145
0 0.320611 0.424569 0.049844 0.084190
0 0.411527 0.658840 0.044148 0.078215
0 0.590899 0.702136 0.044465 0.088300
0 0.675410 0.121886 0.048172 0.077316
0 0.456567 0.778073 0.051479 0.080347
0 0.550491 0.815789 0.048613 0.074849
0 0.448953 0.520916 0.053066 0.080035
0 0.660335 0.410122 0.054644 0.073504
0 0.818585 0.307564 0.047885 0.070581
0 0.741200 0.764687 0.045360 0.077726
0 0.372284 0.794884 0.049397 0.075964
0 0.084974 0.340287 0.050164 0.080554
0 0.536372 0.090905 0.048034 0.079559
0 0.166085 0.302140 0.048004 0.073750
0 0.225416 0.283871 0.048728 0.077637
0 0.732597 0.465083 0.047507 0.083335
0 0.055050 0.268652 0.052502 0.081515
0 0.471947 0.168043 0.048329 0.075328
0 0.851755 0.094834 0.048900 0.074569
0 0.502543 0.729175 0.050931 0.081350
0 0.583322 0.154920 0.056757 0.083453
0 0.604960 0.281150 0.046231 0.076446
0 0.920052 0.121350 0.048194 0.073935
0 0.551182 0.646173 0.052287 0.078843
0 0.331611 0.263716 0.048019 0.077197
0 0.697508 0.588526 0.055796 0.075621
0 0.949359 0.194237 0.052775 0.084550
0 0.278790 0.355133 0.048323 0.079036
0 0.579775 0.492869 0.053229 0.083172
0 0.925660 0.269255 0.052409 0.083710
0 0.167958 0.181847 0.054467 0.082830
0 0.543560 0.224680 0.049042 0.078321
0 0.790371 0.124851 0.046013 0.083130
0 0.763739 0.293062 0.052556 0.071223
0 0.825282 0.224017 0.053362 0.081544
1 0.740594 0.216329 0.045233 0.067938
2 0.105770 0.105483 0.024956 0.036949
2 0.126437 0.197855 0.027296 0.045292
2 0.266035 0.299166 0.027296 0.038141
2 0.404854 0.241359 0.022617 0.036949
2 0.470364 0.094756 0.017937 0.036949
2 0.651687 0.296186 0.018717 0.032181
2 0.493761 0.498808 0.027296 0.041716
2 0.453597 0.457688 0.018717 0.033373
2 0.370930 0.557807 0.020277 0.028605
2 0.292161 0.705602 0.018717 0.030989
2 0.084323 0.492253 0.016378 0.030989
2 0.452817 0.884982 0.026516 0.036949
2 0.508579 0.974374 0.027296 0.036949
2 0.830280 0.504768 0.021837 0.034565
2 0.801814 0.460072 0.024176 0.035757
2 0.792846 0.928486 0.015598 0.026222
1 0.630240 0.467223 0.036654 0.073897
2 0.338564 0.854589 0.019497 0.026222
1 0.935564 0.762217 0.048353 0.072706