0 0.002707 0.222138 0.005370 0.078781
0 0.002017 0.874673 0.004033 0.067027
0 0.002518 0.317784 0.005034 0.068036
0 0.996562 0.197153 0.006322 0.061325
0 0.990272 0.852091 0.018132 0.085293
0 0.003026 0.680578 0.006051 0.058405
0 0.623366 0.980095 0.051490 0.036795
0 0.010430 0.568645 0.020824 0.084319
0 0.286195 0.995994 0.039446 0.007058
0 0.064638 0.001831 0.053142 0.003594
0 0.120953 0.919880 0.048847 0.073069
0 0.129500 0.871906 0.052556 0.074306
0 0.652114 0.584244 0.051945 0.087280
0 0.011749 0.399759 0.023497 0.064026
0 0.457449 0.576287 0.051354 0.080142
0 0.767163 0.083777 0.047376 0.068847
0 0.155726 0.979354 0.051742 0.038422
0 0.095542 0.982991 0.046596 0.031112
0 0.494647 0.875530 0.055510 0.084676
0 0.876544 0.378554 0.049667 0.079801
0 0.611791 0.018645 0.050336 0.037273
0 0.242816 0.410166 0.048587 0.079330
0 0.821004 0.456012 0.050980 0.081006
0 0.882545 0.912211 0.046781 0.076176
0 0.626219 0.247232 0.046263 0.077099
0 0.530471 0.703146 0.051574 0.082438
0 0.498543 0.636203 0.051794 0.077482
0 0.773117 0.426932 0.048213 0.071821
0 0.295941 0.249694 0.051783 0.075672
0 0.480202 0.769659 0.053161 0.076605
0 0.441583 0.693707 0.045351 0.073484
0 0.576581 0.728730 0.050418 0.089690
0 0.293604 0.014911 0.055298 0.029823
0 0.397756 0.748346 0.056519 0.087667
0 0.250237 0.602518 0.049741 0.073927
0 0.800181 0.626051 0.052900 0.083047
0 0.982513 0.395102 0.033194 0.065653
0 0.350315 0.807965 0.051088 0.080858
0 0.950681 0.702606 0.053065 0.086905
0 0.919714 0.430906 0.048952 0.081553
0 0.233462 0.684272 0.053003 0.081485
0 0.138793 0.645940 0.054977 0.087346
0 0.965110 0.910924 0.055667 0.085547
0 0.187311 0.598620 0.047832 0.079615
0 0.583018 0.623542 0.053010 0.079052
0 0.745436 0.603464 0.051538 0.091693
0 0.894662 0.298649 0.052501 0.074967
0 0.970247 0.556367 0.057535 0.078660
0 0.977108 0.636701 0.044069 0.076346
0 0.786185 0.960249 0.052235 0.076263
0 0.258923 0.174737 0.050073 0.083694
0 0.502958 0.523128 0.052896 0.087672
0 0.794897 0.540473 0.051732 0.074096
0 0.028052 0.061755 0.052022 0.080574
0 0.475646 0.958865 0.049762 0.077798
0 0.309723 0.579399 0.051655 0.081132
0 0.682212 0.866796 0.054979 0.085891
0 0.135920 0.082406 0.054266 0.078398
0 0.567210 0.430438 0.054716 0.072608
0 0.965703 0.326001 0.050927 0.077755
0 0.519803 0.298458 0.048096 0.075885
0 0.150804 0.746982 0.052361 0.079568
0 0.976195 0.473520 0.045889 0.079957
0 0.178651 0.411523 0.053959 0.080920
0 0.741910 0.854541 0.055158 0.087286
0 0.266735 0.085479 0.048625 0.073851
0 0.567518 0.888855 0.051366 0.077459
0 0.087871 0.435569 0.057239 0.085769
0 0.705933 0.308577 0.046187 0.077807
0 0.571561 0.283376 0.049978 0.080499
0 0.064562 0.766202 0.053905 0.075494
0 0.826718 0.236851 0.050328 0.073597
0 0.398081 0.165847 0.046875 0.078589
0 0.656604 0.038919 0.051199 0.072883
0 0.760123 0.334466 0.049112 0.077799
0 0.319056 0.459344 0.055007 0.081241
0 0.200409 0.321883 0.048428 0.071396
0 0.363752 0.956461 0.057331 0.070662
0 0.954398 0.033826 0.050842 0.067652
0 0.223839 0.812375 0.051236 0.091843
0 0.309892 0.332415 0.055788 0.076348
0 0.343382 0.166787 0.052031 0.081385
0 0.115475 0.296712 0.052449 0.080048
0 0.322221 0.089573 0.049269 0.076002
0 0.664353 0.463761 0.055534 0.082740
0 0.768700 0.777688 0.051602 0.080669
0 0.206034 0.148153 0.047628 0.077455
0 0.912393 0.218460 0.050127 0.075025
0 0.870796 0.133644 0.055787 0.075867
0 0.734155 0.171447 0.051715 0.081308
0 0.819127 0.040123 0.054880 0.079674
0 0.426051 0.430481 0.053251 0.081887
0 0.505083 0.118350 0.058313 0.082109
0 0.928732 0.128945 0.048826 0.073764
1 0.905744 0.502919 0.052389 0.075063
1 0.844624 0.930359 0.041475 0.094245
1 0.861814 0.516681 0.050752 0.095913
1 0.281984 0.394495 0.046932 0.075063
2 0.157286 0.131776 0.022375 0.031693
2 0.358658 0.596330 0.030015 0.041701
2 0.410502 0.585905 0.028923 0.039199
2 0.536836 0.797331 0.034926 0.051710
2 0.611600 0.689324 0.025103 0.040867
2 0.684181 0.614262 0.029469 0.045872
2 0.414867 0.011676 0.032198 0.023353
5 0.678451 0.204337 0.075855 0.103420