0 0.989534 0.934413 0.019292 0.080527
0 0.997320 0.497053 0.005180 0.075767
0 0.997277 0.813131 0.005296 0.086592
0 0.008870 0.728570 0.017740 0.080965
0 0.995138 0.274423 0.008900 0.065250
0 0.005138 0.875277 0.010277 0.070141
0 0.429886 0.740192 0.053476 0.078431
0 0.114288 0.995658 0.039476 0.007296
0 0.009630 0.359350 0.019260 0.076204
0 0.062784 0.005506 0.037093 0.011012
0 0.991393 0.077778 0.015627 0.074984
0 0.991453 0.639144 0.015641 0.075280
0 0.256077 0.991659 0.040612 0.014249
0 0.988873 0.178006 0.021059 0.082204
0 0.705042 0.949728 0.047387 0.074268
0 0.436272 0.033036 0.050891 0.065951
0 0.447787 0.987451 0.045281 0.022318
0 0.011930 0.969456 0.023859 0.058222
0 0.187835 0.549134 0.050110 0.080521
0 0.567213 0.447898 0.053363 0.073005
0 0.024077 0.638619 0.047237 0.082748
0 0.619319 0.014345 0.049566 0.028655
0 0.132630 0.033226 0.053632 0.066344
0 0.535150 0.623640 0.045644 0.069810
0 0.068326 0.979153 0.046881 0.038934
0 0.489526 0.554881 0.046394 0.078750
0 0.590261 0.912896 0.045933 0.069034
0 0.516360 0.887389 0.045194 0.069285
0 0.383249 0.193710 0.045643 0.071962
0 0.625974 0.958517 0.046605 0.079363
0 0.343699 0.165428 0.052254 0.086494
0 0.292929 0.046849 0.045580 0.075297
0 0.480251 0.841482 0.050304 0.083440
0 0.054970 0.779490 0.062379 0.099096
0 0.379244 0.088757 0.053774 0.073883
0 0.557636 0.981564 0.045034 0.033742
0 0.651912 0.199671 0.045136 0.074125
0 0.847263 0.765122 0.052375 0.086729
0 0.202289 0.967379 0.050427 0.062559
0 0.023897 0.462235 0.047794 0.079053
0 0.732886 0.877448 0.045806 0.073108
0 0.041073 0.124579 0.051658 0.075608
0 0.718261 0.022644 0.056819 0.045287
0 0.451298 0.503620 0.050588 0.080677
0 0.823538 0.581195 0.048948 0.080257
0 0.347347 0.435655 0.051409 0.079729
0 0.358117 0.546491 0.057588 0.083116
0 0.034815 0.211859 0.049692 0.074360
0 0.789522 0.666843 0.047352 0.085639
0 0.606999 0.345214 0.046445 0.072593
0 0.807611 0.022686 0.051354 0.045372
0 0.983362 0.351818 0.031535 0.075609
0 0.562366 0.696700 0.051573 0.080023
0 0.047614 0.892064 0.060005 0.087441
0 0.385442 0.372780 0.048134 0.078207
0 0.249663 0.307300 0.042212 0.088387
0 0.069407 0.412156 0.047974 0.081754
0 0.743916 0.470392 0.049288 0.081062
0 0.790914 0.143675 0.049270 0.080096
0 0.712605 0.613553 0.045633 0.077917
0 0.150000 0.887474 0.051953 0.086753
0 0.423942 0.596954 0.046968 0.076745
0 0.541302 0.023289 0.056469 0.046577
0 0.105869 0.466530 0.057616 0.076240
0 0.495380 0.226406 0.051323 0.081049
0 0.345027 0.331182 0.051398 0.094645
0 0.324485 0.787520 0.049420 0.083802
0 0.715033 0.796510 0.062320 0.085337
0 0.087658 0.179305 0.052113 0.080115
0 0.624677 0.733461 0.056713 0.075137
0 0.730354 0.256627 0.051672 0.074140
0 0.033893 0.047165 0.050419 0.075448
0 0.955598 0.899158 0.049959 0.079288
0 0.668373 0.541112 0.044849 0.078181
0 0.725946 0.130228 0.050779 0.080374
0 0.932686 0.965433 0.052647 0.066975
0 0.220663 0.629940 0.060227 0.091216
0 0.648671 0.424209 0.057245 0.087715
0 0.411175 0.260990 0.053256 0.081088
0 0.446152 0.342621 0.051605 0.083494
0 0.109556 0.553763 0.051723 0.085536
0 0.893458 0.880812 0.048812 0.079907
0 0.168875 0.130567 0.058303 0.090288
0 0.633359 0.641536 0.050823 0.085607
0 0.160997 0.641482 0.049487 0.081334
0 0.768149 0.362197 0.051140 0.081743
0 0.241785 0.720360 0.056143 0.088424
0 0.284191 0.920526 0.052129 0.088228
0 0.847863 0.163451 0.051957 0.079134
0 0.172813 0.320528 0.048931 0.090831
0 0.171609 0.228756 0.046347 0.078128
0 0.176642 0.421758 0.049510 0.084031
0 0.845359 0.283806 0.051369 0.074238
0 0.894137 0.705806 0.047102 0.075198
0 0.801761 0.474932 0.054122 0.086160
0 0.295140 0.312936 0.042563 0.091814
0 0.633203 0.831501 0.053484 0.088552
0 0.626499 0.099629 0.053682 0.075028
0 0.840026 0.366999 0.050407 0.079579
0 0.668236 0.280169 0.054639 0.083073
0 0.950793 0.814148 0.053745 0.076165
0 0.579341 0.269055 0.055001 0.085382
0 0.472060 0.419887 0.058347 0.083411
0 0.879966 0.528860 0.046759 0.080929
0 0.616548 0.552014 0.057009 0.084608
0 0.931512 0.618559 0.051491 0.082841
0 0.917915 0.298297 0.051554 0.087954
1 0.466171 0.134228 0.052349 0.087506
1 0.786810 0.270487 0.050168 0.096673
1 0.123448 0.385911 0.047441 0.097507
1 0.113087 0.737601 0.043079 0.069171
1 0.238779 0.399245 0.054530 0.082506
1 0.490983 0.668847 0.058348 0.110007
2 0.213423 0.355076 0.036535 0.054170
2 0.822527 0.638845 0.016904 0.031669
2 0.739096 0.327157 0.021267 0.036669