0 0.994264 0.025922 0.010218 0.051813
0 0.002911 0.107295 0.005823 0.055144
0 0.004046 0.514225 0.008076 0.058407
0 0.380746 0.003220 0.034178 0.006436
0 0.958651 0.993199 0.036724 0.011196
0 0.337913 0.427333 0.052551 0.085247
0 0.186575 0.438612 0.067580 0.085571
0 0.697866 0.836008 0.053488 0.088124
0 0.020795 0.441259 0.041591 0.077181
0 0.795285 0.020503 0.051237 0.041007
0 0.077475 0.011209 0.047270 0.022419
0 0.022367 0.313792 0.044733 0.082533
0 0.289935 0.021873 0.049086 0.043746
0 0.274434 0.399844 0.049563 0.079474
0 0.211844 0.019780 0.053105 0.039560
0 0.314722 0.342365 0.049088 0.078512
0 0.888234 0.021745 0.058300 0.043479
0 0.571139 0.013623 0.050032 0.027201
0 0.068261 0.980394 0.050834 0.036002
0 0.119716 0.616019 0.054275 0.088189
0 0.258110 0.317572 0.050913 0.082939
0 0.029319 0.164185 0.050906 0.075946
0 0.286122 0.645640 0.052578 0.090418
0 0.441293 0.426479 0.057465 0.087200
0 0.225212 0.976940 0.047657 0.043013
0 0.420970 0.030172 0.050454 0.060343
0 0.594978 0.905146 0.052355 0.079407
0 0.138439 0.980802 0.055561 0.035414
0 0.058232 0.379833 0.053009 0.087648
0 0.364670 0.278623 0.051534 0.085104
0 0.510135 0.843339 0.052283 0.081496
0 0.386398 0.442305 0.048668 0.086709
0 0.325780 0.219317 0.047425 0.069959
0 0.160329 0.764887 0.050820 0.080840
0 0.030618 0.641780 0.053643 0.086189
0 0.344903 0.614061 0.049787 0.084302
0 0.984587 0.523784 0.028770 0.079194
0 0.154664 0.053793 0.048151 0.073608
0 0.700082 0.961380 0.056711 0.073853
0 0.504275 0.933008 0.048817 0.078958
0 0.204041 0.681203 0.048092 0.089278
0 0.434995 0.253375 0.050495 0.077339
0 0.430564 0.824345 0.053759 0.088376
0 0.275363 0.955462 0.041205 0.068400
0 0.748938 0.204611 0.050002 0.076153
0 0.073807 0.499919 0.052797 0.081135
0 0.459461 0.973237 0.051686 0.050234
0 0.662243 0.607344 0.053851 0.090491
0 0.692513 0.221755 0.046760 0.079523
0 0.426985 0.728235 0.052846 0.084550
0 0.255751 0.772546 0.053086 0.087871
0 0.433982 0.340138 0.053975 0.080111
0 0.504485 0.375691 0.051470 0.084324
0 0.343170 0.807328 0.050752 0.082720
0 0.467149 0.134944 0.055708 0.083215
0 0.846284 0.054641 0.055201 0.086144
0 0.282280 0.087218 0.050393 0.076697
0 0.782999 0.960265 0.057228 0.076252
0 0.979824 0.340625 0.038304 0.081083
0 0.086710 0.898024 0.055481 0.092106
0 0.859689 0.175155 0.050140 0.079307
0 0.083141 0.066625 0.049955 0.074332
0 0.546771 0.777797 0.050587 0.082683
0 0.224919 0.172196 0.049681 0.075379
0 0.330830 0.967129 0.051301 0.062357
0 0.459273 0.652004 0.052213 0.096251
0 0.158551 0.869772 0.053523 0.086144
0 0.626110 0.709557 0.057895 0.091456
0 0.693100 0.738264 0.057574 0.091949
0 0.852766 0.942155 0.050521 0.081961
0 0.765924 0.408507 0.051800 0.083378
0 0.171905 0.209178 0.056734 0.077690
0 0.710662 0.648724 0.050287 0.084714
0 0.725372 0.128590 0.055800 0.074962
0 0.964589 0.267497 0.049329 0.067647
0 0.546426 0.305059 0.053771 0.083344
0 0.727794 0.045667 0.051717 0.076566
0 0.553600 0.143933 0.049407 0.081200
0 0.367183 0.107372 0.053596 0.087204
0 0.940875 0.419591 0.055585 0.082299
0 0.517699 0.590445 0.052408 0.082923
0 0.739217 0.288283 0.057366 0.081881
0 0.919814 0.213400 0.053862 0.080874
0 0.664645 0.067529 0.056019 0.094086
0 0.800745 0.871784 0.053979 0.087898
0 0.917592 0.676715 0.053742 0.084491
0 0.833965 0.467748 0.058164 0.089441
0 0.643455 0.267519 0.052361 0.086001
0 0.702109 0.490033 0.056340 0.091118
0 0.821538 0.760750 0.056056 0.091435
0 0.913592 0.333485 0.057539 0.084082
0 0.906453 0.589716 0.052760 0.083190
1 0.817065 0.634279 0.054027 0.069224
1 0.945855 0.904504 0.057301 0.102585
2 0.079521 0.617181 0.025103 0.046706
2 0.591681 0.253128 0.026740 0.044204
2 0.643252 0.131359 0.039292 0.042535
5 0.202854 0.505838 0.098230 0.102585
3 0.292080 0.510842 0.096593 0.179316