0 0.996791 0.928380 0.005537 0.050434
0 0.997115 0.590252 0.005260 0.057998
0 0.565237 0.010799 0.045540 0.021598
0 0.438251 0.485342 0.057679 0.074885
0 0.624962 0.184493 0.053304 0.094616
0 0.994504 0.503027 0.009673 0.063049
0 0.456766 0.004433 0.039547 0.008793
0 0.006105 0.973301 0.012210 0.050962
0 0.364851 0.002935 0.040433 0.005849
0 0.007793 0.275061 0.015570 0.068934
0 0.604032 0.371479 0.039783 0.055253
0 0.051959 0.084742 0.053701 0.077365
0 0.598769 0.311516 0.041062 0.075196
0 0.991210 0.124739 0.015842 0.071669
0 0.050205 0.925059 0.054909 0.084124
0 0.011987 0.715165 0.023943 0.071981
0 0.979076 0.756428 0.039938 0.071262
0 0.286080 0.528248 0.049411 0.071969
0 0.039000 0.982367 0.048964 0.032202
0 0.846276 0.982042 0.054803 0.032646
0 0.756175 0.445382 0.059104 0.084650
0 0.835065 0.257616 0.061270 0.078258
0 0.381399 0.980405 0.056111 0.035715
0 0.013421 0.352723 0.026804 0.077202
0 0.582079 0.653310 0.053988 0.076034
0 0.461438 0.967268 0.051195 0.062005
0 0.462351 0.624671 0.049838 0.074430
0 0.400917 0.669308 0.042056 0.067696
0 0.479907 0.236062 0.045228 0.088382
0 0.075630 0.208941 0.062121 0.081761
0 0.980644 0.646201 0.036901 0.103343
0 0.638940 0.965957 0.062238 0.064625
0 0.732714 0.603772 0.045769 0.072761
0 0.101561 0.896574 0.063711 0.080497
0 0.842993 0.021357 0.060227 0.042654
0 0.975623 0.027491 0.047232 0.054922
0 0.724388 0.915538 0.051558 0.081649
0 0.690743 0.715903 0.050384 0.079416
0 0.029251 0.161572 0.058264 0.081438
0 0.429866 0.405093 0.054441 0.080409
0 0.204684 0.505019 0.056736 0.082129
0 0.104199 0.506638 0.055851 0.091217
0 0.210024 0.676407 0.049621 0.081064
0 0.366101 0.868701 0.055200 0.082844
0 0.613914 0.027086 0.050735 0.054157
0 0.558320 0.974048 0.051683 0.048489
0 0.258842 0.963251 0.062771 0.070040
0 0.627100 0.689266 0.054277 0.083929
0 0.283438 0.387351 0.044908 0.075998
0 0.808359 0.888334 0.050350 0.074452
0 0.487711 0.447083 0.046353 0.077356
0 0.046061 0.783862 0.055336 0.085261
0 0.487624 0.365488 0.052264 0.076000
0 0.336633 0.296517 0.049252 0.076685
0 0.188152 0.027183 0.051124 0.054365
0 0.760922 0.854208 0.048272 0.084040
0 0.099694 0.812986 0.052709 0.086748
0 0.310022 0.848126 0.050412 0.081531
0 0.354164 0.654646 0.053435 0.080844
0 0.353663 0.093480 0.047055 0.075736
0 0.967627 0.956096 0.052896 0.081585
0 0.342067 0.169515 0.044251 0.074482
0 0.575378 0.575035 0.052153 0.076605
0 0.398259 0.584802 0.042188 0.091588
0 0.497229 0.558308 0.058629 0.058325
0 0.777165 0.560827 0.051072 0.076645
0 0.411135 0.932106 0.056044 0.089582
0 0.539107 0.432692 0.050008 0.076473
0 0.784587 0.956771 0.053467 0.079763
0 0.672664 0.439566 0.053280 0.081757
0 0.026520 0.648007 0.053039 0.080152
0 0.442897 0.191952 0.061280 0.087424
0 0.773895 0.640972 0.053409 0.081065
0 0.324520 0.582704 0.047164 0.075586
0 0.555963 0.357099 0.052110 0.084779
0 0.611993 0.911047 0.047428 0.077517
0 0.913924 0.742824 0.055316 0.085343
0 0.842372 0.182309 0.047448 0.081520
0 0.276156 0.123229 0.058656 0.080692
0 0.133040 0.430576 0.059887 0.082090
0 0.715831 0.823956 0.049750 0.083676
0 0.857466 0.335328 0.051509 0.079181
0 0.337553 0.471593 0.044833 0.074316
0 0.886115 0.945000 0.054087 0.082661
0 0.709591 0.381361 0.045457 0.070412
0 0.381235 0.361038 0.055066 0.089528
0 0.871667 0.417214 0.048529 0.078829
0 0.630392 0.575560 0.052377 0.093225
0 0.523595 0.652505 0.053453 0.081349
0 0.118934 0.062361 0.049054 0.086313
0 0.109256 0.364999 0.051015 0.086099
0 0.028007 0.512726 0.055824 0.088055
0 0.683455 0.621350 0.051458 0.086730
0 0.418951 0.831294 0.054976 0.092442
0 0.142404 0.223569 0.056071 0.090245
0 0.185975 0.338219 0.052901 0.078362
0 0.411907 0.127519 0.051137 0.079964
0 0.305044 0.053129 0.054610 0.086147
0 0.223226 0.188591 0.056675 0.090581
0 0.271844 0.759314 0.053164 0.083536
0 0.701028 0.041514 0.051719 0.082366
0 0.083759 0.592195 0.055396 0.088881
0 0.852058 0.656629 0.051721 0.082942
0 0.782653 0.204075 0.053028 0.087552
0 0.226190 0.424793 0.057768 0.089676
0 0.893387 0.204890 0.059702 0.096826
0 0.582269 0.823737 0.054732 0.083688
0 0.807754 0.388716 0.058006 0.087637
0 0.062820 0.290453 0.057758 0.080234
0 0.529490 0.254416 0.052969 0.085642
0 0.183112 0.150213 0.053166 0.102901
0 0.645559 0.306642 0.052027 0.092781
0 0.209763 0.270109 0.062699 0.078982
0 0.488224 0.106398 0.051279 0.082855
0 0.892551 0.526779 0.052166 0.086342
0 0.497031 0.915884 0.054845 0.086020
0 0.795926 0.096585 0.050170 0.083091
0 0.951865 0.159182 0.051456 0.080061
0 0.948408 0.074726 0.057217 0.082386
0 0.381886 0.251518 0.053268 0.088340
0 0.818540 0.501921 0.054548 0.088070
0 0.946792 0.284604 0.052740 0.079577
0 0.288598 0.212351 0.062197 0.089405
0 0.936900 0.463319 0.060089 0.092372
1 0.061512 0.371977 0.043658 0.068390
1 0.148828 0.600500 0.052389 0.098415
1 0.169019 0.660967 0.060029 0.105922
1 0.907927 0.819850 0.066578 0.071726
1 0.966320 0.703086 0.060029 0.075063
1 0.277618 0.460384 0.055664 0.070058
1 0.434786 0.718515 0.049115 0.080901
2 0.426600 0.539616 0.024012 0.033361
2 0.468894 0.730609 0.021283 0.033361
4 0.602323 0.470809 0.079675 0.122602