0 0.995378 0.492975 0.008500 0.065380
0 0.011431 0.682970 0.022838 0.079459
0 0.003296 0.765357 0.006591 0.060566
0 0.708237 0.565886 0.062361 0.086068
0 0.008388 0.939205 0.016775 0.078048
0 0.010358 0.850149 0.020677 0.077315
0 0.901403 0.992032 0.047550 0.013556
0 0.721233 0.295037 0.052332 0.076813
0 0.291153 0.991496 0.038856 0.014077
0 0.338897 0.972875 0.052635 0.050568
0 0.006241 0.164569 0.012482 0.072012
0 0.820944 0.989923 0.046941 0.017150
0 0.028925 0.005597 0.040283 0.011194
0 0.075802 0.429281 0.053685 0.080507
0 0.016499 0.990338 0.032882 0.016506
0 0.596407 0.005584 0.040284 0.011168
0 0.226581 0.644236 0.055053 0.083500
0 0.425587 0.504988 0.053113 0.076553
0 0.430371 0.008984 0.044946 0.017967
0 0.290732 0.008819 0.038188 0.017638
0 0.683540 0.008390 0.046592 0.016780
0 0.484077 0.014892 0.050876 0.029783
0 0.980553 0.304815 0.036912 0.077668
0 0.037016 0.204694 0.057403 0.080550
0 0.138663 0.016006 0.049350 0.032013
0 0.862720 0.124817 0.048535 0.067467
0 0.422368 0.828525 0.058283 0.076499
0 0.512387 0.977651 0.055441 0.041250
0 0.659200 0.045945 0.047696 0.072481
0 0.606221 0.978333 0.061915 0.039869
0 0.240652 0.011680 0.050091 0.023361
0 0.365927 0.023719 0.057545 0.047437
0 0.023365 0.378821 0.046731 0.080088
0 0.723930 0.824220 0.055031 0.087080
0 0.037643 0.734378 0.050910 0.074175
0 0.982776 0.094978 0.032798 0.074777
0 0.534378 0.657898 0.051038 0.076635
0 0.022741 0.518923 0.045481 0.082487
0 0.529356 0.842110 0.050206 0.068767
0 0.904458 0.246616 0.047198 0.068214
0 0.021804 0.603394 0.043608 0.080278
0 0.110656 0.968762 0.049012 0.058894
0 0.770769 0.975530 0.051407 0.045776
0 0.089151 0.276838 0.054043 0.077076
0 0.098883 0.685772 0.050593 0.076637
0 0.750134 0.923145 0.050169 0.073305
0 0.569152 0.521016 0.060435 0.074072
0 0.481386 0.478884 0.054338 0.078586
0 0.776349 0.710853 0.052008 0.077725
0 0.847502 0.052524 0.054253 0.081208
0 0.834829 0.633369 0.043553 0.074123
0 0.023669 0.065783 0.047298 0.079561
0 0.189460 0.116863 0.054605 0.058775
0 0.166090 0.965449 0.054213 0.065514
0 0.879122 0.675517 0.050632 0.075057
0 0.326000 0.803556 0.047622 0.076029
0 0.564322 0.597350 0.050756 0.071257
0 0.928597 0.301669 0.058112 0.061820
0 0.485626 0.785811 0.049803 0.078511
0 0.975011 0.951255 0.048420 0.078697
0 0.473016 0.203794 0.061431 0.079561
0 0.072069 0.036595 0.055749 0.073189
0 0.689509 0.645529 0.060952 0.081987
0 0.592221 0.698236 0.053183 0.078047
0 0.401411 0.424842 0.051480 0.077717
0 0.337460 0.637951 0.056710 0.087721
0 0.111254 0.498778 0.044632 0.082799
0 0.178112 0.275158 0.056086 0.086287
0 0.450007 0.133805 0.050446 0.075257
0 0.469504 0.949474 0.050706 0.080718
0 0.248861 0.371858 0.047687 0.068954
0 0.111046 0.771801 0.054508 0.085914
0 0.789018 0.867517 0.061692 0.081304
0 0.040787 0.301908 0.047322 0.067808
0 0.206672 0.176692 0.052876 0.072066
0 0.542184 0.029337 0.048429 0.058673
0 0.061789 0.121065 0.047331 0.064401
0 0.839224 0.826832 0.044326 0.070664
0 0.064002 0.888203 0.054305 0.078634
0 0.779847 0.225575 0.050825 0.079295
0 0.511558 0.310472 0.049439 0.068539
0 0.965738 0.783026 0.055403 0.083884
0 0.255360 0.523348 0.049322 0.075160
0 0.274938 0.780347 0.049645 0.079219
0 0.198441 0.719809 0.052455 0.086777
0 0.413882 0.086507 0.048856 0.074246
0 0.206267 0.912288 0.048688 0.079598
0 0.757265 0.536040 0.049708 0.075688
0 0.896805 0.573355 0.055902 0.076536
0 0.300994 0.119728 0.046093 0.076779
0 0.259302 0.904824 0.050345 0.092592
0 0.228610 0.306544 0.052602 0.076716
0 0.372011 0.906565 0.057511 0.084517
0 0.414402 0.656166 0.055057 0.096190
0 0.542729 0.399938 0.051335 0.078099
0 0.873447 0.514017 0.053585 0.081024
0 0.174514 0.410320 0.055424 0.084315
0 0.149553 0.608674 0.059848 0.095833
0 0.237107 0.059441 0.049117 0.070628
0 0.856617 0.209013 0.047715 0.087306
0 0.594142 0.245946 0.050807 0.073786
0 0.098736 0.197326 0.055682 0.087577
0 0.887040 0.376439 0.053928 0.077397
0 0.689510 0.921795 0.048336 0.080590
0 0.636943 0.939701 0.050809 0.075540
0 0.925576 0.128639 0.053926 0.070762
0 0.153714 0.200112 0.047333 0.082657
0 0.873711 0.912541 0.056544 0.080687
0 0.911584 0.851151 0.050148 0.078477
0 0.720400 0.196767 0.059593 0.067469
0 0.351915 0.368252 0.056526 0.086293
0 0.581113 0.165639 0.048606 0.075243
0 0.366583 0.729215 0.062907 0.079379
0 0.909598 0.748121 0.058780 0.089837
0 0.975527 0.398825 0.047009 0.078270
0 0.975523 0.867971 0.047217 0.081928
0 0.814016 0.526840 0.051268 0.079631
0 0.760045 0.631572 0.052168 0.077878
0 0.178044 0.046884 0.057466 0.078983
0 0.357339 0.230352 0.048286 0.070626
0 0.345640 0.093197 0.050848 0.088306
0 0.504670 0.094274 0.055146 0.072075
0 0.349153 0.500099 0.052043 0.078884
0 0.446427 0.373163 0.054549 0.083591
0 0.652088 0.290977 0.055491 0.073227
0 0.713676 0.118757 0.057239 0.079260
0 0.786266 0.142171 0.052241 0.076981
0 0.927766 0.481155 0.052811 0.079641
0 0.956890 0.590091 0.055005 0.084647
0 0.537492 0.219772 0.054018 0.082019
0 0.306031 0.259267 0.055141 0.089103
0 0.604204 0.828381 0.055300 0.087944
0 0.650672 0.211227 0.055880 0.073246
1 0.375302 0.158048 0.045841 0.067556
1 0.609690 0.480817 0.051844 0.090909
1 0.642434 0.376147 0.050752 0.080067
1 0.592227 0.384487 0.039838 0.088407
1 0.694823 0.513761 0.071490 0.071726
1 0.954860 0.235196 0.061121 0.075063
1 0.966593 0.165972 0.046386 0.086739
1 0.707102 0.373228 0.053481 0.079233
1 0.782684 0.784821 0.062758 0.078399
1 0.587588 0.907840 0.055664 0.074229
4 0.662625 0.446205 0.085678 0.141785
3 0.909019 0.057548 0.108053 0.115096