0 0.004421 0.400263 0.008842 0.058727
0 0.413420 0.001874 0.047226 0.003706
0 0.405445 0.993654 0.033938 0.010425
0 0.236234 0.993357 0.037293 0.011157
0 0.771813 0.002646 0.050786 0.005265
0 0.991945 0.269896 0.014369 0.082083
0 0.350898 0.686838 0.051328 0.076413
0 0.990349 0.764484 0.017625 0.075164
0 0.390262 0.188453 0.055760 0.089128
0 0.987993 0.437466 0.022110 0.063649
0 0.871242 0.022710 0.053468 0.045409
0 0.739382 0.988191 0.040291 0.020452
0 0.986712 0.646883 0.024665 0.089690
0 0.741715 0.395078 0.052343 0.078608
0 0.129817 0.984088 0.052000 0.028497
0 0.260625 0.758043 0.049534 0.077591
0 0.468374 0.787701 0.049595 0.073124
0 0.299048 0.981614 0.049241 0.033647
0 0.012711 0.725793 0.025421 0.086246
0 0.015691 0.210581 0.031328 0.078789
0 0.338195 0.944690 0.056991 0.076892
0 0.021658 0.968989 0.043316 0.058591
0 0.088518 0.745810 0.058286 0.083220
0 0.024053 0.592758 0.043308 0.078882
0 0.986023 0.370061 0.026075 0.069077
0 0.789619 0.978837 0.049029 0.039003
0 0.567376 0.304353 0.048251 0.074763
0 0.827983 0.915092 0.053337 0.085373
0 0.494330 0.024098 0.053582 0.048196
0 0.646091 0.426238 0.058174 0.087269
0 0.852038 0.336144 0.052624 0.083055
0 0.288666 0.854916 0.046336 0.073841
0 0.370292 0.381148 0.049599 0.071353
0 0.860330 0.796260 0.051488 0.081454
0 0.933495 0.976207 0.049029 0.044472
0 0.508705 0.685045 0.051762 0.082271
0 0.691154 0.475364 0.046483 0.073064
0 0.033057 0.467220 0.055020 0.073309
0 0.556658 0.836221 0.044862 0.080839
0 0.034271 0.790787 0.053448 0.084517
0 0.114731 0.668704 0.054730 0.081316
0 0.081332 0.406718 0.044746 0.070160
0 0.047579 0.908192 0.050028 0.076589
0 0.141658 0.869593 0.049207 0.085964
0 0.679189 0.648385 0.049816 0.077624
0 0.355374 0.252565 0.055731 0.066486
0 0.178554 0.609627 0.050066 0.075707
0 0.756887 0.880512 0.047305 0.077424
0 0.487053 0.350878 0.050770 0.082507
0 0.670326 0.804106 0.051536 0.079176
0 0.619769 0.878589 0.053524 0.086770
0 0.342683 0.605273 0.052595 0.080374
0 0.882652 0.971896 0.048071 0.052738
0 0.676492 0.892864 0.053918 0.086234
0 0.508183 0.840030 0.045614 0.085910
0 0.091292 0.839275 0.055297 0.090731
0 0.300368 0.399439 0.050908 0.088801
0 0.610841 0.193524 0.044821 0.069809
0 0.102498 0.586064 0.053164 0.079754
0 0.555438 0.953728 0.046264 0.073859
0 0.191227 0.828898 0.057452 0.091802
0 0.166316 0.461480 0.046085 0.074604
0 0.159642 0.363927 0.044699 0.071605
0 0.610524 0.961493 0.057116 0.073469
0 0.696168 0.964924 0.054015 0.066854
0 0.416224 0.799642 0.050027 0.079814
0 0.091596 0.105939 0.053703 0.075457
0 0.052274 0.232673 0.049291 0.094316
0 0.339986 0.859653 0.051089 0.080541
0 0.403244 0.702767 0.049079 0.078821
0 0.728574 0.306552 0.051359 0.078677
0 0.254056 0.610085 0.053620 0.080999
0 0.819496 0.836109 0.053892 0.082051
0 0.496653 0.498304 0.052668 0.085095
0 0.501616 0.948717 0.052200 0.075330
0 0.024862 0.038787 0.049715 0.077137
0 0.214643 0.549528 0.059082 0.082986
0 0.290975 0.288051 0.050524 0.078613
0 0.875755 0.535163 0.047336 0.082134
0 0.023282 0.129638 0.046565 0.076286
0 0.981966 0.853261 0.034108 0.091866
0 0.493055 0.161396 0.050750 0.078782
0 0.111949 0.034834 0.050814 0.069668
0 0.824207 0.407421 0.049845 0.073510
0 0.581002 0.764142 0.053750 0.087272
0 0.827834 0.551435 0.045221 0.080475
0 0.109993 0.330316 0.053074 0.077434
0 0.524086 0.609011 0.053053 0.075619
0 0.557619 0.449730 0.057140 0.089803
0 0.146820 0.274748 0.050638 0.073900
0 0.438900 0.959014 0.053236 0.077379
0 0.259216 0.219114 0.053094 0.084992
0 0.720901 0.781243 0.049046 0.082191
0 0.955453 0.738574 0.052512 0.084310
0 0.585540 0.560108 0.056770 0.088265
0 0.808388 0.480619 0.057885 0.069259
0 0.251413 0.330400 0.045611 0.076407
0 0.883039 0.897310 0.052633 0.082934
0 0.334891 0.511256 0.053941 0.091295
0 0.806053 0.283320 0.052767 0.083917
0 0.866946 0.235715 0.055996 0.084405
0 0.779469 0.742639 0.049613 0.082031
0 0.766503 0.647734 0.054819 0.082954
0 0.831036 0.712670 0.052128 0.084109
0 0.311730 0.194173 0.051925 0.088730
0 0.315525 0.771405 0.053466 0.094906
0 0.387405 0.311148 0.051390 0.078205
0 0.530367 0.076036 0.052023 0.085373
0 0.685413 0.354723 0.054915 0.082024
0 0.030809 0.382989 0.048836 0.087165
0 0.685905 0.248196 0.055098 0.077932
0 0.562633 0.159221 0.051709 0.082497
0 0.673598 0.055183 0.062177 0.081696
0 0.447907 0.082589 0.057105 0.077923
0 0.690295 0.571497 0.051055 0.075382
0 0.921776 0.189096 0.048596 0.069018
0 0.146237 0.158828 0.056970 0.085002
0 0.778685 0.179909 0.056482 0.084713
0 0.227774 0.142289 0.056626 0.090927
0 0.946304 0.650063 0.055284 0.083250
0 0.909243 0.471415 0.051218 0.083428
0 0.626520 0.271050 0.056424 0.081878
0 0.221689 0.050945 0.050511 0.079912
0 0.904386 0.378443 0.056748 0.086333
0 0.940872 0.307258 0.051949 0.080146
0 0.968249 0.560102 0.055064 0.076978
0 0.911893 0.103159 0.051727 0.080851
0 0.955610 0.919957 0.053717 0.094894
0 0.963569 0.476802 0.047810 0.077952
1 0.092345 0.190158 0.051844 0.086739
1 0.451704 0.512927 0.050206 0.081735
1 0.354565 0.442035 0.048024 0.066722
1 0.473805 0.282736 0.056209 0.070058
1 0.504366 0.236864 0.055118 0.083403
1 0.438879 0.158882 0.051844 0.070892
1 0.525376 0.393661 0.053481 0.083403
1 0.722655 0.918265 0.033289 0.068390
1 0.902743 0.755213 0.052935 0.087573
1 0.789233 0.557131 0.047478 0.096747
1 0.463982 0.889491 0.052935 0.072560
1 0.465074 0.715596 0.057301 0.093411
1 0.262884 0.686822 0.066578 0.060884
1 0.053599 0.542535 0.057301 0.084237
1 0.218407 0.472894 0.048569 0.065054
2 0.205583 0.439533 0.025103 0.035029
2 0.216224 0.359883 0.026740 0.040867
4 0.454159 0.617181 0.092227 0.145121