0 0.267221 0.030313 0.045975 0.060626
0 0.003724 0.049484 0.007448 0.059166
0 0.026451 0.994408 0.028567 0.009110
0 0.987775 0.837112 0.022718 0.075983
0 0.200276 0.993767 0.034946 0.010508
0 0.989591 0.977617 0.019066 0.041951
0 0.005961 0.330416 0.011921 0.064618
0 0.903873 0.006055 0.033915 0.012110
0 0.987850 0.492910 0.022471 0.076111
0 0.674699 0.989779 0.040254 0.017746
0 0.954746 0.138783 0.052420 0.082983
0 0.793119 0.006716 0.039769 0.013431
0 0.113934 0.988577 0.047482 0.020173
0 0.717582 0.700471 0.054072 0.106695
0 0.877620 0.986206 0.038375 0.024518
0 0.723046 0.986843 0.044474 0.023433
0 0.082702 0.421805 0.051166 0.083251
0 0.589889 0.986522 0.040592 0.024047
0 0.446849 0.905415 0.051055 0.070317
0 0.981505 0.011342 0.035431 0.022651
0 0.633189 0.910200 0.047861 0.068008
0 0.847713 0.011507 0.050515 0.023013
0 0.410981 0.976931 0.052958 0.042960
0 0.314486 0.016586 0.044841 0.033171
0 0.011908 0.958781 0.023816 0.075701
0 0.472378 0.960452 0.045499 0.075363
0 0.514337 0.588406 0.047919 0.086685
0 0.819283 0.969844 0.050033 0.057203
0 0.591961 0.013420 0.047004 0.026841
0 0.525832 0.760724 0.047861 0.075281
0 0.403228 0.868970 0.047441 0.078101
0 0.805765 0.621361 0.046892 0.071744
0 0.635172 0.604533 0.046856 0.068124
0 0.236523 0.953808 0.046346 0.087796
0 0.570441 0.930467 0.049021 0.083646
0 0.833437 0.689954 0.049846 0.070121
0 0.984567 0.742466 0.029023 0.086523
0 0.054639 0.744073 0.047812 0.073866
0 0.156532 0.415830 0.046296 0.088522
0 0.581779 0.604486 0.045474 0.078562
0 0.230987 0.631590 0.048034 0.081094
0 0.583923 0.702546 0.052159 0.072814
0 0.658556 0.528467 0.049747 0.078121
0 0.118793 0.379539 0.040288 0.064533
0 0.687691 0.465696 0.048037 0.073923
0 0.622010 0.422671 0.047191 0.076538
0 0.126727 0.019908 0.051171 0.039779
0 0.855025 0.427435 0.047658 0.075553
0 0.150794 0.931331 0.050759 0.073511
0 0.564226 0.495908 0.053527 0.080465
0 0.026916 0.672136 0.046555 0.085481
0 0.826763 0.535647 0.047517 0.071578
0 0.039462 0.819481 0.048066 0.075319
0 0.191948 0.891553 0.044443 0.086197
0 0.459629 0.445785 0.048698 0.085576
0 0.267585 0.682620 0.053792 0.085307
0 0.743097 0.031711 0.050717 0.063421
0 0.826575 0.840834 0.057330 0.072991
0 0.893193 0.357270 0.050685 0.082916
0 0.927835 0.706249 0.053601 0.082343
0 0.971144 0.935191 0.052284 0.080502
0 0.739675 0.437007 0.049314 0.078035
0 0.285456 0.416973 0.047294 0.076569
0 0.296001 0.901427 0.051023 0.082858
0 0.022963 0.196982 0.045925 0.084364
0 0.944209 0.793322 0.045590 0.073797
0 0.070985 0.951498 0.048889 0.075655
0 0.265121 0.264107 0.045220 0.076032
0 0.406664 0.432722 0.047004 0.076368
0 0.875325 0.931455 0.053624 0.078754
0 0.354268 0.832415 0.047820 0.076136
0 0.385546 0.226809 0.053232 0.086766
0 0.201545 0.432098 0.049668 0.079156
0 0.178356 0.029302 0.049590 0.058604
0 0.262958 0.576684 0.048697 0.073891
0 0.090870 0.314382 0.048015 0.076046
0 0.561112 0.049933 0.045381 0.071715
0 0.426153 0.291484 0.052066 0.083980
0 0.059110 0.248969 0.046258 0.074618
0 0.317211 0.342478 0.047605 0.073647
0 0.540480 0.392116 0.045587 0.081229
0 0.280576 0.188425 0.049809 0.081917
0 0.311783 0.262414 0.045359 0.076886
0 0.146283 0.767694 0.049712 0.076427
0 0.044364 0.590986 0.050910 0.079974
0 0.113471 0.084389 0.049080 0.078823
0 0.980062 0.078875 0.038006 0.078125
0 0.673696 0.056064 0.042647 0.070122
0 0.510076 0.062741 0.049694 0.079291
0 0.581503 0.126590 0.050120 0.079978
0 0.662317 0.261969 0.049041 0.083249
0 0.648026 0.161383 0.049093 0.077288
0 0.885179 0.048355 0.052639 0.073149
0 0.937825 0.039004 0.044652 0.078008
0 0.806751 0.219871 0.050676 0.084618
0 0.320040 0.141957 0.046653 0.081826
0 0.736442 0.250514 0.051408 0.087867
0 0.036120 0.119762 0.051877 0.071288
0 0.768579 0.155287 0.048893 0.088293
0 0.170910 0.268583 0.051421 0.081454
0 0.609259 0.342898 0.050031 0.078670
0 0.099618 0.169881 0.052558 0.082625
0 0.493292 0.139294 0.051992 0.080927
0 0.461761 0.046876 0.043854 0.074990
0 0.506476 0.278388 0.050939 0.079055
1 0.681453 0.893661 0.045841 0.075897
1 0.732751 0.914929 0.057847 0.075063
1 0.692640 0.022519 0.054027 0.045038
1 0.520465 0.019183 0.056755 0.038365
1 0.335192 0.698499 0.037655 0.055880
2 0.118540 0.473311 0.026740 0.039199
2 0.240236 0.398666 0.022375 0.035029
2 0.286623 0.475396 0.018009 0.031693
1 0.264521 0.507506 0.072035 0.079233
2 0.769860 0.891576 0.040383 0.053378
2 0.925118 0.944954 0.028923 0.046706
2 0.792507 0.031693 0.025649 0.030025
3 0.651984 0.794412 0.125516 0.134279
5 0.699734 0.581735 0.078038 0.130942