0 0.997283 0.333378 0.004445 0.036658
0 0.002149 0.419039 0.004266 0.052036
0 0.123413 0.971554 0.051320 0.053615
0 0.994626 0.415996 0.009034 0.058282
0 0.979588 0.994652 0.033219 0.008935
0 0.994124 0.876674 0.010234 0.062454
0 0.761356 0.993852 0.037467 0.010206
0 0.377496 0.544684 0.044535 0.070868
0 0.268928 0.992079 0.037669 0.013372
0 0.006391 0.495501 0.012782 0.061098
0 0.349388 0.567228 0.053300 0.083237
0 0.960537 0.526113 0.056888 0.085917
0 0.212642 0.370666 0.052003 0.069142
0 0.227515 0.144177 0.054749 0.086101
0 0.962723 0.013967 0.051226 0.027934
0 0.678755 0.827201 0.050143 0.070443
0 0.868454 0.986485 0.048213 0.024105
0 0.184129 0.963790 0.053787 0.068970
0 0.012274 0.951774 0.024549 0.080495
0 0.016443 0.828757 0.032886 0.084429
0 0.046029 0.877821 0.044919 0.074052
0 0.191682 0.874645 0.049023 0.069296
0 0.116028 0.029708 0.051166 0.059416
0 0.288793 0.759116 0.045731 0.069242
0 0.023614 0.547287 0.047228 0.072128
0 0.328797 0.923006 0.051160 0.074399
0 0.676254 0.020255 0.046001 0.040510
0 0.509735 0.977949 0.054143 0.041155
0 0.105798 0.769232 0.052072 0.079685
0 0.693458 0.779170 0.053841 0.072085
0 0.468191 0.755747 0.051571 0.075972
0 0.313192 0.352920 0.052081 0.085374
0 0.412998 0.315775 0.045980 0.067437
0 0.268701 0.886654 0.049859 0.074786
0 0.242063 0.955659 0.056179 0.079070
0 0.223327 0.728707 0.049580 0.076072
0 0.564047 0.612597 0.043905 0.066945
0 0.436380 0.014781 0.050869 0.029563
0 0.184505 0.428494 0.051571 0.075067
0 0.534493 0.345270 0.049038 0.072525
0 0.814083 0.883019 0.052889 0.086206
0 0.233560 0.576799 0.052955 0.082844
0 0.405537 0.684248 0.054625 0.076467
0 0.698610 0.568070 0.056598 0.076331
0 0.055361 0.752801 0.047580 0.076408
0 0.409543 0.403157 0.045869 0.078418
0 0.092126 0.907409 0.049553 0.073101
0 0.173538 0.800223 0.052644 0.075228
0 0.522470 0.579429 0.056459 0.085614
0 0.761299 0.875565 0.045677 0.073855
0 0.635225 0.466465 0.063596 0.093596
0 0.282602 0.542246 0.049409 0.078671
0 0.854925 0.934817 0.051885 0.077270
0 0.394286 0.969373 0.051977 0.057942
0 0.065505 0.965104 0.048209 0.066646
0 0.534896 0.794907 0.052887 0.080601
0 0.700959 0.897112 0.055481 0.082071
0 0.046325 0.153021 0.051311 0.075311
0 0.794766 0.606012 0.047822 0.073291
0 0.424253 0.503689 0.055201 0.071189
0 0.820816 0.544121 0.052895 0.074893
0 0.281188 0.243174 0.053963 0.087442
0 0.871712 0.572752 0.046356 0.066162
0 0.025641 0.083987 0.044881 0.077751
0 0.463200 0.653448 0.047231 0.082201
0 0.368252 0.848340 0.051376 0.077607
0 0.039078 0.451717 0.046349 0.069778
0 0.837818 0.795463 0.047123 0.075872
0 0.050799 0.375097 0.050548 0.075794
0 0.139682 0.473177 0.058542 0.070224
0 0.471733 0.300012 0.046261 0.074578
0 0.613073 0.105478 0.046249 0.073218
0 0.730533 0.502595 0.055723 0.073756
0 0.402690 0.768748 0.045635 0.071549
0 0.515400 0.188528 0.052209 0.082078
0 0.721901 0.964735 0.052842 0.067396
0 0.480856 0.921617 0.050314 0.075233
0 0.544259 0.932075 0.047058 0.074259
0 0.977479 0.676006 0.043071 0.077890
0 0.863496 0.293659 0.047953 0.076095
0 0.920524 0.848231 0.051100 0.068392
0 0.865558 0.504134 0.047966 0.065145
0 0.119922 0.359786 0.051364 0.082272
0 0.866066 0.731434 0.048640 0.070120
0 0.763352 0.437416 0.057309 0.086393
0 0.931128 0.779413 0.048417 0.069006
0 0.438013 0.248003 0.049679 0.078425
0 0.359559 0.032389 0.059130 0.064716
0 0.801628 0.367333 0.051734 0.074252
0 0.790901 0.159294 0.050540 0.075475
0 0.616733 0.024889 0.054515 0.049743
0 0.610412 0.938397 0.053561 0.082606
0 0.820687 0.218506 0.049657 0.076759
0 0.561723 0.522208 0.052223 0.076371
0 0.573676 0.056495 0.047589 0.077938
0 0.692862 0.371033 0.053759 0.079939
0 0.127907 0.240177 0.046776 0.077146
0 0.060325 0.244540 0.056072 0.086027
0 0.616820 0.613027 0.052545 0.078041
0 0.865554 0.039730 0.052773 0.079302
0 0.871914 0.649065 0.055814 0.079282
0 0.202720 0.238433 0.052563 0.084802
0 0.878765 0.434887 0.054104 0.085604
0 0.926270 0.411291 0.049790 0.079496
0 0.611754 0.850745 0.055956 0.082895
0 0.390936 0.108654 0.053011 0.078423
0 0.521990 0.060073 0.050583 0.076778
0 0.955789 0.906351 0.049326 0.078213
0 0.442015 0.073237 0.055824 0.076267
0 0.597544 0.770718 0.050064 0.077717
0 0.621990 0.259027 0.054356 0.081501
0 0.272914 0.099051 0.050828 0.076171
0 0.156985 0.169345 0.053249 0.070458
0 0.975443 0.079523 0.047133 0.076457
0 0.940096 0.273129 0.053094 0.085154
0 0.670535 0.150368 0.052903 0.078805
0 0.541017 0.260698 0.052372 0.085435
0 0.761897 0.272752 0.055500 0.085203
0 0.927792 0.159736 0.044747 0.089103
1 0.188120 0.318599 0.053481 0.055046
1 0.271070 0.309842 0.052389 0.065888
1 0.281711 0.427440 0.055118 0.089241
1 0.459617 0.367389 0.058392 0.077565
1 0.363569 0.379900 0.047478 0.077565
4 0.345833 0.463303 0.092773 0.142619
2 0.013216 0.602585 0.020192 0.037531
2 0.092618 0.545038 0.031652 0.042535
2 0.259609 0.794829 0.024012 0.033361
2 0.549661 0.402419 0.033289 0.047540
2 0.674904 0.696831 0.017463 0.030859
2 0.733023 0.737281 0.022375 0.031693
2 0.601777 0.991660 0.021829 0.016681