0 0.002438 0.158085 0.004877 0.050304
0 0.586469 0.295461 0.050597 0.075643
0 0.115234 0.674411 0.052257 0.072592
0 0.909734 0.007693 0.042754 0.015366
0 0.069045 0.003576 0.035294 0.007153
0 0.017370 0.986315 0.034740 0.024946
0 0.491826 0.985526 0.049236 0.026016
0 0.429854 0.497432 0.049974 0.074055
0 0.573734 0.986081 0.047798 0.024940
0 0.228943 0.983757 0.045879 0.029567
0 0.733362 0.264218 0.047234 0.071030
0 0.926909 0.980993 0.049152 0.034968
0 0.189081 0.604995 0.050840 0.072642
0 0.442756 0.571404 0.045912 0.075289
0 0.551830 0.606456 0.050406 0.070663
0 0.351587 0.689707 0.048721 0.077889
0 0.855341 0.015083 0.044478 0.030166
0 0.830559 0.794116 0.048193 0.073916
0 0.704255 0.455155 0.045345 0.072165
0 0.883636 0.861269 0.043876 0.070194
0 0.790862 0.974099 0.051519 0.048635
0 0.363865 0.607536 0.049170 0.083906
0 0.578276 0.526560 0.042583 0.086124
0 0.657232 0.737469 0.044647 0.070761
0 0.361769 0.522229 0.054381 0.076466
0 0.439586 0.969866 0.052508 0.056871
0 0.317140 0.628297 0.045143 0.070908
0 0.492571 0.563271 0.050168 0.078077
0 0.174801 0.686292 0.056280 0.087176
0 0.122958 0.902732 0.052212 0.075681
0 0.548269 0.461430 0.052615 0.076192
0 0.614210 0.626336 0.046155 0.071861
0 0.025410 0.202103 0.050673 0.068316
0 0.683530 0.865024 0.047109 0.072500
0 0.411596 0.700569 0.056518 0.071517
0 0.492425 0.468626 0.045432 0.076591
0 0.048739 0.742279 0.047256 0.068991
0 0.749674 0.944677 0.050718 0.070458
0 0.588347 0.904866 0.048174 0.073552
0 0.839706 0.898451 0.051034 0.075508
0 0.983399 0.875931 0.031478 0.081482
0 0.694509 0.794641 0.056254 0.080455
0 0.282090 0.684128 0.049869 0.080856
0 0.685184 0.680910 0.050849 0.086604
0 0.640230 0.368957 0.047029 0.076608
0 0.330412 0.965171 0.044407 0.066451
0 0.314232 0.488243 0.048313 0.075377
0 0.934174 0.481159 0.043717 0.068042
0 0.806630 0.686400 0.046403 0.076182
0 0.122868 0.561444 0.046802 0.075689
0 0.206168 0.739574 0.046650 0.074518
0 0.471994 0.886864 0.048335 0.082803
0 0.518839 0.930934 0.044354 0.072397
0 0.208243 0.452905 0.044834 0.076762
0 0.320485 0.800676 0.049535 0.077303
0 0.221586 0.355760 0.045797 0.070482
0 0.740026 0.710257 0.050710 0.079437
0 0.810083 0.603297 0.041545 0.072941
0 0.881036 0.490039 0.050969 0.073833
0 0.516365 0.302064 0.052302 0.075368
0 0.765729 0.569571 0.046304 0.072837
0 0.263159 0.399014 0.053641 0.070854
0 0.478442 0.030067 0.051633 0.060135
0 0.201962 0.029163 0.045384 0.058326
0 0.030003 0.673419 0.047956 0.073499
0 0.432469 0.045942 0.046402 0.067219
0 0.733044 0.858067 0.049679 0.081674
0 0.123606 0.817796 0.052630 0.082534
0 0.160147 0.474140 0.050277 0.076431
0 0.265326 0.538772 0.048989 0.074461
0 0.967213 0.948180 0.046235 0.069801
0 0.171976 0.367118 0.047811 0.071216
0 0.172228 0.287876 0.048178 0.071857
0 0.933322 0.842841 0.052337 0.083164
0 0.076243 0.600720 0.045745 0.070854
0 0.979145 0.454056 0.039732 0.076800
0 0.612381 0.832670 0.049736 0.080572
0 0.447762 0.425340 0.047082 0.072837
0 0.184834 0.829090 0.050177 0.080651
0 0.096320 0.284301 0.053569 0.080614
0 0.914039 0.751309 0.049087 0.072318
0 0.908906 0.632705 0.049283 0.076920
0 0.890984 0.411262 0.054019 0.085254
0 0.771545 0.394447 0.053088 0.082113
0 0.704164 0.371600 0.051708 0.079301
0 0.745342 0.033632 0.047858 0.067222
0 0.211072 0.235073 0.045742 0.069282
0 0.389049 0.086501 0.048249 0.075664
0 0.715638 0.189398 0.046922 0.079511
0 0.248149 0.150703 0.051032 0.077059
0 0.164107 0.169293 0.049040 0.081597
0 0.440632 0.271905 0.051410 0.077370
1 0.072972 0.171393 0.055664 0.064220
2 0.068879 0.020434 0.023466 0.029191
2 0.069425 0.223937 0.025649 0.035863
2 0.214587 0.117181 0.019100 0.035863
2 0.341741 0.316514 0.037655 0.050876
2 0.025222 0.571309 0.032198 0.051710
2 0.233142 0.629274 0.024558 0.040867
2 0.196306 0.983736 0.022920 0.032527
2 0.359477 0.217264 0.024012 0.042535
2 0.491814 0.218932 0.021283 0.032527
2 0.887736 0.175146 0.024012 0.033361
2 0.717197 0.516264 0.025649 0.035029
4 0.643252 0.490409 0.102596 0.171810