0 0.002792 0.949728 0.005584 0.056414
0 0.997048 0.177570 0.004925 0.050921
0 0.003018 0.158581 0.006036 0.047766
0 0.049671 0.002489 0.035111 0.004955
0 0.988203 0.815222 0.021816 0.081664
0 0.664299 0.392575 0.047281 0.074942
0 0.809040 0.005034 0.037932 0.010068
0 0.407003 0.988910 0.049323 0.019264
0 0.989597 0.069484 0.019071 0.075468
0 0.624403 0.677464 0.043107 0.065368
0 0.133040 0.094763 0.041682 0.078005
0 0.744045 0.201827 0.048240 0.074399
0 0.377408 0.509213 0.045687 0.074419
0 0.550020 0.018497 0.051223 0.036994
0 0.603586 0.723606 0.051151 0.066679
0 0.769890 0.724789 0.046023 0.074706
0 0.069183 0.428564 0.049130 0.076163
0 0.508653 0.774624 0.049903 0.073077
0 0.564597 0.970826 0.045256 0.055225
0 0.510067 0.849859 0.044160 0.069626
0 0.022505 0.405956 0.045010 0.082765
0 0.271807 0.854177 0.047196 0.072489
0 0.344349 0.775473 0.046511 0.068409
0 0.012936 0.320206 0.025873 0.074582
0 0.314121 0.912789 0.053077 0.076455
0 0.708037 0.020415 0.050254 0.040830
0 0.659870 0.745357 0.052962 0.078957
0 0.533184 0.916630 0.049162 0.080887
0 0.182144 0.413305 0.047942 0.068920
0 0.928718 0.978252 0.049166 0.040276
0 0.434557 0.868130 0.044829 0.069805
0 0.211715 0.032834 0.050395 0.065668
0 0.638918 0.819193 0.047887 0.069811
0 0.502145 0.325996 0.048046 0.073955
0 0.231401 0.750584 0.041499 0.068196
0 0.111633 0.981334 0.053016 0.034016
0 0.158043 0.025352 0.049295 0.050705
0 0.642923 0.981899 0.050275 0.033088
0 0.052290 0.969630 0.060291 0.057343
0 0.972838 0.025852 0.045200 0.051704
0 0.034221 0.489370 0.048691 0.075217
0 0.417454 0.553062 0.051728 0.078943
0 0.316929 0.830837 0.050662 0.078818
0 0.479081 0.910502 0.050590 0.074651
0 0.346331 0.631794 0.047032 0.072048
0 0.121830 0.411060 0.050939 0.073306
0 0.437476 0.059830 0.046375 0.073788
0 0.809047 0.858040 0.046281 0.076322
0 0.365616 0.954927 0.051137 0.081803
0 0.744419 0.553227 0.048418 0.069629
0 0.278078 0.089577 0.046751 0.074864
0 0.260327 0.527783 0.053476 0.074962
0 0.767215 0.898131 0.047743 0.072537
0 0.947382 0.522215 0.046987 0.072615
0 0.984105 0.396242 0.029695 0.069577
0 0.655419 0.238634 0.046049 0.070177
0 0.677782 0.681266 0.049960 0.072672
0 0.184653 0.342443 0.046315 0.068385
0 0.051406 0.614692 0.055647 0.081658
0 0.693221 0.803100 0.051215 0.065947
0 0.976130 0.962623 0.045181 0.070511
0 0.208083 0.132217 0.046020 0.070895
0 0.576878 0.648832 0.051063 0.078571
0 0.587390 0.275972 0.046768 0.069979
0 0.313617 0.153731 0.050157 0.077930
0 0.749736 0.083234 0.042219 0.073704
0 0.463374 0.204976 0.044659 0.067250
0 0.799358 0.213715 0.048943 0.074449
0 0.021252 0.241689 0.042505 0.077913
0 0.128305 0.661839 0.050175 0.072661
0 0.665709 0.886985 0.049576 0.079292
0 0.823356 0.418293 0.043638 0.058775
0 0.592489 0.915467 0.050011 0.076108
0 0.184571 0.926483 0.046961 0.077661
0 0.229525 0.575850 0.050967 0.080044
0 0.275968 0.780283 0.053090 0.078223
0 0.593528 0.049840 0.053967 0.083363
0 0.370768 0.202929 0.049937 0.074640
0 0.463638 0.121022 0.046275 0.072675
0 0.437725 0.486899 0.046029 0.070320
0 0.088894 0.312958 0.053091 0.078745
0 0.764642 0.305677 0.051925 0.080279
0 0.323926 0.048663 0.050296 0.077625
0 0.136184 0.924672 0.050468 0.085266
0 0.403030 0.699287 0.050816 0.074139
0 0.790706 0.788342 0.049293 0.071889
0 0.553685 0.315901 0.046246 0.072632
0 0.380338 0.400982 0.051018 0.084816
0 0.232055 0.463702 0.050359 0.074939
0 0.125388 0.739167 0.048780 0.077305
0 0.728363 0.443969 0.048450 0.072806
0 0.229710 0.370490 0.049947 0.079467
0 0.068859 0.038317 0.050522 0.076543
0 0.921854 0.462804 0.047918 0.071480
0 0.777575 0.606699 0.052219 0.081475
0 0.830874 0.956676 0.049969 0.074314
0 0.783890 0.507135 0.045596 0.073915
0 0.416253 0.263115 0.049733 0.075534
0 0.391298 0.136029 0.052675 0.067963
0 0.118040 0.178383 0.049837 0.077220
0 0.435787 0.345189 0.048492 0.076997
0 0.985056 0.500959 0.027980 0.082597
0 0.815444 0.146696 0.046495 0.065846
0 0.898251 0.639181 0.049951 0.075834
0 0.234799 0.209925 0.050519 0.073879
0 0.202449 0.835816 0.050446 0.081032
0 0.588797 0.565466 0.053629 0.073877
0 0.861860 0.588886 0.053109 0.079749
0 0.148709 0.840789 0.051642 0.079326
0 0.895584 0.530942 0.046492 0.073249
0 0.074796 0.233812 0.049840 0.077140
0 0.908590 0.190720 0.048276 0.068085
0 0.690207 0.170387 0.052267 0.077460
0 0.693844 0.296097 0.053697 0.080962
0 0.157107 0.267798 0.047608 0.073735
0 0.830035 0.080446 0.050504 0.074103
0 0.383132 0.059286 0.052986 0.081202
0 0.908931 0.263539 0.061427 0.071747
0 0.487738 0.474026 0.047001 0.073543
0 0.367216 0.287191 0.049265 0.071630
0 0.703677 0.088271 0.050797 0.073388
0 0.918446 0.332406 0.049722 0.073160
0 0.880915 0.043807 0.043800 0.068323
0 0.278760 0.668847 0.052736 0.075757
0 0.971614 0.328164 0.050626 0.075829
0 0.932292 0.046208 0.049365 0.072460
0 0.920182 0.117835 0.053223 0.073561
0 0.974295 0.251317 0.049226 0.073478
0 0.977026 0.733409 0.043869 0.083543
4 0.582404 0.454545 0.085678 0.173478
3 0.575583 0.814012 0.096047 0.148457
1 0.639159 0.426606 0.047478 0.092577
1 0.544204 0.395746 0.054027 0.072560
2 0.047596 0.330275 0.020192 0.026689
2 0.363842 0.342369 0.022920 0.035863
2 0.408864 0.434946 0.018009 0.032527
2 0.430420 0.429525 0.026195 0.038365
2 0.218680 0.630942 0.020737 0.025855
2 0.226866 0.893244 0.017463 0.026689
2 0.376121 0.770225 0.015826 0.024187
2 0.974778 0.866972 0.025649 0.037531
2 0.949948 0.175980 0.019646 0.031693
2 0.773680 0.115930 0.021829 0.030025
2 0.405317 0.211843 0.017463 0.026689
2 0.533562 0.350709 0.018555 0.024187
2 0.814336 0.687239 0.022375 0.030025
1 0.957315 0.907840 0.054027 0.070892