0 0.685493 0.001835 0.039039 0.003661
0 0.301093 0.993762 0.033017 0.010283
0 0.996379 0.542820 0.006351 0.058064
0 0.019532 0.992625 0.034787 0.012387
0 0.004439 0.805841 0.008878 0.058564
0 0.657811 0.086017 0.046281 0.078373
0 0.010708 0.649165 0.021361 0.075698
0 0.502690 0.006804 0.045103 0.013608
0 0.992666 0.411675 0.013051 0.075796
0 0.855417 0.048362 0.055605 0.075667
0 0.813124 0.083625 0.055699 0.082279
0 0.010271 0.070192 0.020522 0.080339
0 0.517691 0.985952 0.050024 0.024870
0 0.982899 0.896318 0.032529 0.076395
0 0.010550 0.419218 0.021073 0.084969
0 0.985358 0.035195 0.027768 0.070257
0 0.014374 0.950029 0.028747 0.076821
0 0.376120 0.984559 0.053941 0.027635
0 0.888722 0.015287 0.066588 0.030574
0 0.612225 0.980558 0.047616 0.035549
0 0.140831 0.011500 0.057894 0.022999
0 0.985340 0.820450 0.027499 0.067060
0 0.761231 0.026325 0.056987 0.052649
0 0.966621 0.953620 0.060561 0.084154
0 0.013711 0.314544 0.027367 0.082721
0 0.018970 0.734478 0.037896 0.073278
0 0.065439 0.016605 0.050019 0.033209
0 0.982110 0.204042 0.034126 0.086598
0 0.888302 0.969552 0.046200 0.057386
0 0.287218 0.072073 0.049015 0.068014
0 0.157381 0.972037 0.048624 0.052475
0 0.734035 0.960470 0.060689 0.075582
0 0.678510 0.186890 0.049417 0.081567
0 0.884640 0.114025 0.052244 0.075795
0 0.284324 0.154128 0.054645 0.084490
0 0.572046 0.748442 0.045729 0.065973
0 0.457867 0.965678 0.049804 0.065224
0 0.611235 0.038442 0.048830 0.076851
0 0.921207 0.895335 0.055741 0.077343
0 0.848952 0.382347 0.050540 0.072935
0 0.229382 0.081385 0.044549 0.077714
0 0.140245 0.196649 0.053378 0.081366
0 0.133107 0.066351 0.051751 0.079452
0 0.026707 0.873193 0.051246 0.079056
0 0.977545 0.294263 0.043038 0.081667
0 0.239348 0.213588 0.048434 0.077011
0 0.394162 0.827476 0.047444 0.077906
0 0.179232 0.111181 0.046317 0.074807
0 0.554804 0.894376 0.047324 0.073839
0 0.297156 0.893318 0.053561 0.068153
0 0.092261 0.147657 0.050730 0.083020
0 0.568129 0.381554 0.045982 0.077275
0 0.063404 0.941414 0.049200 0.076797
0 0.547405 0.456166 0.049168 0.079854
0 0.315563 0.266100 0.053285 0.091553
0 0.695896 0.897793 0.059140 0.079481
0 0.356707 0.043584 0.052288 0.072734
0 0.493255 0.056039 0.051109 0.079751
0 0.651589 0.811768 0.048014 0.076838
0 0.129928 0.907092 0.056380 0.080352
0 0.243969 0.835765 0.054966 0.089490
0 0.681278 0.469285 0.045517 0.074349
0 0.373991 0.916426 0.050773 0.074390
0 0.863641 0.197813 0.056316 0.091816
0 0.181411 0.871581 0.053426 0.081390
0 0.587159 0.111282 0.046495 0.075215
0 0.888328 0.331285 0.054575 0.075556
0 0.941969 0.820089 0.048852 0.076964
0 0.724058 0.504776 0.049831 0.081756
0 0.367019 0.230435 0.051578 0.087475
0 0.748355 0.149463 0.059906 0.085857
0 0.330397 0.348297 0.054658 0.079140
0 0.431696 0.509617 0.048689 0.075326
0 0.041156 0.233466 0.049569 0.076376
0 0.630585 0.919457 0.052536 0.083067
0 0.719589 0.250168 0.054175 0.087181
0 0.835452 0.811979 0.054725 0.084153
0 0.068890 0.819197 0.048438 0.076134
0 0.835350 0.506097 0.052965 0.081364
0 0.362516 0.131754 0.056803 0.081212
0 0.561908 0.220010 0.052241 0.074164
0 0.879302 0.444858 0.052409 0.084538
0 0.909733 0.254270 0.052648 0.080851
0 0.791838 0.869035 0.058029 0.094486
0 0.541562 0.814160 0.052176 0.080281
0 0.558613 0.299764 0.056195 0.074785
0 0.266607 0.312754 0.053124 0.081868
0 0.299072 0.577526 0.055460 0.080552
0 0.221700 0.390410 0.050852 0.079291
0 0.199460 0.514600 0.047430 0.073267
0 0.794580 0.442153 0.053195 0.081806
0 0.745477 0.791401 0.050927 0.079866
0 0.538762 0.139585 0.046153 0.076731
0 0.210121 0.761285 0.047410 0.079072
0 0.853817 0.726743 0.052371 0.080150
0 0.957902 0.377247 0.057797 0.083818
0 0.492567 0.247852 0.055384 0.087635
0 0.809205 0.604284 0.047683 0.077477
0 0.672058 0.579764 0.050051 0.070009
0 0.218721 0.951941 0.054517 0.078796
0 0.462936 0.342966 0.054218 0.079763
0 0.357562 0.760365 0.053190 0.085523
0 0.879597 0.558482 0.054384 0.082422
0 0.102816 0.752727 0.054431 0.083849
0 0.484589 0.155747 0.055186 0.085821
0 0.798529 0.714199 0.052162 0.078959
0 0.205905 0.597007 0.051467 0.082034
0 0.966775 0.470108 0.051201 0.078980
0 0.643401 0.346725 0.051886 0.085907
0 0.624592 0.216572 0.053822 0.083848
0 0.300004 0.761439 0.053928 0.095543
0 0.885518 0.655062 0.052738 0.080207
0 0.335009 0.652582 0.053156 0.086986
0 0.483321 0.546613 0.053981 0.080880
0 0.600927 0.839899 0.052671 0.086093
0 0.349838 0.430549 0.053354 0.084432
0 0.657801 0.726503 0.053602 0.079813
0 0.925526 0.737677 0.055331 0.078027
0 0.625455 0.443812 0.053999 0.087338
0 0.168145 0.432036 0.053989 0.093073
0 0.144405 0.515655 0.054952 0.079189
0 0.433644 0.421820 0.053769 0.087027
0 0.381249 0.570169 0.058492 0.080509
0 0.747651 0.606255 0.049377 0.073458
0 0.760856 0.360168 0.050556 0.083300
0 0.548400 0.681152 0.055384 0.083550
0 0.294044 0.487321 0.052099 0.088141
0 0.117953 0.640581 0.054914 0.081364
0 0.701258 0.362871 0.051994 0.088066
0 0.460071 0.693561 0.051838 0.086231
0 0.609089 0.589352 0.051589 0.081364
0 0.703004 0.662503 0.054086 0.093345
0 0.957576 0.632108 0.060451 0.091269
1 0.200135 0.317044 0.042114 0.069130
1 0.425911 0.194875 0.035095 0.094160
2 0.420062 0.020858 0.018717 0.032181
2 0.739814 0.711561 0.020277 0.030989
2 0.520667 0.883194 0.017157 0.026222
1 0.030406 0.145121 0.037109 0.098415
1 0.709012 0.102585 0.043112 0.061718
1 0.697006 0.049208 0.066032 0.061718