0 0.792671 0.972843 0.053597 0.051536
0 0.288337 0.183627 0.041042 0.079516
0 0.753723 0.712868 0.050544 0.069349
0 0.845733 0.208185 0.040321 0.073875
0 0.325310 0.196601 0.047079 0.080204
0 0.316799 0.526208 0.042467 0.072460
0 0.925244 0.314137 0.046470 0.073672
0 0.280588 0.535930 0.043638 0.075535
0 0.960120 0.296434 0.043278 0.074324
0 0.826888 0.244798 0.053640 0.085082
0 0.575211 0.678142 0.053266 0.073476
0 0.547912 0.707422 0.049307 0.067480
0 0.039057 0.990537 0.038192 0.016529
0 0.320360 0.993860 0.030932 0.010053
0 0.213790 0.077273 0.049914 0.071449
0 0.424284 0.993209 0.032939 0.011201
0 0.764058 0.300975 0.084734 0.082824
0 0.189641 0.038124 0.045376 0.073484
0 0.005443 0.980433 0.010885 0.036504
0 0.676942 0.395579 0.045232 0.069297
0 0.711567 0.420530 0.047523 0.079162
0 0.703196 0.548520 0.042255 0.082062
0 0.607951 0.270224 0.069365 0.101386
0 0.992230 0.873186 0.013864 0.057897
0 0.895538 0.988358 0.045627 0.020391
0 0.659382 0.559165 0.050181 0.078336
0 0.649278 0.981674 0.042317 0.033608
0 0.989558 0.256756 0.019168 0.074428
0 0.603227 0.987176 0.043154 0.022441
0 0.660653 0.878703 0.044528 0.071334
0 0.775804 0.152851 0.075454 0.074626
0 0.744531 0.377678 0.046413 0.072119
0 0.669207 0.949084 0.046167 0.076395
0 0.410290 0.046680 0.071736 0.091954
0 0.987730 0.498388 0.022547 0.073501
0 0.369141 0.985799 0.039832 0.025150
0 0.977962 0.977659 0.041982 0.041872
0 0.543058 0.776024 0.045037 0.076938
0 0.848666 0.137124 0.050523 0.077415
0 0.496153 0.982671 0.049302 0.031274
0 0.776497 0.589251 0.049726 0.070803
0 0.300574 0.618111 0.040753 0.064982
0 0.776269 0.018296 0.047075 0.036591
0 0.036254 0.958284 0.045826 0.074315
0 0.045728 0.015632 0.053437 0.031265
0 0.260001 0.635466 0.042996 0.075219
0 0.561590 0.914507 0.047344 0.069808
0 0.628409 0.019024 0.054139 0.038048
0 0.617400 0.930846 0.045366 0.072614
0 0.441797 0.648805 0.053434 0.064678
0 0.530247 0.858544 0.051822 0.073900
0 0.830910 0.816715 0.046844 0.071296
0 0.331950 0.761598 0.042550 0.053820
0 0.968589 0.025306 0.056214 0.050612
0 0.594371 0.791440 0.051121 0.085095
0 0.091461 0.966072 0.041171 0.059808
0 0.838294 0.892922 0.046608 0.073949
0 0.920842 0.874200 0.045320 0.067288
0 0.804000 0.068340 0.051874 0.079686
0 0.254531 0.124991 0.045936 0.080484
0 0.741090 0.222358 0.050235 0.077481
0 0.598853 0.609631 0.045679 0.074323
0 0.643148 0.119802 0.051811 0.071694
0 0.297472 0.883930 0.045245 0.068224
0 0.484494 0.924050 0.046310 0.070544
0 0.825471 0.650231 0.050059 0.071462
0 0.325176 0.116381 0.045674 0.070310
0 0.845634 0.358513 0.044571 0.073363
0 0.931053 0.956525 0.050884 0.074834
0 0.819281 0.724803 0.049416 0.070530
0 0.918455 0.075656 0.047720 0.069397
0 0.312438 0.037741 0.054103 0.075479
0 0.872878 0.029141 0.055407 0.058282
0 0.536649 0.622519 0.050860 0.079275
0 0.958392 0.380172 0.048341 0.068514
0 0.871933 0.514306 0.040220 0.063035
0 0.460059 0.707130 0.041998 0.074183
0 0.721059 0.965458 0.054482 0.065765
0 0.978579 0.581473 0.040798 0.074139
0 0.429669 0.586184 0.054086 0.079224
0 0.057663 0.072595 0.048782 0.075415
0 0.081000 0.901402 0.045123 0.069334
0 0.777187 0.814608 0.053426 0.081231
0 0.525393 0.205498 0.050852 0.072785
0 0.089967 0.831372 0.047799 0.068257
0 0.953292 0.206112 0.046064 0.070897
0 0.449427 0.960694 0.041751 0.074615
0 0.457450 0.108051 0.041817 0.080749
0 0.672470 0.190739 0.052406 0.081091
0 0.442910 0.259307 0.040165 0.079665
0 0.023400 0.124895 0.042850 0.074671
0 0.576634 0.531604 0.052255 0.085740
0 0.675640 0.307642 0.051906 0.084617
0 0.607294 0.176782 0.046645 0.077037
0 0.112713 0.092957 0.052681 0.080530
0 0.468180 0.811313 0.042666 0.075412
0 0.599774 0.072458 0.043282 0.085622
0 0.025432 0.597268 0.044067 0.072934
0 0.519032 0.125308 0.048635 0.075063
0 0.228108 0.686310 0.047853 0.074635
0 0.322247 0.949440 0.047244 0.073165
0 0.023108 0.772572 0.046216 0.077960
0 0.110444 0.419579 0.042754 0.069551
0 0.149380 0.905376 0.048440 0.077049
0 0.276695 0.792191 0.040725 0.074103
0 0.508811 0.044804 0.050007 0.077201
0 0.091405 0.166344 0.043484 0.069428
0 0.886466 0.784822 0.048455 0.077704
0 0.419708 0.328860 0.044878 0.073574
0 0.241036 0.437223 0.045290 0.071268
0 0.421069 0.771387 0.051989 0.079310
0 0.387319 0.190864 0.050479 0.080133
0 0.367722 0.718527 0.046200 0.073119
0 0.326744 0.830978 0.047589 0.074899
0 0.275029 0.316732 0.045250 0.075219
0 0.912704 0.620509 0.052689 0.085380
0 0.514792 0.382808 0.049401 0.074742
0 0.052061 0.667820 0.048819 0.077563
0 0.125360 0.776302 0.046182 0.078290
0 0.164235 0.379848 0.046892 0.079794
0 0.265196 0.945136 0.052773 0.081686
0 0.232549 0.765447 0.048693 0.076517
0 0.038356 0.517650 0.048021 0.070595
0 0.330184 0.673066 0.049592 0.079934
0 0.392167 0.848604 0.048748 0.077027
0 0.175690 0.297127 0.050061 0.081619
0 0.370313 0.269695 0.048099 0.079256
0 0.066611 0.449577 0.045058 0.083404
0 0.320659 0.388832 0.048536 0.076813
0 0.936688 0.506742 0.048390 0.074110
0 0.201763 0.222890 0.047542 0.082245
0 0.168645 0.496075 0.046758 0.074953
0 0.103115 0.699916 0.047156 0.077428
0 0.379177 0.627685 0.048724 0.078126
0 0.112401 0.572040 0.049046 0.077969
0 0.042313 0.350904 0.050287 0.081049
0 0.087142 0.251413 0.048792 0.080437
2 0.138135 0.014899 0.024176 0.029797
2 0.254727 0.216925 0.021837 0.035757
2 0.233670 0.292014 0.018717 0.028605
2 0.340904 0.296186 0.024176 0.036949
2 0.290602 0.444577 0.020277 0.038141
2 0.411483 0.400477 0.028076 0.040524
2 0.498050 0.314660 0.021837 0.038141
2 0.131116 0.956496 0.027296 0.039333
2 0.165821 0.855185 0.021837 0.036949
2 0.519497 0.930870 0.024176 0.038141
2 0.294501 0.977354 0.017157 0.030989
2 0.951942 0.666865 0.024956 0.032181
2 0.668844 0.013111 0.024956 0.026222
2 0.577598 0.014899 0.021837 0.029797
2 0.710178 0.008343 0.024956 0.016687
2 0.740204 0.008939 0.022617 0.017878
1 0.526906 0.280095 0.051472 0.071514
1 0.960520 0.722884 0.042114 0.056019
3 0.757751 0.504172 0.112303 0.152563