0 0.267230 0.094085 0.046432 0.072274
0 0.011577 0.647468 0.023155 0.076556
0 0.588686 0.085015 0.048274 0.079174
0 0.461964 0.953281 0.047780 0.074546
0 0.005588 0.954068 0.011176 0.063180
0 0.411072 0.992849 0.035778 0.011612
0 0.010162 0.214985 0.020319 0.067245
0 0.990360 0.375852 0.017427 0.072340
0 0.378726 0.007637 0.042152 0.015274
0 0.625113 0.006076 0.040655 0.012152
0 0.530693 0.007089 0.038994 0.014178
0 0.012363 0.405282 0.024727 0.073913
0 0.144754 0.661206 0.047972 0.069617
0 0.126046 0.716861 0.045181 0.077633
0 0.760767 0.984269 0.049298 0.028217
0 0.154320 0.020611 0.047104 0.041222
0 0.332068 0.412370 0.051876 0.077745
0 0.207951 0.538927 0.050765 0.068214
0 0.645404 0.745167 0.048130 0.079176
0 0.709545 0.983862 0.044701 0.028910
0 0.238902 0.664173 0.043047 0.062761
0 0.338548 0.525657 0.049567 0.074796
0 0.441387 0.014993 0.048073 0.029986
0 0.391092 0.554685 0.054745 0.078110
0 0.430161 0.903179 0.044070 0.068551
0 0.052540 0.016445 0.050482 0.032890
0 0.224318 0.597513 0.053769 0.074077
0 0.986448 0.826656 0.025139 0.070823
0 0.339365 0.614403 0.049850 0.075444
0 0.261313 0.726628 0.046313 0.069351
0 0.286989 0.660014 0.049560 0.073431
0 0.875510 0.978937 0.046800 0.038681
0 0.428555 0.299808 0.045990 0.074785
0 0.137551 0.191041 0.047575 0.066074
0 0.330304 0.695743 0.048760 0.074338
0 0.895029 0.764088 0.047485 0.068826
0 0.017371 0.770050 0.034721 0.064571
0 0.642339 0.862689 0.046114 0.067593
0 0.563959 0.370344 0.043641 0.071690
0 0.666648 0.404009 0.045798 0.072400
0 0.091152 0.569815 0.050184 0.059616
0 0.312357 0.236046 0.044981 0.072398
0 0.706140 0.026991 0.049863 0.053891
0 0.113546 0.250361 0.047068 0.068734
0 0.110512 0.121153 0.045151 0.069550
0 0.134024 0.905597 0.049671 0.077994
0 0.523305 0.454134 0.040497 0.076256
0 0.761237 0.023686 0.051016 0.047373
0 0.565407 0.471855 0.046296 0.070871
0 0.280312 0.427661 0.045978 0.072110
0 0.451379 0.354386 0.041704 0.064886
0 0.178906 0.722257 0.054277 0.081456
0 0.962232 0.030060 0.052413 0.060115
0 0.436053 0.615136 0.056524 0.078563
0 0.280827 0.182766 0.051545 0.063506
0 0.066124 0.222955 0.049443 0.070170
0 0.715217 0.422700 0.046379 0.071582
0 0.295458 0.026793 0.046371 0.053586
0 0.734916 0.869108 0.050482 0.074383
0 0.706498 0.931098 0.050077 0.070498
0 0.192116 0.464702 0.051520 0.074828
0 0.541127 0.762966 0.050206 0.079120
0 0.797161 0.442554 0.044286 0.068513
0 0.773213 0.762378 0.044784 0.062263
0 0.111423 0.414346 0.040620 0.072542
0 0.088167 0.968237 0.044243 0.060296
0 0.134528 0.973959 0.047313 0.048676
0 0.909067 0.028379 0.046200 0.056589
0 0.123296 0.321448 0.043843 0.066320
0 0.541476 0.877568 0.049422 0.058581
0 0.274766 0.904313 0.046128 0.076345
0 0.039705 0.287634 0.047782 0.070442
0 0.719041 0.095347 0.044214 0.072378
0 0.467478 0.134838 0.044033 0.068270
0 0.513919 0.696722 0.044237 0.069623
0 0.726873 0.185006 0.042799 0.069442
0 0.348593 0.123277 0.043601 0.067506
0 0.151547 0.568853 0.048105 0.068049
0 0.022995 0.070731 0.045990 0.078887
0 0.986755 0.701264 0.024440 0.071162
0 0.514921 0.323644 0.051295 0.077635
0 0.233015 0.318801 0.050924 0.076677
0 0.606481 0.404448 0.048260 0.077291
0 0.334216 0.964842 0.044413 0.066650
0 0.368391 0.465444 0.045306 0.082106
0 0.234508 0.823786 0.046164 0.071725
0 0.381097 0.890104 0.045926 0.074251
0 0.777431 0.832017 0.043278 0.065789
0 0.710570 0.703129 0.045928 0.067746
0 0.674230 0.482315 0.050135 0.074863
0 0.580147 0.639434 0.049702 0.069356
0 0.433272 0.091592 0.052573 0.090046
0 0.692103 0.572501 0.054574 0.070768
0 0.392854 0.809451 0.044870 0.070215
0 0.590945 0.221519 0.049203 0.078614
0 0.400529 0.043671 0.046350 0.070771
0 0.808629 0.968578 0.047705 0.059473
0 0.547658 0.950010 0.045687 0.070682
0 0.064297 0.404685 0.050772 0.077520
0 0.326852 0.892131 0.051870 0.073292
0 0.631422 0.554709 0.049899 0.075610
0 0.812398 0.531294 0.046549 0.075056
0 0.447921 0.752767 0.048365 0.070781
0 0.375163 0.344854 0.050434 0.077368
0 0.478433 0.471288 0.046998 0.073998
0 0.944374 0.703413 0.051477 0.065158
0 0.952602 0.775120 0.050542 0.072113
0 0.059216 0.147296 0.051799 0.070140
0 0.159516 0.408991 0.050555 0.075159
0 0.687839 0.836603 0.046482 0.073444
0 0.784789 0.360097 0.044856 0.071240
0 0.757789 0.936322 0.048037 0.065983
0 0.097987 0.832518 0.048222 0.075294
0 0.765693 0.114101 0.045469 0.079382
0 0.159296 0.098401 0.048785 0.074605
0 0.610659 0.151284 0.045821 0.072089
0 0.609576 0.297450 0.045457 0.071985
0 0.838373 0.724547 0.041237 0.062759
0 0.927725 0.321668 0.055835 0.071459
0 0.107884 0.507559 0.049318 0.072107
0 0.044449 0.616076 0.044424 0.079906
0 0.197853 0.041006 0.047083 0.079212
0 0.966476 0.449621 0.050505 0.072852
0 0.792354 0.268956 0.044014 0.073342
0 0.930955 0.397997 0.052876 0.077419
0 0.759879 0.610510 0.047301 0.070336
0 0.179875 0.242084 0.046268 0.073021
0 0.693640 0.271086 0.047080 0.087776
0 0.742358 0.279986 0.046672 0.071537
0 0.063684 0.737264 0.054897 0.081480
0 0.176704 0.956784 0.047841 0.068568
0 0.929270 0.131565 0.043004 0.079882
0 0.895511 0.263770 0.048070 0.074640
0 0.792520 0.686829 0.046691 0.074712
0 0.526032 0.096223 0.048361 0.073867
0 0.962900 0.897771 0.045707 0.071223
0 0.970083 0.100062 0.051306 0.077684
0 0.806617 0.192536 0.050629 0.075581
0 0.924987 0.952137 0.051110 0.074438
0 0.475724 0.271682 0.052429 0.091724
0 0.656547 0.649196 0.051407 0.075909
0 0.980811 0.201383 0.036194 0.067746
1 0.032043 0.449124 0.048024 0.080901
1 0.250332 0.494996 0.051298 0.060884
1 0.094528 0.630942 0.054027 0.060884
1 0.268341 0.610092 0.048024 0.064220
1 0.289897 0.547123 0.054027 0.080067
1 0.363569 0.254379 0.051844 0.095079
1 0.417323 0.478315 0.050206 0.099249
1 0.727839 0.355296 0.050206 0.065054
1 0.854174 0.493328 0.057301 0.087573
1 0.764675 0.545038 0.050752 0.082569
1 0.916113 0.501668 0.050206 0.050876
1 0.902197 0.833194 0.054027 0.065054
1 0.077611 0.911176 0.059484 0.077565
2 0.149646 0.240200 0.019100 0.030025
2 0.088525 0.669308 0.023466 0.030859
2 0.450885 0.503753 0.024558 0.041701
2 0.319093 0.156380 0.030560 0.042535
2 0.640796 0.497081 0.020192 0.030025
2 0.730841 0.550459 0.023466 0.043369
2 0.544476 0.634696 0.020737 0.035029
2 0.511460 0.824437 0.016917 0.030859
2 0.724565 0.799416 0.025103 0.034195
2 0.830162 0.462469 0.021283 0.035863
2 0.892647 0.321101 0.016372 0.026689
2 0.617603 0.027106 0.025103 0.030859