0 0.050221 0.005655 0.037373 0.011219
0 0.772067 0.006260 0.040719 0.012521
0 0.004849 0.981437 0.009698 0.034325
0 0.869580 0.989108 0.044458 0.018712
0 0.004127 0.542604 0.008254 0.062679
0 0.994150 0.695951 0.010118 0.070675
0 0.371541 0.223158 0.048151 0.083526
0 0.008107 0.211631 0.016214 0.079555
0 0.605475 0.003948 0.034875 0.007897
0 0.920194 0.990869 0.038460 0.015270
0 0.722477 0.573438 0.058935 0.074519
0 0.714690 0.510837 0.055857 0.075672
0 0.989996 0.157334 0.018242 0.065019
0 0.755439 0.985620 0.047578 0.025578
0 0.381808 0.084362 0.050718 0.078250
0 0.505246 0.977115 0.050973 0.042290
0 0.476648 0.011553 0.046875 0.023044
0 0.425952 0.013176 0.042275 0.026329
0 0.012400 0.326845 0.024772 0.076212
0 0.197791 0.020924 0.052702 0.041847
0 0.451979 0.977619 0.054405 0.041470
0 0.374728 0.019383 0.047679 0.038766
0 0.288640 0.980997 0.060275 0.034631
0 0.832005 0.701898 0.052179 0.077893
0 0.910055 0.019870 0.053052 0.039741
0 0.808872 0.765865 0.058801 0.076568
0 0.817402 0.971426 0.042289 0.054098
0 0.019179 0.741718 0.038358 0.078293
0 0.350992 0.654571 0.054367 0.084116
0 0.548750 0.537984 0.046563 0.078348
0 0.108763 0.664025 0.049330 0.085529
0 0.599937 0.815512 0.055433 0.087028
0 0.751444 0.053341 0.055990 0.084863
0 0.474851 0.914925 0.052794 0.075988
0 0.530565 0.624243 0.052446 0.090809
0 0.877264 0.415229 0.048634 0.077568
0 0.953957 0.196380 0.057130 0.087775
0 0.064338 0.711266 0.052477 0.082155
0 0.641438 0.665625 0.043808 0.088959
0 0.336422 0.495659 0.050818 0.087113
0 0.585002 0.636648 0.047012 0.077897
0 0.823692 0.541122 0.050552 0.085993
0 0.977008 0.034571 0.044300 0.069142
0 0.698542 0.897998 0.048220 0.075475
0 0.593475 0.385748 0.049192 0.074680
0 0.967540 0.842200 0.048712 0.070137
0 0.782716 0.598448 0.052098 0.081340
0 0.741738 0.685401 0.054749 0.082459
0 0.430682 0.871128 0.052714 0.080353
0 0.694062 0.647445 0.048432 0.077229
0 0.187389 0.423411 0.055947 0.101510
0 0.024845 0.046616 0.049632 0.084262
0 0.031576 0.263703 0.048227 0.074467
0 0.207246 0.956228 0.049459 0.076795
0 0.438233 0.579720 0.052514 0.077418
0 0.422218 0.510546 0.042588 0.066552
0 0.667358 0.358142 0.049518 0.078709
0 0.292190 0.760715 0.052135 0.080523
0 0.279676 0.677571 0.051239 0.084151
0 0.171517 0.879685 0.055283 0.076412
0 0.900639 0.633225 0.048770 0.086712
0 0.231779 0.648169 0.053077 0.077770
0 0.705396 0.422827 0.056285 0.087817
0 0.567630 0.892730 0.051456 0.079097
0 0.377634 0.460796 0.048551 0.074066
0 0.027375 0.649243 0.054695 0.078806
0 0.947657 0.647507 0.055126 0.094382
0 0.229464 0.374279 0.049488 0.075161
0 0.313145 0.589831 0.053441 0.083787
0 0.944735 0.935561 0.051092 0.080021
0 0.059157 0.965916 0.052707 0.064884
0 0.742657 0.353212 0.052126 0.072621
0 0.078086 0.355299 0.055627 0.082024
0 0.075969 0.593239 0.052602 0.093885
0 0.576209 0.460825 0.055023 0.075871
0 0.291907 0.097125 0.047430 0.067222
0 0.829106 0.247578 0.052152 0.077402
0 0.243269 0.049461 0.048917 0.077834
0 0.226962 0.566993 0.053417 0.076035
0 0.596374 0.721886 0.054170 0.082799
0 0.162150 0.538794 0.051045 0.077006
0 0.575662 0.971565 0.050742 0.053572
0 0.853941 0.349572 0.057885 0.083459
0 0.554881 0.029229 0.048398 0.058458
0 0.624724 0.947403 0.046833 0.074210
0 0.655746 0.759884 0.051625 0.082842
0 0.871432 0.499244 0.054901 0.082316
0 0.368831 0.951842 0.047263 0.081792
0 0.162727 0.337099 0.051806 0.082697
0 0.885725 0.796198 0.052851 0.081432
0 0.959712 0.107072 0.046407 0.071128
0 0.667882 0.265386 0.049480 0.082062
0 0.975232 0.537472 0.047494 0.090519
0 0.778486 0.299553 0.047308 0.073421
0 0.751419 0.866396 0.054552 0.080954
0 0.873490 0.197609 0.044395 0.092944
0 0.575199 0.124348 0.057486 0.089939
0 0.982390 0.449789 0.033239 0.076726
0 0.383533 0.349523 0.040851 0.069409
0 0.815161 0.171113 0.052836 0.079686
0 0.083508 0.448195 0.048665 0.086966
0 0.621913 0.309361 0.052499 0.078188
0 0.412026 0.266410 0.050093 0.072762
0 0.437747 0.347053 0.050102 0.077172
0 0.196603 0.799278 0.055659 0.086107
0 0.438693 0.434118 0.055507 0.082577
0 0.031776 0.490482 0.058912 0.084834
0 0.627904 0.060014 0.051025 0.079808
0 0.265232 0.259250 0.046221 0.077532
0 0.203968 0.103463 0.061706 0.083003
0 0.535889 0.320613 0.052928 0.078300
0 0.207069 0.277499 0.047827 0.079235
0 0.234503 0.474092 0.052603 0.097295
0 0.667917 0.176008 0.057683 0.079068
0 0.141336 0.948698 0.048894 0.079243
0 0.058162 0.185541 0.056182 0.080172
0 0.444918 0.084380 0.056812 0.086020
0 0.432478 0.170951 0.053901 0.078405
0 0.077211 0.072003 0.056934 0.085235
0 0.704028 0.106738 0.050120 0.076704
0 0.947992 0.763275 0.051194 0.087154
0 0.129557 0.270055 0.058653 0.077010
0 0.273449 0.173546 0.055766 0.086367
0 0.844174 0.094862 0.060354 0.089147
0 0.317283 0.049313 0.055566 0.083891
0 0.561131 0.239139 0.057969 0.086252
4 0.615147 0.555880 0.097684 0.155963
2 0.379395 0.292744 0.015826 0.028357
2 0.769314 0.132611 0.027286 0.040033
2 0.851718 0.300250 0.021829 0.030025
2 0.804513 0.818599 0.023466 0.030859
2 0.455251 0.822352 0.020192 0.036697