0 0.996023 0.140186 0.006734 0.056574
0 0.991190 0.912472 0.015973 0.072372
0 0.002547 0.607294 0.005094 0.053641
0 0.002993 0.515609 0.005926 0.067382
0 0.007769 0.185916 0.015516 0.075828
0 0.485474 0.245318 0.058478 0.083755
0 0.004522 0.262773 0.009044 0.053948
0 0.993088 0.346633 0.012199 0.063387
0 0.061871 0.684793 0.052559 0.077410
0 0.990719 0.802468 0.016962 0.069043
0 0.833671 0.004243 0.034591 0.008486
0 0.990818 0.044312 0.016790 0.080824
0 0.645134 0.286261 0.054928 0.082779
0 0.191869 0.990706 0.042012 0.016088
0 0.540602 0.305950 0.050843 0.084159
0 0.699800 0.008239 0.043019 0.016477
0 0.523642 0.009082 0.045185 0.018153
0 0.691400 0.222031 0.045591 0.073245
0 0.101371 0.011044 0.044460 0.022089
0 0.659891 0.405572 0.063880 0.085712
0 0.011589 0.334206 0.023154 0.074013
0 0.343357 0.020477 0.059250 0.040955
0 0.251542 0.507767 0.060045 0.090835
0 0.260254 0.103497 0.043388 0.067075
0 0.195374 0.021920 0.048445 0.043839
0 0.039062 0.914138 0.052827 0.075137
0 0.897557 0.017537 0.052997 0.035073
0 0.215708 0.734473 0.049723 0.068918
0 0.566583 0.613961 0.041458 0.057323
0 0.036187 0.831550 0.055386 0.080253
0 0.394552 0.980914 0.054265 0.035230
0 0.798109 0.856223 0.046442 0.069557
0 0.315274 0.508578 0.041871 0.071192
0 0.616157 0.740466 0.059201 0.065944
0 0.795075 0.963802 0.042535 0.065430
0 0.229496 0.963989 0.051485 0.068927
0 0.972915 0.747854 0.045283 0.065647
0 0.053769 0.039605 0.060841 0.079210
0 0.085624 0.124884 0.047920 0.081570
0 0.406311 0.407270 0.051011 0.073864
0 0.154967 0.692727 0.047499 0.072821
0 0.194790 0.882248 0.051991 0.076982
0 0.046600 0.184046 0.055882 0.088117
0 0.341407 0.163732 0.048612 0.069790
0 0.193355 0.801575 0.050739 0.074211
0 0.027350 0.746631 0.054556 0.082963
0 0.059401 0.448761 0.053674 0.077004
0 0.248870 0.793386 0.057102 0.080380
0 0.146172 0.061077 0.053677 0.080903
0 0.325328 0.722054 0.046390 0.073928
0 0.460574 0.174590 0.050262 0.075625
0 0.773029 0.445657 0.051896 0.073181
0 0.121661 0.860786 0.062649 0.076619
0 0.758694 0.222084 0.045681 0.068877
0 0.232699 0.642883 0.047708 0.069562
0 0.657114 0.035380 0.050532 0.070759
0 0.907616 0.372559 0.051525 0.078956
0 0.125654 0.227071 0.064225 0.086559
0 0.841685 0.532659 0.051222 0.078919
0 0.830521 0.795982 0.049574 0.080075
0 0.103912 0.396197 0.058036 0.077757
0 0.975924 0.670938 0.046057 0.077211
0 0.694307 0.838184 0.047887 0.076221
0 0.754354 0.788198 0.049378 0.082617
0 0.510319 0.856379 0.057290 0.083306
0 0.824067 0.430623 0.049182 0.073726
0 0.764265 0.369761 0.050879 0.072985
0 0.531431 0.384819 0.045233 0.063335
0 0.434907 0.473973 0.052252 0.078963
0 0.784207 0.039735 0.047549 0.079272
0 0.842196 0.058018 0.056733 0.067544
0 0.629815 0.833109 0.054544 0.080587
0 0.555600 0.773106 0.051503 0.083046
0 0.462820 0.624754 0.054120 0.082825
0 0.372512 0.804581 0.056488 0.071701
0 0.594989 0.964538 0.053040 0.067919
0 0.856946 0.135998 0.055044 0.081897
0 0.355778 0.879568 0.054802 0.085013
0 0.206085 0.095963 0.055836 0.077664
0 0.374662 0.511540 0.054744 0.074936
0 0.529606 0.665487 0.049869 0.079560
0 0.871030 0.320420 0.051992 0.088384
0 0.401692 0.586995 0.056261 0.084503
0 0.267102 0.180729 0.060750 0.079056
0 0.523257 0.456252 0.048262 0.069869
0 0.814441 0.678587 0.051901 0.082331
0 0.709301 0.965615 0.051225 0.065936
0 0.748127 0.518114 0.051118 0.078616
0 0.802678 0.306927 0.048419 0.080366
0 0.680751 0.594614 0.053968 0.081203
0 0.887013 0.630015 0.049370 0.074734
0 0.613651 0.114846 0.057945 0.085939
0 0.578007 0.888972 0.050990 0.079297
0 0.798177 0.182056 0.046780 0.069793
0 0.622316 0.667008 0.063729 0.074700
0 0.340966 0.318609 0.045427 0.068225
0 0.490691 0.938056 0.052652 0.083688
0 0.716063 0.700126 0.058638 0.081766
0 0.463524 0.095682 0.051207 0.073003
0 0.556675 0.192763 0.049056 0.078953
0 0.711353 0.147427 0.048626 0.074805
0 0.962177 0.309019 0.053288 0.082106
0 0.326177 0.086000 0.068576 0.080843
0 0.499988 0.771326 0.052171 0.076386
0 0.708595 0.060495 0.053140 0.080354
0 0.185207 0.260168 0.050692 0.077376
0 0.295507 0.591704 0.049600 0.084489
0 0.914932 0.254646 0.058221 0.079162
0 0.956462 0.866882 0.052144 0.085119
0 0.428709 0.779006 0.051607 0.079333
0 0.268807 0.710326 0.049037 0.084211
0 0.436258 0.950583 0.052022 0.074520
0 0.916087 0.083040 0.051878 0.079619
0 0.906923 0.168154 0.053135 0.080970
0 0.976579 0.590436 0.044751 0.075138
0 0.591620 0.307246 0.046006 0.078353
0 0.267181 0.271404 0.052366 0.084977
0 0.517415 0.107356 0.052699 0.077260
0 0.706693 0.299785 0.055477 0.088011
5 0.343923 0.438699 0.071490 0.110092
2 0.057146 0.103420 0.017463 0.026689
2 0.359749 0.622185 0.020192 0.031693
2 0.542839 0.535863 0.024012 0.037531
2 0.952949 0.512093 0.022375 0.030025
1 0.151829 0.804003 0.040929 0.076731
1 0.274344 0.404504 0.053481 0.076731
1 0.884734 0.746872 0.071490 0.112594