0 0.997038 0.874279 0.005195 0.052013
0 0.004938 0.096845 0.009850 0.051751
0 0.002692 0.500437 0.005361 0.072637
0 0.474544 0.001922 0.044930 0.003778
0 0.996078 0.102896 0.006608 0.061001
0 0.161434 0.569092 0.051124 0.070444
0 0.994308 0.368780 0.009905 0.067543
0 0.137559 0.601281 0.047202 0.077248
0 0.131682 0.968005 0.040471 0.061528
0 0.991025 0.956100 0.016384 0.076408
0 0.980374 0.993823 0.031745 0.010207
0 0.929863 0.597838 0.051608 0.100232
0 0.048236 0.150079 0.047436 0.089164
0 0.008555 0.664658 0.017101 0.055671
0 0.809831 0.005494 0.033455 0.010988
0 0.017783 0.324888 0.035554 0.060755
0 0.830317 0.992229 0.043221 0.013132
0 0.094564 0.973642 0.049143 0.050263
0 0.020780 0.269502 0.041560 0.088515
0 0.015242 0.190521 0.030423 0.076627
0 0.385612 0.816326 0.051891 0.080056
0 0.148523 0.934549 0.059044 0.075907
0 0.176295 0.010428 0.059122 0.020855
0 0.305928 0.018071 0.049923 0.036109
0 0.264579 0.014187 0.049059 0.028310
0 0.373063 0.748953 0.048423 0.082180
0 0.259211 0.951931 0.049475 0.076532
0 0.214679 0.901519 0.048002 0.079854
0 0.231211 0.973315 0.048327 0.050527
0 0.189856 0.837770 0.051353 0.119000
0 0.686424 0.982685 0.055844 0.031568
0 0.907169 0.988918 0.045547 0.019374
0 0.023484 0.395884 0.046918 0.091929
0 0.266418 0.334153 0.047890 0.079954
0 0.349147 0.325885 0.048357 0.079620
0 0.719908 0.012589 0.040769 0.025094
0 0.294551 0.985228 0.047047 0.026812
0 0.027400 0.085266 0.040124 0.066423
0 0.094029 0.021313 0.042644 0.042577
0 0.553912 0.011540 0.044279 0.023080
0 0.127069 0.045206 0.043594 0.072411
0 0.892452 0.345597 0.046631 0.074636
0 0.073181 0.914717 0.051791 0.080641
0 0.327115 0.566515 0.045683 0.083029
0 0.071768 0.233477 0.064895 0.086688
0 0.574487 0.976562 0.053750 0.043597
0 0.619212 0.944875 0.047376 0.067408
0 0.258690 0.745815 0.055592 0.076985
0 0.045078 0.026737 0.047587 0.053473
0 0.383553 0.965846 0.037923 0.064605
0 0.683351 0.028442 0.040456 0.056849
0 0.840005 0.275240 0.047427 0.075337
0 0.522079 0.976338 0.042829 0.043769
0 0.206068 0.492024 0.074077 0.090397
0 0.595484 0.179255 0.050715 0.072632
0 0.474842 0.407123 0.051556 0.082207
0 0.687295 0.929389 0.053926 0.084740
0 0.089708 0.803749 0.047559 0.087332
0 0.717692 0.865737 0.050699 0.081500
0 0.748423 0.945978 0.061484 0.087632
0 0.424221 0.966408 0.044754 0.063709
0 0.469341 0.336212 0.047879 0.073614
0 0.594818 0.870676 0.047206 0.071769
0 0.198663 0.629112 0.048473 0.089814
0 0.484889 0.282199 0.050451 0.068779
0 0.088093 0.626440 0.047040 0.073325
0 0.635196 0.203098 0.059755 0.070077
0 0.898252 0.934632 0.052031 0.079955
0 0.488837 0.199265 0.054941 0.084428
0 0.552559 0.914932 0.050857 0.076955
0 0.320233 0.390030 0.043489 0.070785
0 0.082531 0.698751 0.050502 0.069053
0 0.498945 0.873967 0.051428 0.075034
0 0.982870 0.452034 0.032195 0.079107
0 0.420128 0.310629 0.048533 0.070899
0 0.379609 0.259544 0.048795 0.084087
0 0.446203 0.855101 0.049411 0.074537
0 0.324603 0.917981 0.047386 0.086023
0 0.474227 0.967710 0.045444 0.061238
0 0.272629 0.518382 0.049377 0.076404
0 0.837213 0.042364 0.056186 0.084683
0 0.957221 0.024706 0.042941 0.049356
0 0.082266 0.389020 0.054896 0.075141
0 0.395275 0.404825 0.051963 0.091088
0 0.215648 0.401226 0.050941 0.078804
0 0.445788 0.649599 0.046687 0.074947
0 0.427490 0.468363 0.055090 0.085434
0 0.444998 0.732240 0.050971 0.077393
0 0.793459 0.887951 0.054589 0.088335
0 0.389477 0.196392 0.048581 0.078096
0 0.357065 0.040697 0.049110 0.079654
0 0.755054 0.060592 0.051050 0.072433
0 0.622049 0.433558 0.050974 0.080210
0 0.362977 0.490593 0.049472 0.080888
0 0.829272 0.487480 0.050463 0.073996
0 0.267429 0.436719 0.050461 0.075617
0 0.102595 0.311900 0.049216 0.081036
0 0.370338 0.620980 0.051545 0.080550
0 0.898393 0.737044 0.055441 0.088594
0 0.871685 0.859877 0.051238 0.080078
0 0.674760 0.094392 0.055426 0.076509
0 0.531854 0.536960 0.058677 0.079628
0 0.410756 0.033795 0.049762 0.067590
0 0.832668 0.579995 0.052866 0.085876
0 0.878417 0.425849 0.055083 0.080972
0 0.824162 0.409943 0.047392 0.072605
0 0.689737 0.762483 0.057199 0.086692
0 0.508189 0.041245 0.056686 0.077897
0 0.490720 0.604718 0.053957 0.083503
0 0.406508 0.113889 0.049570 0.076148
0 0.801712 0.134238 0.053160 0.080749
0 0.552933 0.797277 0.048513 0.081924
0 0.625921 0.045956 0.062633 0.077941
0 0.631566 0.668545 0.048513 0.080459
0 0.217149 0.312915 0.042651 0.083062
0 0.212808 0.221587 0.050007 0.077813
0 0.602334 0.354043 0.054955 0.077095
0 0.230530 0.129891 0.066005 0.081538
0 0.631397 0.279713 0.048907 0.077437
0 0.536260 0.228702 0.054666 0.090441
0 0.291492 0.255611 0.049860 0.070027
0 0.540569 0.699078 0.051789 0.087989
0 0.574260 0.479493 0.053694 0.086300
0 0.750002 0.203506 0.053597 0.086259
0 0.683137 0.344405 0.054875 0.083363
0 0.630312 0.583090 0.050084 0.081450
0 0.945591 0.372477 0.049705 0.078134
0 0.773374 0.797877 0.054683 0.087004
0 0.549952 0.609581 0.055378 0.077682
0 0.943951 0.889116 0.057672 0.083501
0 0.550814 0.133857 0.054757 0.081421
0 0.894301 0.093129 0.048704 0.079710
0 0.158385 0.311013 0.042220 0.084308
0 0.968988 0.530448 0.051225 0.077597
0 0.937698 0.185289 0.055946 0.086554
0 0.924497 0.268891 0.051457 0.075549
0 0.694757 0.430350 0.057120 0.084392
0 0.480879 0.117574 0.058676 0.077783
0 0.744447 0.371263 0.054128 0.085034
0 0.718435 0.689999 0.054707 0.081356
0 0.956939 0.101841 0.052780 0.083239
1 0.187028 0.706422 0.060029 0.050042
1 0.313636 0.749791 0.061121 0.110092
1 0.889100 0.620934 0.048569 0.095913
1 0.086615 0.150125 0.043658 0.091743
3 0.147463 0.160133 0.103142 0.150125
3 0.037305 0.753962 0.074609 0.148457
3 0.035590 0.949124 0.068215 0.101751
4 0.265067 0.839033 0.099321 0.148457
5 0.182390 0.068390 0.075855 0.103420