0 0.002575 0.827616 0.005103 0.054245
0 0.002862 0.209628 0.005725 0.051869
0 0.996199 0.073519 0.006267 0.045549
0 0.995729 0.401150 0.007272 0.045263
0 0.204963 0.003377 0.037159 0.006755
0 0.892592 0.001940 0.031706 0.003834
0 0.922650 0.994410 0.034236 0.009261
0 0.993415 0.601816 0.011625 0.060961
0 0.988394 0.471677 0.021463 0.069390
0 0.338224 0.856373 0.050124 0.068990
0 0.855936 0.991970 0.038625 0.013344
0 0.474028 0.733680 0.045810 0.069831
0 0.949083 0.028878 0.053797 0.057667
0 0.842078 0.007675 0.045402 0.015342
0 0.684839 0.796646 0.052658 0.077690
0 0.737870 0.988255 0.044085 0.020507
0 0.639363 0.420328 0.045976 0.071424
0 0.390417 0.009803 0.042313 0.019607
0 0.436626 0.763578 0.037806 0.053002
0 0.024274 0.092945 0.048547 0.065313
0 0.059571 0.914687 0.045503 0.076018
0 0.517913 0.253703 0.046988 0.065634
0 0.017842 0.888510 0.035685 0.074892
0 0.809547 0.978169 0.044678 0.040609
0 0.501017 0.113140 0.053517 0.078256
0 0.107462 0.022664 0.049510 0.045328
0 0.012871 0.455377 0.025684 0.072261
0 0.073886 0.169475 0.045502 0.078372
0 0.586828 0.803067 0.047910 0.073808
0 0.155002 0.579235 0.049654 0.065136
0 0.463345 0.224851 0.047467 0.074976
0 0.732995 0.014272 0.049204 0.028543
0 0.298680 0.909565 0.047829 0.069975
0 0.247813 0.916441 0.049770 0.077505
0 0.715124 0.838249 0.057110 0.071689
0 0.289332 0.973054 0.044049 0.050760
0 0.338366 0.016441 0.045915 0.032881
0 0.497312 0.600682 0.044100 0.062833
0 0.972375 0.533881 0.047213 0.068706
0 0.288922 0.024398 0.044072 0.048795
0 0.579272 0.020238 0.048783 0.040477
0 0.451318 0.670961 0.041458 0.063395
0 0.343572 0.941672 0.045020 0.070271
0 0.177338 0.909355 0.055868 0.082902
0 0.058567 0.752947 0.044953 0.072057
0 0.034935 0.027633 0.048751 0.055211
0 0.392105 0.862367 0.045628 0.068038
0 0.470763 0.978533 0.047813 0.039768
0 0.468293 0.552637 0.046010 0.063066
0 0.024206 0.171087 0.048411 0.080960
0 0.403660 0.974101 0.055168 0.048507
0 0.273433 0.844654 0.051537 0.069715
0 0.128950 0.236635 0.053064 0.079486
0 0.616203 0.893353 0.049804 0.071490
0 0.599983 0.292043 0.051289 0.079744
0 0.411262 0.537916 0.044793 0.072718
0 0.433410 0.824868 0.044580 0.062913
0 0.707880 0.914032 0.047369 0.070525
0 0.097165 0.590285 0.046349 0.071026
0 0.775175 0.943085 0.053544 0.070655
0 0.079489 0.070137 0.043922 0.068097
0 0.138918 0.840336 0.050202 0.070103
0 0.984315 0.281950 0.029459 0.068580
0 0.778240 0.611340 0.048056 0.072868
0 0.218240 0.434220 0.046017 0.065592
0 0.821469 0.642017 0.056826 0.067363
0 0.180961 0.714122 0.050650 0.071701
0 0.822828 0.708730 0.058907 0.063618
0 0.508874 0.671815 0.053260 0.077060
0 0.017571 0.630728 0.035142 0.072744
0 0.345171 0.782384 0.049136 0.070650
0 0.820018 0.567325 0.053997 0.069814
0 0.983180 0.740029 0.031780 0.068430
0 0.319858 0.092486 0.051288 0.074959
0 0.413694 0.232000 0.047977 0.076238
0 0.102593 0.783288 0.047782 0.076054
0 0.746107 0.670058 0.055947 0.082508
0 0.682528 0.584314 0.049660 0.064397
0 0.150301 0.651549 0.054251 0.069137
0 0.181075 0.788310 0.046292 0.069571
0 0.675593 0.493886 0.056025 0.077427
0 0.052764 0.427878 0.051664 0.073224
0 0.882886 0.711509 0.050992 0.070212
0 0.439879 0.291256 0.047572 0.063767
0 0.977688 0.662784 0.042588 0.069465
0 0.901484 0.523099 0.050800 0.073331
0 0.972357 0.965192 0.048975 0.066140
0 0.822336 0.491435 0.056779 0.071981
0 0.074857 0.497280 0.051650 0.079867
0 0.899079 0.783250 0.053956 0.069323
0 0.505362 0.493599 0.052484 0.066416
0 0.454727 0.886039 0.048217 0.070680
0 0.660469 0.937118 0.049474 0.077098
0 0.693545 0.690463 0.046877 0.075350
0 0.873388 0.848410 0.053211 0.072603
0 0.645447 0.748281 0.053898 0.082084
0 0.124110 0.518734 0.046272 0.073413
0 0.410405 0.712234 0.047410 0.069883
0 0.639640 0.630626 0.049440 0.073877
0 0.768388 0.464532 0.052295 0.076010
0 0.257021 0.070127 0.057058 0.070880
0 0.879042 0.634601 0.052451 0.074632
0 0.294277 0.696724 0.047704 0.078682
0 0.557267 0.901240 0.049352 0.079972
0 0.430639 0.067917 0.048771 0.070816
0 0.699524 0.272107 0.046797 0.065970
0 0.729989 0.517430 0.046855 0.080743
0 0.305108 0.549959 0.052978 0.077209
0 0.272713 0.484881 0.051348 0.083366
0 0.287747 0.614495 0.046919 0.072572
0 0.480632 0.035378 0.055314 0.070757
0 0.062875 0.674749 0.050665 0.064092
0 0.589503 0.430353 0.048020 0.074591
0 0.107135 0.948798 0.052531 0.078318
0 0.223180 0.508340 0.053003 0.069387
0 0.601299 0.208620 0.052969 0.069621
0 0.052358 0.838741 0.049366 0.066751
0 0.697178 0.055998 0.064148 0.068405
0 0.647019 0.251857 0.051405 0.080247
0 0.548318 0.584855 0.052551 0.084945
0 0.577386 0.358585 0.044214 0.064578
0 0.445647 0.480176 0.054819 0.080751
0 0.891316 0.390460 0.052531 0.071964
0 0.942313 0.478865 0.047069 0.073993
0 0.922605 0.597097 0.047301 0.073363
0 0.356348 0.704999 0.050016 0.071542
0 0.598571 0.556987 0.046277 0.077236
0 0.530947 0.357119 0.045647 0.078457
0 0.571720 0.731558 0.054420 0.063443
0 0.863855 0.449163 0.050677 0.071502
0 0.553229 0.116843 0.044038 0.065289
0 0.494518 0.407106 0.057176 0.071218
0 0.359944 0.552815 0.048560 0.069443
0 0.191520 0.063361 0.051996 0.074179
0 0.302913 0.248386 0.052778 0.073520
0 0.863421 0.296276 0.048011 0.069089
0 0.639668 0.085463 0.048872 0.075468
0 0.795016 0.392897 0.051017 0.073367
0 0.245442 0.138144 0.047610 0.068059
0 0.292196 0.171244 0.053039 0.074562
0 0.977319 0.350194 0.043289 0.065404
0 0.434806 0.608647 0.049620 0.066989
0 0.506672 0.887907 0.045747 0.080612
0 0.791948 0.174058 0.053506 0.076265
0 0.397128 0.150034 0.051039 0.080564
0 0.353750 0.460095 0.048330 0.072098
0 0.618319 0.148866 0.052681 0.069126
0 0.791976 0.868430 0.052450 0.076419
0 0.730364 0.329909 0.051910 0.069741
0 0.172592 0.276938 0.050893 0.075094
0 0.708169 0.125037 0.053465 0.070413
0 0.876639 0.221363 0.048575 0.079009
0 0.975530 0.887507 0.046900 0.075446
0 0.978920 0.199524 0.040186 0.079229
0 0.926006 0.209272 0.051236 0.080001
0 0.914050 0.322863 0.049836 0.077255
0 0.851432 0.939724 0.053073 0.079240
0 0.372872 0.369313 0.046515 0.068910
0 0.769643 0.269586 0.051891 0.076854
0 0.891723 0.077889 0.051363 0.078127
1 0.113902 0.167223 0.043658 0.079233
1 0.335738 0.634279 0.047478 0.069224
1 0.566305 0.062135 0.050206 0.059216
1 0.506276 0.185571 0.060029 0.064220
1 0.705737 0.200584 0.050752 0.069224
2 0.204764 0.965388 0.022375 0.035863
2 0.548296 0.472894 0.025103 0.043369
2 0.565760 0.639700 0.028378 0.033361
2 0.675450 0.432444 0.030560 0.044204
2 0.831253 0.755630 0.024558 0.040033
2 0.850627 0.034612 0.034926 0.047540