0 0.996461 0.405997 0.005756 0.044966
0 0.003449 0.163350 0.006899 0.057121
0 0.789529 0.828050 0.045591 0.073483
0 0.683878 0.981997 0.047968 0.032954
0 0.183358 0.003196 0.037621 0.006319
0 0.993842 0.083837 0.010751 0.062707
0 0.724967 0.986539 0.038597 0.024042
0 0.534661 0.065854 0.050566 0.075959
0 0.006372 0.907655 0.012745 0.061080
0 0.704949 0.732198 0.046375 0.064346
0 0.179089 0.992131 0.034925 0.013233
0 0.579651 0.005688 0.031003 0.011377
0 0.544038 0.028183 0.046105 0.056322
0 0.788885 0.006822 0.041679 0.013644
0 0.988873 0.276312 0.020355 0.072905
0 0.710482 0.289685 0.040805 0.090021
0 0.408887 0.007750 0.037413 0.015499
0 0.875880 0.023468 0.052256 0.046913
0 0.493289 0.921606 0.048993 0.077952
0 0.448208 0.987200 0.044434 0.022576
0 0.613282 0.986962 0.046676 0.023159
0 0.077783 0.987070 0.046164 0.022886
0 0.925757 0.012753 0.045362 0.025507
0 0.750460 0.782580 0.045816 0.077955
0 0.447864 0.917385 0.050250 0.079539
0 0.017370 0.975812 0.034740 0.045423
0 0.808522 0.971288 0.046111 0.054339
0 0.626314 0.013521 0.045796 0.027043
0 0.488600 0.838397 0.053055 0.074990
0 0.935276 0.980628 0.053839 0.035578
0 0.022028 0.785079 0.044057 0.074648
0 0.336463 0.640425 0.048795 0.070041
0 0.112304 0.380637 0.050465 0.074678
0 0.652222 0.354714 0.047947 0.067950
0 0.391206 0.524488 0.048514 0.068461
0 0.364252 0.792612 0.056596 0.064335
0 0.352609 0.119766 0.045900 0.077468
0 0.117326 0.542187 0.049648 0.071774
0 0.284498 0.624709 0.050246 0.075349
0 0.345853 0.578830 0.049490 0.068436
0 0.014132 0.648443 0.028264 0.079138
0 0.317687 0.844073 0.050590 0.077583
0 0.015069 0.399893 0.030136 0.080341
0 0.445497 0.780160 0.047386 0.084121
0 0.158808 0.309033 0.047226 0.066716
0 0.366297 0.881922 0.051352 0.077263
0 0.089699 0.303246 0.049818 0.074868
0 0.014390 0.271003 0.028772 0.074164
0 0.023521 0.516026 0.047043 0.076413
0 0.497224 0.412938 0.059330 0.074801
0 0.968200 0.346259 0.050732 0.083353
0 0.234029 0.434512 0.048167 0.075302
0 0.534941 0.495391 0.055725 0.079512
0 0.714908 0.657335 0.060044 0.075628
0 0.876557 0.583637 0.045295 0.064281
0 0.381674 0.962214 0.051220 0.071978
0 0.168638 0.581879 0.050368 0.079627
0 0.195597 0.862837 0.049380 0.078163
0 0.964595 0.041818 0.045800 0.082772
0 0.889988 0.394897 0.049237 0.075870
0 0.225337 0.277945 0.056124 0.080344
0 0.670546 0.606719 0.050627 0.077272
0 0.385930 0.441558 0.048567 0.075263
0 0.196087 0.203698 0.048779 0.075264
0 0.183104 0.414436 0.047171 0.069690
0 0.333450 0.719467 0.049863 0.073616
0 0.474782 0.536855 0.046542 0.076667
0 0.444876 0.335907 0.046588 0.081805
0 0.689330 0.425625 0.052705 0.075428
0 0.276166 0.230598 0.049955 0.075831
0 0.244164 0.173311 0.045838 0.074168
0 0.463239 0.616934 0.057164 0.068471
0 0.574320 0.554737 0.048080 0.070316
0 0.344336 0.394286 0.048280 0.073348
0 0.366794 0.043152 0.053792 0.079182
0 0.654393 0.847487 0.049224 0.075558
0 0.574351 0.826915 0.044772 0.073075
0 0.551302 0.702685 0.048720 0.071679
0 0.559862 0.625639 0.047221 0.065104
0 0.812898 0.522894 0.046636 0.068035
0 0.055636 0.252104 0.044463 0.073263
0 0.127907 0.969600 0.048940 0.057806
0 0.316927 0.304082 0.053582 0.076317
0 0.271796 0.908625 0.050999 0.076913
0 0.622622 0.578301 0.041519 0.078401
0 0.613876 0.666533 0.049376 0.074254
0 0.977070 0.895079 0.043827 0.071153
0 0.147252 0.893518 0.047854 0.076087
0 0.152600 0.759182 0.046453 0.077501
0 0.146884 0.481200 0.055446 0.075906
0 0.054689 0.723235 0.052164 0.078353
0 0.781492 0.907244 0.051876 0.074278
0 0.296702 0.027934 0.048740 0.055816
0 0.105800 0.782795 0.051974 0.078302
0 0.548735 0.312156 0.048311 0.071934
0 0.682183 0.027974 0.050226 0.055934
0 0.978901 0.815212 0.040236 0.077605
0 0.754659 0.586831 0.054171 0.079897
0 0.242216 0.547280 0.049263 0.074702
0 0.715892 0.867229 0.048324 0.074683
0 0.584487 0.125306 0.050378 0.086314
0 0.929572 0.877404 0.049459 0.084357
0 0.277286 0.479539 0.048901 0.068097
0 0.743261 0.040978 0.044102 0.066162
0 0.125344 0.669770 0.043786 0.077939
0 0.710381 0.501991 0.049864 0.072993
0 0.887755 0.714956 0.049122 0.075010
0 0.904543 0.484048 0.049499 0.077400
0 0.327233 0.507254 0.049795 0.073830
0 0.829688 0.305572 0.048688 0.076033
0 0.793971 0.057121 0.051021 0.079158
0 0.183044 0.701839 0.047402 0.080256
0 0.235806 0.707928 0.050871 0.083856
0 0.975173 0.582859 0.046882 0.071769
0 0.748940 0.335680 0.045537 0.070146
0 0.757019 0.417812 0.044132 0.079570
0 0.908701 0.784515 0.052599 0.067748
0 0.226558 0.960819 0.048688 0.070816
0 0.628362 0.772644 0.050664 0.075044
0 0.703493 0.089656 0.045693 0.068824
0 0.428537 0.078170 0.053921 0.070870
0 0.239090 0.818889 0.047032 0.074491
0 0.436008 0.692428 0.056314 0.079230
0 0.493530 0.336535 0.048745 0.068656
0 0.855379 0.086432 0.047651 0.080794
0 0.914728 0.630848 0.049945 0.074757
0 0.799866 0.245601 0.051700 0.071648
0 0.906213 0.286830 0.052070 0.080924
0 0.055127 0.611585 0.048400 0.075322
0 0.127209 0.242576 0.046670 0.074012
0 0.056511 0.087291 0.055735 0.086244
0 0.630760 0.084411 0.049616 0.066441
0 0.611929 0.190859 0.047857 0.072666
0 0.138369 0.064630 0.052326 0.079592
0 0.833509 0.451356 0.051508 0.070004
0 0.285073 0.119390 0.050142 0.076239
0 0.479402 0.062962 0.047861 0.074826
0 0.942565 0.221414 0.047089 0.071702
0 0.870979 0.937446 0.051702 0.077934
0 0.403083 0.266216 0.050222 0.074829
0 0.831724 0.710788 0.051776 0.077613
0 0.664410 0.251722 0.053267 0.082028
0 0.951677 0.137674 0.052622 0.078919
0 0.823291 0.167527 0.048956 0.082538
0 0.951990 0.706567 0.050795 0.079496
0 0.566128 0.242670 0.047667 0.073532
0 0.965398 0.442918 0.053153 0.083556
0 0.743867 0.180975 0.049374 0.074807
1 0.077338 0.409091 0.036018 0.069224
1 0.643252 0.469975 0.062212 0.080901
1 0.767950 0.512927 0.040929 0.070058
2 0.387308 0.324437 0.026195 0.038365
2 0.071335 0.860717 0.026195 0.045038
2 0.789506 0.374479 0.026195 0.048374
2 0.870545 0.510008 0.024558 0.044204