0 0.996031 0.157020 0.006673 0.054602
0 0.992631 0.882252 0.013168 0.068076
0 0.994898 0.801307 0.008822 0.058139
0 0.995372 0.969703 0.007928 0.054986
0 0.595522 0.003670 0.032862 0.007268
0 0.541695 0.994246 0.040697 0.009444
0 0.990513 0.585614 0.017237 0.064700
0 0.970960 0.993369 0.030719 0.010827
0 0.005183 0.940389 0.010366 0.057964
0 0.664098 0.001993 0.033106 0.003945
0 0.895126 0.865220 0.046698 0.074244
0 0.011462 0.212333 0.022905 0.077374
0 0.006272 0.310097 0.012543 0.063796
0 0.774087 0.004748 0.037564 0.009496
0 0.260479 0.991714 0.038802 0.013607
0 0.517050 0.355446 0.051679 0.071812
0 0.848261 0.007264 0.040339 0.014527
0 0.020923 0.548143 0.041151 0.085580
0 0.386421 0.988123 0.042445 0.020606
0 0.227133 0.751318 0.056356 0.064038
0 0.018599 0.983137 0.037198 0.030594
0 0.167925 0.665615 0.056498 0.085705
0 0.082176 0.300776 0.056155 0.073122
0 0.042608 0.512873 0.054856 0.085524
0 0.792460 0.988001 0.044755 0.020982
0 0.987369 0.735130 0.023328 0.064596
0 0.702674 0.476430 0.048884 0.077199
0 0.987263 0.320188 0.023389 0.069938
0 0.957184 0.012086 0.047346 0.024173
0 0.677548 0.441192 0.047600 0.080517
0 0.649366 0.984038 0.046225 0.028632
0 0.642040 0.389487 0.046092 0.064115
0 0.808696 0.636208 0.048168 0.077515
0 0.072950 0.604052 0.052518 0.067596
0 0.720251 0.014185 0.044667 0.028370
0 0.488263 0.018968 0.049938 0.037935
0 0.069375 0.437878 0.044382 0.068728
0 0.626621 0.672733 0.047020 0.066455
0 0.285692 0.243177 0.048080 0.073858
0 0.982442 0.661615 0.033000 0.073006
0 0.937123 0.463693 0.047150 0.073931
0 0.136408 0.982356 0.046821 0.031997
0 0.936674 0.981577 0.042658 0.033495
0 0.953624 0.540752 0.048236 0.074083
0 0.802441 0.716109 0.045408 0.073973
0 0.467543 0.379352 0.044837 0.075803
0 0.326838 0.774863 0.045473 0.067417
0 0.056192 0.366467 0.047431 0.069258
0 0.051356 0.251964 0.052539 0.075489
0 0.295213 0.465698 0.050988 0.073586
0 0.346879 0.511654 0.044781 0.068500
0 0.585073 0.944900 0.048061 0.072129
0 0.539145 0.032235 0.050329 0.064471
0 0.460996 0.814335 0.050570 0.074737
0 0.983831 0.502271 0.030232 0.075302
0 0.350217 0.023437 0.044375 0.046875
0 0.779594 0.784057 0.045815 0.070177
0 0.514521 0.496115 0.051660 0.073219
0 0.683876 0.792084 0.052217 0.061122
0 0.229462 0.908981 0.048817 0.070824
0 0.626343 0.337706 0.052381 0.075551
0 0.403610 0.737313 0.047729 0.075870
0 0.399122 0.813024 0.049909 0.066371
0 0.116109 0.359755 0.050584 0.073729
0 0.916583 0.615965 0.054222 0.075045
0 0.756654 0.710155 0.042080 0.084709
0 0.088106 0.974700 0.045216 0.047261
0 0.534458 0.666518 0.049025 0.076772
0 0.200190 0.437981 0.054769 0.075004
0 0.623504 0.197207 0.047573 0.074706
0 0.469857 0.471697 0.048600 0.077069
0 0.977409 0.425390 0.043000 0.074784
0 0.099791 0.657470 0.054092 0.054476
0 0.847912 0.650879 0.053033 0.073700
0 0.024053 0.833121 0.048107 0.074922
0 0.533691 0.932590 0.049941 0.066432
0 0.020026 0.403777 0.040053 0.078175
0 0.912288 0.756850 0.051744 0.078742
0 0.927117 0.928472 0.049996 0.069577
0 0.830827 0.496814 0.043862 0.068109
0 0.698053 0.640155 0.049735 0.073083
0 0.508423 0.747710 0.053445 0.072815
0 0.514239 0.575788 0.050513 0.075936
0 0.447984 0.315942 0.050693 0.080709
0 0.396582 0.883846 0.050503 0.065572
0 0.116372 0.072378 0.048288 0.073542
0 0.878201 0.476060 0.046264 0.072377
0 0.243502 0.384461 0.047894 0.071717
0 0.647979 0.873965 0.056695 0.079024
0 0.321724 0.896513 0.051364 0.076919
0 0.672327 0.713510 0.053602 0.081063
0 0.020654 0.753802 0.041307 0.080928
0 0.339764 0.969010 0.051494 0.058448
0 0.607833 0.603374 0.049532 0.072328
0 0.053953 0.941506 0.048190 0.075813
0 0.930541 0.685771 0.053151 0.067719
0 0.735300 0.324454 0.056378 0.073772
0 0.925012 0.399055 0.051094 0.076075
0 0.409425 0.399375 0.049618 0.068731
0 0.456667 0.660021 0.047951 0.080554
0 0.115974 0.483465 0.051463 0.074927
0 0.739990 0.878040 0.049145 0.085319
0 0.385658 0.177325 0.049370 0.073218
0 0.550280 0.425800 0.052860 0.096225
0 0.119823 0.891844 0.052437 0.080663
0 0.352205 0.711768 0.051930 0.077500
0 0.516806 0.853825 0.050433 0.079409
0 0.125497 0.566668 0.055692 0.081111
0 0.734199 0.800026 0.040992 0.062608
0 0.789853 0.296674 0.055155 0.085728
0 0.725968 0.400778 0.051082 0.071276
0 0.490371 0.968946 0.048838 0.058683
0 0.779738 0.410577 0.047383 0.074829
0 0.454808 0.739383 0.044569 0.068987
0 0.572750 0.872407 0.047193 0.072092
0 0.065376 0.717230 0.050888 0.068369
0 0.959712 0.876362 0.044720 0.063705
0 0.557696 0.780753 0.046764 0.079226
0 0.148615 0.750075 0.050231 0.067470
0 0.189403 0.256620 0.052495 0.078804
0 0.349659 0.285892 0.047886 0.076845
0 0.577416 0.304757 0.046074 0.082518
0 0.438806 0.968994 0.047647 0.058530
0 0.857920 0.725932 0.055065 0.072036
0 0.288432 0.024581 0.050256 0.049162
0 0.169513 0.373095 0.053020 0.084568
0 0.583645 0.071662 0.047417 0.077512
0 0.274803 0.170183 0.049022 0.071210
0 0.273737 0.946264 0.052669 0.073979
0 0.713116 0.557906 0.050668 0.077211
0 0.646102 0.266502 0.052829 0.070323
0 0.960266 0.797482 0.051503 0.081107
0 0.627701 0.512364 0.047608 0.079428
0 0.701896 0.245581 0.049695 0.076887
0 0.048540 0.175065 0.049210 0.072577
0 0.691813 0.947537 0.054360 0.081588
0 0.879633 0.040894 0.046210 0.073464
0 0.258224 0.096001 0.050024 0.075355
0 0.214941 0.188109 0.047686 0.071048
0 0.802691 0.938774 0.050540 0.078655
0 0.834869 0.822029 0.051761 0.077573
0 0.851370 0.910915 0.050717 0.081778
0 0.037948 0.045752 0.055014 0.076866
0 0.238327 0.677624 0.050531 0.076432
0 0.778655 0.529599 0.050248 0.074179
0 0.224213 0.524755 0.059376 0.079236
0 0.918917 0.320509 0.047178 0.071496
0 0.389814 0.470473 0.052393 0.074822
0 0.616048 0.770901 0.051458 0.075544
0 0.396788 0.041753 0.048972 0.076215
0 0.163204 0.935226 0.048281 0.072537
0 0.955867 0.073886 0.046779 0.077268
0 0.488184 0.265219 0.050615 0.081237
0 0.355430 0.112021 0.052057 0.077678
0 0.226029 0.311626 0.047614 0.072371
0 0.638141 0.095937 0.051251 0.080058
0 0.904416 0.166975 0.046077 0.072087
0 0.832458 0.403923 0.050815 0.074390
0 0.299430 0.380585 0.055651 0.081604
0 0.535663 0.235181 0.047898 0.076952
0 0.137972 0.277784 0.047630 0.073853
0 0.335495 0.632999 0.056203 0.080111
0 0.408450 0.548610 0.054715 0.078775
0 0.976624 0.248364 0.044622 0.076056
0 0.197001 0.116214 0.048771 0.071117
0 0.432319 0.223138 0.055370 0.079865
0 0.185373 0.582864 0.050874 0.076141
0 0.146556 0.144391 0.054701 0.076699
0 0.017388 0.631646 0.034776 0.074565
0 0.693906 0.108018 0.048861 0.070685
0 0.218545 0.045481 0.049560 0.075097
0 0.150567 0.828493 0.051673 0.077089
0 0.229605 0.827864 0.058769 0.080780
0 0.854360 0.246050 0.048212 0.073411
0 0.290815 0.559880 0.052194 0.078576
0 0.921896 0.238900 0.054488 0.078657
0 0.821866 0.099132 0.055274 0.068721
0 0.356363 0.391830 0.049425 0.081198
0 0.965905 0.166721 0.048584 0.073942
1 0.672175 0.183903 0.045841 0.067556
1 0.769041 0.605088 0.047478 0.057548
2 0.911747 0.557965 0.022920 0.033361
2 0.920752 0.538365 0.016917 0.029191