0 0.425527 0.835551 0.046982 0.081730
0 0.694229 0.004943 0.036454 0.009886
0 0.418243 0.024548 0.049569 0.049090
0 0.202981 0.754719 0.052210 0.072505
0 0.297238 0.265264 0.051966 0.076559
0 0.228649 0.821143 0.051247 0.079442
0 0.318345 0.100646 0.049473 0.072331
0 0.443029 0.718213 0.053376 0.083187
0 0.013871 0.939573 0.027742 0.081426
0 0.845295 0.020885 0.052406 0.041771
0 0.347266 0.170573 0.050332 0.074664
0 0.142142 0.760228 0.054856 0.083968
0 0.498711 0.572925 0.048190 0.074417
0 0.137948 0.854141 0.059142 0.085631
0 0.279667 0.393207 0.049322 0.073831
0 0.567287 0.901352 0.043692 0.068739
0 0.561579 0.970248 0.052719 0.056600
0 0.359949 0.032957 0.047173 0.065594
0 0.172272 0.690558 0.053981 0.083270
0 0.882514 0.661450 0.050858 0.077069
0 0.608246 0.659286 0.048271 0.077625
0 0.017657 0.849260 0.035315 0.084970
0 0.310003 0.898881 0.055714 0.078171
0 0.931345 0.723907 0.051089 0.077077
0 0.849381 0.971976 0.056425 0.053469
0 0.089706 0.542511 0.054288 0.079368
0 0.602029 0.576018 0.053909 0.076081
0 0.056868 0.618320 0.050379 0.078565
0 0.869980 0.093109 0.051822 0.079139
0 0.758533 0.969197 0.054817 0.058562
0 0.460721 0.623218 0.048211 0.077448
0 0.385199 0.660074 0.044241 0.081588
0 0.452170 0.520374 0.052733 0.076964
0 0.699267 0.364968 0.053540 0.077581
0 0.490562 0.035710 0.056927 0.071419
0 0.800538 0.529719 0.052472 0.078281
0 0.076565 0.745219 0.047809 0.080120
0 0.311554 0.642422 0.047791 0.073397
0 0.499618 0.870264 0.053722 0.069409
0 0.277607 0.035205 0.050371 0.070077
0 0.394278 0.215587 0.050555 0.072766
0 0.486573 0.772372 0.055865 0.082821
0 0.751666 0.897850 0.052224 0.073817
0 0.613681 0.126185 0.047539 0.078249
0 0.334711 0.782472 0.058338 0.090225
0 0.668572 0.150484 0.050643 0.071760
0 0.224301 0.657714 0.055765 0.081254
0 0.493821 0.972204 0.050203 0.052681
0 0.621858 0.917290 0.054709 0.090478
0 0.746286 0.571072 0.053132 0.080971
0 0.566489 0.816043 0.056430 0.079006
0 0.918002 0.029911 0.050567 0.059822
0 0.279475 0.164624 0.053845 0.068642
0 0.917921 0.814814 0.053904 0.087861
0 0.973710 0.790805 0.051055 0.103040
0 0.896260 0.442727 0.047796 0.076207
0 0.851995 0.589540 0.052444 0.080665
0 0.656278 0.707895 0.048871 0.078807
0 0.654888 0.066141 0.047626 0.075379
0 0.687741 0.239179 0.051006 0.068078
0 0.293339 0.534172 0.052792 0.084320
0 0.810226 0.102808 0.053755 0.078173
0 0.727905 0.467523 0.052234 0.079387
0 0.772921 0.750431 0.053588 0.081815
0 0.137155 0.427483 0.053659 0.079226
0 0.490604 0.427193 0.053081 0.079194
0 0.840627 0.433426 0.056279 0.080305
0 0.025159 0.226466 0.049679 0.073207
0 0.034934 0.086405 0.059002 0.079852
0 0.208209 0.397535 0.054415 0.085609
0 0.974263 0.659186 0.049766 0.077124
0 0.852381 0.889053 0.053326 0.084864
0 0.180061 0.110143 0.049174 0.072248
0 0.845962 0.246715 0.050848 0.079075
0 0.792802 0.299056 0.050278 0.072622
0 0.922860 0.105937 0.048400 0.079737
0 0.919821 0.947356 0.055112 0.082327
0 0.977557 0.340637 0.043123 0.082537
0 0.098807 0.131225 0.056695 0.079108
0 0.982231 0.229549 0.033854 0.073432
1 0.472714 0.192244 0.056209 0.082569
1 0.025299 0.517515 0.050598 0.082569
1 0.305177 0.831109 0.054027 0.059216
2 0.238326 0.230609 0.021829 0.032527
2 0.068334 0.800667 0.025649 0.036697
2 0.174204 0.873645 0.022375 0.035863
2 0.338193 0.939950 0.024012 0.033361
2 0.921843 0.534195 0.030015 0.047540
2 0.746666 0.129274 0.033289 0.046706
1 0.734388 0.075480 0.057847 0.079233