0 0.002961 0.903507 0.005921 0.054672
0 0.954437 0.004803 0.034272 0.009572
0 0.003255 0.493235 0.006510 0.055792
0 0.830070 0.005738 0.039101 0.011475
0 0.629659 0.990501 0.026107 0.016540
0 0.113614 0.994344 0.036514 0.009801
0 0.990028 0.152855 0.018317 0.080415
0 0.733481 0.006250 0.042286 0.012500
0 0.816212 0.988829 0.046614 0.019522
0 0.189975 0.991023 0.042578 0.015871
0 0.663970 0.971117 0.052281 0.055100
0 0.253733 0.034169 0.051646 0.068325
0 0.463507 0.010565 0.045404 0.021130
0 0.671487 0.246436 0.052439 0.083066
0 0.471090 0.613050 0.055106 0.070791
0 0.613371 0.022183 0.048028 0.044365
0 0.425463 0.946104 0.057620 0.086975
0 0.738403 0.955220 0.052502 0.081998
0 0.331793 0.778796 0.051359 0.075535
0 0.025775 0.555272 0.051549 0.090098
0 0.591074 0.960297 0.058932 0.076479
0 0.644510 0.823666 0.051127 0.083045
0 0.089212 0.033764 0.046324 0.067497
0 0.200745 0.028118 0.050138 0.056098
0 0.581278 0.618125 0.055947 0.077504
0 0.024221 0.356916 0.048441 0.076426
0 0.706366 0.860106 0.050716 0.088233
0 0.598934 0.244682 0.045394 0.071597
0 0.678342 0.672386 0.043750 0.081332
0 0.387627 0.766249 0.049464 0.079116
0 0.102959 0.552455 0.050317 0.073933
0 0.830124 0.909181 0.049540 0.076357
0 0.247719 0.404266 0.054032 0.076498
0 0.605072 0.525176 0.059549 0.078722
0 0.063354 0.411481 0.048136 0.075640
0 0.853933 0.099475 0.047599 0.083099
0 0.819831 0.049315 0.053269 0.073589
0 0.103918 0.104689 0.045442 0.074145
0 0.383238 0.865149 0.053997 0.073618
0 0.297402 0.946093 0.060567 0.089584
0 0.448703 0.164739 0.054156 0.080232
0 0.718026 0.056805 0.057632 0.088664
0 0.175245 0.495078 0.046090 0.079548
0 0.766310 0.444446 0.052982 0.078360
0 0.217679 0.944790 0.057643 0.074973
0 0.350575 0.269541 0.046268 0.072226
0 0.716282 0.177432 0.050583 0.074639
0 0.397497 0.120348 0.048413 0.075253
0 0.112908 0.860035 0.051836 0.078579
0 0.037482 0.044542 0.050152 0.073951
0 0.231151 0.486419 0.054542 0.081743
0 0.380503 0.335925 0.054646 0.079144
0 0.423300 0.705248 0.052743 0.092458
0 0.899913 0.035685 0.060851 0.071370
0 0.587762 0.424427 0.049145 0.082367
0 0.119267 0.675473 0.052047 0.082695
0 0.222302 0.768663 0.053039 0.078647
0 0.299865 0.709906 0.060972 0.081454
0 0.775726 0.619269 0.057105 0.085059
0 0.958413 0.396137 0.044163 0.075028
0 0.610350 0.325042 0.054805 0.083923
0 0.821561 0.237993 0.048346 0.086254
0 0.035671 0.275546 0.051519 0.085379
0 0.642358 0.590235 0.056129 0.082572
0 0.360393 0.627871 0.057505 0.072576
0 0.109605 0.463530 0.054656 0.083741
0 0.568974 0.046972 0.056515 0.084817
0 0.085174 0.735899 0.052221 0.085171
0 0.933630 0.955417 0.052989 0.084832
0 0.026022 0.737024 0.051134 0.079194
0 0.782953 0.295706 0.055470 0.087454
0 0.509082 0.196424 0.058399 0.084093
0 0.410926 0.039462 0.056069 0.078697
0 0.777545 0.155830 0.058291 0.089158
0 0.801090 0.831051 0.058551 0.085963
0 0.153006 0.086732 0.045705 0.075367
0 0.616066 0.170853 0.053485 0.079447
0 0.372515 0.416652 0.055271 0.074750
0 0.844304 0.322290 0.051367 0.073516
0 0.191174 0.375221 0.059571 0.091752
0 0.942575 0.467840 0.048153 0.074844
0 0.319349 0.451701 0.057633 0.083424
0 0.890690 0.452638 0.049253 0.081767
0 0.457717 0.086014 0.051845 0.082792
0 0.214332 0.682168 0.056047 0.080432
0 0.860904 0.665989 0.052993 0.079850
0 0.241908 0.845942 0.056510 0.074967
0 0.433161 0.248710 0.053313 0.077130
0 0.827316 0.431869 0.056968 0.081461
0 0.692706 0.477963 0.055821 0.077729
0 0.440590 0.348460 0.049764 0.082350
0 0.637341 0.100013 0.054190 0.084793
0 0.978670 0.068272 0.040906 0.082827
0 0.344121 0.110928 0.052135 0.081775
0 0.147370 0.191651 0.054931 0.081990
0 0.256998 0.152723 0.051737 0.085627
0 0.921893 0.618522 0.055267 0.085707
0 0.198125 0.260333 0.051736 0.083662
0 0.891077 0.179951 0.053018 0.086176
0 0.954729 0.719772 0.056384 0.084360
0 0.914664 0.330632 0.053141 0.079801
1 0.680361 0.322769 0.050206 0.065054
1 0.494270 0.550459 0.061121 0.076731
1 0.534653 0.825271 0.051298 0.082569
2 0.184845 0.064220 0.026195 0.036697
2 0.188393 0.206839 0.025649 0.038365
2 0.794963 0.397832 0.026195 0.036697
2 0.700280 0.953294 0.025649 0.038365
2 0.870000 0.972060 0.023466 0.035863
3 0.520737 0.673061 0.099867 0.155129