0 0.806823 0.994337 0.044925 0.010170
0 0.944583 0.145939 0.048628 0.072684
0 0.978612 0.755637 0.041573 0.078517
0 0.962261 0.120393 0.053599 0.078416
0 0.508018 0.845799 0.036438 0.074208
0 0.993405 0.570296 0.012278 0.070751
0 0.209935 0.646349 0.049062 0.084713
0 0.475085 0.845190 0.044045 0.093917
0 0.704608 0.003276 0.036021 0.006549
0 0.991772 0.344677 0.015259 0.073629
0 0.443927 0.039736 0.051563 0.069050
0 0.639291 0.003258 0.030737 0.006515
0 0.044478 0.786065 0.047655 0.083469
0 0.972817 0.982182 0.043029 0.033580
0 0.889634 0.750293 0.054175 0.070992
0 0.906172 0.794909 0.050934 0.078989
0 0.364648 0.006921 0.042882 0.013842
0 0.744109 0.738072 0.049871 0.078777
0 0.875538 0.985749 0.047197 0.026158
0 0.917099 0.007984 0.044324 0.015968
0 0.185980 0.756636 0.045667 0.084282
0 0.449223 0.524720 0.044480 0.083012
0 0.278560 0.755455 0.052482 0.076909
0 0.368442 0.328593 0.049207 0.075031
0 0.596998 0.462143 0.048982 0.084746
0 0.218465 0.014860 0.045055 0.029720
0 0.611929 0.366579 0.047691 0.079784
0 0.013381 0.929118 0.026761 0.071427
0 0.340545 0.241617 0.047508 0.072438
0 0.014447 0.845867 0.028881 0.076849
0 0.215489 0.417905 0.043357 0.071319
0 0.419040 0.354126 0.053739 0.072916
0 0.253870 0.976320 0.048150 0.045759
0 0.023860 0.034685 0.047622 0.069371
0 0.419998 0.118703 0.045664 0.072094
0 0.213395 0.493119 0.045210 0.069873
0 0.846207 0.802064 0.048380 0.075800
0 0.370850 0.879683 0.065692 0.100253
0 0.365746 0.120065 0.052740 0.085710
0 0.307420 0.431492 0.049414 0.074827
0 0.152487 0.460937 0.065370 0.099800
0 0.533372 0.462868 0.044371 0.075364
0 0.297926 0.285424 0.046499 0.075743
0 0.894698 0.561939 0.070538 0.083987
0 0.500101 0.551067 0.048542 0.078469
0 0.251853 0.099986 0.047739 0.074330
0 0.265894 0.354310 0.046541 0.078471
0 0.074892 0.018827 0.048419 0.037654
0 0.517170 0.942472 0.051786 0.076833
0 0.353900 0.508502 0.055970 0.085250
0 0.550672 0.607068 0.051672 0.081438
0 0.819916 0.610033 0.047516 0.073185
0 0.883831 0.424522 0.046464 0.069731
0 0.317419 0.959063 0.056933 0.079879
0 0.909060 0.947976 0.049438 0.077711
0 0.847929 0.689982 0.049569 0.075365
0 0.473050 0.627905 0.052654 0.079403
0 0.291046 0.040218 0.051517 0.080317
0 0.126335 0.822051 0.052865 0.082608
0 0.343166 0.798159 0.049040 0.078750
0 0.602042 0.037700 0.046831 0.074060
0 0.944848 0.883088 0.049164 0.076188
0 0.575635 0.215177 0.062388 0.098390
0 0.247676 0.877911 0.049452 0.074846
0 0.181745 0.848587 0.051094 0.080803
0 0.924878 0.689437 0.050116 0.081156
0 0.555043 0.375444 0.049351 0.094254
0 0.183204 0.954527 0.049234 0.061745
0 0.083822 0.960636 0.054182 0.076216
0 0.401997 0.546810 0.044818 0.075357
0 0.970096 0.650303 0.043466 0.084153
0 0.594830 0.661780 0.049731 0.083910
0 0.737291 0.033063 0.046609 0.066126
0 0.141027 0.030410 0.053927 0.060819
0 0.803195 0.528045 0.058916 0.073688
0 0.530451 0.777448 0.050259 0.077366
0 0.921660 0.058467 0.051826 0.065884
0 0.644982 0.741890 0.045703 0.090430
0 0.814635 0.098431 0.053262 0.077338
0 0.813116 0.186907 0.051892 0.079190
0 0.078610 0.479449 0.044856 0.073094
0 0.690026 0.936202 0.051404 0.073764
0 0.746978 0.304766 0.047860 0.073904
0 0.644331 0.126049 0.045262 0.073659
0 0.106791 0.707772 0.047871 0.074691
0 0.687488 0.346295 0.050939 0.077421
0 0.212506 0.222835 0.052049 0.081588
0 0.760494 0.212951 0.049262 0.081595
0 0.714372 0.579553 0.047735 0.079543
0 0.864211 0.055872 0.045207 0.073233
0 0.895052 0.170219 0.040067 0.074807
0 0.142994 0.253652 0.047068 0.082502
0 0.916996 0.327108 0.049100 0.073529
0 0.943634 0.232678 0.050239 0.079576
0 0.115727 0.127680 0.057277 0.079700
1 0.818156 0.346956 0.057301 0.073394
1 0.299720 0.567139 0.054027 0.093411
2 0.093437 0.371560 0.032198 0.052544
2 0.127272 0.928274 0.027832 0.048374
2 0.445701 0.773144 0.031652 0.060050
2 0.885007 0.483736 0.027286 0.031693
2 0.985966 0.955796 0.022920 0.031693
3 0.407773 0.231443 0.097684 0.190992
5 0.605052 0.868224 0.078584 0.118432