0 0.340787 0.003997 0.033522 0.007994
0 0.802112 0.004106 0.032537 0.008212
0 0.855803 0.003756 0.034792 0.007511
0 0.641294 0.005485 0.035697 0.010970
0 0.003959 0.440744 0.007918 0.058560
0 0.457073 0.991608 0.038487 0.014121
0 0.201755 0.992914 0.035414 0.011601
0 0.990845 0.022367 0.016890 0.044734
0 0.007786 0.972297 0.015572 0.052440
0 0.992621 0.553931 0.012974 0.055080
0 0.991735 0.486345 0.014722 0.062414
0 0.008830 0.831550 0.017659 0.078159
0 0.007893 0.345915 0.015772 0.074613
0 0.384985 0.989203 0.042081 0.018600
0 0.009657 0.260011 0.019298 0.081354
0 0.011436 0.543880 0.022854 0.078591
0 0.987468 0.705896 0.023070 0.072968
0 0.987280 0.411707 0.023481 0.070127
0 0.013657 0.710939 0.027314 0.073896
0 0.695115 0.018651 0.044216 0.037224
0 0.133012 0.368682 0.052785 0.064518
0 0.054969 0.287578 0.050333 0.076628
0 0.681261 0.979573 0.052213 0.037574
0 0.057613 0.977814 0.049315 0.040989
0 0.127656 0.308010 0.046818 0.068632
0 0.252588 0.817089 0.046247 0.091089
0 0.866952 0.966105 0.050234 0.064651
0 0.982175 0.341321 0.033722 0.070233
0 0.152794 0.501029 0.039470 0.073568
0 0.666661 0.043930 0.045486 0.081571
0 0.486338 0.970967 0.057432 0.054741
0 0.973631 0.967625 0.049906 0.061444
0 0.096460 0.253312 0.047819 0.072535
0 0.921142 0.022435 0.052141 0.044869
0 0.716932 0.865109 0.054488 0.067014
0 0.037155 0.034835 0.050925 0.069614
0 0.580112 0.969849 0.052108 0.056925
0 0.273461 0.016877 0.049071 0.033754
0 0.561093 0.042449 0.038870 0.065954
0 0.187879 0.494991 0.042834 0.078199
0 0.425296 0.089714 0.051843 0.072617
0 0.352428 0.810056 0.043518 0.068566
0 0.748319 0.928735 0.046827 0.071908
0 0.486174 0.814897 0.047359 0.070760
0 0.131351 0.435017 0.046855 0.066334
0 0.904312 0.266372 0.043150 0.079374
0 0.021568 0.126322 0.043136 0.076083
0 0.125889 0.028883 0.047483 0.057767
0 0.518125 0.174316 0.048188 0.078011
0 0.675731 0.793317 0.048049 0.075886
0 0.815256 0.933801 0.045029 0.075189
0 0.926375 0.109369 0.047775 0.075125
0 0.443513 0.033100 0.059149 0.066005
0 0.380776 0.757391 0.045690 0.070744
0 0.607890 0.037788 0.044218 0.075361
0 0.793377 0.691408 0.046998 0.070287
0 0.614403 0.924463 0.046927 0.071511
0 0.194087 0.114922 0.045765 0.069672
0 0.210667 0.790709 0.052237 0.083070
0 0.674590 0.919026 0.047167 0.070246
0 0.745498 0.781015 0.050253 0.079608
0 0.238040 0.154746 0.047756 0.068510
0 0.509395 0.297675 0.047822 0.069815
0 0.830598 0.131137 0.047924 0.075577
0 0.899254 0.502830 0.052085 0.072031
0 0.747582 0.191705 0.052103 0.071534
0 0.161512 0.968766 0.049520 0.059278
0 0.083312 0.069025 0.046904 0.067067
0 0.168488 0.865717 0.050142 0.071880
0 0.957599 0.059803 0.047352 0.071833
0 0.911615 0.929884 0.054332 0.087070
0 0.757702 0.315466 0.048441 0.072418
0 0.560561 0.763046 0.045953 0.072348
0 0.395969 0.143599 0.055799 0.074287
0 0.670999 0.659342 0.048944 0.073667
0 0.400244 0.217627 0.052571 0.076008
0 0.276854 0.935498 0.044043 0.076155
0 0.854642 0.881062 0.050980 0.077406
0 0.043485 0.919848 0.049809 0.073010
0 0.973211 0.151971 0.045658 0.079093
0 0.718877 0.259479 0.050933 0.075925
0 0.718778 0.723908 0.053964 0.079885
0 0.364362 0.041318 0.048720 0.073651
0 0.536316 0.825320 0.048785 0.072000
0 0.492713 0.906074 0.056025 0.072800
0 0.219061 0.924827 0.049119 0.076164
0 0.720770 0.386092 0.048194 0.072500
0 0.887060 0.761127 0.052934 0.078798
0 0.083513 0.824798 0.050557 0.077132
0 0.624224 0.335944 0.049410 0.076118
0 0.766762 0.121725 0.043235 0.067066
0 0.725353 0.079834 0.048697 0.076172
0 0.677459 0.123850 0.047661 0.068784
0 0.755534 0.648669 0.048591 0.073597
0 0.318533 0.177375 0.052269 0.081408
0 0.917582 0.569312 0.052861 0.081457
0 0.773387 0.859536 0.047139 0.078603
0 0.948050 0.380422 0.049287 0.075838
0 0.285831 0.762103 0.049176 0.081074
0 0.240820 0.059488 0.050198 0.074470
0 0.638178 0.602029 0.049752 0.070281
0 0.639653 0.525583 0.062444 0.070662
0 0.624451 0.823752 0.049137 0.067414
0 0.928251 0.193036 0.051924 0.076290
0 0.919207 0.847159 0.050374 0.071718
0 0.872776 0.353896 0.042484 0.067833
0 0.087061 0.144090 0.051783 0.073235
0 0.873638 0.681684 0.053511 0.078657
0 0.806554 0.621057 0.045729 0.073832
0 0.928442 0.667790 0.050526 0.081483
0 0.555237 0.647024 0.047012 0.076416
0 0.589814 0.192717 0.048327 0.073685
0 0.341917 0.901254 0.049910 0.077802
0 0.441594 0.861309 0.056078 0.068961
0 0.076778 0.403187 0.049087 0.072522
0 0.130963 0.191448 0.051739 0.080329
0 0.393019 0.936282 0.050283 0.079320
0 0.593521 0.697605 0.054277 0.083188
0 0.307284 0.083060 0.047608 0.074226
0 0.833062 0.420811 0.047110 0.074942
0 0.103896 0.736033 0.050666 0.079846
0 0.413166 0.697420 0.044001 0.083402
0 0.293888 0.244670 0.052071 0.077945
0 0.962047 0.602110 0.049442 0.078923
0 0.575412 0.883524 0.049925 0.080455
0 0.042315 0.770724 0.054950 0.075190
0 0.939702 0.783270 0.047662 0.065268
0 0.675824 0.422303 0.050565 0.077453
0 0.621358 0.131470 0.049184 0.076173
0 0.806475 0.489785 0.052316 0.084385
0 0.564199 0.262339 0.050436 0.076547
0 0.100637 0.915007 0.052363 0.074384
0 0.214486 0.678097 0.045584 0.070244
0 0.034420 0.488101 0.048346 0.073089
0 0.883367 0.435157 0.049865 0.076840
0 0.225776 0.435714 0.049086 0.078522
0 0.202018 0.377091 0.044979 0.072916
0 0.955446 0.285236 0.052340 0.077180
0 0.753340 0.500890 0.050230 0.073368
0 0.547232 0.564194 0.052139 0.077972
0 0.714871 0.589150 0.048224 0.077789
0 0.034237 0.629253 0.053234 0.080854
0 0.572306 0.480351 0.049723 0.080287
0 0.449848 0.750211 0.050083 0.076215
0 0.413889 0.290893 0.049613 0.067987
0 0.502581 0.504277 0.045080 0.082696
0 0.382885 0.385771 0.050813 0.075415
0 0.105652 0.501740 0.051275 0.079666
0 0.627573 0.454075 0.048293 0.070126
0 0.333087 0.446874 0.050269 0.070235
0 0.246268 0.276603 0.052559 0.082074
0 0.443165 0.605665 0.059387 0.070169
0 0.450346 0.363948 0.045835 0.067386
0 0.766270 0.573938 0.051349 0.067430
0 0.481382 0.421277 0.052920 0.081225
0 0.352576 0.520041 0.046719 0.075039
0 0.350263 0.323175 0.055350 0.082268
0 0.386788 0.598502 0.048135 0.074597
0 0.539570 0.394344 0.050687 0.075833
0 0.317861 0.703410 0.049719 0.078036
0 0.251762 0.358476 0.053741 0.074221
0 0.450028 0.531539 0.051687 0.074679
0 0.366138 0.676589 0.050720 0.082439
0 0.148793 0.673559 0.053828 0.077366
0 0.272929 0.637859 0.048521 0.072227
0 0.244698 0.537632 0.050474 0.079083
0 0.399849 0.463973 0.050517 0.078077
1 0.488302 0.115018 0.049133 0.070322
2 0.177129 0.427294 0.035095 0.053635
2 0.047668 0.090584 0.016378 0.026222
2 0.327646 0.591180 0.016378 0.026222
2 0.445798 0.665077 0.029636 0.035757
2 0.319847 0.791418 0.021057 0.030989
2 0.219242 0.847437 0.016378 0.026222
2 0.541724 0.910608 0.023396 0.033373
2 0.515598 0.959476 0.024176 0.035757
2 0.657536 0.196067 0.021057 0.032181
2 0.729285 0.325983 0.016378 0.032181
2 0.918017 0.415971 0.016378 0.030989
2 0.783877 0.015495 0.014818 0.019070
2 0.585397 0.314064 0.014038 0.020262
2 0.365860 0.239571 0.010138 0.019070
2 0.296841 0.137068 0.020277 0.023838
2 0.184538 0.060787 0.018717 0.023838
1 0.185391 0.736447 0.048024 0.075063