0 0.002499 0.365919 0.004989 0.059943
0 0.002975 0.645720 0.005950 0.057879
0 0.002597 0.450954 0.005194 0.062808
0 0.971445 0.002443 0.040870 0.004858
0 0.992879 0.094385 0.012852 0.070017
0 0.510423 0.003262 0.040701 0.006524
0 0.809113 0.747353 0.050838 0.074129
0 0.724457 0.347006 0.041802 0.071439
0 0.967846 0.303351 0.052635 0.082548
0 0.687237 0.361311 0.049005 0.081113
0 0.817185 0.679954 0.051519 0.068742
0 0.132422 0.989532 0.043676 0.019769
0 0.417288 0.202400 0.047445 0.071679
0 0.446730 0.988636 0.043938 0.020179
0 0.164636 0.845079 0.048270 0.072583
0 0.460645 0.835908 0.061595 0.107278
0 0.624566 0.595651 0.046736 0.072230
0 0.014892 0.717272 0.029710 0.076542
0 0.603733 0.672055 0.045942 0.056532
0 0.171967 0.014884 0.049725 0.029746
0 0.789484 0.413966 0.045132 0.074427
0 0.357629 0.825123 0.065681 0.102654
0 0.912434 0.012640 0.049216 0.025247
0 0.780844 0.876789 0.044037 0.070113
0 0.366728 0.725976 0.048899 0.070362
0 0.766268 0.798022 0.044638 0.074421
0 0.734567 0.454603 0.068543 0.091361
0 0.662656 0.836233 0.046649 0.083823
0 0.781082 0.533233 0.045790 0.076497
0 0.323503 0.943496 0.044831 0.074733
0 0.635111 0.731752 0.052639 0.074631
0 0.987180 0.189671 0.023909 0.078660
0 0.459577 0.631100 0.052448 0.110557
0 0.258357 0.980760 0.048559 0.036020
0 0.712797 0.715035 0.048700 0.077283
0 0.738123 0.922752 0.052902 0.074691
0 0.825724 0.603890 0.045873 0.066599
0 0.116203 0.194785 0.047962 0.077760
0 0.851629 0.301692 0.053380 0.072819
0 0.770227 0.627091 0.049127 0.076690
0 0.120675 0.026338 0.047086 0.052676
0 0.560335 0.569824 0.047631 0.078701
0 0.168382 0.184193 0.045667 0.072541
0 0.636836 0.904864 0.049402 0.076187
0 0.127935 0.894584 0.043774 0.085262
0 0.405582 0.659381 0.048805 0.078105
0 0.296341 0.786514 0.055631 0.074348
0 0.841565 0.965808 0.044851 0.065373
0 0.104759 0.308673 0.047619 0.069729
0 0.872304 0.382174 0.062170 0.092107
0 0.581664 0.252515 0.045307 0.064514
0 0.643388 0.513847 0.051778 0.081573
0 0.723757 0.176653 0.046878 0.077754
0 0.515143 0.487143 0.050484 0.082728
0 0.579495 0.447545 0.055156 0.079288
0 0.032996 0.247162 0.050302 0.087870
0 0.506340 0.955197 0.054610 0.080774
0 0.069411 0.398135 0.052113 0.094877
0 0.737266 0.257267 0.052432 0.070869
0 0.347688 0.293859 0.050416 0.074922
0 0.974356 0.476852 0.049730 0.088064
0 0.761323 0.120745 0.046034 0.068847
0 0.854671 0.072817 0.051446 0.076046
0 0.071220 0.790408 0.050841 0.078070
0 0.852845 0.530042 0.052719 0.082349
0 0.227195 0.185782 0.051553 0.074243
0 0.072464 0.553813 0.049142 0.079066
0 0.891816 0.466575 0.047724 0.075455
0 0.246046 0.620202 0.049065 0.096227
0 0.052962 0.673193 0.054203 0.076715
0 0.860990 0.160527 0.053290 0.081238
0 0.911903 0.236773 0.050150 0.083064
0 0.918671 0.903726 0.049403 0.093217
0 0.551707 0.363433 0.048063 0.071266
0 0.651522 0.071133 0.047074 0.077298
0 0.169269 0.367480 0.053804 0.072497
0 0.245294 0.345065 0.047426 0.068486
0 0.206188 0.739831 0.049217 0.084421
0 0.026756 0.105218 0.053144 0.079795
0 0.107504 0.098379 0.051347 0.079089
0 0.299492 0.501355 0.054668 0.088297
0 0.607126 0.367927 0.048095 0.082992
0 0.354455 0.484303 0.052124 0.083206
0 0.261005 0.108232 0.052803 0.074144
0 0.598053 0.119802 0.046848 0.074492
0 0.406746 0.387788 0.048960 0.077079
0 0.617003 0.196913 0.050442 0.075403
0 0.930480 0.155856 0.044095 0.077378
0 0.233982 0.267663 0.060015 0.073784
0 0.476843 0.057203 0.048500 0.077888
0 0.975710 0.818717 0.047101 0.083906
0 0.322125 0.043287 0.050390 0.073528
0 0.518950 0.246605 0.052672 0.082563
0 0.940069 0.716222 0.051596 0.079318
0 0.406445 0.069622 0.050002 0.078856
0 0.451095 0.278690 0.054456 0.079864
1 0.792234 0.268140 0.043658 0.097581
1 0.661534 0.292327 0.062758 0.079233
1 0.855811 0.863636 0.039838 0.077565
1 0.160834 0.643870 0.044749 0.085071
2 0.024949 0.175146 0.021829 0.036697
2 0.017036 0.384904 0.022375 0.039199
2 0.438061 0.336113 0.033835 0.048374
2 0.512006 0.801084 0.020192 0.035863
3 0.573945 0.772310 0.101504 0.160133