0 0.995865 0.558603 0.007615 0.063245
0 0.996319 0.016836 0.006889 0.033524
0 0.010753 0.669916 0.021506 0.076939
0 0.795464 0.004864 0.033676 0.009715
0 0.989132 0.467139 0.020507 0.077597
0 0.654139 0.004565 0.030356 0.009130
0 0.009298 0.565949 0.018592 0.074143
0 0.259876 0.224335 0.042158 0.078454
0 0.619123 0.006462 0.037796 0.012924
0 0.066333 0.008199 0.043830 0.016397
0 0.990208 0.264512 0.018444 0.077716
0 0.111741 0.943034 0.046275 0.075513
0 0.312067 0.885023 0.053533 0.072352
0 0.916096 0.980724 0.055057 0.037163
0 0.185554 0.959815 0.083992 0.078650
0 0.273857 0.405484 0.053873 0.079540
0 0.061954 0.824906 0.048493 0.075528
0 0.304133 0.326173 0.053903 0.073366
0 0.753881 0.467920 0.056883 0.119998
0 0.062125 0.970952 0.055083 0.056186
0 0.348492 0.033767 0.053381 0.067504
0 0.152022 0.609948 0.074030 0.075184
0 0.110104 0.794417 0.052214 0.080056
0 0.385942 0.760152 0.055006 0.073722
0 0.355753 0.289043 0.054132 0.074520
0 0.399830 0.449071 0.047564 0.073734
0 0.374941 0.685125 0.042793 0.067884
0 0.351637 0.486678 0.052420 0.073653
0 0.291300 0.067251 0.059446 0.084327
0 0.825916 0.202952 0.045089 0.074276
0 0.439027 0.927839 0.049341 0.069084
0 0.041743 0.895525 0.046690 0.070022
0 0.297201 0.481616 0.044137 0.079919
0 0.021441 0.383971 0.042882 0.079854
0 0.316791 0.175733 0.054441 0.081823
0 0.632843 0.518496 0.050597 0.076299
0 0.425953 0.849793 0.053452 0.073186
0 0.416676 0.030098 0.048105 0.060196
0 0.463993 0.510603 0.049369 0.073337
0 0.290431 0.560857 0.052881 0.070018
0 0.297882 0.814267 0.054234 0.071260
0 0.327283 0.694279 0.046238 0.075857
0 0.219618 0.266128 0.050868 0.080430
0 0.179215 0.528780 0.050662 0.065531
0 0.869853 0.405615 0.049489 0.071103
0 0.187976 0.858562 0.042203 0.065610
0 0.632288 0.058614 0.048909 0.077019
0 0.506709 0.463578 0.049341 0.074049
0 0.509522 0.289831 0.048391 0.071220
0 0.411974 0.352328 0.050105 0.078656
0 0.916254 0.862075 0.046742 0.070758
0 0.442827 0.128576 0.064865 0.109660
0 0.100177 0.669679 0.052848 0.078032
0 0.668056 0.674383 0.056040 0.078207
0 0.046482 0.544349 0.048135 0.086456
0 0.622334 0.170921 0.047642 0.077487
0 0.803191 0.824644 0.054598 0.082681
0 0.402278 0.530442 0.053269 0.073298
0 0.517581 0.041070 0.056315 0.082139
0 0.533871 0.579000 0.044716 0.060812
0 0.230927 0.052921 0.048202 0.076925
0 0.509979 0.381865 0.052202 0.073188
0 0.344608 0.947982 0.050209 0.078060
0 0.708264 0.397696 0.051622 0.072718
0 0.846713 0.486842 0.051528 0.076915
0 0.564520 0.365555 0.047169 0.074499
0 0.866587 0.827405 0.046364 0.072392
0 0.109254 0.044843 0.060243 0.089687
0 0.495509 0.949488 0.053589 0.079449
0 0.891310 0.265066 0.054575 0.078435
0 0.677115 0.889187 0.046371 0.071183
0 0.900656 0.568123 0.050985 0.073835
0 0.972901 0.941048 0.052729 0.083827
0 0.746748 0.707590 0.047389 0.074147
0 0.507541 0.649765 0.047366 0.079528
0 0.959513 0.537469 0.051651 0.093471
0 0.790849 0.941225 0.053427 0.077586
0 0.568696 0.094394 0.057695 0.070749
0 0.078486 0.457716 0.055649 0.077036
0 0.678549 0.229686 0.052402 0.075677
0 0.957003 0.194287 0.053720 0.081430
0 0.793991 0.054550 0.047448 0.070918
0 0.971092 0.630099 0.049157 0.069177
0 0.570183 0.279823 0.045444 0.079963
0 0.975964 0.769912 0.047013 0.086810
0 0.081950 0.259236 0.053261 0.081833
0 0.913096 0.082279 0.053131 0.084144
1 0.031225 0.184737 0.048569 0.077565
1 0.143098 0.425771 0.050752 0.092577
1 0.414322 0.226022 0.045295 0.093411
1 0.444609 0.790659 0.062212 0.070058
1 0.602596 0.887823 0.067124 0.084237
1 0.898923 0.480817 0.040929 0.089241
1 0.654712 0.439950 0.049115 0.082569
1 0.124270 0.880317 0.040383 0.059216
3 0.236962 0.617598 0.100959 0.147623
3 0.831253 0.312761 0.097684 0.156797
2 0.387035 0.613011 0.038746 0.055046
2 0.606143 0.608841 0.024012 0.036697
2 0.758672 0.547957 0.022375 0.035029
2 0.878458 0.618432 0.025103 0.034195