0 0.993355 0.978819 0.011643 0.040434
0 0.810239 0.996409 0.043626 0.006848
0 0.843465 0.038450 0.047316 0.076774
0 0.010826 0.419871 0.021652 0.080782
0 0.819313 0.067981 0.048795 0.075560
0 0.367944 0.004053 0.055437 0.008106
0 0.575626 0.225358 0.049205 0.078890
0 0.574273 0.995450 0.044956 0.008397
0 0.992822 0.313656 0.013274 0.062800
0 0.912906 0.801576 0.051614 0.073468
0 0.421568 0.226630 0.059377 0.088808
0 0.699699 0.003968 0.036629 0.007937
0 0.324736 0.596238 0.048401 0.078296
0 0.396340 0.273548 0.050798 0.077752
0 0.125139 0.007594 0.036936 0.015188
0 0.917310 0.742555 0.050522 0.068023
0 0.736403 0.965094 0.050103 0.066013
0 0.885717 0.014181 0.053139 0.028363
0 0.325729 0.678021 0.051668 0.067683
0 0.954297 0.014008 0.044854 0.028016
0 0.735055 0.907831 0.052398 0.070327
0 0.280499 0.635371 0.047058 0.070501
0 0.612732 0.014256 0.054085 0.028513
0 0.186591 0.979415 0.046160 0.039420
0 0.404155 0.457520 0.055481 0.083125
0 0.672721 0.114512 0.046070 0.072677
0 0.087189 0.981226 0.051917 0.034922
0 0.074338 0.031854 0.058958 0.063582
0 0.357980 0.528170 0.054292 0.081500
0 0.025258 0.073627 0.044249 0.076587
0 0.415484 0.537510 0.047153 0.070140
0 0.236703 0.679674 0.044667 0.073607
0 0.109336 0.704616 0.051937 0.074933
0 0.036981 0.786446 0.049648 0.082248
0 0.452848 0.397198 0.044738 0.069557
0 0.941744 0.060868 0.053158 0.069985
0 0.355678 0.803263 0.050607 0.073975
0 0.247531 0.568487 0.051511 0.072742
0 0.117128 0.623814 0.048609 0.073452
0 0.983713 0.191773 0.031017 0.099574
0 0.045539 0.872288 0.050636 0.071608
0 0.339651 0.973555 0.049322 0.050368
0 0.398340 0.896031 0.050150 0.074414
0 0.162769 0.705544 0.045501 0.072826
0 0.049956 0.575619 0.047462 0.073413
0 0.657194 0.969743 0.052932 0.057765
0 0.497598 0.872408 0.045488 0.075277
0 0.191105 0.791989 0.046893 0.075947
0 0.602936 0.665503 0.050536 0.077063
0 0.811342 0.773845 0.045589 0.082501
0 0.846456 0.204221 0.061765 0.103940
0 0.454062 0.745998 0.050256 0.070273
0 0.515115 0.966783 0.054436 0.063605
0 0.537957 0.738123 0.046541 0.071118
0 0.234335 0.041306 0.053148 0.081524
0 0.792829 0.876866 0.056905 0.061287
0 0.907639 0.936522 0.044841 0.073465
0 0.526549 0.023555 0.050734 0.047110
0 0.745558 0.168370 0.052934 0.082050
0 0.369869 0.164135 0.049196 0.082621
0 0.570646 0.316835 0.049144 0.073045
0 0.549288 0.149701 0.048286 0.077349
0 0.648225 0.799688 0.049850 0.076242
0 0.721233 0.078100 0.051533 0.077577
0 0.536400 0.573302 0.055759 0.085392
0 0.863238 0.888280 0.049711 0.068229
0 0.901828 0.152114 0.047426 0.074824
0 0.963240 0.249162 0.053740 0.068281
0 0.432869 0.827802 0.049574 0.075696
0 0.341417 0.896764 0.050435 0.075937
0 0.958923 0.959859 0.053723 0.077866
0 0.606649 0.892024 0.056549 0.083256
0 0.607955 0.088675 0.048552 0.069145
0 0.802572 0.589839 0.052300 0.074054
0 0.778373 0.242333 0.052267 0.083363
0 0.299914 0.043762 0.056627 0.079539
0 0.837756 0.464614 0.049664 0.080886
0 0.255724 0.880334 0.055050 0.077902
0 0.097848 0.403002 0.047404 0.074009
0 0.848455 0.377216 0.048485 0.080809
0 0.078556 0.193394 0.048164 0.078694
0 0.458713 0.057320 0.045344 0.074684
0 0.603737 0.390723 0.051722 0.080946
0 0.710611 0.427534 0.048729 0.071788
0 0.788775 0.349224 0.054839 0.075392
0 0.975624 0.575617 0.047532 0.085223
0 0.215803 0.403208 0.054344 0.087366
0 0.741462 0.768409 0.058212 0.088172
0 0.689425 0.258548 0.051951 0.080019
0 0.948562 0.663897 0.047064 0.072938
0 0.137068 0.263473 0.052432 0.082121
0 0.971479 0.473638 0.048781 0.078700
0 0.887407 0.529517 0.051876 0.081511
0 0.229216 0.132908 0.048440 0.080328
0 0.199651 0.243537 0.047971 0.076643
0 0.303217 0.157348 0.054848 0.077102
0 0.924625 0.430936 0.053226 0.081437
0 0.921012 0.338121 0.048470 0.075823
0 0.132600 0.469675 0.049642 0.076941
1 0.135458 0.550042 0.049661 0.072560
1 0.253334 0.748957 0.039838 0.063386
1 0.501637 0.653461 0.050752 0.065888
1 0.481173 0.509591 0.049115 0.091743
1 0.782684 0.518766 0.054027 0.075063
1 0.706556 0.508757 0.052389 0.071726
1 0.480900 0.204754 0.059484 0.092577
2 0.393311 0.814846 0.022920 0.030025
2 0.566851 0.622602 0.024012 0.035863
2 0.697824 0.801918 0.028378 0.039199