0 0.997193 0.214133 0.005079 0.051502
0 0.207684 0.265208 0.046783 0.077633
0 0.201954 0.664218 0.052419 0.068790
0 0.002360 0.191615 0.004719 0.067909
0 0.118365 0.140268 0.045884 0.069265
0 0.337838 0.004207 0.036874 0.008349
0 0.093618 0.164780 0.046756 0.072807
0 0.061794 0.002940 0.029302 0.005881
0 0.195148 0.996022 0.037351 0.007077
0 0.231645 0.682212 0.041923 0.067515
0 0.599960 0.990236 0.041229 0.017412
0 0.725137 0.843093 0.048759 0.068388
0 0.505067 0.007193 0.036863 0.014372
0 0.425481 0.567972 0.051754 0.074989
0 0.508885 0.878730 0.046998 0.077655
0 0.536758 0.989049 0.046915 0.019724
0 0.990498 0.024281 0.017779 0.048477
0 0.685432 0.328050 0.050966 0.082184
0 0.361083 0.668535 0.037577 0.070528
0 0.264473 0.379708 0.039922 0.070742
0 0.036532 0.618330 0.055312 0.077840
0 0.817049 0.985174 0.043756 0.027173
0 0.416480 0.505665 0.047716 0.070238
0 0.296502 0.360457 0.049923 0.089478
0 0.475566 0.503432 0.043592 0.078209
0 0.326443 0.668506 0.046404 0.074517
0 0.335147 0.976200 0.051264 0.045315
0 0.500028 0.471643 0.046052 0.081993
0 0.986974 0.392748 0.024402 0.086360
0 0.415731 0.981861 0.048688 0.033918
0 0.379843 0.598379 0.045573 0.071260
0 0.264658 0.581103 0.047787 0.072037
0 0.889952 0.753667 0.056160 0.081881
0 0.988828 0.143668 0.020985 0.069343
0 0.474528 0.663069 0.056333 0.087987
0 0.505476 0.781572 0.051306 0.075967
0 0.521760 0.613126 0.045370 0.073646
0 0.019971 0.781139 0.039942 0.086716
0 0.392368 0.927372 0.047125 0.082139
0 0.287020 0.882556 0.052694 0.074151
0 0.035074 0.414490 0.050688 0.071970
0 0.656376 0.696953 0.042748 0.068021
0 0.917574 0.906302 0.049585 0.079156
0 0.983782 0.913021 0.030991 0.076845
0 0.567118 0.658044 0.053337 0.077996
0 0.687640 0.649367 0.047821 0.073732
0 0.280302 0.963651 0.051070 0.069608
0 0.360675 0.404750 0.046164 0.072771
0 0.928856 0.974417 0.053547 0.049156
0 0.430063 0.429623 0.047590 0.075013
0 0.669968 0.854806 0.051102 0.077763
0 0.599117 0.845635 0.048815 0.068645
0 0.748405 0.963561 0.048965 0.069735
0 0.454229 0.747861 0.049944 0.077061
0 0.225962 0.869405 0.044698 0.070355
0 0.448467 0.885430 0.047907 0.073740
0 0.779679 0.819504 0.048530 0.066283
0 0.804883 0.712530 0.048142 0.073906
0 0.267662 0.483631 0.054464 0.085232
0 0.833857 0.830775 0.045036 0.073351
0 0.562212 0.930454 0.050291 0.076575
0 0.288487 0.736972 0.045433 0.072801
0 0.200327 0.942659 0.052568 0.068490
0 0.815573 0.413410 0.050518 0.074807
0 0.739245 0.381258 0.050290 0.066289
0 0.544931 0.438711 0.047873 0.073727
0 0.616180 0.926392 0.046590 0.078954
0 0.077508 0.860063 0.044545 0.073447
0 0.798934 0.490039 0.052916 0.076841
0 0.203653 0.540136 0.043370 0.066970
0 0.178895 0.831005 0.046814 0.080784
0 0.580067 0.386396 0.052602 0.069098
0 0.752352 0.693325 0.049673 0.075896
0 0.886494 0.840266 0.049129 0.076691
0 0.128734 0.955377 0.052909 0.086162
0 0.328355 0.822754 0.049134 0.077281
0 0.629931 0.301584 0.052732 0.083936
0 0.470745 0.229390 0.049887 0.080120
0 0.833122 0.575741 0.043749 0.065554
0 0.128969 0.852290 0.046729 0.067051
0 0.606083 0.722203 0.050531 0.080590
0 0.126149 0.714128 0.053305 0.075764
0 0.541593 0.284470 0.046539 0.073256
0 0.933870 0.712274 0.047528 0.081865
0 0.930960 0.613943 0.049887 0.076490
0 0.706136 0.224532 0.048881 0.074002
0 0.704447 0.034893 0.056339 0.069786
0 0.737876 0.298251 0.049910 0.072400
0 0.162894 0.217735 0.057497 0.076385
0 0.358348 0.183603 0.050520 0.080319
0 0.458067 0.039854 0.050828 0.079364
0 0.601820 0.099388 0.046036 0.065697
0 0.817063 0.018191 0.061311 0.036383
0 0.180667 0.410976 0.050632 0.075134
0 0.825267 0.300914 0.054317 0.080559
0 0.055862 0.338362 0.050390 0.077173
0 0.442748 0.302142 0.046274 0.079624
0 0.838746 0.165487 0.068098 0.079262
0 0.779556 0.197894 0.056038 0.082733
0 0.597573 0.024172 0.054582 0.048345
0 0.055447 0.221863 0.047199 0.074377
0 0.023372 0.073914 0.046710 0.079207
0 0.546614 0.037455 0.044327 0.074910
0 0.368391 0.301889 0.048443 0.076794
0 0.264903 0.220807 0.048352 0.082167
0 0.161948 0.056780 0.047669 0.074444
0 0.252633 0.069875 0.051150 0.078332
0 0.904216 0.115439 0.048509 0.074478
1 0.089890 0.034195 0.057847 0.066722
1 0.537382 0.730609 0.037109 0.070058
1 0.629063 0.788157 0.051298 0.053378
1 0.970140 0.655546 0.048024 0.070058
1 0.531379 0.136781 0.055664 0.070058
2 0.040229 0.012093 0.020737 0.024187
2 0.086888 0.977064 0.023466 0.030859
2 0.660715 0.920767 0.024012 0.033361
2 0.796873 0.250209 0.027832 0.035029
3 0.739026 0.556714 0.114056 0.160967