0 0.010555 0.791837 0.021072 0.077081
0 0.994742 0.587609 0.009230 0.060562
0 0.144328 0.987246 0.046150 0.022982
0 0.995002 0.951371 0.008701 0.057642
0 0.406315 0.995877 0.043305 0.007792
0 0.765944 0.002628 0.034321 0.005242
0 0.306381 0.571292 0.046035 0.069959
0 0.285004 0.542508 0.044349 0.068820
0 0.006007 0.357903 0.012009 0.061654
0 0.006037 0.166437 0.012073 0.063250
0 0.508684 0.347737 0.039441 0.070695
0 0.741142 0.991695 0.050897 0.014347
0 0.992089 0.317036 0.014399 0.056821
0 0.597866 0.447770 0.033172 0.042794
0 0.858498 0.006269 0.036491 0.012538
0 0.089604 0.532662 0.047122 0.070036
0 0.063449 0.132777 0.046298 0.078001
0 0.502173 0.008916 0.041739 0.017832
0 0.671911 0.250349 0.051886 0.068573
0 0.988061 0.507832 0.022117 0.067305
0 0.224333 0.585298 0.064452 0.097175
0 0.576405 0.790067 0.067561 0.109241
0 0.545648 0.030623 0.046230 0.061246
0 0.256648 0.124242 0.074683 0.104639
0 0.809265 0.828153 0.047624 0.079638
0 0.603375 0.013051 0.046110 0.026079
0 0.619960 0.397996 0.045811 0.067168
0 0.061665 0.890480 0.038738 0.081096
0 0.806039 0.761746 0.052077 0.079914
0 0.275216 0.938223 0.069550 0.096561
0 0.181895 0.194371 0.053214 0.064790
0 0.424609 0.452199 0.046159 0.062279
0 0.252732 0.013446 0.043989 0.026836
0 0.139030 0.575891 0.053005 0.080213
0 0.090814 0.952027 0.073063 0.090594
0 0.769699 0.378625 0.055832 0.078877
0 0.018192 0.904206 0.036384 0.078897
0 0.649860 0.325082 0.047322 0.074999
0 0.689032 0.416487 0.044867 0.065583
0 0.512411 0.837758 0.043250 0.069385
0 0.352496 0.364726 0.052452 0.069056
0 0.692518 0.964599 0.051811 0.067938
0 0.252625 0.486826 0.045738 0.073085
0 0.251021 0.334479 0.063532 0.095972
0 0.756171 0.582722 0.052441 0.065872
0 0.816655 0.666299 0.063174 0.072893
0 0.564231 0.396390 0.055611 0.080875
0 0.386212 0.082711 0.051378 0.079184
0 0.096341 0.014469 0.046564 0.028858
0 0.702056 0.344495 0.050786 0.070658
0 0.958684 0.283654 0.069728 0.090614
0 0.191788 0.304947 0.043909 0.070454
0 0.445295 0.533673 0.051541 0.078455
0 0.374191 0.437870 0.045666 0.070656
0 0.840448 0.893562 0.052457 0.077269
0 0.489019 0.906412 0.046254 0.072241
0 0.733670 0.791300 0.046380 0.069960
0 0.693892 0.536946 0.046713 0.072652
0 0.542893 0.911114 0.048482 0.074480
0 0.646828 0.181336 0.054845 0.070617
0 0.170183 0.676281 0.054184 0.071600
0 0.683058 0.742554 0.049250 0.074142
0 0.838538 0.408893 0.048291 0.071376
0 0.017890 0.710017 0.035684 0.064114
0 0.388046 0.773004 0.044985 0.072068
0 0.189485 0.494468 0.055967 0.079043
0 0.913528 0.899028 0.049108 0.068243
0 0.527818 0.102213 0.048234 0.071743
0 0.238141 0.234620 0.064507 0.093676
0 0.861569 0.727316 0.052885 0.073157
0 0.214113 0.744749 0.047037 0.071412
0 0.339226 0.037313 0.052624 0.074460
0 0.220844 0.048800 0.048896 0.071791
0 0.676556 0.825809 0.048508 0.078453
0 0.893725 0.161802 0.047698 0.070192
0 0.591306 0.684107 0.048802 0.073049
0 0.859026 0.209627 0.054132 0.068842
0 0.856615 0.281896 0.049564 0.065765
0 0.105456 0.653934 0.048568 0.073450
0 0.642960 0.891348 0.051780 0.073716
0 0.737173 0.870158 0.050804 0.072337
0 0.599599 0.508827 0.052652 0.070643
0 0.181741 0.892556 0.055847 0.083884
0 0.963040 0.932651 0.046822 0.073512
0 0.021142 0.088512 0.042065 0.083275
0 0.674456 0.099102 0.043168 0.071626
0 0.509660 0.678883 0.048210 0.070243
0 0.308180 0.800451 0.051157 0.079712
0 0.886368 0.383072 0.045121 0.078131
0 0.235807 0.669182 0.048125 0.076697
0 0.564591 0.297821 0.047660 0.070586
0 0.109724 0.277611 0.044094 0.073282
0 0.421717 0.029002 0.049960 0.058004
0 0.436675 0.378056 0.051905 0.079589
0 0.153569 0.027378 0.045754 0.054757
0 0.346323 0.726683 0.049039 0.074915
0 0.374171 0.288620 0.054286 0.079784
0 0.776672 0.267386 0.052013 0.075056
0 0.100128 0.846080 0.050043 0.072937
0 0.926523 0.629071 0.063161 0.109051
0 0.476683 0.478242 0.050927 0.076811
0 0.147811 0.428124 0.050483 0.070395
0 0.913427 0.820223 0.049973 0.074171
0 0.830177 0.045747 0.049491 0.074169
0 0.721000 0.032839 0.048967 0.065675
0 0.294479 0.206947 0.052117 0.082093
0 0.037857 0.508635 0.045341 0.083298
0 0.602547 0.079632 0.052032 0.075234
0 0.572285 0.150584 0.052295 0.078359
0 0.850225 0.557639 0.050875 0.075761
0 0.486379 0.201472 0.047564 0.074988
0 0.435223 0.912265 0.051866 0.076821
0 0.330327 0.126652 0.055587 0.073998
0 0.067282 0.327209 0.052380 0.075501
0 0.838586 0.130398 0.051736 0.072013
0 0.926242 0.507115 0.054797 0.071519
1 0.195214 0.145955 0.058938 0.056714
2 0.095347 0.118015 0.019646 0.029191
2 0.284167 0.631776 0.025103 0.037531
2 0.408046 0.527523 0.015280 0.025855
2 0.591136 0.865304 0.025649 0.035863
2 0.654985 0.419933 0.016917 0.029191
2 0.932758 0.179316 0.024558 0.036697
2 0.970958 0.079650 0.031106 0.044204
3 0.765221 0.479566 0.098776 0.140117
5 0.352655 0.514178 0.081313 0.124270