0 0.997146 0.156522 0.004739 0.046923
0 0.002531 0.428328 0.005063 0.050182
0 0.172167 0.994110 0.032442 0.009738
0 0.235275 0.087311 0.047582 0.079333
0 0.926248 0.376037 0.055061 0.071629
0 0.213189 0.057318 0.048711 0.081378
0 0.987442 0.800994 0.023261 0.078925
0 0.318644 0.409009 0.048379 0.075018
0 0.945867 0.343489 0.041177 0.064065
0 0.008325 0.602436 0.016626 0.067416
0 0.005111 0.155146 0.010222 0.056899
0 0.877671 0.177122 0.046414 0.069492
0 0.007273 0.086350 0.014526 0.059808
0 0.902555 0.160362 0.043921 0.068709
0 0.279723 0.563777 0.042674 0.071751
0 0.567833 0.189485 0.045494 0.072043
0 0.578649 0.139577 0.050454 0.067051
0 0.476040 0.986636 0.051046 0.023493
0 0.173273 0.010656 0.045230 0.021312
0 0.437482 0.077833 0.041223 0.070402
0 0.667701 0.211867 0.041463 0.068239
0 0.018703 0.255798 0.037406 0.078917
0 0.367671 0.050627 0.074799 0.099777
0 0.523760 0.017089 0.049447 0.034148
0 0.535344 0.983305 0.044551 0.030218
0 0.961213 0.464540 0.043025 0.063995
0 0.086597 0.155457 0.068986 0.089942
0 0.017336 0.954533 0.034671 0.075641
0 0.861385 0.579367 0.048737 0.065646
0 0.581550 0.019945 0.051701 0.039889
0 0.966516 0.977281 0.043923 0.042376
0 0.295311 0.781380 0.052402 0.067922
0 0.262678 0.506656 0.055382 0.079200
0 0.235369 0.435146 0.053261 0.073986
0 0.200205 0.172553 0.054967 0.112002
0 0.429010 0.019343 0.049328 0.038685
0 0.547875 0.074659 0.050466 0.080358
0 0.948946 0.775586 0.049774 0.079682
0 0.379271 0.720678 0.045881 0.066178
0 0.635645 0.229631 0.049755 0.073957
0 0.158211 0.539311 0.044509 0.071382
0 0.721109 0.395112 0.051270 0.075359
0 0.022877 0.034181 0.045682 0.068285
0 0.288596 0.642564 0.047010 0.071911
0 0.693880 0.016254 0.049149 0.032493
0 0.421281 0.763551 0.050707 0.074296
0 0.149915 0.823528 0.062741 0.076815
0 0.353154 0.300462 0.047846 0.069359
0 0.137610 0.189479 0.048888 0.067182
0 0.057123 0.921419 0.043759 0.089782
0 0.720048 0.092006 0.044499 0.068649
0 0.091195 0.809122 0.046688 0.074111
0 0.445199 0.462077 0.049297 0.059696
0 0.268107 0.371632 0.052704 0.075852
0 0.475189 0.116664 0.042081 0.063373
0 0.678794 0.346720 0.049043 0.073377
0 0.458671 0.825958 0.048272 0.079903
0 0.556322 0.353049 0.051050 0.066281
0 0.308385 0.960635 0.055445 0.075303
0 0.178019 0.745773 0.042977 0.065106
0 0.503822 0.352004 0.044633 0.073152
0 0.298284 0.056655 0.046384 0.067959
0 0.796508 0.515423 0.046012 0.067112
0 0.129194 0.380898 0.048355 0.068636
0 0.190234 0.389153 0.043271 0.074169
0 0.317639 0.702332 0.052572 0.077030
0 0.054755 0.503450 0.062881 0.109382
0 0.689287 0.574522 0.043154 0.072003
0 0.719005 0.842363 0.050981 0.075776
0 0.516885 0.181583 0.047147 0.075306
0 0.404742 0.325161 0.049946 0.076229
0 0.433860 0.643896 0.053121 0.082496
0 0.811747 0.025153 0.046519 0.050306
0 0.822447 0.960587 0.054664 0.075351
0 0.655831 0.816347 0.050506 0.079363
0 0.764245 0.052423 0.052834 0.080150
0 0.162397 0.616625 0.044787 0.068010
0 0.582499 0.855423 0.051729 0.076498
0 0.979425 0.393025 0.039274 0.082588
0 0.041850 0.775048 0.049248 0.068693
0 0.631915 0.309773 0.049439 0.071104
0 0.636489 0.138702 0.042287 0.068894
0 0.841427 0.083968 0.050099 0.077500
0 0.579643 0.941470 0.046046 0.077549
0 0.228579 0.868476 0.046183 0.074627
0 0.105579 0.950470 0.050636 0.077838
0 0.241092 0.298645 0.049863 0.070007
0 0.554915 0.646683 0.051184 0.071845
0 0.765749 0.800224 0.049143 0.075969
0 0.675803 0.895449 0.048127 0.070424
0 0.871041 0.516716 0.054762 0.073463
0 0.784998 0.437816 0.047073 0.072003
0 0.327239 0.508394 0.051732 0.076792
0 0.708958 0.163167 0.047811 0.070185
0 0.756559 0.593207 0.048277 0.069184
0 0.602154 0.431371 0.051828 0.078050
0 0.969959 0.130576 0.046313 0.070929
0 0.476009 0.280149 0.050407 0.073474
0 0.140919 0.461025 0.045436 0.071678
0 0.167849 0.269273 0.051191 0.073564
0 0.972660 0.907089 0.052384 0.085912
0 0.680212 0.719738 0.050281 0.071136
0 0.805844 0.363650 0.051935 0.073471
0 0.817851 0.832170 0.051407 0.075182
0 0.868374 0.433850 0.052576 0.075406
0 0.865219 0.309882 0.049336 0.082201
0 0.428219 0.212315 0.048335 0.070661
0 0.323565 0.158220 0.049590 0.069260
0 0.054352 0.380489 0.054687 0.071909
0 0.937431 0.623471 0.055439 0.074433
0 0.546039 0.504063 0.053267 0.080716
0 0.741548 0.716549 0.049199 0.071756
0 0.388098 0.488156 0.054273 0.073606
0 0.490370 0.919857 0.063203 0.096126
0 0.041754 0.696196 0.049839 0.074179
0 0.897079 0.069219 0.053498 0.084972
0 0.835633 0.221751 0.054091 0.079914
0 0.913394 0.263662 0.050323 0.066076
0 0.972100 0.258670 0.053504 0.077423
0 0.776667 0.229162 0.050012 0.081620
0 0.839707 0.727249 0.055258 0.083717
1 0.978521 0.055880 0.042958 0.070058
1 0.590044 0.722269 0.064941 0.096747
2 0.059875 0.050459 0.029469 0.039199
2 0.244602 0.200584 0.030015 0.045872
2 0.692367 0.250626 0.030560 0.035863
2 0.601504 0.207673 0.021283 0.031693
2 0.474078 0.330275 0.015280 0.026689
2 0.245693 0.747706 0.024558 0.037531
2 0.420325 0.839450 0.031106 0.042535
2 0.641888 0.658882 0.038746 0.051710
2 0.690457 0.949124 0.027832 0.040033
2 0.833709 0.549625 0.031652 0.045038
3 0.167928 0.917014 0.092773 0.144287
5 0.452522 0.557965 0.068215 0.110092