0 0.393113 0.994894 0.030963 0.008318
0 0.397351 0.688547 0.043633 0.074230
0 0.378736 0.658485 0.044961 0.072453
0 0.768071 0.991360 0.057228 0.014601
0 0.461645 0.088627 0.049876 0.069637
0 0.364973 0.093614 0.047034 0.080635
0 0.338315 0.060295 0.046415 0.074376
0 0.563537 0.991720 0.035813 0.013724
0 0.482221 0.049001 0.045983 0.071521
0 0.942345 0.005567 0.032821 0.011135
0 0.334862 0.006894 0.037785 0.013788
0 0.550007 0.442698 0.049321 0.071090
0 0.541449 0.375443 0.046028 0.075626
0 0.499092 0.988296 0.039943 0.020302
0 0.112312 0.008511 0.040246 0.017021
0 0.058830 0.008431 0.040539 0.016862
0 0.838238 0.009919 0.044771 0.019838
0 0.008232 0.648917 0.016439 0.066220
0 0.606457 0.012319 0.053881 0.024599
0 0.915164 0.986476 0.041950 0.024197
0 0.281783 0.985723 0.045590 0.025339
0 0.480532 0.150604 0.052277 0.077801
0 0.628200 0.975163 0.047039 0.046489
0 0.980786 0.025964 0.036708 0.051817
0 0.181675 0.011353 0.044696 0.022705
0 0.556240 0.783351 0.056601 0.058198
0 0.015136 0.191531 0.030156 0.064360
0 0.016836 0.491458 0.033612 0.076333
0 0.679709 0.174287 0.051676 0.111725
0 0.013857 0.317875 0.027626 0.069086
0 0.430177 0.902147 0.042011 0.063166
0 0.578240 0.871887 0.049547 0.071844
0 0.581877 0.728670 0.043399 0.063885
0 0.413423 0.040524 0.053525 0.078957
0 0.661937 0.032700 0.049396 0.065399
0 0.596187 0.586028 0.040179 0.064098
0 0.420174 0.752698 0.048005 0.080850
0 0.570565 0.945529 0.050641 0.071221
0 0.642359 0.371833 0.049257 0.072427
0 0.500418 0.455592 0.050388 0.077597
0 0.394934 0.946516 0.049868 0.082215
0 0.980757 0.776178 0.036364 0.074484
0 0.520675 0.531202 0.046544 0.071432
0 0.017888 0.114990 0.035684 0.075494
0 0.665475 0.443297 0.049631 0.088247
0 0.294305 0.918302 0.048321 0.072467
0 0.233636 0.953699 0.042434 0.069425
0 0.357698 0.865515 0.051665 0.071754
0 0.856818 0.674925 0.046615 0.074251
0 0.506317 0.735875 0.046703 0.067524
0 0.302792 0.119713 0.049649 0.069827
0 0.679746 0.777636 0.045920 0.071012
0 0.572345 0.522909 0.048565 0.073774
0 0.355317 0.735433 0.053377 0.077458
0 0.957340 0.074646 0.041990 0.068474
0 0.394724 0.161376 0.049110 0.073920
0 0.836834 0.864226 0.046030 0.069076
0 0.049605 0.881220 0.051346 0.082114
0 0.656211 0.259116 0.051827 0.071860
0 0.597430 0.660213 0.049777 0.071442
0 0.185534 0.879488 0.047290 0.072453
0 0.616871 0.830297 0.048453 0.083514
0 0.684761 0.566009 0.052949 0.071239
0 0.417197 0.386318 0.056640 0.087463
0 0.115837 0.758234 0.050918 0.076384
0 0.450450 0.604084 0.057911 0.074551
0 0.404517 0.539769 0.050570 0.088026
0 0.744172 0.368709 0.042764 0.075180
0 0.179238 0.574862 0.042192 0.072262
0 0.668555 0.903638 0.051366 0.075149
0 0.795849 0.937690 0.051528 0.074915
0 0.361077 0.225120 0.050702 0.066407
0 0.744697 0.491626 0.045266 0.075552
0 0.976369 0.911084 0.045216 0.084161
0 0.684649 0.325313 0.047884 0.072141
0 0.604332 0.284276 0.045792 0.078061
0 0.271400 0.558956 0.048950 0.070648
0 0.271026 0.639615 0.051006 0.070011
0 0.356338 0.589193 0.048247 0.076236
0 0.527056 0.216555 0.044580 0.070238
0 0.382771 0.321143 0.045056 0.068164
0 0.812640 0.393974 0.047942 0.074241
0 0.440854 0.237057 0.055907 0.075182
0 0.511030 0.312401 0.046667 0.069963
0 0.530735 0.620070 0.049152 0.069178
0 0.887735 0.929045 0.050012 0.072333
0 0.140520 0.047011 0.046913 0.073078
0 0.286503 0.838020 0.052368 0.075520
0 0.843865 0.529712 0.048568 0.074266
0 0.803458 0.475761 0.054457 0.075172
0 0.040760 0.437322 0.045520 0.080616
0 0.045657 0.060039 0.046326 0.078220
0 0.827639 0.785250 0.047465 0.074371
0 0.283484 0.754354 0.053247 0.076565
0 0.788207 0.848246 0.046132 0.075054
0 0.788610 0.325091 0.049644 0.075039
0 0.198047 0.219686 0.050174 0.076448
0 0.885995 0.204471 0.044041 0.067684
0 0.947126 0.258702 0.045969 0.072665
0 0.790552 0.581778 0.044619 0.068680
0 0.267320 0.050652 0.046342 0.068328
0 0.228962 0.155099 0.048006 0.077722
0 0.798165 0.093646 0.053794 0.083892
0 0.449624 0.321120 0.048166 0.075715
0 0.329754 0.469081 0.047785 0.059196
0 0.169196 0.692521 0.046580 0.075988
0 0.728147 0.796104 0.049075 0.077524
0 0.219366 0.695760 0.047211 0.070829
0 0.693112 0.701535 0.050027 0.075535
0 0.173493 0.118595 0.048557 0.078370
0 0.834246 0.153052 0.049281 0.082129
0 0.217217 0.306921 0.053204 0.070891
0 0.315671 0.346209 0.046658 0.073198
0 0.218217 0.070858 0.050122 0.074989
0 0.744935 0.670471 0.049090 0.073593
0 0.735351 0.592085 0.044608 0.071352
0 0.220618 0.384581 0.049144 0.078851
0 0.912864 0.632908 0.046676 0.070038
0 0.193215 0.777847 0.048386 0.074717
0 0.735810 0.247010 0.043937 0.069993
0 0.972206 0.594321 0.052011 0.082889
0 0.930108 0.756343 0.048315 0.075380
0 0.040588 0.557286 0.049961 0.070736
0 0.139791 0.632821 0.047341 0.073681
0 0.140723 0.396991 0.045446 0.072507
0 0.958553 0.689943 0.050194 0.074452
0 0.958861 0.514696 0.047501 0.069039
0 0.873239 0.450783 0.051479 0.075510
0 0.928418 0.448013 0.049137 0.076810
0 0.804592 0.684203 0.049733 0.082256
0 0.135209 0.551224 0.043940 0.072985
0 0.043904 0.243941 0.048655 0.075049
0 0.877766 0.772203 0.048115 0.079620
0 0.094446 0.683611 0.052136 0.075968
0 0.075588 0.364969 0.047545 0.077904
0 0.211443 0.494438 0.050640 0.076520
0 0.085675 0.600636 0.048472 0.082722
0 0.874135 0.349864 0.047593 0.079544
0 0.822790 0.251960 0.047768 0.077969
0 0.257522 0.254754 0.047090 0.071448
0 0.097499 0.214722 0.052895 0.082847
3 0.468415 0.815256 0.095146 0.154946
2 0.342074 0.154350 0.024956 0.046484
2 0.550692 0.105483 0.027296 0.034565
2 0.279683 0.510727 0.023396 0.029797
2 0.824041 0.048868 0.021837 0.033373
2 0.670404 0.838498 0.020277 0.032181
2 0.967539 0.414779 0.021837 0.035757
2 0.469585 0.427294 0.019497 0.032181
2 0.602944 0.970799 0.019497 0.029797
2 0.110059 0.982718 0.041334 0.034565
2 0.178299 0.989273 0.026516 0.021454
1 0.718757 0.425507 0.042114 0.059595
5 0.588517 0.068534 0.085787 0.129917
1 0.534315 0.056615 0.039774 0.082241