0 0.038185 0.001980 0.037342 0.003905
0 0.739008 0.002115 0.038575 0.004148
0 0.002688 0.847809 0.005361 0.071297
0 0.995317 0.781620 0.007973 0.037375
0 0.277421 0.359080 0.034254 0.064526
0 0.243511 0.366561 0.045178 0.075774
0 0.004036 0.970727 0.008073 0.055258
0 0.006770 0.719448 0.013541 0.061181
0 0.063434 0.666489 0.041074 0.067733
0 0.027737 0.682661 0.047914 0.073209
0 0.385233 0.006968 0.043131 0.013899
0 0.243346 0.886157 0.046809 0.077049
0 0.987657 0.960197 0.023085 0.075951
0 0.055095 0.817546 0.043737 0.071848
0 0.592304 0.987951 0.043275 0.020934
0 0.298043 0.821594 0.043692 0.070097
0 0.219236 0.850458 0.054706 0.079848
0 0.502004 0.986218 0.044658 0.024380
0 0.251857 0.010062 0.043619 0.020125
0 0.987932 0.612791 0.022251 0.078500
0 0.026390 0.775705 0.051320 0.081163
0 0.761696 0.986124 0.048941 0.024596
0 0.985247 0.834978 0.027589 0.074685
0 0.323419 0.788001 0.047885 0.075896
0 0.141189 0.891659 0.072947 0.082226
0 0.907241 0.981574 0.049973 0.033735
0 0.102502 0.975037 0.040150 0.046701
0 0.073071 0.880371 0.044459 0.078079
0 0.017075 0.576711 0.034062 0.075670
0 0.555125 0.013439 0.049515 0.026813
0 0.075200 0.754536 0.038978 0.064059
0 0.859966 0.017957 0.039770 0.035914
0 0.209268 0.760209 0.044957 0.075166
0 0.910358 0.019839 0.046440 0.039679
0 0.953591 0.947901 0.048336 0.085239
0 0.057676 0.588290 0.048066 0.073013
0 0.421963 0.906012 0.046443 0.070944
0 0.162922 0.964018 0.052598 0.068717
0 0.675503 0.803284 0.041066 0.085019
0 0.981615 0.343202 0.034658 0.077110
0 0.476181 0.886255 0.046735 0.079026
0 0.253539 0.789064 0.046039 0.082081
0 0.287965 0.562453 0.039163 0.074477
0 0.218561 0.956829 0.048001 0.074063
0 0.556590 0.850399 0.044764 0.069317
0 0.057219 0.961304 0.050293 0.073968
0 0.685317 0.024801 0.049190 0.049602
0 0.909642 0.907767 0.045995 0.075496
0 0.524361 0.912659 0.048699 0.076772
0 0.436026 0.832891 0.050377 0.080123
0 0.459586 0.961804 0.051616 0.072459
0 0.332808 0.961507 0.047961 0.073326
0 0.796654 0.038260 0.047671 0.076520
0 0.114833 0.804585 0.046220 0.073268
0 0.675130 0.964088 0.050035 0.068463
0 0.599711 0.938262 0.046798 0.067791
0 0.525725 0.748629 0.046119 0.070887
0 0.877314 0.420396 0.050346 0.081140
0 0.845516 0.747381 0.048331 0.071847
0 0.494713 0.649181 0.045584 0.076577
0 0.788126 0.859774 0.048803 0.076807
0 0.531236 0.084846 0.045989 0.071581
0 0.973539 0.542882 0.050007 0.074848
0 0.188536 0.259505 0.047206 0.069499
0 0.580367 0.781406 0.050098 0.076694
0 0.847007 0.351766 0.047360 0.074648
0 0.237056 0.497486 0.044627 0.077405
0 0.705607 0.560659 0.048593 0.074477
0 0.658569 0.367555 0.048085 0.076670
0 0.635266 0.843887 0.046765 0.077455
0 0.229654 0.223609 0.045837 0.069016
0 0.861054 0.890608 0.048592 0.083776
0 0.603564 0.705653 0.045225 0.075464
0 0.084241 0.027920 0.042467 0.055839
0 0.656891 0.541198 0.047050 0.078919
0 0.284709 0.944271 0.045322 0.086292
0 0.901746 0.495609 0.047321 0.072468
0 0.901448 0.804707 0.048087 0.085122
0 0.477384 0.744371 0.047260 0.074729
0 0.654485 0.155396 0.047359 0.071220
0 0.064709 0.493494 0.045223 0.077301
0 0.699013 0.646194 0.052711 0.081418
0 0.274586 0.288143 0.044973 0.072024
0 0.978394 0.178075 0.041172 0.084119
0 0.100351 0.116798 0.050519 0.077265
0 0.639428 0.462156 0.044926 0.077431
0 0.886123 0.665319 0.049178 0.076165
0 0.230511 0.685749 0.047038 0.077580
0 0.363767 0.091716 0.048671 0.070275
0 0.449210 0.584302 0.050150 0.079335
0 0.440321 0.694486 0.046459 0.074836
0 0.025273 0.418462 0.050471 0.078770
0 0.955435 0.773995 0.049305 0.077638
0 0.720704 0.750406 0.045772 0.073370
0 0.869393 0.276555 0.048775 0.079408
0 0.241599 0.597000 0.048349 0.079322
0 0.566000 0.140430 0.048613 0.077733
0 0.292627 0.031617 0.050981 0.063233
0 0.542805 0.556754 0.049670 0.079928
0 0.333253 0.175012 0.046638 0.073690
0 0.315798 0.696875 0.048140 0.081490
0 0.163874 0.155038 0.054059 0.080093
0 0.912337 0.592815 0.047674 0.073561
0 0.760257 0.697631 0.050523 0.086530
0 0.062515 0.340649 0.050471 0.071519
0 0.547182 0.319308 0.049749 0.084811
0 0.492014 0.030071 0.049594 0.060142
0 0.614606 0.266451 0.054417 0.069025
0 0.401065 0.644976 0.051605 0.079486
0 0.596385 0.619611 0.053170 0.081119
0 0.417157 0.126564 0.051181 0.080929
0 0.450667 0.254947 0.049540 0.080802
0 0.587473 0.415081 0.052238 0.079798
0 0.057038 0.076235 0.047039 0.070271
0 0.710718 0.228428 0.051942 0.081452
0 0.550994 0.221030 0.049873 0.078182
0 0.698463 0.309434 0.049450 0.075267
0 0.167124 0.392187 0.047661 0.076393
0 0.484060 0.473693 0.051042 0.082857
0 0.464090 0.393981 0.052443 0.080448
0 0.404801 0.211195 0.051810 0.081168
0 0.177750 0.025393 0.054102 0.050786
0 0.741640 0.481114 0.053079 0.081838
0 0.081093 0.414321 0.050400 0.078234
0 0.931198 0.138007 0.049763 0.079968
0 0.437619 0.051238 0.049312 0.069660
0 0.170276 0.586003 0.050183 0.084319
0 0.084660 0.191769 0.056028 0.072880
0 0.369411 0.454039 0.055038 0.086609
0 0.142490 0.073647 0.052462 0.080489
0 0.029631 0.204949 0.048719 0.079449
0 0.787914 0.592757 0.052815 0.084779
0 0.082425 0.272520 0.051875 0.073649
0 0.930916 0.226561 0.056836 0.080598
1 0.803374 0.385578 0.035095 0.084625
2 0.178299 0.308105 0.015598 0.025030
2 0.006872 0.243743 0.013744 0.034565
2 0.235620 0.427890 0.024176 0.040524
2 0.083933 0.536949 0.021837 0.036949
2 0.362351 0.903456 0.024956 0.033373
2 0.828330 0.543504 0.021057 0.033373
2 0.754631 0.835518 0.020277 0.030989
2 0.896180 0.320024 0.022617 0.034565
2 0.671184 0.103695 0.032755 0.047676
2 0.794016 0.134088 0.019497 0.034565
2 0.243809 0.176996 0.020277 0.029797