0 0.002293 0.422328 0.004586 0.055205
0 0.958939 0.992626 0.023797 0.012426
0 0.997121 0.030719 0.004952 0.048118
0 0.568441 0.993510 0.031035 0.010633
0 0.097980 0.614206 0.046141 0.077206
0 0.266618 0.006897 0.032719 0.013775
0 0.103662 0.795101 0.047093 0.080545
0 0.059640 0.610130 0.040287 0.076936
0 0.019730 0.006589 0.033104 0.013178
0 0.116490 0.852722 0.048337 0.069751
0 0.801325 0.304210 0.041234 0.072856
0 0.832937 0.326657 0.045874 0.077011
0 0.993205 0.648701 0.011793 0.066909
0 0.335057 0.990382 0.041021 0.016239
0 0.019257 0.988061 0.038359 0.020983
0 0.989359 0.507645 0.019427 0.072613
0 0.892221 0.987534 0.043991 0.021831
0 0.010826 0.569707 0.021626 0.072867
0 0.689654 0.974173 0.046443 0.048384
0 0.772863 0.563407 0.045690 0.070089
0 0.280142 0.395822 0.043955 0.075592
0 0.975329 0.960818 0.047199 0.071473
0 0.931927 0.349210 0.050022 0.071152
0 0.735756 0.541773 0.050166 0.086058
0 0.207487 0.978389 0.048342 0.039921
0 0.395437 0.015786 0.044402 0.031571
0 0.844064 0.978053 0.046955 0.040537
0 0.142667 0.911066 0.051922 0.074227
0 0.013025 0.082165 0.026050 0.082461
0 0.979778 0.348670 0.037898 0.070876
0 0.508284 0.977934 0.050689 0.040650
0 0.159114 0.970351 0.047540 0.055924
0 0.675901 0.016189 0.049321 0.032378
0 0.018808 0.496901 0.037616 0.069417
0 0.093477 0.693918 0.053082 0.066539
0 0.870998 0.373790 0.040887 0.085083
0 0.321634 0.410019 0.044420 0.069411
0 0.722994 0.946609 0.048137 0.082837
0 0.898574 0.022739 0.045191 0.045478
0 0.047036 0.883227 0.045407 0.074049
0 0.386969 0.970973 0.049064 0.054627
0 0.585313 0.024012 0.049095 0.048006
0 0.850131 0.028000 0.045623 0.055797
0 0.499610 0.022030 0.047299 0.044061
0 0.816433 0.218906 0.047019 0.077245
0 0.023134 0.713137 0.046058 0.075593
0 0.948437 0.281864 0.054119 0.081094
0 0.796048 0.875210 0.047026 0.076809
0 0.810876 0.623375 0.044328 0.076038
0 0.175147 0.726428 0.047392 0.072424
0 0.111262 0.314207 0.045749 0.070944
0 0.294786 0.338873 0.048587 0.071589
0 0.346582 0.023677 0.046437 0.047309
0 0.975800 0.863218 0.046465 0.085351
0 0.956274 0.518789 0.042656 0.072355
0 0.939401 0.809005 0.045058 0.075379
0 0.321208 0.903207 0.045358 0.069743
0 0.964256 0.440627 0.045867 0.074438
0 0.924252 0.207100 0.045014 0.073981
0 0.628470 0.414133 0.047541 0.070616
0 0.769916 0.670863 0.052393 0.075941
0 0.059590 0.025539 0.046939 0.051079
0 0.180809 0.638553 0.051495 0.079145
0 0.208850 0.028984 0.041740 0.057891
0 0.283079 0.850900 0.046073 0.077202
0 0.771919 0.940840 0.046740 0.074702
0 0.744841 0.398153 0.051374 0.073757
0 0.482948 0.637749 0.048173 0.067204
0 0.892496 0.260263 0.048725 0.080246
0 0.376865 0.747212 0.046919 0.079410
0 0.188740 0.864317 0.045603 0.075790
0 0.234466 0.424600 0.047356 0.073700
0 0.546975 0.054573 0.049778 0.075512
0 0.367395 0.413005 0.044882 0.073518
0 0.568124 0.454174 0.045000 0.067992
0 0.133129 0.540452 0.050571 0.074329
0 0.681493 0.488752 0.047504 0.073609
0 0.692575 0.588755 0.047036 0.080278
0 0.768690 0.473490 0.047786 0.079090
0 0.212307 0.553554 0.049246 0.074874
0 0.087512 0.494883 0.049972 0.079650
0 0.023766 0.167891 0.047435 0.075516
0 0.574042 0.153195 0.044267 0.091819
0 0.923058 0.682952 0.052273 0.078949
0 0.974241 0.200744 0.048372 0.082586
0 0.502270 0.121072 0.046560 0.075427
0 0.371848 0.894303 0.049883 0.081680
0 0.813756 0.432071 0.049980 0.080398
0 0.721346 0.143868 0.049181 0.078818
0 0.329879 0.772885 0.045504 0.075212
0 0.782978 0.137341 0.046039 0.074058
0 0.860412 0.763583 0.046894 0.086496
0 0.510242 0.518784 0.050272 0.075067
0 0.146620 0.027544 0.050524 0.054977
0 0.878901 0.088448 0.048085 0.072845
0 0.414598 0.413081 0.043929 0.078579
0 0.540099 0.259961 0.044102 0.071970
0 0.251802 0.744875 0.052515 0.085942
0 0.508632 0.324773 0.047241 0.078324
0 0.396002 0.823118 0.049424 0.077211
0 0.491043 0.447784 0.047557 0.072903
0 0.559339 0.689269 0.050579 0.074727
0 0.762599 0.823567 0.049518 0.079311
0 0.614488 0.082746 0.052810 0.081825
0 0.039761 0.428019 0.048766 0.076267
0 0.496734 0.881290 0.049021 0.079021
0 0.663799 0.823833 0.047746 0.077818
0 0.320189 0.580468 0.047486 0.073493
0 0.913133 0.555810 0.047806 0.078599
0 0.407635 0.318289 0.047986 0.084863
0 0.064235 0.208027 0.049224 0.078560
0 0.539078 0.934307 0.045303 0.077873
0 0.607143 0.219579 0.046947 0.080681
0 0.256663 0.651269 0.050298 0.081461
0 0.856278 0.168425 0.050020 0.087209
0 0.651142 0.274008 0.049503 0.073267
0 0.541588 0.610142 0.051056 0.077618
0 0.569484 0.765816 0.051295 0.074889
0 0.189768 0.470878 0.049170 0.076990
0 0.108599 0.068977 0.048466 0.083057
0 0.475844 0.788899 0.053337 0.081094
0 0.807692 0.775562 0.050800 0.086211
0 0.397356 0.138887 0.048308 0.077827
0 0.239130 0.205093 0.052433 0.078263
0 0.242955 0.329863 0.046978 0.074711
0 0.090780 0.394958 0.050994 0.084824
0 0.137574 0.450182 0.049571 0.075291
0 0.958908 0.035916 0.052536 0.071770
0 0.420177 0.698272 0.049230 0.079122
0 0.751201 0.067118 0.052490 0.077717
0 0.661925 0.353198 0.052980 0.075642
0 0.458268 0.357498 0.050670 0.079918
0 0.871939 0.884703 0.051655 0.083011
0 0.612117 0.812985 0.049981 0.077643
0 0.449823 0.172040 0.047948 0.080187
0 0.670828 0.112748 0.049198 0.079364
0 0.118420 0.235485 0.052885 0.081808
0 0.178217 0.324221 0.047112 0.074444
0 0.405431 0.497705 0.053185 0.083316
0 0.233002 0.100194 0.052506 0.088821
0 0.974026 0.112232 0.048416 0.078648
0 0.410891 0.612961 0.052164 0.078265
0 0.286058 0.133499 0.051153 0.083658
0 0.453770 0.271629 0.051965 0.080662
0 0.693209 0.222286 0.052615 0.080317
0 0.295007 0.239677 0.049319 0.080780
0 0.363623 0.232633 0.051894 0.080203
1 0.776468 0.335518 0.049912 0.082241
2 0.148663 0.296186 0.024956 0.029797
2 0.434880 0.565554 0.031195 0.048868
2 0.466075 0.597139 0.029636 0.042908
2 0.711348 0.022050 0.024176 0.036949
2 0.628291 0.016687 0.020277 0.023838
2 0.638429 0.039928 0.018717 0.027414
2 0.550692 0.005364 0.027296 0.010727
2 0.945313 0.167461 0.027296 0.036949
2 0.931275 0.626341 0.022617 0.034565
2 0.765160 0.615614 0.019497 0.032181
1 0.906319 0.759237 0.049133 0.085816