0 0.197334 0.704037 0.116869 0.089904
0 0.801745 0.989060 0.039153 0.018927
0 0.993090 0.473362 0.012018 0.069169
0 0.435842 0.016207 0.036065 0.032403
0 0.866806 0.980818 0.048171 0.035178
0 0.988187 0.384184 0.021726 0.072103
0 0.744129 0.985048 0.048367 0.026780
0 0.203039 0.983241 0.049007 0.030305
0 0.544247 0.478251 0.046127 0.068292
0 0.118043 0.977387 0.052098 0.042065
0 0.493192 0.634620 0.051117 0.078324
0 0.015155 0.760605 0.030309 0.086148
0 0.496457 0.715783 0.049203 0.073167
0 0.906992 0.456733 0.050795 0.071228
0 0.013490 0.545241 0.026981 0.076634
0 0.982785 0.571656 0.032289 0.080989
0 0.802098 0.566620 0.051114 0.072494
0 0.698158 0.674040 0.046368 0.070157
0 0.835094 0.945937 0.049751 0.073200
0 0.462170 0.784808 0.048229 0.079973
0 0.907310 0.957732 0.046808 0.076481
0 0.952675 0.977337 0.049037 0.042127
0 0.449831 0.605623 0.053023 0.085410
0 0.494949 0.468476 0.049980 0.082435
0 0.058529 0.974718 0.051562 0.047053
0 0.174739 0.908898 0.048387 0.080899
0 0.862901 0.441856 0.046299 0.078588
0 0.757614 0.607554 0.049016 0.079838
0 0.761062 0.800736 0.053832 0.082791
0 0.142843 0.632217 0.047445 0.071533
0 0.299545 0.892813 0.049011 0.080222
0 0.910252 0.798208 0.049492 0.075189
0 0.445475 0.191783 0.047490 0.071610
0 0.278954 0.972454 0.057007 0.051630
0 0.628907 0.437140 0.049449 0.074851
0 0.227418 0.901216 0.050109 0.081683
0 0.217004 0.800505 0.045616 0.072930
0 0.039395 0.818718 0.050029 0.079775
0 0.442789 0.894804 0.052305 0.082815
0 0.579062 0.884861 0.050973 0.080425
0 0.804927 0.853809 0.057084 0.092074
0 0.551767 0.965627 0.049405 0.065559
0 0.664010 0.620666 0.052905 0.082809
0 0.615481 0.761637 0.052858 0.083762
0 0.547372 0.769937 0.056328 0.083408
0 0.879016 0.608564 0.050769 0.079803
0 0.042966 0.698121 0.047658 0.075375
0 0.166847 0.699919 0.051480 0.080557
0 0.904609 0.536880 0.060548 0.078215
0 0.338564 0.809006 0.052201 0.080214
0 0.792108 0.495336 0.049150 0.076064
0 0.764223 0.143535 0.051264 0.077232
0 0.832732 0.383159 0.043747 0.089142
0 0.230164 0.709246 0.047837 0.077278
0 0.780164 0.721124 0.049875 0.081993
0 0.514246 0.314659 0.048231 0.075490
0 0.369153 0.709778 0.045890 0.074274
0 0.429592 0.077439 0.051586 0.079306
0 0.473791 0.042507 0.051493 0.084924
0 0.140570 0.843579 0.053170 0.083860
0 0.578574 0.308055 0.050592 0.078300
0 0.080137 0.875576 0.050375 0.083690
0 0.639407 0.542659 0.053081 0.080092
0 0.945655 0.742897 0.047403 0.073284
0 0.410738 0.961231 0.049856 0.073747
0 0.331078 0.954720 0.047329 0.080525
0 0.121711 0.109210 0.052472 0.077817
0 0.159461 0.249557 0.052064 0.084224
0 0.305991 0.742564 0.052681 0.086610
0 0.658798 0.835951 0.050965 0.081574
0 0.948871 0.657953 0.049818 0.077467
0 0.940459 0.888947 0.057889 0.088750
0 0.496969 0.959411 0.052577 0.077496
0 0.656530 0.182956 0.049965 0.075840
0 0.024222 0.382776 0.048413 0.085823
0 0.595619 0.173058 0.045262 0.069044
0 0.036358 0.614261 0.050430 0.082114
0 0.554930 0.233436 0.051398 0.081602
0 0.634032 0.351431 0.049390 0.080111
0 0.949557 0.412958 0.054244 0.082792
0 0.193614 0.117500 0.049668 0.075282
0 0.951178 0.327863 0.051744 0.077177
0 0.081708 0.059480 0.050768 0.081156
0 0.392114 0.026192 0.054865 0.052384
0 0.420919 0.258292 0.052124 0.078982
0 0.170594 0.450730 0.046903 0.075672
0 0.118614 0.505766 0.048487 0.082856
0 0.332334 0.520837 0.050584 0.086064
0 0.049164 0.288962 0.053794 0.081027
0 0.440756 0.372567 0.049448 0.079482
0 0.249011 0.376470 0.049677 0.080841
0 0.198133 0.331973 0.052307 0.081172
0 0.047595 0.127181 0.056906 0.086568
0 0.304286 0.609300 0.055108 0.089036
0 0.081398 0.377710 0.050631 0.077984
0 0.250548 0.122229 0.053724 0.082104
0 0.516928 0.091510 0.051218 0.078521
0 0.307772 0.399262 0.054404 0.082980
0 0.127976 0.313979 0.051777 0.081968
0 0.197744 0.580409 0.051867 0.083456
0 0.695924 0.422392 0.050748 0.079699
0 0.094450 0.180726 0.054664 0.086482
0 0.709179 0.244815 0.051154 0.078423
0 0.800305 0.205611 0.055946 0.086622
0 0.707837 0.084266 0.051966 0.076232
0 0.269318 0.219789 0.049696 0.076371
0 0.855642 0.182261 0.053585 0.079869
0 0.906776 0.274619 0.055890 0.087796
0 0.975314 0.228966 0.047090 0.082936
0 0.146102 0.018482 0.051908 0.036963
0 0.746304 0.021204 0.051391 0.042407
0 0.211354 0.040256 0.048158 0.071104
0 0.039274 0.026359 0.047655 0.052717
0 0.340723 0.300761 0.053129 0.082754
0 0.327013 0.138581 0.051471 0.077738
0 0.637839 0.033823 0.048528 0.067647
0 0.940017 0.143706 0.055251 0.086182
0 0.907665 0.032176 0.054663 0.064352
0 0.965292 0.059708 0.056204 0.079577
1 0.533535 0.393325 0.058491 0.042908
2 0.110839 0.244934 0.022617 0.034565
2 0.225871 0.429678 0.018717 0.032181
2 0.739034 0.657926 0.031195 0.047676
2 0.343634 0.877831 0.029636 0.039333
2 0.867714 0.294398 0.023396 0.033373
2 0.858356 0.558999 0.021837 0.038141
2 0.848217 0.601907 0.017157 0.028605