0 0.511742 0.004962 0.039417 0.009923
0 0.997834 0.464347 0.004290 0.063039
0 0.012898 0.993883 0.025733 0.009980
0 0.265735 0.397094 0.054388 0.082951
0 0.715973 0.994904 0.035350 0.008682
0 0.996213 0.835862 0.006682 0.060485
0 0.996907 0.177522 0.005900 0.054820
0 0.523021 0.574277 0.073554 0.084718
0 0.186318 0.005539 0.041015 0.011079
0 0.818449 0.991132 0.041486 0.015093
0 0.450343 0.990964 0.041044 0.015619
0 0.603895 0.007568 0.039357 0.015136
0 0.995300 0.378436 0.008804 0.065248
0 0.267252 0.736426 0.042592 0.074818
0 0.656238 0.008899 0.043541 0.017798
0 0.821593 0.010358 0.043506 0.020717
0 0.878719 0.010103 0.046445 0.020206
0 0.010148 0.844520 0.020294 0.068431
0 0.012839 0.024427 0.025653 0.048854
0 0.011247 0.292397 0.022478 0.076866
0 0.317729 0.972864 0.055552 0.051188
0 0.335422 0.856686 0.049414 0.072965
0 0.988848 0.717376 0.021028 0.081182
0 0.169134 0.978941 0.051333 0.039315
0 0.529358 0.490107 0.044808 0.072117
0 0.979033 0.964268 0.040692 0.068059
0 0.352279 0.933187 0.052568 0.077686
0 0.641460 0.969087 0.046695 0.058989
0 0.340950 0.621616 0.047066 0.077553
0 0.928924 0.974758 0.046589 0.047554
0 0.055811 0.973886 0.048625 0.049182
0 0.665331 0.762656 0.046702 0.075602
0 0.229141 0.969933 0.041344 0.057183
0 0.829486 0.271893 0.044171 0.074499
0 0.662825 0.898335 0.051228 0.081138
0 0.551238 0.649069 0.047811 0.079181
0 0.109484 0.185364 0.041386 0.065144
0 0.301333 0.703454 0.050117 0.073142
0 0.023598 0.385078 0.047197 0.069924
0 0.502397 0.683152 0.048043 0.076828
0 0.707013 0.078132 0.044581 0.071355
0 0.776829 0.964399 0.048297 0.068213
0 0.517953 0.963263 0.048810 0.070165
0 0.716476 0.019483 0.048566 0.038965
0 0.788928 0.761863 0.046038 0.072291
0 0.346808 0.775788 0.050349 0.079138
0 0.981730 0.533306 0.035353 0.076190
0 0.495327 0.029823 0.048354 0.059646
0 0.591224 0.695152 0.047608 0.078726
0 0.459205 0.940670 0.047593 0.076190
0 0.206443 0.782551 0.051163 0.081517
0 0.445761 0.828853 0.050265 0.083211
0 0.714359 0.935016 0.054176 0.084077
0 0.481233 0.758421 0.050691 0.078607
0 0.830757 0.579757 0.053290 0.070337
0 0.824871 0.411101 0.049642 0.080451
0 0.086724 0.028412 0.050158 0.056824
0 0.970688 0.608511 0.045466 0.068806
0 0.715080 0.395432 0.045490 0.072567
0 0.573215 0.955302 0.051586 0.080366
0 0.239774 0.572964 0.048373 0.076422
0 0.095264 0.581093 0.046707 0.068723
0 0.463881 0.086958 0.053438 0.078444
0 0.084865 0.652435 0.051953 0.071349
0 0.701179 0.705557 0.044403 0.076719
0 0.835119 0.135421 0.051116 0.079976
0 0.518640 0.875602 0.049874 0.075416
0 0.312408 0.478700 0.044253 0.070041
0 0.184013 0.196760 0.050272 0.078024
0 0.097897 0.936263 0.054951 0.077521
0 0.488217 0.422152 0.049822 0.082588
0 0.405748 0.902855 0.051022 0.080648
0 0.253022 0.829447 0.049287 0.078468
0 0.395899 0.035751 0.052306 0.071503
0 0.590391 0.781517 0.049951 0.080353
0 0.112622 0.088059 0.049148 0.076447
0 0.155278 0.729256 0.047368 0.072368
0 0.382172 0.694320 0.050498 0.083140
0 0.514749 0.341264 0.047710 0.071811
0 0.842962 0.053999 0.057173 0.070589
0 0.662666 0.189901 0.046485 0.068771
0 0.314284 0.556272 0.050654 0.071723
0 0.728427 0.473892 0.048617 0.074745
0 0.800739 0.207825 0.047556 0.069842
0 0.754847 0.699175 0.049323 0.073122
0 0.330782 0.406474 0.048821 0.072721
0 0.222673 0.141863 0.050603 0.075446
0 0.641163 0.112738 0.046227 0.071818
0 0.852457 0.339861 0.049468 0.078476
0 0.131565 0.436667 0.053404 0.078624
0 0.126671 0.521307 0.051492 0.070567
0 0.231366 0.693310 0.053591 0.078072
0 0.849946 0.767863 0.051632 0.078298
0 0.718629 0.555222 0.048952 0.080096
0 0.253868 0.493906 0.047668 0.080996
0 0.856855 0.901130 0.051661 0.078843
0 0.176281 0.053997 0.053795 0.067953
0 0.034445 0.710795 0.042649 0.079079
0 0.253247 0.208134 0.051013 0.074792
0 0.178577 0.604852 0.047060 0.072678
0 0.483177 0.164335 0.051091 0.080387
0 0.099699 0.731947 0.051825 0.074995
0 0.714840 0.169955 0.045998 0.075248
0 0.381753 0.167183 0.051911 0.074845
0 0.636460 0.262708 0.047659 0.068327
0 0.669217 0.587007 0.051059 0.079330
0 0.337040 0.208666 0.046639 0.073680
0 0.575020 0.394701 0.063397 0.080695
0 0.837535 0.687592 0.051398 0.080634
0 0.064425 0.133749 0.050147 0.076976
0 0.197935 0.524478 0.046029 0.068410
0 0.591751 0.104785 0.046217 0.073775
0 0.427051 0.613714 0.054047 0.087316
0 0.756368 0.278499 0.049148 0.077167
0 0.905694 0.357470 0.045758 0.078658
0 0.381123 0.520422 0.049377 0.072072
0 0.948243 0.828616 0.049841 0.077510
0 0.566890 0.214578 0.052125 0.083882
0 0.443831 0.505769 0.051867 0.081104
0 0.953100 0.418376 0.054022 0.076308
0 0.410840 0.246389 0.046506 0.081929
0 0.928737 0.123396 0.043592 0.072046
0 0.928524 0.659629 0.051571 0.088540
0 0.085124 0.408700 0.055185 0.085429
0 0.071256 0.853091 0.053135 0.076504
0 0.952234 0.044920 0.049332 0.077326
0 0.703826 0.304443 0.050384 0.071757
0 0.950918 0.317103 0.051483 0.073969
0 0.868604 0.200779 0.046546 0.081345
0 0.064079 0.248400 0.055857 0.074293
0 0.853315 0.503664 0.053104 0.081054
0 0.206002 0.385187 0.050186 0.082216
0 0.394306 0.330758 0.049334 0.081343
0 0.212223 0.272606 0.053654 0.076656
0 0.964229 0.240145 0.051807 0.074190
1 0.575259 0.482718 0.043673 0.100119
2 0.169720 0.283671 0.024956 0.033373
2 0.534705 0.284863 0.024956 0.038141
2 0.784657 0.099523 0.024176 0.039333
2 0.929715 0.239571 0.024176 0.040524
2 0.866934 0.558403 0.020277 0.034565
2 0.891111 0.948153 0.023396 0.027414
2 0.245758 0.634088 0.028856 0.042908
2 0.296451 0.604291 0.022617 0.030989
2 0.294501 0.771156 0.021837 0.030989
2 0.157242 0.566150 0.024956 0.033373