0 0.002386 0.760399 0.004772 0.052337
0 0.481930 0.994470 0.038648 0.008949
0 0.997381 0.481513 0.004686 0.043677
0 0.994337 0.657336 0.009791 0.044497
0 0.995403 0.562440 0.008058 0.057418
0 0.356877 0.004707 0.033415 0.009414
0 0.972554 0.991103 0.036783 0.014940
0 0.655493 0.005877 0.036156 0.011755
0 0.410153 0.006047 0.035552 0.012094
0 0.006917 0.977403 0.013833 0.042284
0 0.006013 0.201869 0.012020 0.061630
0 0.707107 0.008404 0.041309 0.016808
0 0.175262 0.986982 0.045513 0.022815
0 0.990449 0.273536 0.017297 0.069605
0 0.990322 0.197142 0.017682 0.074683
0 0.926633 0.011853 0.043494 0.023706
0 0.284658 0.976719 0.046754 0.043149
0 0.020746 0.636207 0.041492 0.076322
0 0.986978 0.937568 0.024275 0.070666
0 0.728556 0.978585 0.044754 0.039653
0 0.132626 0.925920 0.045332 0.076224
0 0.249516 0.944653 0.044945 0.073857
0 0.014756 0.072616 0.029463 0.085491
0 0.514918 0.172429 0.046780 0.068582
0 0.095426 0.968486 0.050672 0.059750
0 0.395037 0.973373 0.044681 0.050036
0 0.314121 0.657078 0.047556 0.070991
0 0.651338 0.856726 0.042451 0.068966
0 0.502396 0.015341 0.049012 0.030681
0 0.155808 0.607562 0.044583 0.071873
0 0.516863 0.238694 0.049787 0.074915
0 0.771974 0.954857 0.052061 0.078293
0 0.925388 0.238739 0.051450 0.074963
0 0.018990 0.399533 0.037980 0.079689
0 0.085382 0.574796 0.044274 0.078296
0 0.983068 0.359611 0.031874 0.081371
0 0.562887 0.644743 0.041846 0.082372
0 0.615185 0.679287 0.046352 0.075251
0 0.790141 0.820654 0.046987 0.071475
0 0.130505 0.813825 0.055112 0.075862
0 0.182363 0.720257 0.046245 0.072663
0 0.810864 0.906295 0.056574 0.088847
0 0.929450 0.615868 0.037889 0.071005
0 0.086750 0.766446 0.052246 0.077561
0 0.862958 0.365525 0.044536 0.065344
0 0.534988 0.957205 0.047375 0.076862
0 0.035888 0.297476 0.050424 0.073272
0 0.879169 0.961863 0.045549 0.072634
0 0.623171 0.600083 0.043768 0.065919
0 0.975425 0.609999 0.046655 0.083301
0 0.832194 0.031316 0.039570 0.062575
0 0.219948 0.646955 0.045086 0.072612
0 0.483611 0.930782 0.051642 0.078974
0 0.591079 0.830468 0.047663 0.069493
0 0.639657 0.936236 0.052657 0.082617
0 0.400867 0.656574 0.048995 0.070805
0 0.070277 0.665001 0.051246 0.079850
0 0.033965 0.737256 0.051889 0.090614
0 0.390517 0.580233 0.046172 0.076338
0 0.183874 0.798945 0.052953 0.076034
0 0.437487 0.365748 0.049642 0.071094
0 0.906655 0.839129 0.048205 0.074196
0 0.851729 0.782513 0.046200 0.070497
0 0.229116 0.867173 0.055324 0.070615
0 0.248298 0.033166 0.049017 0.066200
0 0.487605 0.706618 0.049167 0.078930
0 0.586471 0.912091 0.044946 0.090794
0 0.303901 0.896080 0.047546 0.072946
0 0.559955 0.027840 0.046660 0.055680
0 0.029722 0.480289 0.047409 0.073764
0 0.085594 0.032247 0.051539 0.064458
0 0.056541 0.892122 0.051990 0.083468
0 0.932253 0.766977 0.052102 0.079951
0 0.352242 0.936239 0.047711 0.075363
0 0.494037 0.616676 0.042789 0.083197
0 0.583886 0.561028 0.044985 0.078270
0 0.715894 0.652679 0.047435 0.075220
0 0.461679 0.772230 0.047323 0.073226
0 0.463664 0.852901 0.049181 0.068884
0 0.540048 0.090463 0.045213 0.069730
0 0.663302 0.068434 0.046359 0.070753
0 0.694061 0.934308 0.046350 0.078889
0 0.270333 0.522381 0.048261 0.076390
0 0.585126 0.748083 0.049722 0.079583
0 0.946355 0.905118 0.044136 0.079669
0 0.837207 0.448957 0.048462 0.074342
0 0.950498 0.187943 0.051699 0.082885
0 0.173734 0.273967 0.044438 0.065643
0 0.293826 0.049073 0.044364 0.076884
0 0.034304 0.564335 0.052315 0.079563
0 0.711809 0.548421 0.050377 0.073504
0 0.976761 0.110074 0.043951 0.073195
0 0.314842 0.478640 0.049690 0.079993
0 0.739326 0.783288 0.046352 0.077231
0 0.069517 0.363355 0.053896 0.068103
0 0.661100 0.410281 0.041325 0.076040
0 0.358072 0.702898 0.049667 0.077410
0 0.128039 0.533075 0.051645 0.086597
0 0.175892 0.499260 0.051514 0.083081
0 0.289216 0.734074 0.055387 0.093487
0 0.669651 0.740854 0.051417 0.082455
0 0.912497 0.686127 0.047280 0.078786
0 0.125113 0.231722 0.043824 0.069529
0 0.344493 0.407295 0.042119 0.089477
0 0.768127 0.695098 0.047179 0.076162
0 0.970911 0.435458 0.048576 0.075787
0 0.341152 0.044914 0.044819 0.074612
0 0.391359 0.056229 0.045506 0.069990
0 0.834870 0.654590 0.050923 0.079211
0 0.850462 0.294764 0.050499 0.073327
0 0.115605 0.102183 0.047812 0.075195
0 0.495086 0.376636 0.050339 0.086200
0 0.522825 0.528751 0.050289 0.077767
0 0.336631 0.563511 0.051747 0.081774
0 0.402334 0.161034 0.042012 0.071454
0 0.789136 0.134988 0.046013 0.068999
0 0.565873 0.205359 0.046283 0.072918
0 0.675376 0.599749 0.050041 0.081376
0 0.711551 0.061547 0.042952 0.076259
0 0.093998 0.296471 0.048869 0.070305
0 0.773052 0.205683 0.047498 0.066344
0 0.777354 0.409956 0.049628 0.075700
0 0.040090 0.222795 0.050662 0.078673
0 0.433351 0.534581 0.051619 0.081714
0 0.224118 0.146802 0.047415 0.075043
0 0.898285 0.138072 0.051435 0.074695
0 0.597111 0.141548 0.043025 0.076842
0 0.342837 0.318588 0.044932 0.075266
0 0.203443 0.071277 0.053041 0.080465
0 0.774353 0.276133 0.051953 0.070944
0 0.462706 0.164850 0.048936 0.079626
0 0.888856 0.043322 0.048117 0.078004
0 0.657247 0.219505 0.047074 0.071886
0 0.928114 0.074254 0.050614 0.080875
0 0.438416 0.292162 0.054327 0.075242
0 0.441135 0.445830 0.051179 0.079645
0 0.353289 0.126536 0.052350 0.079920
0 0.620445 0.465155 0.046643 0.077165
0 0.853491 0.097055 0.053829 0.070462
0 0.647846 0.140287 0.050335 0.076298
0 0.675348 0.490827 0.047858 0.075772
0 0.917519 0.334699 0.046895 0.078694
0 0.877187 0.213789 0.046429 0.072988
0 0.853698 0.567584 0.054674 0.078006
0 0.171862 0.189789 0.051475 0.081627
0 0.147606 0.388340 0.052297 0.073886
0 0.747198 0.339869 0.051284 0.084436
0 0.711966 0.197847 0.052927 0.082060
0 0.647466 0.319818 0.046500 0.080184
0 0.271107 0.384440 0.050268 0.079989
0 0.779138 0.534888 0.051089 0.080475
0 0.697655 0.330731 0.044331 0.076653
0 0.569071 0.302705 0.047546 0.079251
0 0.918000 0.513934 0.046567 0.074698
0 0.273609 0.202193 0.054856 0.079340
0 0.205642 0.371852 0.050750 0.087099
0 0.824185 0.225433 0.046993 0.080086
0 0.254687 0.287936 0.052393 0.084796
1 0.548743 0.385578 0.032755 0.060787
2 0.087832 0.455304 0.020277 0.028605
2 0.217683 0.264601 0.019497 0.033373
2 0.437609 0.242551 0.025736 0.032181
2 0.714857 0.138856 0.020277 0.034565
2 0.632190 0.547676 0.029636 0.048868
1 0.143643 0.679733 0.062758 0.065054