0 0.004365 0.564766 0.008728 0.055056
0 0.003039 0.427369 0.006079 0.054585
0 0.993847 0.763286 0.010926 0.060160
0 0.992540 0.824264 0.013352 0.063309
0 0.994123 0.898394 0.010337 0.059976
0 0.310928 0.077040 0.044457 0.060229
0 0.807339 0.991918 0.038548 0.013548
0 0.749780 0.991917 0.043319 0.013590
0 0.988572 0.403787 0.021479 0.067903
0 0.311564 0.027408 0.051129 0.054586
0 0.755590 0.009566 0.041195 0.019132
0 0.266933 0.007986 0.037113 0.015971
0 0.330036 0.989636 0.045755 0.017951
0 0.977535 0.968392 0.042791 0.059990
0 0.818876 0.935499 0.046825 0.059080
0 0.981809 0.667505 0.034804 0.069095
0 0.494150 0.985782 0.045700 0.025309
0 0.820989 0.881646 0.049322 0.073045
0 0.011433 0.930471 0.022867 0.087137
0 0.200362 0.985426 0.042250 0.026681
0 0.979790 0.605131 0.039133 0.072701
0 0.265572 0.985659 0.048156 0.025587
0 0.082674 0.011551 0.045784 0.023102
0 0.712733 0.027078 0.047267 0.054156
0 0.012130 0.168821 0.024240 0.070625
0 0.793367 0.653092 0.049650 0.074307
0 0.820475 0.689564 0.051982 0.077275
0 0.801009 0.520216 0.046522 0.072437
0 0.899976 0.611362 0.046364 0.072549
0 0.299847 0.143295 0.042935 0.065475
0 0.136692 0.025316 0.043796 0.050632
0 0.201419 0.015853 0.037946 0.031707
0 0.785425 0.578665 0.053660 0.071573
0 0.517979 0.017151 0.053505 0.034301
0 0.602436 0.416912 0.054116 0.073343
0 0.044828 0.971798 0.048879 0.053242
0 0.938046 0.951505 0.053676 0.070331
0 0.984725 0.138801 0.028859 0.069725
0 0.588082 0.967470 0.051347 0.061769
0 0.512017 0.941098 0.044755 0.069189
0 0.705058 0.968511 0.047638 0.059963
0 0.227147 0.772301 0.043345 0.063520
0 0.285728 0.199188 0.045569 0.068925
0 0.932746 0.589155 0.048172 0.074387
0 0.621340 0.919225 0.044586 0.070630
0 0.884819 0.967170 0.049369 0.062487
0 0.463633 0.861469 0.047233 0.070866
0 0.609610 0.483279 0.055860 0.067784
0 0.977924 0.463755 0.042170 0.068246
0 0.393940 0.642137 0.045658 0.067830
0 0.519874 0.833729 0.045657 0.071845
0 0.177910 0.636756 0.049108 0.077619
0 0.357937 0.884716 0.046797 0.072634
0 0.131136 0.876021 0.051466 0.074484
0 0.261671 0.530299 0.041581 0.070104
0 0.101515 0.059740 0.050747 0.075434
0 0.962512 0.734824 0.048218 0.072210
0 0.894284 0.739274 0.059757 0.076209
0 0.253952 0.071730 0.043188 0.069221
0 0.531897 0.757885 0.047485 0.076002
0 0.527846 0.420256 0.044782 0.065371
0 0.730271 0.867466 0.047714 0.072442
0 0.164675 0.939235 0.051614 0.078197
0 0.556167 0.691861 0.043628 0.069527
0 0.271474 0.883656 0.045733 0.071176
0 0.955813 0.826167 0.048525 0.080587
0 0.214569 0.585992 0.045204 0.070923
0 0.451884 0.937151 0.049656 0.072928
0 0.312739 0.484039 0.045314 0.069243
0 0.410478 0.817587 0.044046 0.071844
0 0.891720 0.865849 0.050221 0.075421
0 0.673233 0.915075 0.051003 0.085282
0 0.631304 0.636331 0.058552 0.069941
0 0.856400 0.801169 0.054412 0.075555
0 0.735339 0.081769 0.047731 0.066742
0 0.394790 0.971196 0.048154 0.054506
0 0.893481 0.033108 0.050948 0.066216
0 0.098279 0.954704 0.050980 0.077092
0 0.756350 0.935825 0.045972 0.073519
0 0.025058 0.067936 0.050117 0.084217
0 0.622933 0.844165 0.044798 0.068330
0 0.467151 0.674736 0.048280 0.072017
0 0.585211 0.351690 0.049768 0.070316
0 0.311831 0.936789 0.049135 0.077149
0 0.631669 0.727745 0.046889 0.075498
0 0.380862 0.043380 0.044958 0.078018
0 0.542203 0.572750 0.050696 0.074991
0 0.470895 0.757279 0.049115 0.073406
0 0.843494 0.473260 0.050469 0.066860
0 0.096054 0.770813 0.047225 0.077075
0 0.503474 0.619301 0.052778 0.083154
0 0.762801 0.787651 0.052015 0.076534
0 0.496651 0.352271 0.050244 0.059471
0 0.337537 0.814059 0.048729 0.072452
0 0.707132 0.651512 0.047189 0.072786
0 0.320532 0.558698 0.047971 0.070830
0 0.508512 0.109321 0.044256 0.073454
0 0.268008 0.380079 0.050136 0.069691
0 0.728308 0.580329 0.043418 0.071269
0 0.283436 0.772489 0.048743 0.077881
0 0.560213 0.213843 0.045485 0.066421
0 0.136302 0.698931 0.049195 0.077512
0 0.343895 0.335250 0.045365 0.071915
0 0.068761 0.874245 0.050459 0.076561
0 0.552235 0.058543 0.050133 0.077939
0 0.552972 0.139707 0.049457 0.073333
0 0.200211 0.854692 0.055224 0.079589
0 0.282328 0.648653 0.052039 0.081714
0 0.051014 0.385674 0.053785 0.080251
0 0.685036 0.547805 0.044737 0.080395
0 0.360046 0.710250 0.054749 0.083707
0 0.368663 0.405268 0.048061 0.073521
0 0.431976 0.420407 0.049565 0.073902
0 0.220871 0.483488 0.048029 0.074363
0 0.477290 0.187795 0.041097 0.077019
0 0.179318 0.433476 0.046723 0.072600
0 0.571419 0.841402 0.047220 0.074729
0 0.206942 0.093857 0.046944 0.073145
0 0.753435 0.705641 0.051601 0.077467
0 0.777411 0.123664 0.048017 0.075074
0 0.060386 0.176266 0.047624 0.071316
0 0.754796 0.458484 0.048859 0.073720
0 0.035647 0.773027 0.049586 0.076892
0 0.416433 0.494616 0.050129 0.073293
0 0.546893 0.301835 0.049430 0.075283
0 0.223213 0.680594 0.048251 0.079981
0 0.691348 0.728746 0.056968 0.075031
0 0.295303 0.315080 0.045080 0.073671
0 0.418336 0.708977 0.049908 0.078207
0 0.613562 0.284938 0.050046 0.075954
0 0.048861 0.616496 0.044892 0.066759
0 0.938873 0.156864 0.048770 0.076860
0 0.071659 0.457532 0.050478 0.074374
0 0.525589 0.497061 0.049582 0.078040
0 0.893208 0.358456 0.048336 0.076082
0 0.874129 0.533772 0.050282 0.076835
0 0.663963 0.473959 0.045822 0.080572
0 0.376731 0.551952 0.053416 0.081596
0 0.893649 0.115054 0.047355 0.071442
0 0.164856 0.539570 0.043455 0.075123
0 0.633166 0.554736 0.051595 0.080504
0 0.077846 0.693339 0.051793 0.084729
0 0.471380 0.510779 0.049807 0.080872
0 0.738669 0.389162 0.046684 0.073875
0 0.937783 0.507163 0.051909 0.076835
0 0.086818 0.334982 0.048585 0.079539
0 0.111301 0.142905 0.051661 0.079004
0 0.921406 0.425162 0.051600 0.074327
0 0.168714 0.329802 0.048776 0.068761
0 0.168838 0.227542 0.048676 0.075760
0 0.825963 0.394037 0.050303 0.083106
0 0.645271 0.351474 0.044592 0.081597
0 0.872591 0.282507 0.046625 0.074518
0 0.111452 0.516004 0.052393 0.084956
0 0.941791 0.337884 0.048277 0.071515
0 0.800480 0.201885 0.049293 0.081873
0 0.226955 0.238886 0.050932 0.074884
0 0.696169 0.342043 0.049753 0.078815
1 0.173619 0.776520 0.051472 0.067938
1 0.715637 0.800358 0.067070 0.058403
2 0.462566 0.387962 0.021057 0.027414
2 0.639989 0.426103 0.018717 0.032181
2 0.700430 0.454112 0.021057 0.028605
2 0.786607 0.410608 0.023396 0.041716
2 0.798305 0.309297 0.018717 0.029797
2 0.795965 0.279499 0.017157 0.029797
2 0.833400 0.156138 0.014038 0.026222
2 0.606844 0.679976 0.017937 0.029797
1 0.905539 0.684148 0.060051 0.059595
2 0.839639 0.247914 0.021837 0.030989
2 0.310489 0.733015 0.021057 0.030989