0 0.995232 0.019690 0.008383 0.039380
0 0.462960 0.008686 0.030096 0.017371
0 0.995742 0.292295 0.007022 0.054150
0 0.004735 0.606132 0.009456 0.057357
0 0.722389 0.990780 0.036729 0.015469
0 0.664009 0.990109 0.041915 0.016846
0 0.014952 0.669420 0.029891 0.067379
0 0.863716 0.010984 0.043942 0.021884
0 0.845128 0.782879 0.049804 0.064136
0 0.422436 0.984022 0.050450 0.028712
0 0.014350 0.865290 0.028700 0.077496
0 0.050809 0.778587 0.042566 0.075969
0 0.274834 0.978401 0.050405 0.039824
0 0.371388 0.407756 0.047267 0.062330
0 0.986451 0.778736 0.025245 0.082023
0 0.020551 0.735608 0.041054 0.075452
0 0.500604 0.030451 0.063566 0.060779
0 0.066502 0.833580 0.046421 0.074253
0 0.848237 0.720603 0.052167 0.069174
0 0.381930 0.265879 0.056030 0.072745
0 0.135519 0.972393 0.046166 0.051829
0 0.492063 0.088046 0.058343 0.072675
0 0.336894 0.974314 0.045718 0.047890
0 0.383466 0.201245 0.056608 0.073669
0 0.199860 0.970171 0.051883 0.056258
0 0.774420 0.973444 0.049971 0.049805
0 0.520632 0.141352 0.050434 0.068545
0 0.243758 0.928020 0.055619 0.087169
0 0.050604 0.910937 0.043500 0.078997
0 0.675495 0.830093 0.042721 0.092944
0 0.849127 0.971551 0.051368 0.053482
0 0.373131 0.125732 0.054579 0.069600
0 0.858647 0.643985 0.055537 0.077954
0 0.155188 0.236219 0.045606 0.071066
0 0.875140 0.914565 0.049783 0.072546
0 0.174623 0.879053 0.048190 0.078913
0 0.973639 0.871887 0.047893 0.068189
0 0.122687 0.781143 0.045653 0.071223
0 0.279861 0.087417 0.049786 0.069898
0 0.803030 0.903436 0.048495 0.074447
0 0.731445 0.903925 0.043786 0.071607
0 0.435071 0.933804 0.050477 0.071640
0 0.187940 0.341558 0.044561 0.071993
0 0.544379 0.863474 0.047261 0.068902
0 0.262755 0.026621 0.054511 0.053243
0 0.087071 0.670411 0.051200 0.079559
0 0.325837 0.203452 0.048636 0.075559
0 0.787318 0.195433 0.047861 0.071008
0 0.462734 0.193029 0.045146 0.074460
0 0.240411 0.770539 0.042802 0.078932
0 0.078277 0.535346 0.051162 0.077113
0 0.289418 0.686903 0.046250 0.073165
0 0.486442 0.913584 0.048222 0.072271
0 0.140419 0.028955 0.044408 0.057909
0 0.512856 0.443123 0.047959 0.074048
0 0.271286 0.154566 0.051519 0.068421
0 0.734620 0.365921 0.048072 0.070750
0 0.139866 0.385799 0.053446 0.078636
0 0.561865 0.419305 0.044619 0.072074
0 0.296261 0.524606 0.039696 0.072563
0 0.705481 0.645822 0.042706 0.073039
0 0.867414 0.838960 0.051287 0.071891
0 0.163888 0.517305 0.046713 0.070102
0 0.469685 0.718797 0.048012 0.074845
0 0.428141 0.150733 0.044906 0.078251
0 0.798017 0.822855 0.052728 0.071573
0 0.023376 0.059064 0.046229 0.077761
0 0.561719 0.941597 0.046775 0.076470
0 0.980507 0.195906 0.037014 0.066916
0 0.058026 0.613522 0.053190 0.076527
0 0.333486 0.713748 0.042869 0.073284
0 0.072791 0.033685 0.053057 0.067369
0 0.115135 0.865133 0.050451 0.083118
0 0.603211 0.157427 0.052323 0.067693
0 0.797843 0.741195 0.043206 0.086954
0 0.473774 0.799742 0.048644 0.077952
0 0.738945 0.443531 0.048579 0.074768
0 0.967998 0.948428 0.054100 0.082648
0 0.407137 0.464619 0.053875 0.072250
0 0.382152 0.949919 0.050483 0.083701
0 0.753706 0.755035 0.044919 0.089558
0 0.295400 0.902734 0.047609 0.084575
0 0.435879 0.855578 0.051855 0.075869
0 0.347243 0.805414 0.045936 0.070563
0 0.635625 0.755356 0.046626 0.076925
0 0.480043 0.492011 0.048547 0.070615
0 0.302352 0.447184 0.050842 0.072402
0 0.329800 0.075750 0.043845 0.071464
0 0.224269 0.701910 0.046720 0.072891
0 0.098609 0.464546 0.055169 0.076124
0 0.619424 0.898700 0.047094 0.077275
0 0.134807 0.708646 0.048396 0.072819
0 0.542743 0.208414 0.049919 0.078609
0 0.789300 0.372508 0.046540 0.072588
0 0.041556 0.422040 0.051927 0.081077
0 0.675400 0.942371 0.055697 0.076265
0 0.167300 0.093725 0.054063 0.082050
0 0.495085 0.252379 0.049369 0.068482
0 0.220905 0.070040 0.048863 0.075842
0 0.042182 0.220442 0.044956 0.077565
0 0.828679 0.457545 0.049520 0.077889
0 0.969077 0.366712 0.044382 0.069193
0 0.322070 0.343787 0.046190 0.074492
0 0.828218 0.316367 0.048942 0.077961
0 0.893680 0.593805 0.049696 0.078408
0 0.219847 0.392466 0.048580 0.072970
0 0.639642 0.119306 0.045290 0.066842
0 0.186312 0.578979 0.051170 0.075957
0 0.948719 0.536184 0.045763 0.069973
0 0.244162 0.293870 0.048158 0.076242
0 0.751816 0.244732 0.047203 0.072643
0 0.950103 0.616017 0.047942 0.077213
0 0.966497 0.694628 0.052443 0.076718
0 0.714091 0.292969 0.051761 0.077137
0 0.556231 0.711748 0.045672 0.071506
0 0.565488 0.783680 0.047451 0.070653
0 0.656921 0.613203 0.047073 0.075799
0 0.350446 0.606587 0.049879 0.077419
0 0.294952 0.605704 0.053183 0.075836
0 0.217356 0.502183 0.051259 0.069264
0 0.919531 0.867319 0.049136 0.089330
0 0.074223 0.269514 0.043830 0.074357
0 0.399894 0.546743 0.052256 0.082053
0 0.054692 0.344211 0.049923 0.074788
0 0.730241 0.120654 0.045026 0.071754
0 0.207483 0.238988 0.048701 0.083640
0 0.921722 0.300695 0.042560 0.081779
0 0.670904 0.069673 0.051953 0.081415
0 0.803811 0.561416 0.047895 0.078250
0 0.139489 0.161877 0.049677 0.077249
0 0.848084 0.145859 0.061436 0.080733
0 0.604555 0.374336 0.048611 0.075501
0 0.704678 0.187353 0.048721 0.070271
0 0.627078 0.222236 0.052739 0.077854
0 0.966517 0.071115 0.052210 0.066003
0 0.783866 0.115787 0.053263 0.080014
0 0.618807 0.451982 0.053535 0.075810
0 0.551717 0.493564 0.051066 0.071985
0 0.087536 0.165267 0.046700 0.081026
0 0.889562 0.378542 0.048146 0.083257
0 0.665544 0.506293 0.048821 0.078800
0 0.473073 0.373093 0.055447 0.088122
0 0.890791 0.503329 0.051060 0.081031
0 0.945608 0.443405 0.051990 0.079590
0 0.903079 0.099285 0.047546 0.076925
0 0.894262 0.220661 0.049434 0.072476
0 0.606368 0.293696 0.052751 0.072373
3 0.405244 0.047676 0.099825 0.095352
2 0.127996 0.645411 0.022617 0.034565
2 0.447748 0.446961 0.024176 0.040524
2 0.242639 0.196067 0.017937 0.027414
2 0.279293 0.200238 0.016378 0.023838
2 0.565120 0.018474 0.018717 0.029797
2 0.937904 0.231824 0.017157 0.032181
2 0.873174 0.439213 0.017157 0.027414
2 0.770619 0.417759 0.013258 0.025030
2 0.622441 0.510727 0.022617 0.032181
2 0.668844 0.682956 0.017157 0.030989
2 0.704329 0.867104 0.027296 0.039333
2 0.006482 0.813468 0.012964 0.036949
2 0.101090 0.943385 0.020277 0.029797
2 0.059367 0.958284 0.017937 0.023838
2 0.238740 0.604291 0.016378 0.026222
1 0.400175 0.336114 0.060051 0.073897
1 0.514462 0.709758 0.048024 0.100083
1 0.715833 0.791910 0.061121 0.107590