0 0.548591 0.349136 0.038899 0.070615
0 0.511322 0.358396 0.042554 0.074495
0 0.005448 0.578775 0.010881 0.052785
0 0.623008 0.226548 0.047485 0.067130
0 0.631601 0.180289 0.050780 0.058696
0 0.006748 0.109448 0.013496 0.068204
0 0.307472 0.016507 0.043783 0.033014
0 0.007476 0.279564 0.014952 0.069735
0 0.868562 0.989550 0.041046 0.017999
0 0.321398 0.530203 0.049572 0.075883
0 0.057529 0.978145 0.041757 0.040563
0 0.333796 0.305875 0.047361 0.077682
0 0.284840 0.497737 0.047386 0.085140
0 0.269671 0.033281 0.052331 0.066262
0 0.259245 0.150733 0.047015 0.073013
0 0.290165 0.296162 0.046228 0.071692
0 0.600408 0.013197 0.055392 0.026384
0 0.014112 0.187560 0.028224 0.075307
0 0.289067 0.365766 0.046633 0.075459
0 0.015568 0.644959 0.031133 0.078374
0 0.987558 0.724650 0.023128 0.081733
0 0.219041 0.120614 0.048492 0.070947
0 0.380362 0.025424 0.046419 0.050846
0 0.882318 0.012984 0.053927 0.025968
0 0.335396 0.385917 0.049615 0.072613
0 0.024227 0.732192 0.048395 0.071053
0 0.956809 0.014291 0.050529 0.028582
0 0.046042 0.680137 0.041743 0.069158
0 0.126286 0.287733 0.043947 0.074456
0 0.915566 0.324259 0.039715 0.088161
0 0.167268 0.772496 0.045220 0.075357
0 0.691804 0.791440 0.056321 0.082289
0 0.631018 0.115051 0.051747 0.075369
0 0.413202 0.057108 0.042095 0.070566
0 0.025722 0.938903 0.043583 0.075653
0 0.065535 0.398101 0.051297 0.073154
0 0.050975 0.119693 0.055244 0.072618
0 0.055150 0.869374 0.044747 0.080416
0 0.982104 0.429140 0.033675 0.091312
0 0.043998 0.043893 0.046295 0.081952
0 0.082726 0.333821 0.045068 0.071592
0 0.023449 0.530486 0.046894 0.074278
0 0.292468 0.681630 0.055617 0.098857
0 0.592880 0.466148 0.051142 0.060628
0 0.299683 0.978542 0.048013 0.039530
0 0.256269 0.423137 0.055279 0.081750
0 0.790629 0.275411 0.047628 0.075363
0 0.772235 0.487143 0.048731 0.077950
0 0.909991 0.065301 0.045189 0.079120
0 0.505264 0.176760 0.047613 0.078952
0 0.096009 0.506504 0.050559 0.070642
0 0.748114 0.244715 0.042863 0.066828
0 0.110324 0.034443 0.049499 0.068823
0 0.210054 0.048414 0.046999 0.071822
0 0.287204 0.216664 0.050011 0.074750
0 0.197046 0.635029 0.050797 0.067268
0 0.812301 0.187595 0.048504 0.077105
0 0.641324 0.037440 0.045926 0.072311
0 0.738228 0.539239 0.047617 0.073129
0 0.668504 0.256230 0.051303 0.074712
0 0.688007 0.523255 0.045246 0.073446
0 0.977442 0.278793 0.043023 0.076201
0 0.662855 0.701128 0.048934 0.071743
0 0.091442 0.954967 0.054029 0.084721
0 0.130207 0.453492 0.042466 0.086693
0 0.194864 0.710698 0.046080 0.075132
0 0.231846 0.271747 0.048886 0.074492
0 0.644920 0.327625 0.049091 0.075380
0 0.462536 0.335248 0.053534 0.084559
0 0.027377 0.810027 0.054598 0.079001
0 0.899041 0.252529 0.048043 0.070187
0 0.362551 0.236338 0.048938 0.080216
0 0.408148 0.703137 0.053203 0.083718
0 0.051396 0.469595 0.048813 0.075127
0 0.814461 0.527912 0.045580 0.070578
0 0.483770 0.466889 0.046426 0.077849
0 0.506682 0.623670 0.048366 0.079119
0 0.830231 0.325531 0.050302 0.077275
0 0.804156 0.604105 0.050340 0.075793
0 0.054209 0.248521 0.040419 0.072922
0 0.714984 0.434326 0.045819 0.074330
0 0.083517 0.584650 0.044957 0.081256
0 0.689554 0.626109 0.046949 0.070966
0 0.536321 0.111222 0.049771 0.077722
0 0.252881 0.919755 0.046741 0.077713
0 0.232134 0.518517 0.047186 0.074508
0 0.447462 0.117675 0.045339 0.087791
0 0.715818 0.725221 0.053157 0.087212
0 0.179918 0.974830 0.049875 0.047004
0 0.809801 0.430727 0.051939 0.083089
0 0.837227 0.667635 0.051422 0.072315
0 0.171697 0.912400 0.049425 0.068331
0 0.388886 0.550099 0.055643 0.081592
0 0.540930 0.562131 0.050105 0.074519
0 0.206740 0.340676 0.047822 0.078806
0 0.045758 0.602565 0.046173 0.070346
0 0.433419 0.265948 0.052516 0.080987
0 0.958626 0.098147 0.051771 0.078378
0 0.974850 0.819238 0.048287 0.080227
0 0.793607 0.851899 0.045544 0.069829
0 0.150789 0.353456 0.045374 0.074619
0 0.494920 0.260263 0.051241 0.075338
0 0.893699 0.415510 0.052797 0.078736
0 0.883061 0.497915 0.049020 0.079397
0 0.488531 0.846174 0.048393 0.077124
0 0.405552 0.174230 0.048514 0.080366
0 0.628206 0.405704 0.053553 0.074322
0 0.470674 0.925889 0.044403 0.076713
0 0.396724 0.626764 0.058746 0.071645
0 0.370086 0.966511 0.048425 0.063534
0 0.178685 0.563796 0.050969 0.075916
0 0.927733 0.667870 0.052884 0.076517
0 0.867874 0.185709 0.053793 0.084104
0 0.386939 0.885706 0.045857 0.072667
0 0.823490 0.102516 0.052498 0.082551
0 0.201873 0.853931 0.047386 0.069348
0 0.556658 0.639956 0.048521 0.077269
0 0.284071 0.854020 0.048949 0.079936
0 0.177907 0.254127 0.049006 0.081044
0 0.955233 0.363590 0.051978 0.081441
0 0.320315 0.770698 0.051810 0.073867
0 0.533888 0.889856 0.048787 0.076711
0 0.340301 0.654430 0.050436 0.082749
0 0.238308 0.750645 0.048423 0.071926
0 0.435204 0.505446 0.051877 0.085166
0 0.733157 0.849573 0.052047 0.085363
0 0.880245 0.713869 0.049695 0.076609
0 0.948168 0.747117 0.058322 0.088200
0 0.542920 0.725909 0.046649 0.085660
0 0.606787 0.535541 0.051552 0.078008
0 0.597176 0.837455 0.047290 0.089004
0 0.344141 0.841847 0.053153 0.073658
0 0.890524 0.867686 0.047913 0.082016
0 0.481587 0.750101 0.050387 0.074206
0 0.604004 0.676802 0.050529 0.079011
0 0.932563 0.583642 0.051523 0.082644
0 0.830382 0.910495 0.055675 0.087637
0 0.610469 0.960971 0.047964 0.074676
1 0.135015 0.159714 0.042894 0.092968
2 0.142814 0.648391 0.016378 0.026222
2 0.142814 0.718713 0.022617 0.038141
2 0.117468 0.846246 0.018717 0.033373
2 0.281633 0.648391 0.019497 0.033373
2 0.340514 0.451132 0.029636 0.046484
2 0.596705 0.287843 0.024176 0.039333
2 0.583447 0.369487 0.028856 0.047676
2 0.355332 0.172825 0.024956 0.035757
2 0.588907 0.057211 0.019497 0.028605
2 0.609183 0.079261 0.021057 0.029797
2 0.781147 0.010131 0.020277 0.020262
2 0.678593 0.575685 0.016378 0.028605
2 0.700430 0.675209 0.021057 0.027414
2 0.557711 0.500000 0.024176 0.027414
2 0.530805 0.944577 0.021837 0.034565
2 0.425131 0.946961 0.021057 0.032181
1 0.143984 0.827771 0.046793 0.077473
1 0.130000 0.603003 0.054027 0.080067
1 0.385398 0.756881 0.045295 0.087573