0 0.996090 0.322974 0.006481 0.033247
0 0.007558 0.369004 0.015116 0.062925
0 0.360138 0.002040 0.044631 0.004080
0 0.003951 0.769497 0.007901 0.055741
0 0.004702 0.049866 0.009403 0.055357
0 0.068374 0.991127 0.035757 0.015000
0 0.917696 0.007042 0.037045 0.014083
0 0.993636 0.225910 0.010959 0.064151
0 0.007821 0.447163 0.015642 0.075765
0 0.291920 0.013791 0.045449 0.027522
0 0.979316 0.983062 0.039411 0.030799
0 0.795656 0.008464 0.043787 0.016928
0 0.018914 0.984727 0.037827 0.027434
0 0.990349 0.145749 0.017564 0.070438
0 0.379427 0.985532 0.046023 0.025829
0 0.248071 0.021135 0.043134 0.042216
0 0.987333 0.396014 0.023361 0.078693
0 0.010721 0.122473 0.021425 0.073733
0 0.038409 0.011396 0.048307 0.022792
0 0.621247 0.981080 0.049304 0.034575
0 0.274351 0.984985 0.049072 0.026718
0 0.985202 0.478299 0.027563 0.074529
0 0.697277 0.014707 0.046551 0.029414
0 0.643034 0.013333 0.046388 0.026666
0 0.982939 0.849131 0.032284 0.082553
0 0.522956 0.616455 0.047650 0.072357
0 0.759638 0.669826 0.049878 0.076864
0 0.416699 0.638965 0.054528 0.079563
0 0.471592 0.967988 0.048831 0.060443
0 0.015066 0.643843 0.030120 0.081374
0 0.020858 0.896536 0.041716 0.075953
0 0.383438 0.692246 0.051144 0.079966
0 0.655868 0.868971 0.044998 0.070736
0 0.463986 0.881190 0.050095 0.080206
0 0.671595 0.568989 0.045952 0.071277
0 0.624059 0.821391 0.042464 0.069773
0 0.085191 0.028861 0.042534 0.057721
0 0.520326 0.030287 0.050780 0.060471
0 0.418910 0.366468 0.048811 0.075181
0 0.885633 0.723119 0.044892 0.066213
0 0.205021 0.971563 0.049456 0.053468
0 0.201191 0.036214 0.051223 0.072313
0 0.580689 0.953490 0.045675 0.073342
0 0.599812 0.524483 0.048919 0.075142
0 0.778985 0.956002 0.055676 0.080435
0 0.338658 0.737816 0.045516 0.068521
0 0.505886 0.796215 0.051913 0.081763
0 0.836275 0.756945 0.052950 0.076605
0 0.865343 0.960439 0.051085 0.074752
0 0.262589 0.732933 0.046228 0.076437
0 0.730279 0.608422 0.056633 0.082623
0 0.057835 0.722510 0.047092 0.071638
0 0.414978 0.941464 0.050797 0.072522
0 0.874445 0.813750 0.050385 0.075572
0 0.431150 0.036658 0.048941 0.073213
0 0.689067 0.919101 0.046172 0.078428
0 0.603602 0.755842 0.050419 0.074951
0 0.069504 0.088940 0.047772 0.071404
0 0.945341 0.454920 0.044493 0.070787
0 0.346052 0.474226 0.051898 0.064928
0 0.252484 0.810653 0.048856 0.073230
0 0.143855 0.886020 0.048883 0.071213
0 0.337298 0.131507 0.045940 0.069739
0 0.749885 0.126116 0.047508 0.075594
0 0.327285 0.816945 0.051153 0.077402
0 0.326583 0.654236 0.048887 0.074032
0 0.535269 0.538496 0.050223 0.075767
0 0.527437 0.712453 0.048657 0.079635
0 0.203289 0.898012 0.051608 0.077404
0 0.779946 0.575530 0.049278 0.076778
0 0.942145 0.104920 0.044979 0.071673
0 0.561974 0.354049 0.048236 0.070464
0 0.101868 0.936192 0.051287 0.080353
0 0.662125 0.494829 0.050344 0.066623
0 0.404465 0.808125 0.048437 0.078467
0 0.159512 0.674576 0.045790 0.066744
0 0.924068 0.674681 0.051177 0.075719
0 0.223237 0.608351 0.053416 0.083934
0 0.431030 0.292677 0.049279 0.068838
0 0.808197 0.649923 0.044771 0.069846
0 0.394292 0.187809 0.049375 0.081824
0 0.348348 0.951408 0.052135 0.076944
0 0.079850 0.159752 0.043865 0.062658
0 0.526472 0.955347 0.053549 0.082219
0 0.328212 0.547412 0.047219 0.077535
0 0.039369 0.807996 0.047715 0.074611
0 0.118398 0.416407 0.048738 0.078263
0 0.737132 0.891268 0.054859 0.083464
0 0.377269 0.578606 0.050211 0.082125
0 0.049251 0.431826 0.051862 0.080091
0 0.563182 0.098818 0.052394 0.083214
0 0.260289 0.553682 0.053459 0.083030
0 0.316906 0.056446 0.049965 0.084778
0 0.144343 0.335098 0.049140 0.075882
0 0.427186 0.121372 0.048951 0.077616
0 0.479270 0.501199 0.047934 0.072896
0 0.965873 0.628861 0.050749 0.077743
0 0.289626 0.490089 0.050610 0.075763
0 0.045137 0.342157 0.045725 0.069710
0 0.100077 0.761460 0.050561 0.080763
0 0.494015 0.379423 0.048495 0.076871
0 0.554438 0.460826 0.050201 0.081657
0 0.788630 0.183192 0.046897 0.076781
0 0.674352 0.791831 0.050632 0.080741
0 0.203156 0.117722 0.052701 0.077781
0 0.671856 0.424015 0.046915 0.073065
0 0.457732 0.226238 0.050232 0.082811
0 0.533372 0.288419 0.049740 0.077287
0 0.133616 0.578700 0.049355 0.078263
0 0.602572 0.044492 0.051249 0.084023
0 0.889301 0.132880 0.045103 0.076989
0 0.707188 0.074534 0.048812 0.075182
0 0.218547 0.692706 0.057247 0.075734
0 0.714652 0.481942 0.046779 0.073794
0 0.455327 0.574951 0.053362 0.083333
0 0.186845 0.465688 0.048055 0.075832
0 0.960167 0.543426 0.050399 0.079168
0 0.776798 0.751851 0.056800 0.088711
0 0.237480 0.210991 0.053423 0.078412
0 0.600848 0.422824 0.049360 0.079193
0 0.627800 0.662710 0.055266 0.078812
0 0.133612 0.123135 0.052883 0.082596
0 0.911270 0.573213 0.047304 0.079530
0 0.512438 0.120523 0.051500 0.081570
0 0.448192 0.433630 0.056166 0.079791
0 0.865631 0.648912 0.049564 0.079253
0 0.902525 0.053499 0.056810 0.081455
0 0.138466 0.496884 0.048551 0.076109
0 0.639449 0.249051 0.053933 0.087060
0 0.850053 0.379286 0.051712 0.081809
0 0.783496 0.497331 0.051138 0.073204
0 0.767120 0.254610 0.050589 0.077845
0 0.906334 0.402217 0.054933 0.085143
0 0.085302 0.603324 0.047736 0.076878
0 0.347083 0.388671 0.056946 0.082051
0 0.261087 0.408385 0.050021 0.080802
0 0.046542 0.534060 0.054666 0.081488
0 0.169863 0.256231 0.048098 0.074465
0 0.191603 0.375303 0.049773 0.079467
0 0.884035 0.276193 0.049826 0.082265
0 0.587899 0.204512 0.051337 0.080023
0 0.819141 0.282356 0.051541 0.082511
0 0.518284 0.205998 0.056297 0.077433
0 0.030627 0.273318 0.051354 0.077408
0 0.945051 0.355615 0.051473 0.083598
0 0.706759 0.364281 0.054074 0.082465
0 0.690494 0.175509 0.055593 0.086020
0 0.705183 0.278863 0.059997 0.075759
0 0.112409 0.266082 0.052554 0.075995
0 0.837399 0.470292 0.056336 0.093127
0 0.772095 0.052114 0.049985 0.077838
0 0.841272 0.160542 0.057642 0.083712
1 0.321017 0.215137 0.065510 0.058403
2 0.080423 0.469011 0.017937 0.025030
2 0.304250 0.749106 0.019497 0.032181
2 0.138135 0.970203 0.019497 0.033373
2 0.692241 0.733015 0.028076 0.035757
2 0.709788 0.668653 0.025736 0.038141
2 0.388477 0.377235 0.019497 0.029797
2 0.993128 0.719309 0.013744 0.036949