0 0.001870 0.684328 0.003741 0.064076
0 0.002415 0.439806 0.004790 0.070566
0 0.800357 0.003217 0.028248 0.006334
0 0.002190 0.353715 0.004327 0.063919
0 0.252888 0.995030 0.037311 0.008175
0 0.343253 0.993166 0.034075 0.011210
0 0.085555 0.992692 0.038748 0.011992
0 0.986310 0.982284 0.025706 0.032608
0 0.929377 0.991074 0.043292 0.015181
0 0.530922 0.006923 0.034344 0.013832
0 0.874989 0.006801 0.039559 0.013603
0 0.675401 0.989865 0.046543 0.017163
0 0.567020 0.988184 0.040416 0.020408
0 0.007931 0.881181 0.015845 0.072219
0 0.986273 0.013218 0.025813 0.026401
0 0.244243 0.010015 0.043688 0.020030
0 0.343568 0.012948 0.039291 0.025896
0 0.147511 0.158631 0.044684 0.064171
0 0.120760 0.210669 0.051379 0.082700
0 0.012843 0.121612 0.025641 0.077925
0 0.137816 0.295549 0.048177 0.073541
0 0.987032 0.325454 0.023927 0.071224
0 0.130057 0.017752 0.048712 0.035504
0 0.580280 0.018301 0.043716 0.036603
0 0.175957 0.263858 0.049566 0.078168
0 0.454485 0.980551 0.049070 0.035494
0 0.019282 0.956900 0.038564 0.071571
0 0.036578 0.023045 0.046823 0.046089
0 0.984353 0.734082 0.029459 0.079444
0 0.790893 0.977518 0.049224 0.041637
0 0.017596 0.519021 0.035153 0.071457
0 0.018382 0.290411 0.036764 0.081424
0 0.513647 0.971498 0.046123 0.053518
0 0.657757 0.261576 0.051077 0.075319
0 0.274708 0.421195 0.044355 0.073818
0 0.436396 0.138232 0.044279 0.071345
0 0.320381 0.444388 0.040980 0.068294
0 0.985070 0.245031 0.027870 0.072641
0 0.020826 0.609852 0.041651 0.078695
0 0.981465 0.095930 0.035155 0.068528
0 0.876376 0.973320 0.041940 0.050217
0 0.048090 0.157160 0.045355 0.077221
0 0.252397 0.533356 0.046661 0.067381
0 0.228110 0.459888 0.049789 0.072133
0 0.086753 0.949471 0.042599 0.065392
0 0.019683 0.767967 0.039356 0.068642
0 0.668860 0.917371 0.054084 0.068109
0 0.160281 0.848506 0.047676 0.075109
0 0.320768 0.063542 0.047268 0.074736
0 0.329046 0.371740 0.058028 0.061139
0 0.644047 0.409367 0.048426 0.075445
0 0.144081 0.705643 0.043663 0.067989
0 0.273704 0.334016 0.048562 0.073592
0 0.389556 0.159002 0.050595 0.075133
0 0.668183 0.202149 0.052203 0.075993
0 0.206327 0.355694 0.048072 0.073584
0 0.609427 0.055135 0.040359 0.073825
0 0.139203 0.963487 0.045302 0.068222
0 0.331096 0.516286 0.043051 0.070725
0 0.265096 0.058093 0.051935 0.072932
0 0.953012 0.033034 0.042328 0.066028
0 0.877712 0.077142 0.041758 0.068161
0 0.978373 0.492239 0.041233 0.070682
0 0.157325 0.610212 0.046534 0.067663
0 0.194502 0.706238 0.045216 0.071436
0 0.048520 0.456848 0.049566 0.071834
0 0.643417 0.111468 0.048364 0.080625
0 0.235192 0.257874 0.044205 0.076418
0 0.830644 0.042719 0.050553 0.070454
0 0.475731 0.366790 0.047135 0.076221
0 0.877450 0.514319 0.049381 0.069934
0 0.222291 0.774724 0.044410 0.068827
0 0.080928 0.699281 0.047409 0.072209
0 0.457920 0.918982 0.044832 0.071228
0 0.822284 0.933581 0.048288 0.073091
0 0.191645 0.961361 0.047492 0.068133
0 0.928272 0.092199 0.047926 0.071623
0 0.106292 0.877790 0.048166 0.072969
0 0.959970 0.964455 0.048506 0.066063
0 0.127544 0.436706 0.050350 0.074628
0 0.782732 0.560363 0.043979 0.067148
0 0.838959 0.764835 0.043356 0.069457
0 0.690553 0.771001 0.052393 0.066052
0 0.228167 0.861945 0.046564 0.072730
0 0.767136 0.033995 0.046155 0.067991
0 0.954015 0.841845 0.047715 0.069088
0 0.837841 0.859160 0.048576 0.072097
0 0.697708 0.126229 0.052326 0.080039
0 0.679766 0.845758 0.049911 0.071244
0 0.299528 0.577084 0.051102 0.078304
0 0.947116 0.765323 0.048648 0.071207
0 0.673062 0.352054 0.045035 0.075902
0 0.104839 0.516714 0.045462 0.068807
0 0.104269 0.628296 0.049111 0.072296
0 0.556624 0.930462 0.045523 0.075163
0 0.289819 0.952828 0.054430 0.062646
0 0.480680 0.847444 0.046264 0.071706
0 0.744069 0.452029 0.047217 0.069392
0 0.714831 0.037809 0.047105 0.075483
0 0.805684 0.367679 0.049661 0.076886
0 0.359586 0.939629 0.044261 0.073784
0 0.921064 0.900999 0.049031 0.072775
0 0.918133 0.665770 0.046706 0.070594
0 0.407028 0.964535 0.047074 0.067146
0 0.487342 0.451058 0.047689 0.073201
0 0.333748 0.667263 0.047633 0.075181
0 0.290078 0.866313 0.047644 0.077411
0 0.167936 0.531995 0.050740 0.070287
0 0.569440 0.101049 0.047942 0.077520
0 0.610444 0.911018 0.050598 0.071586
0 0.894613 0.153294 0.048841 0.076208
0 0.212808 0.614909 0.050021 0.072822
0 0.112784 0.773943 0.050528 0.081509
0 0.921347 0.301887 0.044712 0.065666
0 0.405510 0.857181 0.048256 0.076798
0 0.470745 0.527325 0.046375 0.071387
0 0.782359 0.824051 0.050051 0.074236
0 0.815188 0.646130 0.047981 0.073751
0 0.583967 0.830877 0.049220 0.075200
0 0.633214 0.746346 0.047847 0.071943
0 0.754913 0.626183 0.049803 0.070413
0 0.574076 0.606623 0.049684 0.072034
0 0.587794 0.701998 0.046384 0.073182
0 0.457482 0.605854 0.049012 0.074979
0 0.872671 0.593968 0.047473 0.071958
0 0.538963 0.771319 0.048680 0.075891
0 0.621372 0.560345 0.046025 0.070967
0 0.905955 0.233434 0.051233 0.066753
0 0.951515 0.589654 0.048830 0.074154
0 0.608254 0.481611 0.048582 0.071415
0 0.503086 0.267356 0.050145 0.072285
0 0.311535 0.781549 0.047619 0.073866
0 0.793675 0.181510 0.050967 0.083916
0 0.844446 0.172600 0.046526 0.087195
0 0.418688 0.285873 0.052000 0.076346
0 0.590904 0.360065 0.046372 0.073010
0 0.424027 0.724013 0.050406 0.084031
0 0.513330 0.587780 0.047395 0.075990
0 0.825239 0.468390 0.051731 0.080964
0 0.378830 0.780448 0.052549 0.073654
0 0.600198 0.277667 0.052508 0.077976
0 0.716422 0.564481 0.049852 0.073342
0 0.747484 0.712130 0.054068 0.082301
0 0.928184 0.473043 0.049162 0.085570
0 0.398127 0.611536 0.049627 0.076715
0 0.849578 0.290097 0.051271 0.081830
3 0.399005 0.063170 0.121662 0.126341
2 0.078919 0.187811 0.022964 0.036500
2 0.912988 0.820252 0.026639 0.043520
1 0.503761 0.787963 0.040417 0.063174
1 0.668844 0.053039 0.042114 0.077473
1 0.481445 0.046289 0.051844 0.092577