0 0.025839 0.994203 0.027563 0.009427
0 0.759181 0.993350 0.038509 0.011051
0 0.190520 0.003745 0.029493 0.007491
0 0.553318 0.771425 0.039239 0.063523
0 0.585381 0.766575 0.042333 0.070733
0 0.005664 0.479434 0.011327 0.068442
0 0.006677 0.965535 0.013355 0.065310
0 0.992752 0.597470 0.012761 0.063365
0 0.982993 0.982725 0.032132 0.031448
0 0.133502 0.009272 0.036286 0.018544
0 0.496606 0.741230 0.047702 0.069832
0 0.488740 0.672600 0.043890 0.071907
0 0.989748 0.323762 0.018660 0.072752
0 0.478224 0.983977 0.050563 0.028780
0 0.985364 0.810408 0.027384 0.071434
0 0.614309 0.940843 0.069125 0.105417
0 0.982485 0.916733 0.033139 0.077295
0 0.904089 0.442540 0.052674 0.061203
0 0.014877 0.634132 0.029703 0.087710
0 0.342136 0.930210 0.043983 0.067969
0 0.668204 0.966128 0.051482 0.064422
0 0.981290 0.728997 0.035385 0.074890
0 0.987282 0.242223 0.023538 0.070241
0 0.424644 0.717745 0.048067 0.065737
0 0.241854 0.666172 0.041074 0.066599
0 0.551611 0.952343 0.046811 0.076191
0 0.687625 0.807712 0.047657 0.073101
0 0.031343 0.885731 0.050491 0.081639
0 0.913231 0.965425 0.043403 0.065583
0 0.404288 0.930314 0.044459 0.072684
0 0.697516 0.657280 0.047857 0.066062
0 0.949065 0.856155 0.047966 0.075729
0 0.733145 0.787205 0.044695 0.069078
0 0.034136 0.509217 0.049391 0.084304
0 0.111021 0.756365 0.045499 0.074005
0 0.554650 0.418275 0.047797 0.079171
0 0.714589 0.934033 0.044431 0.074047
0 0.237559 0.935430 0.050289 0.081551
0 0.912278 0.382296 0.046468 0.077387
0 0.682397 0.733275 0.048675 0.070839
0 0.636029 0.024036 0.043627 0.048069
0 0.202112 0.620717 0.046526 0.074856
0 0.349823 0.823911 0.048346 0.074904
0 0.170764 0.948104 0.050922 0.078526
0 0.142142 0.606816 0.045080 0.071043
0 0.764257 0.679485 0.045191 0.072565
0 0.771300 0.937142 0.045214 0.072762
0 0.629706 0.762117 0.046279 0.072723
0 0.143639 0.686691 0.047630 0.072641
0 0.297856 0.758633 0.047715 0.075911
0 0.140264 0.403377 0.055693 0.080470
0 0.274814 0.583499 0.045729 0.076890
0 0.642785 0.525815 0.044434 0.071597
0 0.316071 0.529046 0.041821 0.077608
0 0.051617 0.588109 0.052188 0.075384
0 0.733951 0.027021 0.047123 0.054041
0 0.794187 0.616487 0.046569 0.080403
0 0.033304 0.036241 0.046805 0.072482
0 0.839068 0.646348 0.046120 0.087046
0 0.912518 0.791770 0.050882 0.073926
0 0.190201 0.538130 0.052626 0.067647
0 0.138027 0.493340 0.049493 0.075076
0 0.938377 0.669757 0.052577 0.084443
0 0.493859 0.029033 0.047536 0.058005
0 0.784595 0.531744 0.052113 0.070005
0 0.432697 0.826401 0.050661 0.077603
0 0.963029 0.405538 0.046241 0.073311
0 0.575064 0.175553 0.048076 0.078054
0 0.742112 0.613163 0.048824 0.079824
0 0.379455 0.488392 0.048800 0.073926
0 0.387436 0.670783 0.047511 0.077347
0 0.685605 0.576207 0.047812 0.076958
0 0.400193 0.561632 0.050852 0.080116
0 0.239910 0.785836 0.051505 0.079046
0 0.787230 0.771963 0.048321 0.084783
0 0.930561 0.029117 0.044926 0.058233
0 0.092239 0.034392 0.046042 0.068784
0 0.493830 0.295471 0.043332 0.078016
0 0.554344 0.693097 0.052976 0.079767
0 0.076633 0.334294 0.046960 0.070361
0 0.839463 0.762168 0.045412 0.076372
0 0.436451 0.505451 0.047173 0.078136
0 0.971573 0.159273 0.044755 0.068204
0 0.465070 0.598269 0.045729 0.076272
0 0.486479 0.467551 0.051037 0.070661
0 0.964546 0.072869 0.049580 0.073307
0 0.627321 0.455143 0.050425 0.076800
0 0.090263 0.257069 0.053967 0.075810
0 0.853777 0.033521 0.050618 0.067042
0 0.197590 0.347900 0.046280 0.075045
0 0.844342 0.123788 0.047651 0.072445
0 0.703437 0.378275 0.044620 0.072684
0 0.267858 0.434194 0.047500 0.076339
0 0.254324 0.098350 0.048274 0.068510
0 0.319017 0.418442 0.046775 0.079973
0 0.357362 0.201572 0.043070 0.074933
0 0.353197 0.288278 0.044691 0.080656
0 0.238129 0.030544 0.055920 0.061088
0 0.727083 0.441143 0.050824 0.073740
0 0.525066 0.199124 0.045761 0.072181
0 0.809207 0.458777 0.047460 0.074335
0 0.396188 0.382772 0.046645 0.072880
0 0.781704 0.336160 0.048445 0.075508
0 0.714461 0.208385 0.051014 0.069445
0 0.871033 0.200620 0.047828 0.077255
0 0.159051 0.106843 0.045057 0.076830
0 0.640781 0.101777 0.053197 0.079091
0 0.639932 0.190324 0.046115 0.077794
0 0.579325 0.352464 0.051103 0.084525
0 0.899685 0.090011 0.049042 0.070883
0 0.763749 0.173226 0.047162 0.076511
0 0.158467 0.232325 0.047701 0.076292
0 0.135897 0.314882 0.052322 0.077226
0 0.792829 0.077906 0.046894 0.073352
0 0.075720 0.179547 0.047151 0.069899
0 0.252292 0.191314 0.050214 0.082982
0 0.545429 0.562947 0.051204 0.075583
0 0.295940 0.309433 0.043062 0.083067
0 0.866140 0.343398 0.047074 0.077348
0 0.416329 0.046130 0.049564 0.076075
0 0.633966 0.369101 0.047037 0.079082
0 0.739171 0.283530 0.050110 0.081772
0 0.445363 0.321161 0.045531 0.076490
0 0.402171 0.279908 0.046302 0.083189
0 0.241406 0.306874 0.049717 0.079630
0 0.467914 0.133500 0.048994 0.077626
0 0.584019 0.091569 0.050412 0.078645
1 0.295671 0.643027 0.024176 0.067938
1 0.688342 0.097735 0.035875 0.090584
2 0.327646 0.330155 0.021057 0.035757
2 0.833400 0.332539 0.021837 0.033373
2 0.083153 0.416567 0.024956 0.034565
2 0.062096 0.466627 0.023396 0.036949
2 0.054297 0.430870 0.023396 0.032181
2 0.008432 0.377235 0.016863 0.039333
3 0.550419 0.859128 0.107390 0.128267
1 0.071065 0.825387 0.046013 0.072706
1 0.912168 0.607271 0.048353 0.060787
1 0.538604 0.316448 0.045233 0.087008
1 0.257154 0.866972 0.049661 0.072560
1 0.300266 0.897415 0.046386 0.093411
1 0.451158 0.910759 0.042566 0.085071
1 0.483355 0.811927 0.045841 0.070892
1 0.490723 0.936614 0.044204 0.073394
1 0.938215 0.561301 0.047478 0.093411
1 0.980977 0.517932 0.038046 0.095079