0 0.195314 0.126435 0.043069 0.070613
0 0.054578 0.166674 0.056797 0.061203
0 0.002542 0.023716 0.005059 0.047154
0 0.154195 0.124963 0.048243 0.073065
0 0.996560 0.816952 0.005626 0.048753
0 0.003394 0.610545 0.006789 0.052796
0 0.149974 0.993192 0.032947 0.011210
0 0.379316 0.724600 0.038535 0.071905
0 0.347839 0.747448 0.046422 0.087067
0 0.004754 0.883216 0.009508 0.059506
0 0.994603 0.448878 0.009201 0.055091
0 0.028667 0.990867 0.036924 0.015642
0 0.356273 0.462437 0.044293 0.073774
0 0.316736 0.473263 0.042071 0.069094
0 0.067012 0.349304 0.045159 0.083802
0 0.168173 0.558058 0.052742 0.066941
0 0.022429 0.364491 0.044857 0.082158
0 0.986949 0.977097 0.024362 0.042859
0 0.758599 0.667320 0.045118 0.080016
0 0.293635 0.392646 0.051956 0.078495
0 0.794224 0.690278 0.052116 0.076935
0 0.175415 0.494281 0.048219 0.074376
0 0.010791 0.790235 0.021576 0.069614
0 0.271514 0.450664 0.047774 0.081612
0 0.870125 0.760467 0.042898 0.076398
0 0.055640 0.629561 0.041264 0.071641
0 0.548828 0.810735 0.050013 0.071780
0 0.552701 0.740267 0.051934 0.076541
0 0.429057 0.979494 0.042531 0.037856
0 0.023546 0.939401 0.047093 0.084036
0 0.027130 0.571668 0.048522 0.077664
0 0.287077 0.711387 0.042248 0.079920
0 0.625840 0.978242 0.053762 0.040308
0 0.826026 0.753034 0.052204 0.084214
0 0.984799 0.674289 0.028394 0.079919
0 0.736301 0.977429 0.047336 0.041995
0 0.122683 0.026009 0.046434 0.052017
0 0.864775 0.685280 0.054034 0.075334
0 0.586116 0.015204 0.039134 0.030396
0 0.303134 0.788773 0.045088 0.075885
0 0.784574 0.597415 0.044026 0.073099
0 0.629541 0.557881 0.049074 0.081610
0 0.393481 0.015923 0.044384 0.031846
0 0.043192 0.028955 0.053515 0.057909
0 0.398830 0.496162 0.051496 0.076825
0 0.533154 0.907878 0.042829 0.071533
0 0.981099 0.391075 0.035830 0.070400
0 0.374248 0.857432 0.048292 0.074651
0 0.487149 0.973066 0.054497 0.050614
0 0.183588 0.959781 0.052558 0.077407
0 0.070522 0.958959 0.045253 0.074517
0 0.941365 0.959275 0.045665 0.069163
0 0.201795 0.032576 0.049414 0.065132
0 0.625614 0.491681 0.050361 0.072053
0 0.419760 0.682147 0.049248 0.075971
0 0.939032 0.364332 0.046199 0.063793
0 0.976836 0.498794 0.039680 0.072866
0 0.178024 0.626094 0.050624 0.078648
0 0.242894 0.837832 0.048198 0.077154
0 0.293402 0.210713 0.040992 0.066141
0 0.096986 0.578282 0.049023 0.078095
0 0.892432 0.931514 0.049157 0.080635
0 0.498127 0.836069 0.047875 0.078122
0 0.568388 0.344999 0.041722 0.065496
0 0.875461 0.845520 0.051727 0.079806
0 0.675220 0.767666 0.052790 0.075176
0 0.373665 0.944638 0.047256 0.083369
0 0.049306 0.095834 0.054229 0.066630
0 0.348051 0.387309 0.052255 0.072209
0 0.595763 0.929031 0.050629 0.086916
0 0.655364 0.678509 0.047495 0.083713
0 0.228282 0.557618 0.047929 0.077349
0 0.579187 0.553437 0.043473 0.069983
0 0.041323 0.741144 0.048977 0.070963
0 0.805058 0.361540 0.045649 0.069914
0 0.441913 0.547218 0.051156 0.084698
0 0.694116 0.848742 0.047715 0.085091
0 0.522484 0.315802 0.048106 0.075370
0 0.194780 0.808160 0.047101 0.083023
0 0.151612 0.322664 0.046852 0.079183
0 0.134675 0.246808 0.046708 0.072613
0 0.802474 0.290656 0.055382 0.073406
0 0.762433 0.025638 0.048070 0.051250
0 0.691722 0.034111 0.045995 0.068222
0 0.888878 0.596910 0.044913 0.079238
0 0.371131 0.084767 0.043907 0.075656
0 0.419997 0.813862 0.053727 0.087868
0 0.837706 0.612379 0.044047 0.075346
0 0.578171 0.635625 0.054385 0.082205
0 0.967040 0.304000 0.048058 0.079134
0 0.899905 0.037576 0.052420 0.075152
0 0.962322 0.606582 0.051802 0.083942
0 0.321359 0.060111 0.051089 0.077240
0 0.223828 0.291243 0.048738 0.080253
0 0.683816 0.402189 0.045135 0.067793
0 0.629594 0.069497 0.050407 0.074382
0 0.353722 0.310641 0.052400 0.066290
0 0.706403 0.653790 0.050036 0.093009
0 0.837664 0.230030 0.044344 0.073866
0 0.664562 0.132813 0.042236 0.080572
0 0.678297 0.480036 0.046363 0.076255
0 0.496060 0.712401 0.050368 0.081650
0 0.511563 0.578645 0.052647 0.079196
0 0.353748 0.235508 0.049545 0.069887
0 0.240886 0.209533 0.054764 0.085506
0 0.975794 0.121636 0.046059 0.075140
0 0.615775 0.195621 0.046701 0.074054
0 0.943993 0.233349 0.047162 0.077056
0 0.799552 0.519984 0.050969 0.077706
0 0.367587 0.163080 0.050024 0.072125
0 0.715870 0.117287 0.052746 0.085401
0 0.737386 0.281922 0.044222 0.071319
0 0.838637 0.129203 0.049368 0.076045
0 0.916297 0.165419 0.052003 0.077952
0 0.592526 0.123673 0.050707 0.078278
0 0.444098 0.079930 0.052740 0.081477
0 0.642610 0.290868 0.047199 0.079264
1 0.441119 0.398093 0.037434 0.071514
2 0.031681 0.675209 0.020277 0.029797
2 0.092122 0.193683 0.021057 0.029797
2 0.483233 0.171037 0.021837 0.029797
2 0.764770 0.316448 0.020277 0.032181
2 0.836909 0.367104 0.019497 0.035757
2 0.944923 0.825387 0.023396 0.034565
2 0.928155 0.784863 0.022617 0.039333
2 0.724996 0.346841 0.024956 0.033373