0 0.193463 0.994209 0.030049 0.009508
0 0.318694 0.993057 0.033050 0.011229
0 0.003059 0.260006 0.006119 0.052435
0 0.995821 0.182391 0.007025 0.053269
0 0.004844 0.181448 0.009688 0.064577
0 0.253299 0.989564 0.048158 0.017850
0 0.006226 0.343928 0.012449 0.070785
0 0.459409 0.989203 0.043355 0.018444
0 0.991057 0.607599 0.015984 0.074027
0 0.989716 0.867928 0.018824 0.068304
0 0.990546 0.710502 0.017079 0.068873
0 0.556267 0.980961 0.032823 0.034860
0 0.512441 0.974350 0.048121 0.047619
0 0.660429 0.983250 0.044602 0.030249
0 0.606812 0.978664 0.044910 0.039241
0 0.381264 0.978174 0.053928 0.040116
0 0.010988 0.595506 0.021976 0.076639
0 0.910819 0.982010 0.048925 0.032727
0 0.277017 0.866762 0.040778 0.063747
0 0.757320 0.975702 0.053976 0.045177
0 0.786384 0.843014 0.041147 0.061117
0 0.021396 0.861630 0.042793 0.075667
0 0.851291 0.971122 0.048367 0.054660
0 0.710787 0.963753 0.041432 0.065015
0 0.977263 0.946299 0.042716 0.075454
0 0.585886 0.916948 0.045782 0.074769
0 0.756785 0.897307 0.049826 0.075694
0 0.332050 0.929069 0.050925 0.070499
0 0.508130 0.772956 0.050517 0.065372
0 0.324441 0.853045 0.047076 0.073648
0 0.477660 0.943553 0.048966 0.078090
0 0.086056 0.836246 0.048805 0.074499
0 0.494639 0.849913 0.044898 0.081858
0 0.402962 0.624787 0.048486 0.084511
0 0.215613 0.784671 0.046728 0.079722
0 0.295994 0.019030 0.055170 0.038060
0 0.023234 0.017581 0.045999 0.035162
0 0.977571 0.063962 0.042864 0.069847
0 0.067134 0.956098 0.050185 0.077483
0 0.983923 0.473773 0.030119 0.076498
0 0.277794 0.665242 0.048695 0.072676
0 0.951979 0.019333 0.049497 0.038667
0 0.092327 0.582455 0.045413 0.072210
0 0.447641 0.642890 0.042850 0.076702
0 0.440115 0.812746 0.045096 0.071699
0 0.679393 0.831823 0.051238 0.078683
0 0.974399 0.799137 0.047493 0.080284
0 0.285387 0.742909 0.048679 0.073636
0 0.207192 0.417249 0.054128 0.078943
0 0.094116 0.016917 0.051961 0.033834
0 0.181051 0.475726 0.047058 0.072709
0 0.105707 0.505895 0.046818 0.078112
0 0.178018 0.939241 0.053987 0.083043
0 0.398707 0.924126 0.054002 0.078438
0 0.549537 0.840656 0.047436 0.083060
0 0.036156 0.769181 0.046160 0.073937
0 0.846128 0.900993 0.047263 0.074027
0 0.022045 0.079710 0.044090 0.069011
0 0.824879 0.801542 0.046787 0.077653
0 0.693454 0.747971 0.051175 0.081418
0 0.145490 0.537008 0.050400 0.092120
0 0.439994 0.725794 0.051221 0.077120
0 0.359076 0.239232 0.045402 0.069617
0 0.369137 0.795598 0.050333 0.078217
0 0.907510 0.876318 0.049659 0.076911
0 0.113399 0.762291 0.052178 0.082442
0 0.590540 0.720768 0.049959 0.079757
0 0.637826 0.745888 0.050592 0.089971
0 0.146266 0.353530 0.047992 0.063986
0 0.546497 0.278954 0.053717 0.075836
0 0.963131 0.130106 0.045912 0.078472
0 0.339785 0.701615 0.053937 0.073112
0 0.568731 0.654580 0.049565 0.080344
0 0.282853 0.135961 0.044374 0.068132
0 0.312324 0.364091 0.053075 0.073119
0 0.913156 0.785419 0.051730 0.077217
0 0.074132 0.658470 0.050220 0.076362
0 0.859058 0.548833 0.040741 0.080178
0 0.243842 0.615008 0.053199 0.075800
0 0.767647 0.738873 0.049274 0.081292
0 0.895808 0.396897 0.042698 0.076208
0 0.118116 0.418395 0.049127 0.076199
0 0.198046 0.559451 0.050145 0.082727
0 0.416179 0.276001 0.049099 0.078609
0 0.847949 0.313389 0.044805 0.066445
0 0.047085 0.176334 0.046009 0.072510
0 0.881341 0.474944 0.048384 0.073269
0 0.964087 0.532377 0.051144 0.078839
0 0.377110 0.088310 0.046871 0.072514
0 0.239884 0.359089 0.050699 0.077082
0 0.814470 0.606560 0.050215 0.077725
0 0.147793 0.029265 0.049191 0.058529
0 0.682811 0.268615 0.043436 0.068420
0 0.282560 0.063157 0.053391 0.071119
0 0.504880 0.535824 0.053141 0.081667
0 0.157085 0.201566 0.050113 0.076602
0 0.647516 0.630477 0.049944 0.079306
0 0.298481 0.532285 0.049020 0.090188
0 0.361389 0.156330 0.048607 0.070186
0 0.374305 0.316967 0.051246 0.075862
0 0.642269 0.194391 0.049345 0.078267
0 0.524384 0.415444 0.050846 0.080530
0 0.870832 0.724659 0.052613 0.086313
0 0.932504 0.670974 0.051425 0.075472
0 0.640505 0.026041 0.050189 0.051990
0 0.405427 0.196980 0.047498 0.073350
0 0.438518 0.544842 0.051420 0.081143
0 0.154315 0.106828 0.049983 0.081188
0 0.834571 0.179239 0.045815 0.079771
0 0.348692 0.522609 0.048309 0.079601
0 0.101363 0.203550 0.049898 0.086176
0 0.221035 0.185346 0.053687 0.080187
0 0.464407 0.225910 0.047993 0.078451
0 0.053656 0.274301 0.051296 0.080809
0 0.226324 0.050267 0.050819 0.078337
0 0.538604 0.190052 0.041238 0.087911
0 0.765932 0.275013 0.051125 0.075321
0 0.622991 0.397582 0.056760 0.080782
0 0.378861 0.400494 0.050314 0.080594
0 0.847499 0.410931 0.049321 0.077942
0 0.492569 0.042388 0.049968 0.080426
0 0.111104 0.289203 0.053433 0.079409
0 0.687047 0.388659 0.052611 0.078251
0 0.825115 0.092565 0.050039 0.087005
0 0.764142 0.550544 0.052522 0.077336
0 0.569827 0.055258 0.049310 0.077123
0 0.595786 0.163885 0.048480 0.080955
0 0.859233 0.037649 0.054625 0.075297
0 0.629600 0.092768 0.050434 0.073820
0 0.860277 0.247523 0.051510 0.069200
0 0.470727 0.138281 0.054535 0.080299
0 0.426149 0.088584 0.044471 0.080444
0 0.785259 0.178854 0.044100 0.088679
0 0.703569 0.035672 0.051675 0.071345
0 0.442253 0.353480 0.051214 0.079870
0 0.604952 0.311543 0.047973 0.083652
0 0.906473 0.313406 0.047913 0.070944
0 0.691507 0.127076 0.049891 0.084742
0 0.905796 0.153641 0.048135 0.072677
0 0.733632 0.211585 0.055746 0.083241
0 0.942452 0.243070 0.049883 0.079309
0 0.757135 0.384457 0.053601 0.088899
0 0.766919 0.049987 0.053872 0.087129
1 0.594366 0.858164 0.053812 0.047676
2 0.581108 0.358760 0.021057 0.033373
2 0.909438 0.212753 0.019497 0.034565
2 0.195846 0.224672 0.024176 0.039333
1 0.304631 0.274395 0.046386 0.076731
1 0.552116 0.356130 0.044749 0.081735
1 0.489358 0.463303 0.063304 0.080901
1 0.242146 0.926188 0.052389 0.089241
1 0.272434 0.948290 0.057301 0.070058
1 0.256881 0.819433 0.049115 0.079233
1 0.936851 0.442452 0.056755 0.080901