0 0.002006 0.977075 0.004013 0.045069
0 0.505028 0.005858 0.024395 0.011703
0 0.082335 0.002775 0.039264 0.005455
0 0.002271 0.617458 0.004520 0.058215
0 0.996942 0.801730 0.006006 0.065739
0 0.908033 0.005975 0.037648 0.011951
0 0.263845 0.005824 0.043641 0.011648
0 0.462487 0.006672 0.042358 0.013343
0 0.469859 0.987675 0.038906 0.022119
0 0.979518 0.983707 0.040252 0.031350
0 0.338772 0.981808 0.047583 0.034010
0 0.245357 0.978140 0.043707 0.041163
0 0.752193 0.981043 0.040003 0.035825
0 0.017503 0.023678 0.035006 0.047355
0 0.011911 0.696454 0.023814 0.076981
0 0.989033 0.080755 0.020612 0.077814
0 0.991134 0.301009 0.017031 0.071149
0 0.397564 0.981542 0.057597 0.034033
0 0.987263 0.217520 0.024654 0.077920
0 0.191842 0.965187 0.049153 0.067268
0 0.527550 0.979471 0.054741 0.038594
0 0.793460 0.911097 0.046771 0.071430
0 0.434956 0.899988 0.045493 0.072772
0 0.088362 0.970016 0.047702 0.057685
0 0.975238 0.022548 0.048453 0.045078
0 0.249120 0.686295 0.042606 0.075611
0 0.226339 0.895337 0.047070 0.074937
0 0.582149 0.897660 0.052324 0.078893
0 0.926701 0.966569 0.048497 0.065569
0 0.415995 0.381727 0.053703 0.066541
0 0.733596 0.329959 0.044143 0.073095
0 0.593106 0.389188 0.047729 0.073631
0 0.302726 0.904029 0.056476 0.075227
0 0.027114 0.920446 0.052290 0.080887
0 0.110813 0.878395 0.053101 0.081192
0 0.608965 0.964091 0.059997 0.069337
0 0.228916 0.457593 0.050189 0.077091
0 0.268035 0.841239 0.049049 0.075800
0 0.984018 0.626648 0.031480 0.077205
0 0.984485 0.518893 0.030122 0.078678
0 0.096784 0.804458 0.047151 0.071994
0 0.406143 0.451533 0.051086 0.074225
0 0.349007 0.825347 0.048297 0.070820
0 0.047902 0.846038 0.055244 0.071498
0 0.063550 0.380602 0.045276 0.066211
0 0.165110 0.901180 0.046256 0.078699
0 0.975928 0.889043 0.047385 0.078183
0 0.023525 0.083468 0.047051 0.078044
0 0.876720 0.950829 0.046929 0.077504
0 0.133857 0.018014 0.050300 0.036029
0 0.809262 0.835439 0.043596 0.070932
0 0.285751 0.741766 0.048301 0.075957
0 0.518961 0.524200 0.050069 0.072936
0 0.809290 0.233577 0.042426 0.071181
0 0.676688 0.655394 0.047130 0.071984
0 0.751196 0.828612 0.050517 0.077131
0 0.755169 0.738905 0.045052 0.074875
0 0.540238 0.369269 0.049421 0.070156
0 0.147024 0.771093 0.052372 0.079128
0 0.678030 0.575599 0.046745 0.070426
0 0.212356 0.743777 0.045775 0.078233
0 0.803232 0.102217 0.043257 0.074109
0 0.606185 0.828812 0.050184 0.074746
0 0.659219 0.740327 0.049452 0.082176
0 0.381701 0.741218 0.050342 0.073133
0 0.546989 0.613717 0.046562 0.070748
0 0.307971 0.636424 0.046663 0.078463
0 0.363320 0.394400 0.041768 0.081021
0 0.976249 0.149574 0.046796 0.073624
0 0.184431 0.032679 0.047807 0.065359
0 0.252926 0.385812 0.049134 0.075149
0 0.641070 0.358753 0.042919 0.074417
0 0.479206 0.605504 0.048439 0.079293
0 0.213388 0.306782 0.048953 0.084663
0 0.070821 0.543505 0.043869 0.067066
0 0.504436 0.704782 0.045353 0.074436
0 0.348201 0.029165 0.047791 0.058329
0 0.091330 0.453717 0.045197 0.080028
0 0.837730 0.135508 0.047796 0.076696
0 0.402022 0.815783 0.048770 0.082419
0 0.732558 0.667688 0.049903 0.076483
0 0.023544 0.542821 0.046574 0.073863
0 0.343260 0.306770 0.046483 0.081773
0 0.253382 0.158795 0.046926 0.074534
0 0.700836 0.397714 0.052094 0.076020
0 0.502221 0.832147 0.050130 0.080863
0 0.055833 0.134331 0.050639 0.082930
0 0.861286 0.635465 0.052590 0.071357
0 0.396929 0.044096 0.046605 0.070949
0 0.573103 0.539515 0.052064 0.087512
0 0.264445 0.301451 0.044775 0.070039
0 0.804482 0.733737 0.045191 0.077312
0 0.914320 0.514518 0.045083 0.071118
0 0.160937 0.254226 0.047440 0.071266
0 0.621552 0.168655 0.046013 0.069228
0 0.866508 0.709154 0.046929 0.069579
0 0.665156 0.211511 0.046639 0.077966
0 0.190726 0.386763 0.052978 0.080401
0 0.566314 0.118896 0.046866 0.079592
0 0.434733 0.312910 0.051988 0.077568
0 0.851996 0.029447 0.049354 0.058895
0 0.041334 0.469762 0.053175 0.077657
0 0.544530 0.451874 0.058061 0.082880
0 0.037526 0.212530 0.054128 0.068535
0 0.101916 0.317764 0.051081 0.081800
0 0.721004 0.195260 0.045896 0.074761
0 0.280636 0.538163 0.049388 0.082838
0 0.311297 0.423267 0.048927 0.078972
0 0.316564 0.089993 0.052061 0.078171
0 0.431505 0.706734 0.047710 0.084429
0 0.551320 0.795753 0.049377 0.081905
0 0.626784 0.508643 0.046636 0.079881
0 0.051534 0.292483 0.049059 0.075448
0 0.874804 0.559534 0.052161 0.077102
0 0.138031 0.475074 0.048245 0.071871
0 0.841267 0.290242 0.053935 0.067429
0 0.336471 0.530810 0.045531 0.079787
0 0.863263 0.360592 0.049580 0.078005
0 0.363502 0.622993 0.049401 0.076405
0 0.116305 0.596287 0.045814 0.075297
0 0.967628 0.715077 0.054496 0.080579
0 0.772457 0.166250 0.048620 0.075844
0 0.963260 0.411887 0.046849 0.066397
0 0.615431 0.267004 0.051489 0.082112
0 0.911203 0.434363 0.052677 0.073106
0 0.688512 0.495518 0.049353 0.077735
0 0.786729 0.528836 0.051435 0.072598
0 0.885153 0.178141 0.052785 0.086267
0 0.473852 0.254831 0.053919 0.078939
0 0.567851 0.216889 0.051807 0.079859
0 0.130717 0.678645 0.051843 0.077490
0 0.523630 0.157666 0.049647 0.081776
0 0.919355 0.637316 0.052285 0.083109
0 0.066189 0.650783 0.047069 0.074528
0 0.493496 0.331235 0.057955 0.087425
0 0.772656 0.392857 0.049934 0.081614
0 0.333433 0.214964 0.051142 0.083877
0 0.117814 0.202029 0.054092 0.083936
0 0.639862 0.089434 0.052455 0.082725
0 0.915588 0.244358 0.053783 0.086214
0 0.525010 0.058467 0.051776 0.083420
0 0.925320 0.070364 0.051250 0.075087
0 0.696841 0.086210 0.054987 0.089268
1 0.197406 0.134088 0.030415 0.048868
2 0.271495 0.598331 0.024176 0.040524
2 0.746833 0.458284 0.031195 0.044100
2 0.829890 0.342670 0.024176 0.041716
2 0.957011 0.603099 0.025736 0.042908
2 0.944923 0.467223 0.017157 0.033373
2 0.850557 0.193087 0.017157 0.028605
2 0.299960 0.969607 0.037434 0.053635
2 0.444628 0.825387 0.028856 0.036949
2 0.471144 0.942789 0.022617 0.035757
2 0.734355 0.009535 0.023396 0.019070
2 0.606844 0.018474 0.027296 0.036949
2 0.693021 0.316448 0.049912 0.077473
1 0.764402 0.268140 0.051298 0.080901