0 0.002371 0.957371 0.004741 0.059162
0 0.411887 0.001528 0.035768 0.002971
0 0.954368 0.002222 0.046371 0.004376
0 0.001989 0.302540 0.003978 0.053868
0 0.969928 0.994086 0.046456 0.010127
0 0.275876 0.003292 0.040704 0.006583
0 0.997652 0.787068 0.004533 0.055563
0 0.839884 0.994651 0.036288 0.009385
0 0.048425 0.004456 0.034957 0.008913
0 0.360302 0.993117 0.033583 0.011765
0 0.752870 0.992515 0.037919 0.012353
0 0.828942 0.010885 0.044935 0.021771
0 0.636490 0.010519 0.047994 0.021038
0 0.191549 0.010047 0.044154 0.020093
0 0.989843 0.145770 0.018781 0.079675
0 0.905510 0.978304 0.042456 0.040711
0 0.497067 0.981274 0.047053 0.034301
0 0.596244 0.980975 0.045935 0.034909
0 0.130278 0.703566 0.043086 0.067001
0 0.579404 0.483241 0.051358 0.073198
0 0.982247 0.869878 0.034105 0.076399
0 0.030883 0.962267 0.048806 0.072487
0 0.019856 0.669750 0.039712 0.073017
0 0.464261 0.019614 0.043228 0.039198
0 0.546483 0.978280 0.044158 0.040140
0 0.975371 0.950628 0.047808 0.077268
0 0.122283 0.015589 0.053802 0.031178
0 0.021005 0.500641 0.042010 0.074112
0 0.666410 0.973873 0.054185 0.049302
0 0.310913 0.613144 0.044940 0.067292
0 0.913735 0.920987 0.043744 0.075110
0 0.050265 0.889907 0.051429 0.080654
0 0.273064 0.952895 0.043379 0.074370
0 0.775520 0.949845 0.049962 0.084878
0 0.718061 0.612196 0.044935 0.071622
0 0.337801 0.437630 0.052356 0.075470
0 0.205032 0.185045 0.040618 0.076058
0 0.094232 0.431295 0.043967 0.055937
0 0.872342 0.030533 0.050762 0.061066
0 0.806793 0.880246 0.049408 0.080100
0 0.537533 0.619531 0.045634 0.075005
0 0.447489 0.964868 0.051228 0.067139
0 0.175504 0.959886 0.051840 0.077267
0 0.339422 0.193075 0.048340 0.072751
0 0.084342 0.620132 0.047956 0.073659
0 0.336375 0.079701 0.048259 0.081783
0 0.738768 0.684613 0.050655 0.081483
0 0.175514 0.816631 0.048613 0.079066
0 0.540759 0.890411 0.047150 0.076732
0 0.148517 0.622420 0.047555 0.074095
0 0.037770 0.427954 0.049436 0.078792
0 0.149861 0.065175 0.046580 0.074363
0 0.460184 0.439333 0.051977 0.076235
0 0.469706 0.714701 0.052875 0.080840
0 0.126413 0.791490 0.046570 0.077572
0 0.680496 0.838049 0.045212 0.071376
0 0.543702 0.027886 0.049158 0.055770
0 0.634981 0.751672 0.049796 0.075676
0 0.120748 0.549507 0.047886 0.074177
0 0.562251 0.738125 0.049165 0.079626
0 0.063042 0.802779 0.052196 0.078460
0 0.079739 0.723432 0.048424 0.069353
0 0.488947 0.296905 0.055752 0.073359
0 0.646080 0.538384 0.047075 0.077059
0 0.513191 0.137905 0.051357 0.076749
0 0.369667 0.029035 0.048880 0.058057
0 0.443147 0.787227 0.050888 0.071876
0 0.428080 0.665621 0.049692 0.082465
0 0.144483 0.379074 0.045702 0.082957
0 0.847794 0.778622 0.051812 0.081707
0 0.635840 0.388514 0.048220 0.085920
0 0.505824 0.222494 0.052369 0.078943
0 0.677755 0.348644 0.046779 0.064745
0 0.977596 0.501952 0.043434 0.086812
0 0.614786 0.823826 0.049312 0.079823
0 0.362520 0.891928 0.044911 0.074672
0 0.316599 0.502771 0.049622 0.072514
0 0.353986 0.372755 0.057281 0.072687
0 0.790601 0.709697 0.049348 0.082010
0 0.734303 0.858064 0.053993 0.085903
0 0.584563 0.079523 0.046209 0.077963
0 0.067415 0.535226 0.047453 0.076905
0 0.053067 0.199039 0.044243 0.075285
0 0.348679 0.296360 0.052397 0.074410
0 0.758701 0.557909 0.052225 0.075143
0 0.905869 0.669468 0.048690 0.075454
0 0.585679 0.658462 0.048786 0.072792
0 0.298376 0.690607 0.047968 0.075500
0 0.567056 0.560938 0.052365 0.077463
0 0.316125 0.921554 0.048416 0.081788
0 0.582055 0.165009 0.050819 0.073267
0 0.921790 0.555789 0.052210 0.071702
0 0.279965 0.825047 0.048873 0.075532
0 0.115474 0.174902 0.049027 0.073893
0 0.055273 0.077826 0.050391 0.079618
0 0.952624 0.625213 0.049196 0.071985
0 0.167810 0.139964 0.049826 0.074666
0 0.638904 0.662987 0.046837 0.077853
0 0.938327 0.391130 0.051810 0.074102
0 0.635815 0.283606 0.045652 0.068986
0 0.179130 0.443886 0.049876 0.076231
0 0.065760 0.267689 0.052778 0.065565
0 0.049766 0.341896 0.045880 0.072882
0 0.822582 0.449938 0.049722 0.073501
0 0.457293 0.356821 0.052751 0.079696
0 0.829862 0.368472 0.050745 0.076085
0 0.860000 0.620761 0.050126 0.078855
0 0.384526 0.809479 0.049392 0.082115
0 0.902235 0.341601 0.050848 0.075457
0 0.506448 0.489525 0.055640 0.090723
0 0.412490 0.590708 0.052516 0.078821
0 0.891384 0.135254 0.045867 0.070339
0 0.299950 0.346743 0.046064 0.075689
0 0.379187 0.139682 0.049463 0.080207
0 0.485926 0.605609 0.048546 0.078090
0 0.335664 0.780647 0.048049 0.078526
0 0.628557 0.058981 0.047618 0.074120
0 0.215294 0.501722 0.049064 0.077187
0 0.299198 0.258780 0.051375 0.080122
0 0.705984 0.265122 0.048683 0.080519
0 0.632626 0.201789 0.049476 0.077813
0 0.554817 0.326680 0.052142 0.081675
0 0.164118 0.295262 0.052430 0.080016
0 0.722940 0.167960 0.054501 0.079766
0 0.929564 0.472028 0.053065 0.081170
0 0.708388 0.431848 0.054222 0.084825
0 0.793333 0.150568 0.051187 0.078710
0 0.869607 0.276964 0.051391 0.081357
0 0.777421 0.279354 0.047221 0.073996
0 0.233488 0.251222 0.048923 0.081720
0 0.402362 0.315159 0.049738 0.081268
0 0.238450 0.357935 0.054547 0.077827
0 0.920460 0.255390 0.047561 0.078372
2 0.038310 0.145411 0.022617 0.030989
2 0.359621 0.241359 0.024176 0.034565
2 0.546013 0.228248 0.024176 0.044100
2 0.756971 0.623957 0.028076 0.041716
2 0.470364 0.660310 0.027296 0.033373
2 0.361961 0.509535 0.021057 0.029797
2 0.755411 0.027414 0.021837 0.030989
2 0.991179 0.564362 0.017643 0.039333
1 0.280853 0.595352 0.036654 0.067938
1 0.296446 0.041284 0.056209 0.077565
1 0.499181 0.046289 0.048024 0.079233
1 0.607507 0.448290 0.054027 0.082569
1 0.546386 0.818182 0.058392 0.071726
2 0.266704 0.077148 0.019646 0.024187
2 0.443518 0.294829 0.018555 0.029191
2 0.377212 0.673061 0.024558 0.033361
2 0.519919 0.927023 0.019646 0.029191