0 0.003463 0.704635 0.006906 0.056373
0 0.600262 0.006313 0.032808 0.012627
0 0.513705 0.994706 0.032649 0.008578
0 0.699328 0.994825 0.034288 0.008484
0 0.556499 0.005628 0.031600 0.011232
0 0.497565 0.006619 0.025084 0.013196
0 0.995222 0.880188 0.008221 0.056653
0 0.004286 0.062973 0.008571 0.060600
0 0.987166 0.009513 0.024090 0.019025
0 0.976094 0.444865 0.046187 0.067319
0 0.980876 0.500403 0.036514 0.077667
0 0.831464 0.983763 0.046352 0.029246
0 0.939041 0.981972 0.045008 0.032854
0 0.771228 0.010471 0.046415 0.020942
0 0.248278 0.972079 0.050885 0.052850
0 0.885614 0.974620 0.055446 0.047454
0 0.563757 0.980867 0.051987 0.035123
0 0.220249 0.861734 0.035658 0.070300
0 0.203604 0.964334 0.043959 0.068299
0 0.979357 0.162144 0.039353 0.065961
0 0.023798 0.223442 0.047577 0.079559
0 0.462410 0.975653 0.048004 0.045306
0 0.753763 0.981599 0.049332 0.033655
0 0.132771 0.671885 0.051229 0.072418
0 0.195527 0.019607 0.056681 0.039170
0 0.982990 0.374684 0.032094 0.073050
0 0.308130 0.883645 0.057679 0.083640
0 0.360063 0.267721 0.042087 0.060609
0 0.981891 0.741706 0.034270 0.075281
0 0.094517 0.626872 0.051369 0.073943
0 0.823814 0.942049 0.046862 0.064215
0 0.259218 0.850565 0.049983 0.082140
0 0.647526 0.023335 0.048083 0.046620
0 0.118166 0.444552 0.047052 0.065405
0 0.186003 0.685356 0.053691 0.082165
0 0.359349 0.839911 0.047571 0.067923
0 0.140932 0.600408 0.048393 0.076302
0 0.354343 0.019364 0.046932 0.038729
0 0.356287 0.935195 0.047520 0.075319
0 0.704633 0.023275 0.048296 0.046550
0 0.077684 0.481817 0.041854 0.062309
0 0.190286 0.610899 0.054190 0.080789
0 0.948099 0.021807 0.044907 0.043614
0 0.967751 0.933722 0.054039 0.077823
0 0.461451 0.029569 0.045455 0.059002
0 0.875797 0.916489 0.046973 0.077664
0 0.603076 0.923229 0.047555 0.080169
0 0.341953 0.445942 0.050412 0.071742
0 0.236098 0.041910 0.056710 0.076053
0 0.660134 0.956184 0.050827 0.080392
0 0.601701 0.729141 0.049977 0.065373
0 0.504224 0.870083 0.045064 0.068993
0 0.361068 0.372278 0.046674 0.076856
0 0.522816 0.948808 0.054383 0.079866
0 0.352652 0.690056 0.050577 0.072673
0 0.874891 0.565898 0.051176 0.065221
0 0.309606 0.393718 0.052880 0.080254
0 0.370853 0.072040 0.043524 0.072499
0 0.839405 0.626199 0.046671 0.072476
0 0.492928 0.537357 0.047815 0.076070
0 0.069724 0.054195 0.045260 0.071697
0 0.433114 0.684659 0.047350 0.072806
0 0.906206 0.454993 0.043484 0.076092
0 0.424651 0.321771 0.047139 0.071315
0 0.253005 0.413502 0.045615 0.070893
0 0.324634 0.515243 0.049465 0.078354
0 0.926509 0.901704 0.051168 0.083242
0 0.536871 0.635310 0.050197 0.064751
0 0.179501 0.439169 0.046607 0.073437
0 0.146749 0.506197 0.052933 0.073551
0 0.517911 0.795919 0.050373 0.076894
0 0.619708 0.545691 0.048805 0.090713
0 0.780256 0.780842 0.043311 0.065711
0 0.072748 0.133236 0.050190 0.078207
0 0.646410 0.873388 0.050330 0.077393
0 0.434098 0.846917 0.049741 0.071450
0 0.168255 0.353206 0.046678 0.068257
0 0.247105 0.116739 0.047132 0.088664
0 0.713894 0.134144 0.050230 0.078524
0 0.956952 0.224717 0.052591 0.077720
0 0.925552 0.818886 0.047372 0.067460
0 0.133051 0.284108 0.046200 0.076012
0 0.396515 0.231943 0.048266 0.089393
0 0.092219 0.236974 0.047490 0.074184
0 0.116353 0.368844 0.055208 0.075495
0 0.738872 0.070478 0.045886 0.072375
0 0.152855 0.139047 0.051501 0.073278
0 0.387825 0.651075 0.047787 0.080653
0 0.914568 0.151756 0.046612 0.073641
0 0.524236 0.038194 0.053132 0.076324
0 0.567180 0.210725 0.052634 0.087948
0 0.789458 0.060216 0.046785 0.077372
0 0.181467 0.278461 0.049057 0.074158
0 0.584463 0.046811 0.056415 0.083849
0 0.423810 0.764157 0.053253 0.077094
0 0.417657 0.057363 0.047760 0.073199
0 0.214424 0.493654 0.049886 0.079191
0 0.671730 0.547640 0.047729 0.076997
0 0.344756 0.152925 0.049802 0.087117
0 0.968584 0.296749 0.054262 0.068633
0 0.889282 0.214542 0.053956 0.070965
0 0.544727 0.112872 0.047290 0.078876
0 0.445341 0.260590 0.053891 0.075762
0 0.539310 0.706908 0.054286 0.074147
0 0.452525 0.411657 0.054019 0.080210
0 0.484729 0.459021 0.045111 0.071853
0 0.954165 0.656150 0.049892 0.079535
0 0.737562 0.653170 0.052205 0.067742
0 0.796919 0.178564 0.046213 0.071805
0 0.648504 0.483224 0.049816 0.076111
0 0.950091 0.092756 0.048966 0.083062
0 0.788087 0.424603 0.048085 0.074705
0 0.902710 0.754693 0.051674 0.080703
0 0.636259 0.685721 0.048657 0.077919
0 0.902129 0.621144 0.046109 0.073127
0 0.605042 0.807607 0.053701 0.080144
0 0.764691 0.495977 0.050263 0.076751
0 0.716135 0.533970 0.040975 0.094651
0 0.629703 0.202279 0.050316 0.071683
0 0.867202 0.697985 0.052946 0.084298
0 0.476353 0.334691 0.049433 0.082070
0 0.126230 0.047934 0.057130 0.088934
0 0.712675 0.434879 0.049787 0.074178
0 0.817726 0.731706 0.050714 0.083249
0 0.764119 0.576844 0.051837 0.079726
0 0.755959 0.364483 0.051163 0.077751
0 0.531075 0.328078 0.051104 0.078048
0 0.465824 0.620740 0.055828 0.085416
0 0.601718 0.272659 0.055391 0.087053
0 0.399365 0.525982 0.046292 0.072574
0 0.800457 0.275260 0.048278 0.080397
0 0.586302 0.618657 0.049388 0.080309
0 0.876531 0.091347 0.052040 0.071998
0 0.505847 0.224734 0.052319 0.075049
0 0.749088 0.281000 0.052281 0.079972
0 0.898445 0.291148 0.053637 0.079668
0 0.604256 0.363628 0.056814 0.085045
2 0.218853 0.175805 0.051472 0.077473
2 0.013111 0.641836 0.026222 0.060787
1 0.859526 0.855185 0.027296 0.063170
2 0.815072 0.381406 0.028856 0.045292
2 0.835349 0.893325 0.031975 0.041716
1 0.940633 0.486889 0.042894 0.094160
1 0.017932 0.158882 0.035863 0.072560
1 0.029860 0.107173 0.049115 0.080901
1 0.172840 0.206422 0.064395 0.072560
1 0.334919 0.321935 0.060029 0.090075
1 0.340376 0.761051 0.057847 0.082569
1 0.314454 0.816514 0.052935 0.060050
1 0.813245 0.515013 0.044204 0.092577
1 0.860995 0.484987 0.049115 0.082569