0 0.509032 0.003579 0.033590 0.007158
0 0.723635 0.996264 0.030447 0.005878
0 0.184112 0.002941 0.033762 0.005882
0 0.083304 0.990957 0.043688 0.015350
0 0.975317 0.989033 0.042531 0.019104
0 0.992265 0.762976 0.013990 0.068282
0 0.495255 0.988205 0.041042 0.020476
0 0.989624 0.837359 0.019170 0.064161
0 0.877333 0.987895 0.043249 0.021109
0 0.793498 0.987411 0.043901 0.022132
0 0.625768 0.977275 0.050369 0.042137
0 0.981560 0.429086 0.034914 0.075349
0 0.019902 0.734954 0.039803 0.069369
0 0.442641 0.976812 0.047931 0.042898
0 0.142890 0.974920 0.049005 0.046874
0 0.219675 0.971301 0.041684 0.054173
0 0.016067 0.659071 0.032133 0.078441
0 0.019415 0.035422 0.038830 0.070844
0 0.982113 0.686986 0.033932 0.074140
0 0.233142 0.014874 0.049091 0.029749
0 0.298549 0.968645 0.042740 0.059421
0 0.131838 0.448010 0.042900 0.069955
0 0.049233 0.395479 0.048326 0.076590
0 0.856490 0.025709 0.052253 0.051327
0 0.542004 0.970257 0.048905 0.056253
0 0.439236 0.573864 0.043995 0.072688
0 0.650114 0.921141 0.048888 0.072184
0 0.472907 0.615677 0.048785 0.072088
0 0.089204 0.363592 0.043328 0.069935
0 0.071341 0.020010 0.051601 0.039986
0 0.726395 0.712653 0.050952 0.073541
0 0.306809 0.883724 0.048539 0.074919
0 0.482660 0.877911 0.054111 0.078792
0 0.973489 0.357584 0.051242 0.080777
0 0.437480 0.497593 0.045669 0.070239
0 0.561620 0.530796 0.046001 0.065681
0 0.535512 0.902452 0.052219 0.074995
0 0.668782 0.670019 0.051084 0.070877
0 0.793671 0.816163 0.050205 0.069865
0 0.522280 0.821827 0.044233 0.069722
0 0.025474 0.111814 0.046036 0.076132
0 0.168447 0.384384 0.048861 0.070245
0 0.963270 0.799376 0.047715 0.074503
0 0.700352 0.955904 0.048674 0.069674
0 0.904491 0.676671 0.054868 0.066058
0 0.731507 0.416536 0.051764 0.078952
0 0.950208 0.928887 0.051178 0.075787
0 0.908074 0.606214 0.054104 0.075345
0 0.159123 0.916870 0.051973 0.069406
0 0.492758 0.390416 0.048381 0.071352
0 0.598299 0.892753 0.050593 0.076291
0 0.079518 0.472430 0.049930 0.069853
0 0.250881 0.924116 0.050942 0.071785
0 0.753374 0.936076 0.049578 0.071911
0 0.343566 0.930360 0.049330 0.069826
0 0.938997 0.415037 0.044843 0.069674
0 0.318575 0.026699 0.045386 0.053398
0 0.753930 0.654627 0.049922 0.071183
0 0.208542 0.550355 0.056641 0.087547
0 0.226495 0.676802 0.045993 0.069957
0 0.099723 0.911101 0.049945 0.079313
0 0.242658 0.069392 0.048574 0.071201
0 0.835698 0.731661 0.043340 0.078874
0 0.517587 0.304913 0.047027 0.071014
0 0.711199 0.598459 0.046844 0.075657
0 0.529358 0.038926 0.045894 0.073637
0 0.783758 0.741890 0.053231 0.080776
0 0.041155 0.315459 0.049037 0.071685
0 0.167918 0.508504 0.053727 0.083093
0 0.575316 0.686882 0.052688 0.080977
0 0.479076 0.466327 0.048332 0.072110
0 0.764794 0.356288 0.057005 0.091122
0 0.441358 0.843434 0.047583 0.082037
0 0.181693 0.311683 0.053282 0.073652
0 0.559456 0.771387 0.049216 0.079728
0 0.065966 0.159804 0.050799 0.078578
0 0.090666 0.829338 0.048453 0.075347
0 0.226973 0.391246 0.049713 0.078204
0 0.215431 0.244455 0.051285 0.078927
0 0.909244 0.064612 0.049365 0.077077
0 0.597238 0.589643 0.057775 0.079506
0 0.974098 0.110987 0.049838 0.081517
0 0.558368 0.096454 0.044444 0.070314
0 0.477320 0.037558 0.049234 0.075117
0 0.079819 0.679504 0.054911 0.082655
0 0.545598 0.373984 0.050400 0.074112
0 0.819238 0.942936 0.056876 0.077640
0 0.528243 0.231333 0.056917 0.075553
0 0.883171 0.762321 0.056630 0.077234
0 0.608426 0.506801 0.048918 0.072418
0 0.571837 0.306436 0.049817 0.071946
0 0.402869 0.260063 0.054052 0.079454
0 0.166521 0.673527 0.050912 0.073227
0 0.105441 0.601186 0.050242 0.080215
0 0.457663 0.186948 0.056252 0.074708
0 0.168310 0.142257 0.049072 0.074617
0 0.709890 0.215662 0.047834 0.081229
0 0.262187 0.328058 0.050686 0.072927
0 0.797036 0.282959 0.051969 0.077979
0 0.106321 0.751233 0.053385 0.077902
0 0.268587 0.250965 0.048320 0.071276
0 0.900273 0.459166 0.052709 0.082600
0 0.169554 0.060942 0.049173 0.073320
0 0.241773 0.170561 0.048051 0.071811
0 0.326991 0.490881 0.053080 0.077607
0 0.318534 0.098943 0.049756 0.074427
0 0.337030 0.291610 0.052175 0.072490
0 0.098880 0.234266 0.051789 0.080570
0 0.945099 0.554123 0.053399 0.087237
0 0.309412 0.801069 0.054168 0.082404
0 0.303446 0.180615 0.049683 0.076306
0 0.374528 0.190387 0.051167 0.074950
0 0.465215 0.312039 0.050860 0.083002
0 0.831875 0.228189 0.052862 0.079830
0 0.931564 0.311614 0.050228 0.073655
0 0.748205 0.119109 0.047296 0.073429
0 0.427892 0.092442 0.051451 0.082020
0 0.758515 0.200012 0.050528 0.079922
0 0.695321 0.118799 0.051099 0.075598
0 0.634178 0.253973 0.051929 0.073853
1 0.313218 0.365316 0.045233 0.056019
2 0.196236 0.455900 0.023396 0.034565
2 0.197016 0.419547 0.021837 0.038141
2 0.264086 0.412992 0.028076 0.041716
2 0.288262 0.409416 0.024956 0.046484
2 0.311269 0.408820 0.028856 0.045292
2 0.390817 0.372467 0.027296 0.039333
2 0.472704 0.538737 0.024176 0.038141
2 0.663385 0.530393 0.024956 0.038141
2 0.219242 0.616806 0.038214 0.039333
2 0.266425 0.617402 0.024956 0.040524
2 0.246148 0.634088 0.015598 0.030989
2 0.126047 0.294398 0.023396 0.038141
2 0.056637 0.855185 0.029636 0.041716
1 0.030679 0.236864 0.052935 0.081735
1 0.022570 0.805671 0.045140 0.075063
1 0.669992 0.849875 0.055664 0.076731
1 0.699189 0.786072 0.072581 0.090909
1 0.530560 0.144704 0.049661 0.085905