0 0.380373 0.994702 0.034647 0.009068
0 0.371075 0.877505 0.050667 0.063187
0 0.004190 0.910289 0.008380 0.052138
0 0.516100 0.991024 0.036307 0.015173
0 0.412760 0.641393 0.045111 0.077059
0 0.438304 0.656140 0.043534 0.066484
0 0.171282 0.535175 0.052331 0.062091
0 0.149476 0.495848 0.051947 0.065610
0 0.595376 0.192544 0.042064 0.072564
0 0.079611 0.986411 0.050193 0.024185
0 0.976516 0.984629 0.044504 0.028009
0 0.684066 0.260285 0.045920 0.068537
0 0.646887 0.986368 0.042870 0.024397
0 0.567350 0.166245 0.053184 0.071792
0 0.315656 0.194566 0.043173 0.070761
0 0.010610 0.411273 0.021205 0.068892
0 0.011680 0.587915 0.023332 0.078503
0 0.281672 0.188789 0.044432 0.086622
0 0.785233 0.296018 0.043516 0.063956
0 0.327275 0.580453 0.049096 0.074269
0 0.015401 0.852698 0.030722 0.065872
0 0.194129 0.011518 0.043504 0.023035
0 0.712087 0.230473 0.048811 0.075923
0 0.796334 0.670624 0.045600 0.074512
0 0.767639 0.650287 0.045918 0.077886
0 0.342343 0.639104 0.047524 0.071092
0 0.350799 0.011274 0.042627 0.022548
0 0.908372 0.981058 0.049707 0.035004
0 0.799737 0.356463 0.042909 0.077832
0 0.292220 0.533804 0.046750 0.075845
0 0.018560 0.028244 0.037081 0.056489
0 0.982848 0.693044 0.032331 0.071175
0 0.251805 0.505475 0.053660 0.078479
0 0.982879 0.568982 0.032182 0.074297
0 0.775184 0.972227 0.048650 0.052670
0 0.099312 0.938227 0.045540 0.070324
0 0.023453 0.205987 0.046517 0.066622
0 0.521660 0.488273 0.050994 0.073081
0 0.980198 0.765932 0.037542 0.067308
0 0.548215 0.443369 0.047329 0.065856
0 0.192259 0.886852 0.046093 0.065537
0 0.330107 0.710074 0.046210 0.067307
0 0.277289 0.970304 0.049649 0.056532
0 0.172842 0.607426 0.047909 0.071391
0 0.942527 0.873039 0.047938 0.066121
0 0.078975 0.850978 0.043790 0.066646
0 0.880018 0.617049 0.038106 0.067209
0 0.044128 0.654412 0.045620 0.067962
0 0.982253 0.408157 0.033519 0.078102
0 0.444715 0.021613 0.048201 0.043200
0 0.112180 0.723172 0.045034 0.071459
0 0.059935 0.731262 0.051714 0.066073
0 0.966179 0.936701 0.056670 0.072359
0 0.181821 0.958805 0.048524 0.073342
0 0.537144 0.026538 0.055995 0.053051
0 0.815419 0.029337 0.051709 0.058572
0 0.226410 0.435772 0.040502 0.071941
0 0.503180 0.686866 0.043741 0.068655
0 0.382043 0.164683 0.047930 0.068024
0 0.566804 0.525710 0.048149 0.060714
0 0.152547 0.677886 0.049013 0.076789
0 0.457348 0.873664 0.044183 0.068322
0 0.462400 0.725208 0.046976 0.068929
0 0.963329 0.630640 0.046943 0.067941
0 0.949561 0.219536 0.054356 0.074409
0 0.283827 0.024883 0.048501 0.049767
0 0.795598 0.838940 0.049722 0.068431
0 0.564378 0.968145 0.049210 0.060595
0 0.868054 0.168469 0.049476 0.084389
0 0.486785 0.955910 0.048107 0.065880
0 0.080120 0.341615 0.048173 0.073071
0 0.807165 0.764029 0.049376 0.069566
0 0.951298 0.292934 0.049195 0.075236
0 0.977438 0.489023 0.042890 0.071359
0 0.574579 0.894212 0.050516 0.072129
0 0.517862 0.610828 0.049409 0.079332
0 0.860385 0.911182 0.046089 0.073547
0 0.609697 0.743229 0.045847 0.069517
0 0.383903 0.951674 0.043944 0.072543
0 0.763414 0.571120 0.043301 0.066250
0 0.856586 0.795593 0.047267 0.072389
0 0.452080 0.798873 0.048909 0.067270
0 0.681269 0.880074 0.053321 0.076173
0 0.707251 0.953780 0.050063 0.074263
0 0.849098 0.672425 0.048807 0.072063
0 0.522087 0.236532 0.039037 0.061967
0 0.303280 0.869537 0.053218 0.080282
0 0.658119 0.807780 0.046725 0.069932
0 0.240876 0.215430 0.046570 0.071857
0 0.664679 0.458532 0.047872 0.060821
0 0.053673 0.492739 0.048786 0.073447
0 0.510671 0.870630 0.050788 0.068417
0 0.833059 0.582552 0.047914 0.073325
0 0.645856 0.122963 0.045029 0.070323
0 0.117793 0.105916 0.045745 0.077752
0 0.577063 0.805322 0.048298 0.074909
0 0.679011 0.370576 0.048123 0.073020
0 0.216711 0.764836 0.048989 0.076709
0 0.757965 0.193032 0.045576 0.069103
0 0.058644 0.414092 0.051104 0.072314
0 0.899050 0.707599 0.043773 0.068572
0 0.147720 0.213948 0.045978 0.072056
0 0.079271 0.260590 0.050537 0.068818
0 0.313607 0.080012 0.045706 0.072741
0 0.738010 0.400360 0.046431 0.068627
0 0.805030 0.439787 0.048330 0.071996
0 0.375702 0.546376 0.045598 0.068812
0 0.032081 0.119521 0.050010 0.073727
0 0.555305 0.369035 0.050495 0.066733
0 0.185300 0.370691 0.047127 0.071918
0 0.387333 0.747046 0.051896 0.077195
0 0.843132 0.500441 0.050429 0.075923
0 0.361890 0.101659 0.053096 0.076283
0 0.930407 0.466871 0.044865 0.069313
0 0.862960 0.422500 0.044887 0.068086
0 0.365688 0.426504 0.049176 0.073959
0 0.402671 0.367082 0.047652 0.071554
0 0.841380 0.091111 0.048378 0.075996
0 0.625739 0.399136 0.047331 0.071707
0 0.160106 0.300564 0.045627 0.073723
0 0.457273 0.208659 0.044261 0.073293
0 0.643476 0.647510 0.050024 0.085909
0 0.576081 0.682849 0.047918 0.074743
0 0.834747 0.250223 0.049488 0.075214
0 0.475167 0.563004 0.049911 0.079381
0 0.906300 0.551327 0.047424 0.072603
0 0.859357 0.328291 0.048100 0.075851
0 0.558070 0.087659 0.057585 0.073691
0 0.969447 0.148725 0.047524 0.067597
0 0.733341 0.504906 0.053608 0.076158
0 0.227802 0.293271 0.047507 0.081028
0 0.755539 0.059058 0.050625 0.083330
0 0.608592 0.275052 0.052992 0.077087
0 0.447550 0.330144 0.046285 0.068790
0 0.703269 0.092026 0.049584 0.074651
0 0.541913 0.299888 0.052475 0.064361
0 0.897689 0.112232 0.054392 0.074634
0 0.420789 0.262337 0.049259 0.075080
0 0.623773 0.506992 0.048721 0.072993
0 0.346536 0.261698 0.050676 0.074382
0 0.913529 0.351442 0.053205 0.077897
0 0.279031 0.311750 0.047779 0.070055
0 0.171057 0.085060 0.053713 0.089474
1 0.025052 0.274136 0.047573 0.059595
2 0.012184 0.486293 0.018717 0.035757
2 0.189997 0.426698 0.023396 0.038141
2 0.962860 0.820620 0.020277 0.034565
2 0.837689 0.966627 0.030415 0.040524
1 0.106534 0.193495 0.046386 0.080067