0 0.581078 0.821245 0.044137 0.079536
0 0.841626 0.950944 0.048901 0.081530
0 0.056077 0.344457 0.045495 0.072458
0 0.442385 0.003604 0.034127 0.007209
0 0.033355 0.311206 0.056302 0.071629
0 0.642554 0.234464 0.053566 0.075036
0 0.817044 0.057849 0.036133 0.064997
0 0.245055 0.344335 0.049143 0.075416
0 0.279383 0.363351 0.041314 0.082178
0 0.876576 0.966591 0.047641 0.063889
0 0.996693 0.511918 0.005615 0.049047
0 0.536649 0.801159 0.044214 0.072730
0 0.669463 0.262949 0.044950 0.074225
0 0.422235 0.986137 0.050431 0.024678
0 0.503847 0.820047 0.043880 0.079928
0 0.963283 0.460182 0.044293 0.076047
0 0.550843 0.482078 0.052056 0.075850
0 0.978192 0.430364 0.042008 0.072727
0 0.463078 0.739559 0.062846 0.074974
0 0.455300 0.673979 0.052974 0.072424
0 0.004269 0.773766 0.008538 0.061938
0 0.995484 0.669695 0.007688 0.056194
0 0.740637 0.599693 0.051217 0.090113
0 0.415439 0.895837 0.047505 0.065028
0 0.369393 0.015636 0.030927 0.031268
0 0.722257 0.023869 0.044434 0.047577
0 0.013429 0.988311 0.026851 0.020506
0 0.296747 0.050399 0.050513 0.070090
0 0.741454 0.670208 0.050544 0.068747
0 0.653834 0.980141 0.069953 0.036644
0 0.930621 0.875781 0.082069 0.085977
0 0.641321 0.922771 0.080486 0.080472
0 0.586800 0.538945 0.038026 0.065654
0 0.295371 0.012155 0.047848 0.024290
0 0.710638 0.732815 0.052921 0.089326
0 0.761434 0.031823 0.051623 0.063514
0 0.266114 0.080281 0.058691 0.075446
0 0.695604 0.804044 0.054247 0.086216
0 0.110543 0.219132 0.041580 0.082744
0 0.992672 0.036252 0.013070 0.065963
0 0.129353 0.988470 0.040270 0.020293
0 0.441585 0.802204 0.075101 0.110472
0 0.861427 0.094284 0.050530 0.076319
0 0.088230 0.263758 0.054300 0.075679
0 0.890072 0.008823 0.043636 0.017640
0 0.967252 0.915588 0.050572 0.083662
0 0.896620 0.068775 0.049016 0.074368
0 0.613883 0.295151 0.051049 0.073557
0 0.558319 0.400118 0.058109 0.077556
0 0.246856 0.205080 0.078836 0.110196
0 0.837455 0.023163 0.051577 0.046327
0 0.010668 0.228367 0.021336 0.086969
0 0.990298 0.160206 0.017594 0.069405
0 0.010507 0.563729 0.021015 0.074041
0 0.989750 0.848385 0.018767 0.067832
0 0.539779 0.350149 0.051997 0.081479
0 0.616543 0.360749 0.045632 0.079239
0 0.657703 0.747388 0.056008 0.069576
0 0.489806 0.899310 0.035667 0.072945
0 0.025194 0.014296 0.050388 0.028592
0 0.789151 0.091352 0.051722 0.073486
0 0.203138 0.014239 0.052507 0.028478
0 0.531836 0.915652 0.044333 0.080735
0 0.024130 0.391739 0.048254 0.085952
0 0.792754 0.974522 0.058399 0.047613
0 0.170192 0.319132 0.078973 0.090477
0 0.875974 0.206804 0.055571 0.078852
0 0.156383 0.227937 0.046554 0.074456
0 0.112889 0.817829 0.051639 0.079698
0 0.937622 0.971083 0.047029 0.054514
0 0.984632 0.230429 0.028840 0.082292
0 0.505371 0.975606 0.051924 0.045551
0 0.144833 0.148972 0.054210 0.093548
0 0.907308 0.160790 0.047038 0.070713
0 0.078238 0.169443 0.051926 0.072679
0 0.364200 0.912590 0.053451 0.077297
0 0.016547 0.106411 0.033084 0.088724
0 0.096451 0.098634 0.045679 0.077860
0 0.183219 0.973645 0.043448 0.049501
0 0.573099 0.951800 0.042477 0.066628
0 0.329322 0.851863 0.050107 0.076861
0 0.785677 0.904640 0.053714 0.076395
0 0.237854 0.423573 0.053080 0.077990
0 0.775818 0.764215 0.048894 0.065874
0 0.978457 0.360276 0.041043 0.068257
0 0.833598 0.831094 0.055252 0.125733
0 0.132732 0.022506 0.054117 0.045013
0 0.254722 0.966659 0.059853 0.063368
0 0.742076 0.956388 0.053177 0.077243
0 0.204698 0.116582 0.047530 0.075881
0 0.880793 0.661882 0.053882 0.084756
0 0.487218 0.617765 0.043736 0.079713
0 0.306637 0.147257 0.047822 0.073074
0 0.111027 0.945931 0.049830 0.079626
0 0.034069 0.814742 0.049012 0.074109
0 0.334185 0.762227 0.050041 0.089877
0 0.308321 0.945391 0.052058 0.078774
0 0.732810 0.404833 0.050745 0.072969
0 0.813611 0.427476 0.053613 0.077905
0 0.091488 0.759121 0.050195 0.086305
0 0.609681 0.711441 0.057643 0.077807
0 0.058043 0.057137 0.052865 0.086444
0 0.078500 0.873787 0.054519 0.084117
0 0.263637 0.700346 0.043556 0.073301
0 0.917647 0.623626 0.051836 0.082052
0 0.487015 0.367580 0.050081 0.075951
0 0.029153 0.920813 0.052381 0.079974
0 0.248901 0.611317 0.048075 0.068103
0 0.176417 0.902460 0.076241 0.088862
0 0.237222 0.844194 0.069282 0.076600
0 0.651575 0.161755 0.048578 0.066055
0 0.579835 0.639597 0.051314 0.085455
0 0.537462 0.594057 0.054105 0.085680
0 0.752962 0.830017 0.051972 0.079691
0 0.843531 0.487566 0.049567 0.087528
0 0.277864 0.778239 0.053986 0.087473
0 0.721554 0.332970 0.055772 0.076847
0 0.898284 0.345998 0.038511 0.090910
0 0.325468 0.267088 0.045436 0.072641
0 0.953370 0.082970 0.036788 0.066600
0 0.389829 0.577784 0.047966 0.071143
0 0.375743 0.153845 0.046345 0.078987
0 0.027865 0.471590 0.046319 0.079776
0 0.828138 0.587098 0.050341 0.073402
0 0.110335 0.369628 0.054879 0.081408
0 0.372941 0.245511 0.048706 0.076496
0 0.946981 0.755898 0.055483 0.076585
0 0.383880 0.065055 0.052346 0.100605
0 0.189325 0.626639 0.045932 0.075628
0 0.466409 0.303676 0.051088 0.074220
0 0.148379 0.750344 0.061524 0.107870
0 0.337980 0.446174 0.061401 0.079632
0 0.807459 0.677567 0.051838 0.079579
0 0.960304 0.678820 0.050862 0.081772
0 0.888372 0.453124 0.051299 0.074587
0 0.768040 0.298426 0.048584 0.077679
0 0.464067 0.509140 0.051344 0.076308
0 0.625963 0.076861 0.049023 0.080836
0 0.322507 0.574285 0.049585 0.082492
0 0.957290 0.544534 0.050518 0.080395
0 0.330978 0.357113 0.053426 0.101242
0 0.777118 0.533229 0.050531 0.084432
0 0.937518 0.321854 0.047645 0.084263
0 0.924042 0.244696 0.050824 0.085123
0 0.411625 0.416468 0.046943 0.077029
0 0.853206 0.352886 0.049297 0.083056
0 0.218279 0.555593 0.054270 0.086256
0 0.631893 0.594889 0.060014 0.074417
0 0.588419 0.168043 0.048167 0.077727
0 0.749853 0.231034 0.053994 0.074321
0 0.669037 0.528714 0.045913 0.087570
0 0.428939 0.202361 0.048867 0.085534
0 0.685117 0.098091 0.055500 0.091158
0 0.716357 0.481124 0.050940 0.077374
0 0.291394 0.497747 0.060665 0.088848
0 0.033451 0.682033 0.056594 0.104883
0 0.203618 0.711207 0.049822 0.076920
0 0.067689 0.600696 0.050454 0.080216
0 0.481212 0.196348 0.054298 0.096510
0 0.575750 0.090490 0.053165 0.079963
0 0.762405 0.152129 0.059797 0.082832
0 0.413721 0.290896 0.049001 0.081975
0 0.173819 0.501995 0.053222 0.081964
0 0.553409 0.239030 0.051627 0.084387
0 0.505742 0.071400 0.057319 0.090416
1 0.488692 0.439213 0.037434 0.075089
2 0.978068 0.299762 0.031975 0.048868
2 0.857186 0.416567 0.017937 0.029797
2 0.312048 0.629321 0.021057 0.030989