0 0.190865 0.001543 0.040333 0.003044
0 0.002015 0.881896 0.004001 0.052227
0 0.425198 0.995202 0.031285 0.007995
0 0.759458 0.002022 0.034593 0.004043
0 0.037867 0.995051 0.040621 0.008153
0 0.172641 0.994200 0.040048 0.009823
0 0.599343 0.456414 0.050639 0.068945
0 0.604214 0.395305 0.047951 0.061668
0 0.530375 0.311465 0.046675 0.067473
0 0.519360 0.367507 0.050223 0.067045
0 0.993620 0.901688 0.011149 0.061314
0 0.650203 0.006173 0.041459 0.012347
0 0.417850 0.005606 0.039684 0.011212
0 0.995000 0.134037 0.008920 0.063621
0 0.935816 0.610979 0.045741 0.083316
0 0.235687 0.007832 0.042485 0.015664
0 0.515723 0.932854 0.057853 0.077230
0 0.008399 0.606877 0.016778 0.074088
0 0.772555 0.621978 0.051384 0.113630
0 0.558955 0.187728 0.050332 0.072506
0 0.949952 0.669586 0.050248 0.072622
0 0.990556 0.515787 0.017877 0.070045
0 0.879350 0.985844 0.047859 0.025163
0 0.009319 0.519352 0.018634 0.070066
0 0.773068 0.056761 0.043577 0.078360
0 0.540532 0.131572 0.043974 0.074644
0 0.100518 0.987175 0.044761 0.022885
0 0.550961 0.897372 0.047336 0.076750
0 0.474093 0.010991 0.043472 0.021983
0 0.820608 0.982771 0.057191 0.031276
0 0.982877 0.968647 0.032389 0.059748
0 0.493368 0.979081 0.049127 0.038754
0 0.737441 0.039707 0.045206 0.072042
0 0.013377 0.952196 0.026754 0.070408
0 0.975762 0.581197 0.047337 0.068895
0 0.895519 0.554896 0.050983 0.073083
0 0.866512 0.606179 0.050396 0.071806
0 0.693229 0.804036 0.052494 0.096153
0 0.377099 0.980553 0.049366 0.035767
0 0.705834 0.978886 0.049435 0.039104
0 0.664462 0.948893 0.042798 0.065196
0 0.723471 0.747956 0.046529 0.073833
0 0.744239 0.529283 0.051970 0.076169
0 0.557212 0.780692 0.055574 0.071235
0 0.829642 0.014110 0.047108 0.028221
0 0.599559 0.885170 0.049275 0.073823
0 0.865097 0.390162 0.046225 0.077511
0 0.658786 0.526866 0.050635 0.066447
0 0.628439 0.655292 0.046421 0.068404
0 0.604208 0.582744 0.048345 0.079098
0 0.561243 0.526342 0.046626 0.077430
0 0.654361 0.712404 0.043736 0.068658
0 0.016317 0.345866 0.032634 0.076279
0 0.589411 0.708674 0.045053 0.068473
0 0.603728 0.970407 0.047473 0.056022
0 0.699199 0.676836 0.043725 0.073428
0 0.717444 0.889168 0.047109 0.075767
0 0.014466 0.076481 0.028866 0.081330
0 0.550995 0.657106 0.040158 0.078623
0 0.789758 0.931542 0.053812 0.073630
0 0.360006 0.663830 0.044573 0.066057
0 0.835450 0.873014 0.048850 0.075723
0 0.692834 0.586827 0.048459 0.074800
0 0.485634 0.428101 0.050767 0.081417
0 0.510758 0.608166 0.046574 0.075490
0 0.457057 0.776123 0.048221 0.069409
0 0.455012 0.889286 0.047507 0.078173
0 0.478674 0.508682 0.051660 0.068166
0 0.948183 0.743302 0.045089 0.062979
0 0.333924 0.943959 0.055736 0.074801
0 0.587800 0.106485 0.050396 0.068598
0 0.787050 0.719914 0.052712 0.069108
0 0.818388 0.558157 0.052603 0.074533
0 0.627784 0.336269 0.050525 0.069425
0 0.336568 0.868761 0.054853 0.072116
0 0.940711 0.882207 0.044070 0.064224
0 0.018985 0.199901 0.037971 0.074558
0 0.334446 0.218545 0.055787 0.074049
0 0.986246 0.241447 0.025743 0.072599
0 0.898313 0.922149 0.048754 0.075638
0 0.283601 0.639087 0.046548 0.066304
0 0.251928 0.867031 0.047619 0.075382
0 0.862521 0.727915 0.043458 0.084331
0 0.942381 0.813135 0.057301 0.063536
0 0.418777 0.826004 0.051332 0.072160
0 0.655300 0.451141 0.049862 0.071206
0 0.042499 0.783941 0.050264 0.073802
0 0.866052 0.490352 0.044581 0.073069
0 0.135455 0.884615 0.049351 0.076735
0 0.905792 0.433185 0.053689 0.067574
0 0.583958 0.038313 0.052803 0.076627
0 0.203046 0.938151 0.049810 0.066097
0 0.145439 0.961070 0.051865 0.072798
0 0.364747 0.283049 0.046074 0.072552
0 0.399561 0.613119 0.047552 0.076588
0 0.121772 0.420455 0.050747 0.075089
0 0.382968 0.533673 0.048422 0.073640
0 0.347592 0.468230 0.048658 0.075603
0 0.974676 0.408042 0.044311 0.070333
0 0.362027 0.164527 0.048426 0.075449
0 0.040763 0.902688 0.044985 0.069336
0 0.709581 0.470863 0.049344 0.069756
0 0.267915 0.571643 0.051091 0.070607
0 0.197303 0.719238 0.048489 0.073865
0 0.461721 0.155590 0.046486 0.077826
0 0.042777 0.131268 0.044499 0.076223
0 0.288138 0.265965 0.048807 0.080843
0 0.409473 0.196567 0.046545 0.073159
0 0.444097 0.563774 0.054928 0.078667
0 0.300029 0.708327 0.052319 0.075479
0 0.311267 0.790582 0.049670 0.078821
0 0.225086 0.794322 0.049349 0.073389
0 0.415630 0.309690 0.050664 0.076868
0 0.673602 0.181607 0.050913 0.085249
0 0.643073 0.095629 0.046727 0.076629
0 0.059925 0.276071 0.047670 0.070565
0 0.277743 0.498769 0.049527 0.069584
0 0.064050 0.717425 0.051797 0.075747
0 0.907425 0.156613 0.052380 0.074278
0 0.422657 0.693657 0.054659 0.071180
0 0.959922 0.185326 0.047491 0.076217
0 0.209798 0.072480 0.050897 0.068526
0 0.377443 0.406230 0.050406 0.081004
0 0.793750 0.482219 0.049658 0.081527
0 0.687031 0.062627 0.047596 0.077213
0 0.218283 0.652703 0.064657 0.080018
0 0.436539 0.045429 0.047367 0.064212
0 0.494533 0.060440 0.050858 0.077214
0 0.259380 0.115032 0.051611 0.071470
0 0.213561 0.320250 0.044537 0.069917
0 0.044051 0.024831 0.050826 0.049585
0 0.175255 0.831344 0.046402 0.068159
0 0.392408 0.099849 0.049509 0.073928
0 0.816193 0.315904 0.049023 0.072191
0 0.950744 0.482904 0.051982 0.079197
0 0.863978 0.053365 0.048070 0.070210
0 0.228330 0.186142 0.050108 0.081162
0 0.130658 0.497475 0.053542 0.073289
0 0.180236 0.523194 0.047713 0.082613
0 0.213461 0.424870 0.048151 0.071800
0 0.159879 0.367399 0.051687 0.078491
0 0.934300 0.094884 0.047649 0.075065
0 0.811873 0.238745 0.047196 0.069332
0 0.285782 0.349450 0.050441 0.071042
0 0.081431 0.364349 0.051532 0.074671
0 0.087620 0.204333 0.046777 0.070964
0 0.146739 0.049753 0.048953 0.073380
0 0.977109 0.056096 0.044944 0.076991
0 0.150372 0.663276 0.051789 0.077331
0 0.070487 0.587566 0.048261 0.078490
0 0.103525 0.103451 0.049112 0.085838
0 0.915299 0.306563 0.046448 0.078130
0 0.657976 0.268008 0.054747 0.088746
0 0.742604 0.369948 0.053327 0.070820
0 0.855591 0.132109 0.052750 0.072644
2 0.255117 0.404052 0.027296 0.038141
2 0.317508 0.619785 0.017937 0.033373
2 0.893061 0.248510 0.024176 0.039333
2 0.820531 0.392133 0.024176 0.042908
2 0.729285 0.639452 0.025736 0.034565
2 0.737084 0.701430 0.019497 0.036949
2 0.707839 0.269964 0.021837 0.036949
2 0.944923 0.374851 0.026516 0.034565
1 0.582667 0.264601 0.052252 0.073897
3 0.624425 0.791910 0.103142 0.117598