0 0.002215 0.592190 0.004390 0.051959
0 0.237998 0.994791 0.036919 0.008607
0 0.431300 0.993055 0.033089 0.011069
0 0.004570 0.342018 0.009139 0.057844
0 0.136055 0.004557 0.034331 0.009114
0 0.995661 0.299137 0.007655 0.055307
0 0.994563 0.594640 0.009535 0.056378
0 0.586756 0.005488 0.035646 0.010932
0 0.007076 0.508018 0.014148 0.072728
0 0.008978 0.725931 0.017946 0.071874
0 0.990491 0.052374 0.017353 0.070796
0 0.026282 0.983534 0.047741 0.029904
0 0.011390 0.274615 0.022746 0.072909
0 0.777027 0.980987 0.051731 0.034972
0 0.915418 0.854988 0.048739 0.079775
0 0.013948 0.038736 0.027897 0.076100
0 0.012658 0.121915 0.025274 0.080880
0 0.985567 0.528143 0.027009 0.074894
0 0.020080 0.801418 0.040160 0.075278
0 0.024940 0.910420 0.043588 0.070715
0 0.981449 0.662368 0.035144 0.078082
0 0.015436 0.417897 0.030824 0.081844
0 0.924111 0.014475 0.044821 0.028950
0 0.309232 0.977184 0.053270 0.042166
0 0.385148 0.974201 0.049227 0.047976
0 0.399202 0.279362 0.048563 0.074377
0 0.979868 0.800922 0.038525 0.079522
0 0.054553 0.854277 0.047385 0.075110
0 0.518507 0.872286 0.043534 0.072650
0 0.968829 0.868201 0.055676 0.085369
0 0.418196 0.342129 0.049151 0.071588
0 0.239155 0.784897 0.051511 0.071623
0 0.173043 0.664239 0.048352 0.069656
0 0.443838 0.287728 0.041720 0.062831
0 0.459708 0.876203 0.048078 0.075201
0 0.653464 0.875924 0.051187 0.075009
0 0.079101 0.932332 0.045234 0.071434
0 0.624636 0.952714 0.047954 0.076426
0 0.131447 0.929794 0.050212 0.074456
0 0.371447 0.769886 0.050503 0.072940
0 0.492319 0.960121 0.049164 0.075892
0 0.266752 0.922695 0.049037 0.071016
0 0.028998 0.670646 0.043896 0.083690
0 0.867956 0.019831 0.047029 0.039661
0 0.641864 0.799801 0.051980 0.075739
0 0.422590 0.810034 0.048545 0.075597
0 0.086216 0.798005 0.047707 0.071712
0 0.307291 0.024962 0.050930 0.049903
0 0.139599 0.854030 0.049104 0.073804
0 0.429592 0.941114 0.049130 0.074892
0 0.897655 0.761167 0.051569 0.081652
0 0.284630 0.833788 0.047640 0.073274
0 0.866525 0.844526 0.048166 0.083768
0 0.255061 0.715750 0.046729 0.072752
0 0.297519 0.679065 0.044790 0.073456
0 0.195552 0.607954 0.042497 0.065199
0 0.490241 0.792751 0.049096 0.079129
0 0.263149 0.455374 0.047256 0.074364
0 0.607761 0.572080 0.044465 0.067922
0 0.589537 0.894538 0.050123 0.074470
0 0.809566 0.656389 0.050535 0.075902
0 0.731109 0.922640 0.054435 0.074470
0 0.578793 0.685997 0.051495 0.079019
0 0.742608 0.024471 0.049923 0.048859
0 0.466450 0.349187 0.043594 0.074039
0 0.255625 0.189083 0.042900 0.088857
0 0.456381 0.722879 0.053484 0.082199
0 0.976842 0.372904 0.044411 0.077034
0 0.123339 0.641028 0.049241 0.082938
0 0.670209 0.735127 0.051477 0.080804
0 0.857778 0.616809 0.049721 0.079161
0 0.038079 0.527252 0.043436 0.072267
0 0.890571 0.675521 0.049270 0.080746
0 0.205676 0.922253 0.047044 0.074906
0 0.653563 0.457223 0.056133 0.079099
0 0.350096 0.377771 0.053463 0.078051
0 0.682907 0.326235 0.052614 0.073171
0 0.835155 0.052972 0.045590 0.072786
0 0.330005 0.310846 0.048111 0.069977
0 0.257802 0.044741 0.048421 0.075332
0 0.533384 0.609191 0.049889 0.082894
0 0.434253 0.656627 0.049952 0.069265
0 0.736418 0.623104 0.047854 0.072301
0 0.229109 0.114796 0.048879 0.078072
0 0.490695 0.522565 0.049865 0.076863
0 0.660131 0.552875 0.049080 0.075904
0 0.236910 0.358787 0.050185 0.079532
0 0.380142 0.690522 0.050381 0.075034
0 0.972768 0.247410 0.052555 0.081127
0 0.936694 0.311637 0.045488 0.076060
0 0.698192 0.498783 0.048942 0.075757
0 0.926154 0.393132 0.053209 0.080023
0 0.341312 0.073783 0.050209 0.076498
0 0.069141 0.623386 0.053996 0.080061
0 0.737380 0.175827 0.048964 0.089680
0 0.660239 0.246963 0.053973 0.082276
0 0.267962 0.545848 0.052690 0.077998
0 0.624940 0.033666 0.049851 0.067331
0 0.376697 0.223801 0.047620 0.072533
0 0.828412 0.397091 0.048599 0.079744
0 0.334718 0.627418 0.051013 0.077975
0 0.688229 0.184403 0.047653 0.087819
0 0.150738 0.092157 0.052342 0.084439
0 0.433972 0.125829 0.048743 0.073724
0 0.446860 0.205127 0.045963 0.073692
0 0.782513 0.431562 0.047374 0.074141
0 0.856236 0.496474 0.047631 0.067833
0 0.658930 0.089319 0.047197 0.079295
0 0.740455 0.385152 0.045442 0.071858
0 0.730833 0.297496 0.046141 0.074822
0 0.207989 0.225672 0.052326 0.083315
0 0.443812 0.581907 0.052752 0.075577
0 0.583508 0.177094 0.054610 0.078294
0 0.482367 0.118638 0.045270 0.077551
0 0.157227 0.545453 0.047505 0.072201
0 0.605091 0.241322 0.047618 0.074108
0 0.874634 0.235090 0.052279 0.082535
0 0.722798 0.092225 0.049058 0.074368
0 0.880377 0.318225 0.057480 0.080383
0 0.473936 0.442990 0.048571 0.080264
0 0.182791 0.448228 0.051629 0.083228
0 0.420104 0.051608 0.056048 0.079149
1 0.711738 0.570918 0.045233 0.052443
2 0.085103 0.505364 0.028856 0.042908
2 0.698870 0.277116 0.025736 0.041716
2 0.729285 0.531585 0.022617 0.033373
2 0.573309 0.598927 0.025736 0.029797
2 0.861865 0.744934 0.022617 0.035757
1 0.244329 0.282319 0.056755 0.072560
1 0.284713 0.384487 0.054572 0.078399
1 0.617330 0.511259 0.052935 0.070058
1 0.946401 0.782736 0.045295 0.084237
1 0.675995 0.394912 0.053481 0.067556