0 0.002082 0.590648 0.004148 0.050739
0 0.238103 0.994129 0.036900 0.009805
0 0.004567 0.339358 0.009135 0.058076
0 0.135963 0.003809 0.036417 0.007618
0 0.431144 0.992051 0.036603 0.012952
0 0.587266 0.004155 0.033058 0.008311
0 0.994547 0.592035 0.009554 0.056435
0 0.995730 0.296712 0.007641 0.055138
0 0.007118 0.505669 0.014219 0.072186
0 0.008962 0.723677 0.017920 0.071226
0 0.990502 0.049960 0.017329 0.070739
0 0.026470 0.982352 0.049385 0.032231
0 0.011404 0.272289 0.022786 0.073035
0 0.020054 0.798985 0.040108 0.074930
0 0.013959 0.037468 0.027919 0.074495
0 0.981458 0.659920 0.035128 0.078110
0 0.015428 0.415596 0.030821 0.081825
0 0.985594 0.525617 0.026954 0.075154
0 0.777098 0.980005 0.052354 0.037268
0 0.024939 0.908040 0.043614 0.070809
0 0.012692 0.119773 0.025355 0.081028
0 0.399167 0.277206 0.048752 0.073935
0 0.980055 0.798521 0.038158 0.079675
0 0.924257 0.013295 0.044669 0.026589
0 0.518515 0.869865 0.043542 0.072887
0 0.284355 0.380413 0.053609 0.080181
0 0.309248 0.975923 0.053619 0.044763
0 0.944425 0.780767 0.041006 0.082205
0 0.385124 0.973000 0.049230 0.050449
0 0.968894 0.865647 0.055588 0.085284
0 0.418171 0.339842 0.049151 0.071394
0 0.459662 0.874055 0.048198 0.074918
0 0.054553 0.851778 0.047332 0.074671
0 0.239211 0.782468 0.051503 0.071540
0 0.029011 0.668539 0.043941 0.084285
0 0.307254 0.023737 0.051141 0.047354
0 0.443862 0.285322 0.041728 0.062719
0 0.297513 0.676666 0.044845 0.073400
0 0.172999 0.661971 0.048293 0.069712
0 0.624604 0.950285 0.047843 0.076699
0 0.371457 0.767437 0.050294 0.072554
0 0.131404 0.927419 0.050112 0.074301
0 0.492344 0.958439 0.049316 0.077693
0 0.641878 0.797251 0.052159 0.075807
0 0.422630 0.807597 0.048523 0.075796
0 0.897700 0.758777 0.051535 0.081631
0 0.915490 0.852435 0.048273 0.079644
0 0.266712 0.920201 0.049010 0.071248
0 0.079082 0.929988 0.045112 0.071464
0 0.490276 0.790282 0.049038 0.078983
0 0.195540 0.605501 0.042438 0.065320
0 0.255095 0.713611 0.046822 0.072792
0 0.139545 0.851683 0.048877 0.073666
0 0.086238 0.795577 0.047691 0.071855
0 0.868027 0.018618 0.046835 0.037235
0 0.616703 0.505914 0.052911 0.068338
0 0.866514 0.842056 0.048126 0.083673
0 0.284655 0.831354 0.047511 0.073216
0 0.653428 0.873513 0.051220 0.074890
0 0.429559 0.938639 0.049132 0.074511
0 0.589577 0.892226 0.050031 0.074259
0 0.456389 0.720429 0.053505 0.082409
0 0.607770 0.569533 0.044492 0.068059
0 0.675494 0.389960 0.055823 0.069689
0 0.243893 0.279926 0.057615 0.071143
0 0.731159 0.920221 0.054406 0.074616
0 0.466414 0.346778 0.043530 0.073690
0 0.670226 0.732689 0.051473 0.080722
0 0.434240 0.654350 0.050101 0.069003
0 0.329974 0.308403 0.048206 0.070190
0 0.263158 0.453126 0.047306 0.073927
0 0.123294 0.638844 0.049315 0.082963
0 0.205657 0.919988 0.046885 0.074758
0 0.350067 0.375220 0.053573 0.078015
0 0.976842 0.370454 0.044660 0.077272
0 0.653504 0.454823 0.056096 0.078574
0 0.857752 0.614442 0.049791 0.078577
0 0.698191 0.496111 0.049060 0.075581
0 0.809540 0.654115 0.050628 0.075828
0 0.880294 0.315841 0.057550 0.080694
0 0.578817 0.683591 0.051534 0.078881
0 0.380134 0.687930 0.050290 0.075089
0 0.038056 0.524997 0.043487 0.072161
0 0.660130 0.550454 0.048934 0.075603
0 0.742603 0.023224 0.050134 0.046347
0 0.890577 0.673108 0.049319 0.080711
0 0.236890 0.356293 0.050304 0.079836
0 0.255647 0.186631 0.042930 0.089178
0 0.533409 0.606827 0.049904 0.082740
0 0.936671 0.309337 0.045500 0.076072
0 0.736418 0.620768 0.047916 0.072361
0 0.682891 0.323427 0.052649 0.073653
0 0.334714 0.625028 0.051021 0.077646
0 0.069117 0.621178 0.053970 0.080436
0 0.782489 0.429215 0.047379 0.074376
0 0.446880 0.202751 0.046034 0.073614
0 0.443840 0.579422 0.052746 0.075437
0 0.376626 0.221583 0.047755 0.072509
0 0.490712 0.520030 0.049774 0.076964
0 0.267941 0.543435 0.052812 0.078124
0 0.828453 0.394765 0.048577 0.079294
0 0.835198 0.050501 0.045652 0.072593
0 0.257774 0.042340 0.048403 0.075599
0 0.229114 0.112403 0.049015 0.078506
0 0.341250 0.071392 0.050277 0.076793
0 0.660245 0.244488 0.054016 0.082121
0 0.926164 0.390865 0.053323 0.080149
0 0.688271 0.181994 0.047471 0.087805
0 0.972802 0.245010 0.052511 0.081288
0 0.740426 0.382869 0.045491 0.072014
0 0.157147 0.543070 0.047548 0.072127
0 0.207969 0.223131 0.052408 0.083169
0 0.433984 0.123610 0.048733 0.073612
0 0.605136 0.238914 0.047510 0.074516
0 0.856164 0.494033 0.047722 0.068088
0 0.658951 0.087019 0.047062 0.078926
0 0.473832 0.440663 0.048515 0.080287
0 0.624920 0.032496 0.049792 0.064992
0 0.874689 0.232789 0.052054 0.082403
0 0.722756 0.089669 0.049064 0.073949
0 0.482385 0.116347 0.045225 0.077574
0 0.150786 0.089773 0.052437 0.084215
0 0.737418 0.173389 0.049086 0.089792
0 0.583503 0.174803 0.054638 0.078220
0 0.730824 0.295040 0.046180 0.074816
0 0.420070 0.049355 0.055705 0.079311
0 0.182714 0.445775 0.051831 0.083173
1 0.712128 0.569726 0.049133 0.057211
2 0.083153 0.504172 0.028076 0.038141
2 0.698090 0.274732 0.030415 0.046484
2 0.574479 0.595352 0.028076 0.034565
2 0.504289 0.333135 0.026516 0.039333
2 0.732015 0.532181 0.026516 0.032181
2 0.861475 0.744338 0.023396 0.034565