0 0.519890 0.002975 0.038570 0.005941
0 0.078597 0.002055 0.047498 0.004064
0 0.995988 0.793359 0.006745 0.050601
0 0.564847 0.004324 0.038091 0.008649
0 0.006926 0.016357 0.013834 0.032714
0 0.250307 0.005000 0.034876 0.010000
0 0.993607 0.702515 0.011081 0.064712
0 0.629646 0.007037 0.037266 0.014073
0 0.991972 0.949491 0.014361 0.072732
0 0.299722 0.007174 0.044422 0.014349
0 0.705059 0.009343 0.044309 0.018686
0 0.240923 0.987816 0.041131 0.021216
0 0.854183 0.989083 0.039951 0.018922
0 0.990405 0.492655 0.017281 0.072452
0 0.015701 0.740436 0.031400 0.067076
0 0.986786 0.865321 0.024515 0.071823
0 0.760806 0.981014 0.044555 0.034701
0 0.376765 0.980564 0.051778 0.035474
0 0.127581 0.979284 0.050126 0.038193
0 0.923225 0.013310 0.047676 0.026596
0 0.188023 0.977825 0.048937 0.040875
0 0.019948 0.667106 0.039893 0.082364
0 0.622091 0.970162 0.052019 0.056368
0 0.794109 0.016613 0.047684 0.033226
0 0.019206 0.382429 0.038412 0.078627
0 0.335037 0.781254 0.053254 0.069893
0 0.981588 0.140529 0.034841 0.086762
0 0.217649 0.909549 0.043125 0.086376
0 0.034484 0.295444 0.058414 0.062131
0 0.633379 0.909376 0.049635 0.070091
0 0.336456 0.858632 0.046075 0.071050
0 0.053754 0.637403 0.041844 0.072424
0 0.448422 0.964059 0.049764 0.068467
0 0.108229 0.911025 0.046516 0.085009
0 0.268892 0.925864 0.049030 0.074978
0 0.472070 0.900879 0.045224 0.071209
0 0.473299 0.396290 0.041652 0.067772
0 0.170865 0.888579 0.045789 0.077609
0 0.017627 0.478723 0.035253 0.076781
0 0.054337 0.942299 0.047437 0.080108
0 0.730569 0.936973 0.048206 0.070410
0 0.889672 0.416019 0.040982 0.057304
0 0.389321 0.776244 0.044265 0.069364
0 0.978064 0.035681 0.042060 0.071142
0 0.332117 0.951596 0.047519 0.077042
0 0.448410 0.300600 0.059492 0.062065
0 0.386297 0.918908 0.050494 0.075725
0 0.571681 0.956211 0.044464 0.081120
0 0.036580 0.556543 0.042961 0.073752
0 0.666822 0.847891 0.050983 0.084699
0 0.207307 0.083667 0.048551 0.070927
0 0.434094 0.645582 0.055984 0.084473
0 0.132214 0.837580 0.047511 0.075988
0 0.712997 0.704668 0.044734 0.070633
0 0.663815 0.033899 0.046787 0.067796
0 0.926167 0.932721 0.047503 0.072744
0 0.052760 0.773194 0.048096 0.078546
0 0.606971 0.805423 0.046737 0.079404
0 0.758970 0.740631 0.046858 0.081387
0 0.750876 0.827037 0.058266 0.079439
0 0.030866 0.224542 0.050537 0.079453
0 0.187674 0.030665 0.049208 0.061330
0 0.508981 0.443980 0.047846 0.071658
0 0.844887 0.034970 0.045316 0.069940
0 0.520394 0.870644 0.049924 0.077158
0 0.429925 0.733245 0.051371 0.076840
0 0.371340 0.165431 0.045917 0.071938
0 0.309477 0.052927 0.051098 0.068671
0 0.040115 0.104664 0.046348 0.074921
0 0.625842 0.422004 0.046352 0.070190
0 0.653076 0.754038 0.050056 0.080934
0 0.947315 0.838919 0.049095 0.080167
0 0.581054 0.725395 0.053748 0.082424
0 0.964629 0.725052 0.044467 0.073089
0 0.727302 0.609709 0.045190 0.072902
0 0.484115 0.239427 0.046252 0.070502
0 0.139807 0.074470 0.047812 0.068979
0 0.245764 0.846066 0.055609 0.082544
0 0.522516 0.335460 0.045951 0.074089
0 0.145494 0.584853 0.053448 0.073363
0 0.918876 0.743466 0.041838 0.084307
0 0.372392 0.688817 0.051563 0.073484
0 0.971258 0.602124 0.050166 0.083593
0 0.326842 0.123973 0.052511 0.070008
0 0.119430 0.719811 0.047714 0.081668
0 0.567214 0.391867 0.047153 0.076435
0 0.874017 0.716254 0.050685 0.076965
0 0.776986 0.494709 0.053732 0.077357
0 0.380045 0.528531 0.053815 0.074660
0 0.181160 0.652227 0.048584 0.081443
0 0.161572 0.180292 0.050057 0.073786
0 0.641828 0.350052 0.048609 0.071802
0 0.771782 0.152149 0.050901 0.072125
0 0.114075 0.135453 0.050340 0.070585
0 0.559701 0.647922 0.051716 0.079901
0 0.495150 0.727996 0.047243 0.073629
0 0.308168 0.707402 0.056975 0.074535
0 0.651445 0.231596 0.052037 0.081063
0 0.139168 0.351650 0.047340 0.069603
0 0.378451 0.606969 0.050774 0.071316
0 0.661802 0.481535 0.047469 0.073559
0 0.648530 0.661873 0.047165 0.080244
0 0.975795 0.307520 0.046035 0.080829
0 0.262783 0.529557 0.052387 0.083501
0 0.885370 0.642173 0.050079 0.074015
0 0.258978 0.069180 0.046112 0.074014
0 0.289143 0.388899 0.048870 0.075960
0 0.567455 0.290205 0.049706 0.074045
0 0.214957 0.572234 0.048820 0.080342
0 0.176766 0.303333 0.057534 0.069132
0 0.408212 0.463375 0.052497 0.077825
0 0.771984 0.251865 0.045424 0.074795
0 0.696624 0.540141 0.057580 0.082559
0 0.141564 0.509112 0.054432 0.070720
0 0.304597 0.623641 0.048317 0.080514
0 0.799659 0.420539 0.052173 0.078151
0 0.795734 0.682886 0.057256 0.074240
0 0.075467 0.378341 0.049833 0.082855
0 0.509506 0.171569 0.050611 0.077195
0 0.856413 0.568042 0.053050 0.081599
0 0.411858 0.111027 0.052674 0.082699
0 0.701116 0.124878 0.045875 0.071711
0 0.145435 0.430869 0.054698 0.075678
0 0.232031 0.461848 0.052143 0.077672
0 0.390228 0.258207 0.051464 0.079400
0 0.937225 0.407978 0.048068 0.078912
0 0.094048 0.599833 0.051003 0.090084
0 0.754757 0.370993 0.049854 0.076580
0 0.537090 0.506385 0.049840 0.070628
0 0.953032 0.487618 0.047271 0.076227
0 0.398878 0.375343 0.053293 0.073144
0 0.639278 0.134175 0.050787 0.079092
0 0.446175 0.538474 0.052384 0.079764
0 0.905347 0.072157 0.051831 0.081527
0 0.900433 0.178327 0.047206 0.072204
0 0.837791 0.315517 0.053462 0.076507
0 0.613292 0.563353 0.045373 0.072753
0 0.237709 0.244169 0.051221 0.074297
0 0.456886 0.053645 0.053573 0.080791
0 0.571060 0.055027 0.053741 0.081429
0 0.722638 0.279111 0.050204 0.085443
0 0.892669 0.329720 0.044581 0.070726
1 0.807274 0.112634 0.050692 0.082241
2 0.916067 0.458284 0.023396 0.034565
2 0.810393 0.258045 0.024176 0.041716
2 0.832620 0.261621 0.018717 0.032181
2 0.778808 0.566746 0.021837 0.036949
2 0.188047 0.263409 0.021057 0.033373
2 0.023102 0.340286 0.026516 0.034565
2 0.101090 0.847437 0.021837 0.040524
1 0.072154 0.258549 0.049661 0.066722
1 0.823340 0.515430 0.045841 0.095079