0 0.573864 0.001549 0.040549 0.003004
0 0.030146 0.001526 0.025745 0.002941
0 0.082809 0.001883 0.032525 0.003636
0 0.002579 0.206799 0.005159 0.055788
0 0.005896 0.008997 0.011792 0.017994
0 0.252703 0.004935 0.031895 0.009870
0 0.469509 0.992459 0.038457 0.012823
0 0.995579 0.658592 0.008295 0.062681
0 0.994255 0.527736 0.010729 0.062351
0 0.236001 0.989012 0.039502 0.019358
0 0.007652 0.592120 0.015304 0.075704
0 0.651185 0.009090 0.042661 0.018180
0 0.011442 0.061720 0.022884 0.078294
0 0.988564 0.050210 0.021217 0.071236
0 0.014790 0.942965 0.029581 0.082090
0 0.085043 0.981305 0.053476 0.034508
0 0.688558 0.972236 0.050315 0.052663
0 0.526711 0.019988 0.047275 0.039918
0 0.018586 0.818999 0.037173 0.074819
0 0.843847 0.969756 0.053379 0.057951
0 0.392812 0.067133 0.060548 0.078715
0 0.054605 0.863651 0.046116 0.069954
0 0.284452 0.839806 0.046539 0.064251
0 0.321898 0.357996 0.044332 0.074626
0 0.818823 0.905829 0.051248 0.077483
0 0.722977 0.877138 0.047977 0.068795
0 0.363940 0.133090 0.052447 0.084749
0 0.404501 0.248556 0.043918 0.070186
0 0.966262 0.695145 0.045356 0.063258
0 0.573285 0.849214 0.043172 0.070012
0 0.278665 0.688704 0.052610 0.077870
0 0.739366 0.949658 0.045073 0.074988
0 0.655661 0.630279 0.049835 0.069212
0 0.348100 0.761892 0.046199 0.070128
0 0.314845 0.893645 0.048377 0.078806
0 0.272868 0.768561 0.047136 0.071201
0 0.203050 0.478581 0.043615 0.068643
0 0.984794 0.408215 0.029188 0.079821
0 0.978209 0.777227 0.042590 0.069507
0 0.367124 0.298525 0.048488 0.076123
0 0.697988 0.487263 0.039645 0.078519
0 0.466662 0.701847 0.040040 0.081840
0 0.667554 0.561227 0.044126 0.068058
0 0.426119 0.023943 0.051269 0.047869
0 0.330174 0.685406 0.057609 0.080943
0 0.374160 0.636489 0.048534 0.077596
0 0.573179 0.773907 0.051824 0.073746
0 0.789946 0.816748 0.049332 0.076937
0 0.093133 0.348682 0.047855 0.078624
0 0.265162 0.950874 0.047911 0.073409
0 0.122367 0.943968 0.041858 0.068443
0 0.199970 0.939350 0.046945 0.063948
0 0.839556 0.717319 0.044619 0.076714
0 0.717756 0.097005 0.048180 0.072168
0 0.528144 0.267751 0.052349 0.069728
0 0.349285 0.023016 0.052712 0.045996
0 0.875082 0.777075 0.047466 0.072727
0 0.511633 0.745599 0.049687 0.078523
0 0.658130 0.315829 0.049096 0.078397
0 0.486576 0.036813 0.054172 0.073626
0 0.637539 0.482041 0.049753 0.072835
0 0.457666 0.172407 0.046410 0.071949
0 0.458272 0.445116 0.043922 0.080477
0 0.940660 0.835682 0.047010 0.075059
0 0.552698 0.676207 0.053976 0.077528
0 0.786670 0.025629 0.047523 0.051258
0 0.888356 0.635032 0.044171 0.065193
0 0.163650 0.156730 0.044730 0.073075
0 0.683410 0.238198 0.050168 0.084310
0 0.888889 0.872085 0.052070 0.080731
0 0.276909 0.327810 0.045588 0.089815
0 0.096761 0.815580 0.050420 0.078434
0 0.162167 0.020576 0.051086 0.041110
0 0.500559 0.118977 0.047567 0.069752
0 0.695786 0.162051 0.052152 0.073116
0 0.349309 0.457892 0.053729 0.073272
0 0.723023 0.323201 0.044012 0.078255
0 0.248811 0.533434 0.044478 0.074635
0 0.972050 0.133585 0.050607 0.081011
0 0.144193 0.667851 0.048050 0.081306
0 0.956820 0.541908 0.049969 0.074593
0 0.749631 0.657910 0.049221 0.080905
0 0.443569 0.882573 0.053575 0.086270
0 0.615341 0.252228 0.045406 0.076616
0 0.232256 0.397456 0.045089 0.074885
0 0.961195 0.275166 0.043523 0.070579
0 0.121545 0.421981 0.049063 0.078404
0 0.866491 0.024672 0.049950 0.049344
0 0.755988 0.071903 0.052770 0.074612
0 0.649786 0.401463 0.049466 0.078472
0 0.427071 0.327368 0.046007 0.077575
0 0.757112 0.254853 0.050208 0.075420
0 0.508306 0.193011 0.052792 0.074099
0 0.182891 0.753719 0.047085 0.075106
0 0.600052 0.533495 0.050202 0.084034
0 0.496891 0.358366 0.046938 0.073366
0 0.922079 0.025281 0.048026 0.050563
0 0.374619 0.539344 0.054169 0.068533
0 0.210723 0.204868 0.046755 0.087336
0 0.381013 0.905066 0.052696 0.083790
0 0.070293 0.425757 0.050935 0.081815
0 0.566933 0.208073 0.051771 0.077147
0 0.628226 0.158582 0.048410 0.074576
0 0.234949 0.117895 0.050231 0.076993
0 0.942842 0.466500 0.050344 0.074883
0 0.057257 0.291070 0.046347 0.072123
0 0.758261 0.432392 0.055059 0.083803
0 0.430245 0.645087 0.051068 0.079907
0 0.262019 0.233625 0.047346 0.079512
0 0.553030 0.350547 0.048849 0.078724
0 0.030444 0.486863 0.048593 0.076795
0 0.168161 0.390424 0.050168 0.074058
0 0.117397 0.592503 0.051454 0.078894
0 0.115325 0.046664 0.052787 0.075988
0 0.785581 0.362276 0.056725 0.084928
0 0.782235 0.143123 0.050056 0.076205
0 0.108951 0.270516 0.047414 0.078148
0 0.279012 0.045855 0.053464 0.081164
0 0.846304 0.512224 0.049446 0.076011
1 0.541334 0.570918 0.049133 0.059595
2 0.058587 0.366508 0.024176 0.039333
2 0.239909 0.761621 0.024956 0.040524
2 0.610743 0.759237 0.030415 0.050060
2 0.791676 0.983909 0.024176 0.032181
2 0.702379 0.632896 0.024956 0.040524
2 0.809613 0.494636 0.027296 0.035757
2 0.804934 0.303337 0.025736 0.039333
2 0.820142 0.215733 0.020277 0.033373
2 0.774518 0.205006 0.025736 0.035757
2 0.493371 0.287247 0.024956 0.035757