0 0.001766 0.847860 0.003526 0.068381
0 0.945066 0.002154 0.048105 0.004308
0 0.178105 0.001372 0.044423 0.002718
0 0.807206 0.002451 0.051319 0.004866
0 0.002859 0.354670 0.005717 0.051616
0 0.004246 0.235673 0.008493 0.051458
0 0.005026 0.937249 0.010052 0.064016
0 0.996433 0.566523 0.006582 0.063960
0 0.916439 0.683751 0.042978 0.069038
0 0.888688 0.659962 0.050696 0.079096
0 0.382677 0.007242 0.043704 0.014485
0 0.770238 0.988635 0.045085 0.019758
0 0.665469 0.007843 0.041775 0.015687
0 0.771481 0.853820 0.055976 0.069006
0 0.011060 0.675169 0.022111 0.067745
0 0.810967 0.858406 0.044893 0.084613
0 0.591796 0.921081 0.045341 0.077248
0 0.606218 0.969059 0.049273 0.058848
0 0.012470 0.499781 0.024909 0.075700
0 0.535430 0.341022 0.053368 0.083263
0 0.986843 0.784379 0.024588 0.069820
0 0.670647 0.926164 0.044241 0.071527
0 0.782606 0.626549 0.041767 0.078550
0 0.537397 0.977863 0.051021 0.041241
0 0.020840 0.765017 0.041680 0.084158
0 0.118959 0.757566 0.047590 0.072036
0 0.857552 0.975798 0.050271 0.045716
0 0.312967 0.978334 0.049382 0.040665
0 0.743850 0.609065 0.047597 0.074867
0 0.430309 0.976764 0.050287 0.043351
0 0.414926 0.336853 0.050376 0.065635
0 0.987249 0.114623 0.023745 0.071833
0 0.151240 0.938828 0.055343 0.073794
0 0.096546 0.970317 0.050600 0.056564
0 0.012683 0.152463 0.025335 0.073684
0 0.287744 0.745097 0.041815 0.071154
0 0.974349 0.933527 0.046341 0.069918
0 0.456730 0.799335 0.048462 0.072336
0 0.756922 0.189863 0.051063 0.078955
0 0.746494 0.769443 0.045088 0.067427
0 0.643814 0.858315 0.050235 0.077049
0 0.193732 0.889106 0.047520 0.079684
0 0.335327 0.916427 0.056720 0.070862
0 0.459635 0.714837 0.048407 0.071550
0 0.719505 0.962482 0.050874 0.071881
0 0.051776 0.879561 0.054073 0.074507
0 0.975780 0.032411 0.047185 0.064794
0 0.481981 0.959384 0.056503 0.076867
0 0.569455 0.297613 0.054165 0.082898
0 0.439104 0.062467 0.045831 0.068431
0 0.794498 0.942539 0.052286 0.080802
0 0.159092 0.810147 0.045445 0.081511
0 0.460374 0.881363 0.059887 0.079454
0 0.264525 0.948726 0.049814 0.079979
0 0.302454 0.674789 0.050981 0.069886
0 0.942419 0.868732 0.047352 0.073016
0 0.980489 0.209592 0.037763 0.075162
0 0.106034 0.846239 0.055543 0.085557
0 0.337700 0.828820 0.058896 0.092729
0 0.496319 0.644922 0.055081 0.077055
0 0.198456 0.762166 0.057166 0.079204
0 0.679336 0.344221 0.048942 0.075941
0 0.408000 0.766897 0.049806 0.081906
0 0.245860 0.808098 0.054410 0.077442
0 0.984106 0.492846 0.030056 0.072811
0 0.616536 0.020338 0.051094 0.040677
0 0.337918 0.197854 0.051970 0.072197
0 0.524898 0.844538 0.049620 0.074560
0 0.026693 0.405208 0.053386 0.081273
0 0.313502 0.446460 0.051054 0.078202
0 0.233008 0.439803 0.051350 0.064656
0 0.411230 0.658893 0.060896 0.069913
0 0.912427 0.958170 0.049405 0.077875
0 0.154759 0.701975 0.057206 0.081569
0 0.471348 0.296622 0.058927 0.072129
0 0.118455 0.020378 0.056032 0.040755
0 0.958210 0.721948 0.047980 0.073558
0 0.411733 0.566553 0.045546 0.070635
0 0.156923 0.074456 0.050448 0.067924
0 0.671684 0.428158 0.049137 0.080033
0 0.576774 0.809794 0.053925 0.075791
0 0.541428 0.428502 0.054144 0.076597
0 0.278025 0.511228 0.050452 0.073873
0 0.703909 0.817839 0.049829 0.083439
0 0.846376 0.810758 0.050202 0.079297
0 0.348914 0.733016 0.049181 0.072791
0 0.311662 0.030179 0.053045 0.060351
0 0.590219 0.701259 0.047321 0.083164
0 0.447076 0.140348 0.051340 0.075743
0 0.107154 0.652591 0.052205 0.078418
0 0.630224 0.760681 0.056202 0.091847
0 0.808301 0.734738 0.069757 0.076970
0 0.429431 0.225010 0.062502 0.090294
0 0.893752 0.577349 0.052210 0.075459
0 0.627243 0.089216 0.050923 0.086284
0 0.898177 0.790288 0.051256 0.086744
0 0.332144 0.596038 0.050430 0.075851
0 0.834434 0.623250 0.050749 0.080183
0 0.723583 0.378922 0.050107 0.077563
0 0.258965 0.373335 0.047226 0.081488
0 0.638263 0.177624 0.052528 0.079320
0 0.721415 0.515495 0.048631 0.096050
0 0.715692 0.232687 0.052287 0.080623
0 0.480372 0.023809 0.056045 0.047619
0 0.680446 0.067377 0.052659 0.083105
0 0.639909 0.673329 0.053249 0.072289
0 0.519452 0.579299 0.054976 0.084317
0 0.462788 0.429588 0.052735 0.093295
0 0.421382 0.489261 0.051361 0.073456
0 0.063242 0.039127 0.055561 0.078254
0 0.026840 0.293482 0.052971 0.077217
0 0.975370 0.345603 0.047655 0.082704
0 0.170889 0.467342 0.047204 0.067562
0 0.368086 0.083214 0.051020 0.078654
0 0.367461 0.413375 0.056259 0.082417
0 0.172974 0.616869 0.053522 0.080663
0 0.685704 0.625915 0.061740 0.075880
0 0.090182 0.426740 0.051868 0.076367
0 0.130216 0.137241 0.062012 0.073636
0 0.325404 0.294783 0.053060 0.092243
0 0.671595 0.547658 0.057562 0.078092
0 0.744208 0.030268 0.051210 0.060498
0 0.945642 0.548645 0.050985 0.077856
0 0.125606 0.218723 0.052557 0.078064
0 0.070808 0.233726 0.052660 0.076603
0 0.227711 0.581182 0.054909 0.082598
0 0.819735 0.439332 0.051803 0.075767
0 0.864261 0.514854 0.059348 0.079678
0 0.890980 0.231754 0.049117 0.081261
0 0.092960 0.305863 0.058556 0.076713
0 0.722171 0.126465 0.053058 0.081895
0 0.867446 0.303312 0.053011 0.079013
0 0.181780 0.229593 0.052113 0.078214
0 0.664735 0.259404 0.056718 0.082269
0 0.800925 0.301561 0.049727 0.081450
0 0.760283 0.465292 0.052375 0.081671
0 0.260940 0.128025 0.050576 0.086148
0 0.800094 0.134585 0.047947 0.088559
0 0.212449 0.060182 0.053390 0.078801
0 0.236504 0.253025 0.053060 0.076821
0 0.923110 0.374778 0.050643 0.084255
0 0.863559 0.152221 0.057958 0.083315
0 0.513756 0.119417 0.055101 0.084120
0 0.920012 0.089043 0.052957 0.088276
1 0.389647 0.263409 0.057711 0.073897
2 0.551472 0.702026 0.022617 0.035757
2 0.739034 0.663886 0.032755 0.038141
2 0.512478 0.473778 0.019497 0.027414