0 0.790063 0.777774 0.047652 0.076900
0 0.996426 0.979026 0.006289 0.039955
0 0.491307 0.002430 0.044184 0.004838
0 0.001752 0.646567 0.003504 0.060053
0 0.997258 0.118514 0.005320 0.065263
0 0.003407 0.030119 0.006795 0.059582
0 0.995011 0.214092 0.009759 0.071205
0 0.452066 0.536095 0.048494 0.082291
0 0.487072 0.510937 0.046022 0.076558
0 0.973005 0.018543 0.053380 0.037086
0 0.992422 0.487146 0.014335 0.067581
0 0.273643 0.008807 0.045297 0.017614
0 0.813906 0.985272 0.042950 0.026744
0 0.096369 0.009558 0.045470 0.019116
0 0.530576 0.988053 0.049297 0.021143
0 0.990014 0.403995 0.019191 0.089154
0 0.477939 0.851925 0.043400 0.074312
0 0.989311 0.651476 0.020311 0.077164
0 0.012300 0.568801 0.024534 0.073456
0 0.014178 0.486823 0.028342 0.068252
0 0.611229 0.783382 0.044101 0.068563
0 0.365944 0.984765 0.052417 0.027980
0 0.507032 0.904481 0.049979 0.092519
0 0.988517 0.564963 0.021927 0.076778
0 0.060869 0.980283 0.051543 0.037161
0 0.907101 0.018668 0.042509 0.037336
0 0.021624 0.795408 0.043206 0.071209
0 0.014619 0.244069 0.029238 0.076067
0 0.818560 0.017700 0.047165 0.035357
0 0.018386 0.409563 0.036772 0.072702
0 0.409977 0.015465 0.056148 0.030930
0 0.262679 0.980634 0.054368 0.036120
0 0.245740 0.749582 0.048296 0.083315
0 0.789383 0.886821 0.041859 0.069839
0 0.747507 0.965545 0.044723 0.065968
0 0.022205 0.713908 0.044409 0.081005
0 0.914856 0.961073 0.053771 0.074842
0 0.020177 0.166014 0.040352 0.071844
0 0.852557 0.962902 0.045077 0.071835
0 0.295707 0.449511 0.051239 0.082435
0 0.784556 0.695980 0.051648 0.072031
0 0.318373 0.522225 0.048595 0.073479
0 0.853712 0.545643 0.048168 0.080458
0 0.348268 0.697681 0.050390 0.074617
0 0.527473 0.466139 0.038375 0.075243
0 0.821888 0.381716 0.046649 0.071096
0 0.532196 0.597255 0.039997 0.080414
0 0.162035 0.184171 0.051712 0.074440
0 0.034536 0.025215 0.049183 0.050430
0 0.740784 0.487425 0.049061 0.069230
0 0.969628 0.949945 0.047367 0.075373
0 0.566415 0.825066 0.048033 0.078492
0 0.972915 0.871309 0.053453 0.077314
0 0.214886 0.191656 0.046501 0.071485
0 0.203568 0.117046 0.045624 0.070230
0 0.499286 0.685603 0.050475 0.081237
0 0.164721 0.972082 0.052337 0.053214
0 0.582773 0.724694 0.050841 0.077757
0 0.220275 0.594016 0.048823 0.072461
0 0.832070 0.844715 0.045682 0.075997
0 0.439068 0.685921 0.051531 0.081710
0 0.682066 0.631746 0.047528 0.083962
0 0.231211 0.828868 0.058147 0.067438
0 0.127651 0.129285 0.048154 0.079800
0 0.351488 0.615492 0.048636 0.075727
0 0.680753 0.363000 0.046126 0.071080
0 0.614888 0.860384 0.051865 0.082405
0 0.390888 0.178366 0.055604 0.085595
0 0.066153 0.914862 0.052154 0.082354
0 0.082331 0.066990 0.053256 0.074394
0 0.653060 0.141890 0.053286 0.080844
0 0.272760 0.890017 0.058294 0.093057
0 0.623948 0.967513 0.051702 0.062228
0 0.342426 0.933585 0.051959 0.081472
0 0.687464 0.766450 0.064160 0.091335
0 0.190349 0.037898 0.049024 0.074830
0 0.560541 0.095880 0.051115 0.079219
0 0.635577 0.392107 0.051847 0.070244
0 0.900548 0.662882 0.048460 0.085505
0 0.494769 0.773343 0.049921 0.076580
0 0.834238 0.629220 0.054529 0.083638
0 0.222269 0.676608 0.059468 0.083232
0 0.885687 0.754115 0.056362 0.082496
0 0.739705 0.819924 0.056203 0.077722
0 0.193940 0.525560 0.053461 0.078124
0 0.795321 0.201713 0.052735 0.076538
0 0.398606 0.324012 0.054641 0.080817
0 0.939566 0.799581 0.056679 0.090595
0 0.766622 0.622381 0.048277 0.075555
0 0.708766 0.911773 0.051159 0.081259
0 0.430807 0.132915 0.044774 0.079170
0 0.665669 0.206850 0.050627 0.073318
0 0.136525 0.864173 0.055196 0.090000
0 0.643310 0.036335 0.046932 0.068649
0 0.263914 0.524349 0.050793 0.082017
0 0.288846 0.165667 0.050118 0.080447
0 0.846580 0.455655 0.060010 0.082548
0 0.542159 0.031241 0.058008 0.062481
0 0.961204 0.707510 0.049447 0.081684
0 0.698011 0.441030 0.047925 0.086611
0 0.587480 0.549561 0.055359 0.081357
0 0.642546 0.701534 0.047655 0.085943
0 0.711044 0.551623 0.055600 0.084010
0 0.342674 0.334866 0.056256 0.089489
0 0.383013 0.763866 0.054901 0.084335
0 0.605537 0.469592 0.048386 0.073685
0 0.907033 0.425058 0.044867 0.080012
0 0.351058 0.232000 0.063289 0.100876
0 0.814527 0.077201 0.047505 0.071737
0 0.948317 0.046401 0.049538 0.083745
0 0.344884 0.078390 0.047741 0.073935
0 0.397334 0.073397 0.047997 0.075784
0 0.133206 0.763283 0.049779 0.080300
0 0.506368 0.094738 0.048285 0.074934
0 0.355656 0.430050 0.061964 0.096386
0 0.277811 0.338493 0.049245 0.079744
0 0.969822 0.250313 0.053485 0.082190
0 0.456904 0.240966 0.050203 0.075914
0 0.113048 0.399188 0.048629 0.076496
0 0.202806 0.288958 0.049711 0.076494
0 0.656613 0.287166 0.048081 0.075101
0 0.856679 0.231350 0.048970 0.070865
0 0.940409 0.311196 0.049852 0.075925
0 0.762861 0.373024 0.051656 0.080919
0 0.477160 0.165637 0.051656 0.076084
0 0.062761 0.291679 0.049887 0.080111
0 0.934295 0.567721 0.049772 0.080894
0 0.500140 0.366543 0.052376 0.086869
0 0.509569 0.228083 0.045573 0.078231
0 0.606898 0.125987 0.049122 0.081861
0 0.597832 0.267298 0.050155 0.078001
0 0.553668 0.179324 0.048471 0.077393
0 0.704254 0.091630 0.047947 0.076782
0 0.722159 0.168492 0.055430 0.074890
0 0.774596 0.133132 0.051998 0.083601
0 0.745860 0.258890 0.062024 0.086427
0 0.860137 0.318708 0.060572 0.086809
0 0.898907 0.174850 0.052591 0.083064
0 0.871627 0.064184 0.058852 0.074837
1 0.257067 0.233015 0.051472 0.056019
2 0.416553 0.270560 0.022617 0.035757
2 0.432930 0.336114 0.017937 0.026222
2 0.647788 0.628725 0.021837 0.032181
2 0.895010 0.604887 0.017157 0.032181
2 0.863815 0.803933 0.021837 0.034565
2 0.813513 0.942789 0.036654 0.052443