0 0.435187 0.995622 0.050542 0.008343
0 0.848842 0.995412 0.044304 0.008330
0 0.997473 0.900280 0.005019 0.069540
0 0.954022 0.243764 0.050785 0.079695
0 0.974505 0.200379 0.050563 0.086981
0 0.486683 0.571824 0.054346 0.074945
0 0.512325 0.527301 0.052272 0.070612
0 0.947111 0.006312 0.050323 0.012623
0 0.238631 0.991654 0.040261 0.013954
0 0.382510 0.983532 0.050512 0.030560
0 0.007517 0.283287 0.015029 0.066328
0 0.883230 0.257030 0.051777 0.112138
0 0.757160 0.244723 0.070887 0.105225
0 0.418008 0.324229 0.048374 0.073026
0 0.710897 0.009277 0.041492 0.018554
0 0.379424 0.340291 0.050782 0.082825
0 0.141344 0.011431 0.045593 0.022863
0 0.984892 0.970812 0.029278 0.056089
0 0.494655 0.427656 0.053154 0.079633
0 0.992006 0.787853 0.015046 0.073699
0 0.625995 0.985247 0.051008 0.026651
0 0.144466 0.984780 0.049518 0.027986
0 0.014832 0.032054 0.029624 0.064108
0 0.017023 0.945615 0.034046 0.075067
0 0.538241 0.972833 0.058687 0.051571
0 0.540366 0.459735 0.050565 0.077952
0 0.396776 0.942294 0.060182 0.080499
0 0.089345 0.807221 0.053505 0.070465
0 0.020357 0.832305 0.040714 0.091823
0 0.182632 0.059304 0.075256 0.105914
0 0.016842 0.498393 0.033659 0.072050
0 0.020670 0.120570 0.041340 0.080803
0 0.436095 0.877914 0.047070 0.071414
0 0.221310 0.940550 0.043743 0.079219
0 0.569886 0.017734 0.046054 0.035460
0 0.506486 0.816760 0.044909 0.067469
0 0.074929 0.968806 0.050005 0.059327
0 0.343398 0.909494 0.052345 0.070740
0 0.503305 0.743866 0.044440 0.070309
0 0.800752 0.416812 0.044747 0.073170
0 0.280689 0.963508 0.054649 0.069826
0 0.161820 0.154178 0.044874 0.067466
0 0.572487 0.397391 0.043173 0.068574
0 0.533747 0.906027 0.063854 0.086736
0 0.116120 0.876294 0.046950 0.073199
0 0.272373 0.571444 0.042778 0.074985
0 0.641730 0.935269 0.051566 0.071223
0 0.615964 0.867611 0.051739 0.075615
0 0.219029 0.775872 0.050126 0.077635
0 0.054791 0.899604 0.052110 0.079169
0 0.502747 0.670340 0.051813 0.067358
0 0.973505 0.674769 0.048057 0.076669
0 0.295594 0.875682 0.048788 0.084180
0 0.426003 0.577938 0.053193 0.087292
0 0.904732 0.792667 0.043327 0.062915
0 0.059629 0.200643 0.050525 0.073370
0 0.328613 0.776404 0.047776 0.077441
0 0.328448 0.363776 0.048871 0.073717
0 0.116450 0.694514 0.050074 0.073326
0 0.285295 0.732136 0.046103 0.086036
0 0.834672 0.163233 0.050853 0.079144
0 0.485767 0.205529 0.046726 0.079856
0 0.171405 0.943200 0.048817 0.077365
0 0.982596 0.348799 0.033958 0.067061
0 0.687858 0.710338 0.045340 0.065829
0 0.378418 0.721641 0.048673 0.071241
0 0.427631 0.492169 0.049282 0.079438
0 0.490514 0.125835 0.055720 0.068318
0 0.220424 0.516181 0.046454 0.075030
0 0.599775 0.481945 0.043212 0.073187
0 0.595525 0.790200 0.049535 0.088582
0 0.832117 0.604607 0.056021 0.074922
0 0.470103 0.354389 0.053297 0.077060
0 0.236884 0.702282 0.054563 0.073809
0 0.684032 0.876021 0.047315 0.078383
0 0.636481 0.156042 0.051991 0.070054
0 0.200862 0.629537 0.049968 0.076053
0 0.341249 0.443465 0.050888 0.078892
0 0.802899 0.074673 0.056290 0.079619
0 0.680066 0.596521 0.056374 0.068645
0 0.081358 0.030958 0.049769 0.061915
0 0.270452 0.028247 0.053258 0.056495
0 0.114226 0.612178 0.070686 0.082896
0 0.426729 0.164903 0.045273 0.061576
0 0.508846 0.048926 0.052466 0.090879
0 0.742889 0.095700 0.043254 0.069799
0 0.760441 0.030960 0.056548 0.061920
0 0.838028 0.932190 0.050461 0.083575
0 0.028024 0.732781 0.046854 0.069846
0 0.441466 0.035942 0.047356 0.071856
0 0.965426 0.599656 0.052175 0.077846
0 0.949560 0.941524 0.048226 0.076778
0 0.312615 0.525914 0.053985 0.078782
0 0.361769 0.633540 0.045569 0.073393
0 0.975214 0.106827 0.048107 0.085701
0 0.333959 0.182403 0.050890 0.077653
0 0.268460 0.471282 0.070351 0.061685
0 0.643710 0.662374 0.053103 0.073147
0 0.586766 0.563790 0.050932 0.076050
0 0.898013 0.897938 0.056254 0.092619
0 0.448020 0.258360 0.051305 0.075706
0 0.799813 0.671018 0.049296 0.080410
0 0.980116 0.520801 0.039259 0.082109
0 0.444127 0.693855 0.048960 0.074875
0 0.200818 0.863025 0.054283 0.070183
0 0.080539 0.115895 0.050219 0.080682
0 0.768881 0.740971 0.047858 0.082863
0 0.546513 0.085998 0.051962 0.079568
0 0.958844 0.754342 0.053981 0.075394
0 0.647018 0.760719 0.053844 0.076016
0 0.085238 0.540652 0.048240 0.084347
0 0.805892 0.530189 0.051240 0.080395
0 0.747226 0.923678 0.048868 0.081224
0 0.370596 0.123825 0.042984 0.067686
0 0.413206 0.796895 0.052269 0.082008
0 0.840025 0.470018 0.054581 0.081736
0 0.775060 0.831985 0.054202 0.087257
0 0.362313 0.249943 0.051128 0.076351
0 0.626510 0.233235 0.050215 0.076640
0 0.855370 0.840699 0.054085 0.084203
0 0.879125 0.121962 0.050479 0.087064
0 0.662879 0.515206 0.052890 0.075933
0 0.226116 0.223205 0.049340 0.075892
0 0.758796 0.483297 0.059228 0.078841
0 0.828770 0.291914 0.050957 0.081785
0 0.188606 0.286382 0.049246 0.073829
0 0.864686 0.704242 0.050003 0.077244
0 0.766588 0.351317 0.055925 0.082011
0 0.597435 0.325852 0.051324 0.081940
0 0.515802 0.304865 0.053448 0.076457
0 0.730402 0.635265 0.054360 0.083644
0 0.600923 0.096386 0.047215 0.086866
0 0.166183 0.531228 0.054169 0.074821
0 0.042189 0.628410 0.054143 0.075945
0 0.668321 0.084094 0.053671 0.077340
0 0.035801 0.419624 0.053629 0.079778
0 0.926207 0.429579 0.056019 0.085273
0 0.911228 0.513501 0.054115 0.076669
0 0.663704 0.315727 0.053777 0.086839
0 0.094522 0.281961 0.054829 0.088343
0 0.889796 0.631790 0.054183 0.079290
1 0.141254 0.790822 0.064730 0.063170
2 0.108109 0.214541 0.017157 0.033373
2 0.170110 0.339094 0.024176 0.039333
2 0.779198 0.123361 0.025736 0.039333
1 0.200525 0.361740 0.049133 0.056019