0 0.997328 0.770562 0.004730 0.047819
0 0.001914 0.195610 0.003797 0.071842
0 0.996667 0.069875 0.005650 0.048314
0 0.002612 0.456553 0.005224 0.056548
0 0.189691 0.996127 0.036220 0.006836
0 0.729238 0.003336 0.033208 0.006672
0 0.526944 0.994678 0.036033 0.009163
0 0.478221 0.003683 0.044075 0.007367
0 0.004483 0.095301 0.008955 0.067752
0 0.976896 0.992005 0.037264 0.013493
0 0.005768 0.023041 0.011495 0.046082
0 0.359589 0.992500 0.042433 0.013099
0 0.006729 0.617119 0.013458 0.065500
0 0.348443 0.617565 0.049066 0.071379
0 0.364480 0.564595 0.053610 0.079998
0 0.259141 0.008535 0.039916 0.017069
0 0.403665 0.594440 0.051308 0.101147
0 0.989962 0.509725 0.018440 0.073016
0 0.872934 0.014107 0.040409 0.028214
0 0.012205 0.312988 0.024365 0.073998
0 0.251120 0.743056 0.047205 0.075047
0 0.142967 0.691765 0.048543 0.072416
0 0.145754 0.620688 0.041832 0.064844
0 0.333487 0.687922 0.048152 0.071310
0 0.021749 0.800370 0.043498 0.077305
0 0.153844 0.963142 0.050006 0.071551
0 0.827231 0.018244 0.059351 0.036472
0 0.176735 0.758305 0.051050 0.076825
0 0.169411 0.844279 0.052123 0.079583
0 0.119443 0.773145 0.046997 0.081777
0 0.300280 0.970363 0.046818 0.056453
0 0.842830 0.579355 0.040942 0.063025
0 0.983718 0.204920 0.030904 0.076530
0 0.064915 0.961455 0.055580 0.074148
0 0.566867 0.015019 0.058209 0.029995
0 0.036934 0.081895 0.048263 0.074868
0 0.983963 0.596718 0.030250 0.089045
0 0.828811 0.796976 0.045250 0.073257
0 0.869295 0.963277 0.046757 0.069803
0 0.066397 0.151274 0.053678 0.082238
0 0.280363 0.672101 0.051933 0.078913
0 0.654718 0.865364 0.052246 0.090185
0 0.249356 0.921318 0.054894 0.078297
0 0.975790 0.939122 0.046476 0.083299
0 0.050285 0.018579 0.056819 0.037158
0 0.142176 0.037788 0.050709 0.074484
0 0.766046 0.628408 0.059931 0.073362
0 0.851212 0.883159 0.052100 0.083019
0 0.097089 0.620173 0.047197 0.077095
0 0.782292 0.774727 0.047835 0.064832
0 0.332154 0.765669 0.049470 0.072296
0 0.982300 0.381043 0.033464 0.087805
0 0.974715 0.684841 0.047432 0.073586
0 0.783220 0.563385 0.054680 0.074231
0 0.054750 0.224711 0.048712 0.091638
0 0.811039 0.942971 0.047596 0.082077
0 0.975701 0.824762 0.046868 0.089742
0 0.091444 0.505983 0.050090 0.074644
0 0.044474 0.678657 0.052880 0.083766
0 0.865004 0.117074 0.046971 0.079564
0 0.356960 0.884672 0.048942 0.077638
0 0.614391 0.719034 0.050035 0.070938
0 0.822553 0.682904 0.050600 0.075648
0 0.908427 0.120535 0.047599 0.075164
0 0.194246 0.384766 0.050356 0.080389
0 0.568678 0.959235 0.050777 0.077247
0 0.295074 0.036591 0.045091 0.073181
0 0.688068 0.937492 0.057018 0.084476
0 0.478367 0.680636 0.052992 0.081074
0 0.969657 0.074958 0.045586 0.071118
0 0.199229 0.669261 0.061172 0.079513
0 0.890340 0.556513 0.053728 0.079929
0 0.979334 0.288235 0.039536 0.074255
0 0.567035 0.415684 0.051291 0.081813
0 0.892316 0.843185 0.049804 0.086652
0 0.502191 0.607799 0.048626 0.083687
0 0.587625 0.789915 0.058320 0.083520
0 0.192418 0.070912 0.051741 0.077967
0 0.116378 0.419650 0.054526 0.083165
0 0.902592 0.705495 0.054764 0.089846
0 0.855851 0.489569 0.061304 0.081094
0 0.412904 0.738441 0.053343 0.079979
0 0.715365 0.545720 0.051537 0.080280
0 0.037213 0.529891 0.052334 0.081063
0 0.170394 0.483276 0.055385 0.082758
0 0.501755 0.468606 0.047865 0.064472
0 0.178681 0.153838 0.056887 0.082524
0 0.490407 0.851939 0.054206 0.085723
0 0.931084 0.030606 0.054454 0.061207
0 0.033741 0.413645 0.053599 0.087057
0 0.960601 0.148008 0.052422 0.083538
0 0.936961 0.364815 0.048999 0.070963
0 0.614915 0.607752 0.052509 0.083725
0 0.522773 0.537209 0.050239 0.076303
0 0.822140 0.078039 0.048744 0.074224
0 0.670662 0.603015 0.051631 0.085374
0 0.254336 0.174669 0.050633 0.082366
0 0.571860 0.662802 0.059254 0.096242
0 0.259358 0.530697 0.058718 0.078547
0 0.322700 0.165974 0.057400 0.081256
0 0.433032 0.511714 0.064316 0.077869
0 0.772721 0.442439 0.047591 0.082399
0 0.456804 0.398122 0.054147 0.084380
0 0.890907 0.409641 0.052713 0.084363
0 0.205185 0.285205 0.050949 0.081944
0 0.670444 0.338757 0.046328 0.083079
0 0.397222 0.422309 0.057226 0.090799
0 0.146243 0.328771 0.057974 0.081138
0 0.491773 0.330209 0.049440 0.074772
0 0.708070 0.159731 0.048512 0.080015
0 0.337053 0.325920 0.047880 0.078509
0 0.791273 0.241106 0.046804 0.076636
0 0.354659 0.104866 0.052923 0.079878
0 0.648961 0.179439 0.054611 0.081436
0 0.873453 0.300345 0.046716 0.080909
0 0.757758 0.047272 0.051923 0.078869
0 0.700448 0.245031 0.049439 0.081566
0 0.528835 0.266821 0.050365 0.097469
0 0.600368 0.331666 0.051455 0.086982
0 0.425252 0.077791 0.049487 0.081607
0 0.582854 0.210045 0.056369 0.086952
0 0.688832 0.071627 0.053976 0.085208
2 0.326086 0.429678 0.019497 0.034565
1 0.111619 0.087604 0.039774 0.087008
1 0.342854 0.957688 0.048353 0.058403
1 0.306199 0.612634 0.034315 0.061979
1 0.868884 0.650775 0.050692 0.081049
2 0.993518 0.447557 0.012964 0.039333
2 0.937904 0.080453 0.015598 0.027414