0 0.996476 0.755917 0.006637 0.065946
0 0.996928 0.342336 0.005519 0.062625
0 0.705885 0.004064 0.033737 0.008127
0 0.258553 0.455505 0.046219 0.087763
0 0.997431 0.829601 0.004747 0.052982
0 0.063147 0.992797 0.037014 0.011966
0 0.640665 0.006635 0.036538 0.013241
0 0.994730 0.488557 0.009142 0.063539
0 0.933416 0.182856 0.043758 0.077057
0 0.005997 0.626034 0.011994 0.072207
0 0.310682 0.006639 0.039474 0.013279
0 0.096991 0.871541 0.052012 0.083579
0 0.008443 0.852406 0.016850 0.070202
0 0.173771 0.945175 0.041036 0.064746
0 0.192819 0.978256 0.054526 0.040561
0 0.905580 0.206834 0.050577 0.073061
0 0.990809 0.118555 0.016745 0.076338
0 0.355555 0.092372 0.044430 0.080719
0 0.378369 0.139131 0.058836 0.074022
0 0.010719 0.769111 0.021346 0.067127
0 0.138765 0.510332 0.045157 0.074567
0 0.068671 0.913387 0.061036 0.082372
0 0.104447 0.490395 0.048171 0.080611
0 0.077900 0.817609 0.053266 0.078892
0 0.968736 0.983710 0.050367 0.029634
0 0.223088 0.180285 0.045156 0.084788
0 0.988309 0.619418 0.021493 0.067627
0 0.018036 0.953975 0.036073 0.078544
0 0.012787 0.151459 0.025528 0.085960
0 0.191498 0.013661 0.060193 0.027322
0 0.250293 0.220749 0.050859 0.094618
0 0.136989 0.633625 0.046765 0.081965
0 0.014907 0.498171 0.029802 0.081800
0 0.236170 0.118745 0.051022 0.079074
0 0.329821 0.872563 0.067764 0.077408
0 0.396096 0.028406 0.046092 0.056778
0 0.943000 0.122905 0.051919 0.074736
0 0.113589 0.971597 0.058854 0.054010
0 0.833310 0.026884 0.067903 0.053768
0 0.946810 0.023709 0.052123 0.047418
0 0.176620 0.880870 0.045844 0.067832
0 0.106447 0.741623 0.050905 0.078160
0 0.281803 0.905691 0.047986 0.074916
0 0.171464 0.710065 0.080227 0.088380
0 0.028462 0.038514 0.051106 0.077018
0 0.089740 0.079183 0.050328 0.060959
0 0.320878 0.977684 0.055235 0.041289
0 0.019798 0.701740 0.039596 0.079966
0 0.121436 0.026347 0.048287 0.052694
0 0.135596 0.117034 0.038740 0.089251
0 0.233654 0.044765 0.050672 0.080822
0 0.219331 0.918864 0.048942 0.080231
0 0.734596 0.187227 0.060695 0.101964
0 0.865943 0.232991 0.047467 0.079538
0 0.166694 0.575260 0.052169 0.085190
0 0.540661 0.685451 0.044005 0.078601
0 0.066838 0.159577 0.043246 0.079299
0 0.672264 0.165397 0.050349 0.075879
0 0.979124 0.887158 0.039872 0.082627
0 0.527676 0.087269 0.048917 0.081147
0 0.527857 0.971682 0.048824 0.053102
0 0.560975 0.051104 0.050688 0.084631
0 0.503549 0.617043 0.051009 0.095600
0 0.681524 0.974115 0.051239 0.048561
0 0.587904 0.966709 0.056270 0.063002
0 0.475495 0.551207 0.053581 0.087470
0 0.257802 0.308442 0.049901 0.081966
0 0.861803 0.318347 0.052051 0.084087
0 0.751873 0.968583 0.051719 0.059416
0 0.662260 0.867843 0.048979 0.071430
0 0.363562 0.393667 0.048471 0.076963
0 0.884521 0.068124 0.056628 0.073777
0 0.377710 0.605932 0.051072 0.077815
0 0.429615 0.076397 0.051033 0.084309
0 0.295707 0.691670 0.052599 0.075456
0 0.102793 0.225640 0.053154 0.081554
0 0.220329 0.770922 0.050301 0.087101
0 0.839721 0.861138 0.049991 0.072756
0 0.797011 0.826837 0.045982 0.080665
0 0.815973 0.927168 0.050881 0.079540
0 0.549665 0.906510 0.047930 0.078651
0 0.057819 0.613935 0.048638 0.073515
0 0.265328 0.627700 0.053354 0.088310
0 0.874354 0.954974 0.058212 0.074905
0 0.180090 0.460307 0.055284 0.080413
0 0.202722 0.633249 0.057431 0.077964
0 0.506407 0.772577 0.044188 0.082389
0 0.339693 0.507563 0.050581 0.077039
0 0.067420 0.705408 0.046433 0.086350
0 0.421525 0.520349 0.045720 0.077264
0 0.303140 0.157340 0.047131 0.087799
0 0.606557 0.400747 0.053966 0.085892
0 0.942797 0.937018 0.052829 0.081214
0 0.469154 0.876612 0.049392 0.084934
0 0.746890 0.094043 0.052068 0.083358
0 0.644036 0.337250 0.049810 0.078641
0 0.380402 0.221446 0.052332 0.081567
0 0.291493 0.547770 0.054931 0.083146
0 0.051130 0.532026 0.048601 0.075741
0 0.887689 0.408191 0.045876 0.085302
0 0.445296 0.804655 0.049249 0.070310
0 0.509912 0.281136 0.048647 0.079513
0 0.954611 0.419352 0.043406 0.080015
0 0.269146 0.807771 0.056816 0.088364
0 0.580160 0.741596 0.058598 0.072162
0 0.290775 0.070015 0.054115 0.083052
0 0.512548 0.161857 0.046522 0.074645
0 0.814472 0.240491 0.057606 0.107558
0 0.105593 0.310365 0.050930 0.079938
0 0.780672 0.495941 0.049858 0.089328
0 0.035222 0.290926 0.051775 0.081593
0 0.643355 0.090976 0.048229 0.073820
0 0.739103 0.386855 0.047218 0.085551
0 0.424779 0.418192 0.053733 0.087713
0 0.546862 0.815977 0.052101 0.079628
0 0.820075 0.400725 0.052195 0.078458
0 0.731846 0.679158 0.051513 0.074845
0 0.692929 0.266508 0.056545 0.078863
0 0.453422 0.248197 0.046855 0.079347
0 0.165027 0.219826 0.049147 0.072433
0 0.358750 0.791459 0.052665 0.082748
0 0.693873 0.081143 0.049209 0.085594
0 0.030893 0.410996 0.057478 0.082453
0 0.559572 0.338019 0.050300 0.082431
0 0.483442 0.352880 0.052863 0.079147
0 0.639885 0.567722 0.050232 0.083883
0 0.631346 0.652890 0.049751 0.078465
0 0.723678 0.904453 0.057067 0.080828
0 0.622359 0.263364 0.051829 0.085240
0 0.870758 0.694835 0.053993 0.085846
0 0.700777 0.467512 0.053563 0.081373
0 0.925881 0.666913 0.054347 0.072120
0 0.635160 0.483718 0.047587 0.077075
0 0.569808 0.248391 0.052993 0.086908
0 0.401246 0.910294 0.056230 0.084882
0 0.403785 0.318607 0.053291 0.083941
0 0.764666 0.600349 0.056320 0.082734
0 0.725273 0.819374 0.046856 0.079705
0 0.674292 0.703232 0.051993 0.074929
0 0.771922 0.750387 0.052352 0.091087
0 0.441531 0.164657 0.056288 0.087121
0 0.315053 0.320691 0.055183 0.081104
0 0.657999 0.789802 0.059808 0.084001
0 0.909030 0.553700 0.056212 0.077357
0 0.939347 0.325525 0.053479 0.096772
1 0.476214 0.694279 0.060831 0.075089
2 0.179469 0.294398 0.021057 0.033373
2 0.600605 0.076281 0.022617 0.045292
2 0.485572 0.935042 0.021837 0.034565
2 0.009454 0.328963 0.017937 0.028605