0 0.242546 0.001437 0.032428 0.002822
0 0.003791 0.134160 0.007582 0.055341
0 0.243076 0.272573 0.051198 0.078784
0 0.236099 0.221975 0.044462 0.062368
0 0.951667 0.992671 0.039214 0.012185
0 0.071592 0.047210 0.047328 0.076796
0 0.256338 0.434591 0.048753 0.079221
0 0.994880 0.311064 0.008745 0.061243
0 0.086147 0.013025 0.047731 0.026050
0 0.256310 0.372489 0.046236 0.063092
0 0.458740 0.007511 0.037377 0.015021
0 0.030008 0.053240 0.047466 0.083398
0 0.006619 0.970977 0.013237 0.055160
0 0.282732 0.989208 0.040433 0.018806
0 0.427951 0.483493 0.044112 0.073408
0 0.164275 0.988484 0.039300 0.020030
0 0.441924 0.420840 0.043377 0.076322
0 0.066604 0.349008 0.057296 0.066563
0 0.151261 0.432901 0.044687 0.072730
0 0.170139 0.385765 0.045032 0.079478
0 0.053966 0.525883 0.051751 0.073792
0 0.070904 0.579772 0.051661 0.074336
0 0.035954 0.470611 0.047477 0.072657
0 0.038193 0.398249 0.056215 0.071149
0 0.829400 0.985467 0.045898 0.026019
0 0.117306 0.981631 0.046215 0.033551
0 0.275597 0.155490 0.045904 0.082108
0 0.267440 0.084281 0.042912 0.063924
0 0.077585 0.281432 0.045428 0.084484
0 0.989364 0.907707 0.019485 0.076275
0 0.353305 0.645977 0.040281 0.071156
0 0.474436 0.494357 0.043147 0.065438
0 0.119110 0.343476 0.044613 0.056803
0 0.988910 0.152790 0.020421 0.072458
0 0.111207 0.416708 0.040590 0.066338
0 0.860152 0.771897 0.052469 0.072376
0 0.310988 0.687119 0.057444 0.073634
0 0.274848 0.742792 0.047184 0.081402
0 0.470735 0.982031 0.047408 0.032760
0 0.523411 0.983822 0.047485 0.029250
0 0.055086 0.652341 0.048310 0.078686
0 0.289043 0.013874 0.046017 0.027748
0 0.986610 0.565903 0.024783 0.077368
0 0.986964 0.234541 0.024157 0.069989
0 0.561580 0.825052 0.051141 0.085841
0 0.264539 0.578114 0.044245 0.073909
0 0.680694 0.766347 0.053776 0.072478
0 0.026659 0.294315 0.052296 0.075767
0 0.718995 0.739480 0.050272 0.073721
0 0.504098 0.815242 0.039903 0.077541
0 0.847474 0.721016 0.048531 0.076128
0 0.016845 0.699146 0.033688 0.071395
0 0.545312 0.756949 0.057650 0.080935
0 0.631407 0.413400 0.044809 0.067074
0 0.318250 0.960116 0.043864 0.074425
0 0.331671 0.744309 0.060673 0.085766
0 0.982181 0.031901 0.034382 0.063738
0 0.804983 0.018032 0.043699 0.036065
0 0.331188 0.904484 0.049006 0.072734
0 0.016681 0.832533 0.033356 0.080908
0 0.575883 0.018411 0.040837 0.036822
0 0.289213 0.626931 0.049138 0.080954
0 0.508249 0.455401 0.046158 0.076312
0 0.496653 0.703110 0.044079 0.063708
0 0.570733 0.227690 0.050993 0.077978
0 0.982893 0.703815 0.032282 0.089671
0 0.242443 0.965925 0.040630 0.065023
0 0.506200 0.634001 0.042061 0.065088
0 0.920064 0.035223 0.038124 0.070447
0 0.789225 0.735412 0.049886 0.073884
0 0.818791 0.310026 0.048479 0.071285
0 0.290695 0.306517 0.043427 0.082325
0 0.560006 0.171046 0.049777 0.073356
0 0.198385 0.318455 0.044736 0.069521
0 0.694619 0.598184 0.048197 0.064567
0 0.379816 0.890982 0.042121 0.069003
0 0.464803 0.930254 0.049420 0.070189
0 0.737052 0.924340 0.044558 0.076475
0 0.225166 0.534355 0.046471 0.078896
0 0.109647 0.844371 0.046598 0.073012
0 0.203428 0.888659 0.045718 0.068052
0 0.269772 0.871366 0.051101 0.057832
0 0.527997 0.018045 0.044634 0.036089
0 0.450179 0.118548 0.045333 0.073560
0 0.844553 0.443649 0.048109 0.074613
0 0.827585 0.513937 0.044120 0.067654
0 0.368266 0.439099 0.052459 0.075307
0 0.694722 0.530429 0.041903 0.066405
0 0.788886 0.962371 0.048559 0.071787
0 0.451485 0.570387 0.049591 0.067998
0 0.572291 0.686332 0.049181 0.074462
0 0.159853 0.934266 0.048150 0.076797
0 0.914594 0.423367 0.047900 0.075753
0 0.387805 0.607358 0.045831 0.064924
0 0.384337 0.516426 0.048751 0.074744
0 0.789180 0.882101 0.051708 0.074760
0 0.616700 0.963839 0.056014 0.068892
0 0.937397 0.707086 0.051431 0.081350
0 0.770773 0.813372 0.049634 0.071263
0 0.124115 0.767103 0.046882 0.078216
0 0.938361 0.907853 0.047694 0.072285
0 0.620348 0.253487 0.044820 0.072921
0 0.286606 0.503910 0.050536 0.068928
0 0.611554 0.879276 0.047810 0.093133
0 0.649136 0.330464 0.047653 0.087470
0 0.915039 0.770729 0.046362 0.071369
0 0.834977 0.597228 0.040549 0.081463
0 0.748047 0.417880 0.049066 0.070955
0 0.408264 0.955466 0.049415 0.068427
0 0.146530 0.514161 0.048069 0.076965
0 0.872136 0.386737 0.045212 0.077634
0 0.130196 0.138752 0.050534 0.078018
0 0.063920 0.944317 0.052649 0.079492
0 0.207765 0.612199 0.052722 0.079340
0 0.679369 0.417807 0.042824 0.076501
0 0.351616 0.826516 0.056776 0.077186
0 0.978222 0.417754 0.041802 0.078346
0 0.563478 0.392597 0.051977 0.069958
0 0.787523 0.369507 0.048662 0.076463
0 0.410460 0.089003 0.049153 0.071245
0 0.661414 0.840173 0.051867 0.080793
0 0.890319 0.574061 0.051630 0.068050
0 0.720860 0.659645 0.048617 0.077446
0 0.480881 0.176146 0.047364 0.075378
0 0.536600 0.567540 0.048848 0.078809
0 0.810833 0.231652 0.048170 0.073456
0 0.691070 0.074513 0.043840 0.080614
0 0.127461 0.661641 0.050110 0.083490
0 0.588022 0.579956 0.046778 0.068914
0 0.790176 0.661177 0.051739 0.073287
0 0.507915 0.314296 0.044930 0.072808
0 0.954667 0.628036 0.054423 0.088858
0 0.346268 0.179111 0.045058 0.087955
0 0.167215 0.716857 0.049544 0.079710
0 0.905462 0.505323 0.047093 0.072270
0 0.664019 0.681855 0.049788 0.075639
0 0.746970 0.569524 0.046754 0.075702
0 0.596452 0.331843 0.051778 0.078699
0 0.216897 0.793519 0.047834 0.075497
0 0.427712 0.209770 0.044779 0.075192
0 0.872199 0.955353 0.050233 0.082115
0 0.411983 0.023233 0.048155 0.046368
0 0.629140 0.182275 0.046287 0.070504
0 0.832557 0.155428 0.047395 0.077823
0 0.520647 0.115221 0.042692 0.073523
0 0.345841 0.047410 0.041464 0.075587
0 0.512437 0.240879 0.058922 0.068655
0 0.429439 0.825511 0.054242 0.081600
0 0.868857 0.851160 0.056551 0.075351
0 0.718284 0.193261 0.047172 0.077046
0 0.201969 0.169182 0.044324 0.077659
0 0.389833 0.260697 0.047224 0.077380
0 0.886887 0.654362 0.054891 0.079113
0 0.640265 0.572278 0.047445 0.072927
0 0.780135 0.484585 0.049929 0.081400
0 0.395838 0.343960 0.047117 0.077114
0 0.565877 0.088072 0.047122 0.072101
0 0.488375 0.045312 0.046789 0.077872
0 0.733130 0.111409 0.045105 0.078493
0 0.962799 0.824152 0.047639 0.075118
0 0.739234 0.030654 0.049098 0.061308
0 0.863879 0.245501 0.048627 0.075560
0 0.715122 0.352897 0.048702 0.076544
0 0.575883 0.468631 0.047744 0.078670
0 0.335390 0.267571 0.052986 0.085537
0 0.443566 0.311539 0.046200 0.068482
0 0.651009 0.031921 0.049278 0.063842
0 0.782316 0.132307 0.047383 0.087301
0 0.856639 0.063885 0.048871 0.075899
0 0.750412 0.271790 0.046753 0.075548
0 0.934807 0.121686 0.050140 0.080129
0 0.914309 0.203245 0.051790 0.088368
1 0.345193 0.368892 0.065510 0.065554
3 0.139695 0.262813 0.094366 0.134684
3 0.395886 0.737187 0.101385 0.172825
2 0.377948 0.113230 0.017157 0.026222
2 0.605674 0.032777 0.021837 0.029797
2 0.774518 0.045292 0.021057 0.030989
2 0.786997 0.069726 0.024176 0.041716
2 0.672354 0.303933 0.017937 0.030989
2 0.558101 0.331347 0.017157 0.023838
2 0.492201 0.402861 0.022617 0.033373
2 0.616592 0.527414 0.023396 0.034565
2 0.862645 0.519070 0.016378 0.025030
2 0.939074 0.390346 0.013258 0.017878
2 0.481673 0.892133 0.020277 0.027414
2 0.207544 0.398689 0.016378 0.027414
2 0.294111 0.569726 0.019497 0.026222
2 0.558881 0.662694 0.014038 0.019070
0 0.069698 0.170142 0.060029 0.065054
1 0.087707 0.198082 0.052389 0.060884