0 0.706398 0.994475 0.027701 0.009236
0 0.420381 0.995187 0.042857 0.008132
0 0.997151 0.733944 0.004946 0.052764
0 0.985760 0.599236 0.026626 0.042901
0 0.625098 0.003713 0.032613 0.007426
0 0.995019 0.401591 0.008540 0.058730
0 0.882189 0.005310 0.040609 0.010621
0 0.456414 0.005102 0.035331 0.010191
0 0.005663 0.776486 0.011325 0.066675
0 0.006101 0.023531 0.012201 0.047062
0 0.005362 0.287424 0.010723 0.071494
0 0.804551 0.986566 0.043851 0.023785
0 0.012984 0.149989 0.025907 0.088483
0 0.066701 0.149929 0.038804 0.046143
0 0.144968 0.984664 0.053123 0.027611
0 0.935382 0.982832 0.051135 0.031527
0 0.347157 0.972247 0.055005 0.052337
0 0.966303 0.559803 0.041805 0.076740
0 0.524278 0.876152 0.043921 0.076114
0 0.788613 0.018351 0.044347 0.036702
0 0.557683 0.949380 0.067051 0.088697
0 0.751396 0.973068 0.057984 0.050810
0 0.639342 0.975913 0.055722 0.045009
0 0.017700 0.646560 0.035385 0.082940
0 0.090809 0.975764 0.045976 0.045401
0 0.026088 0.850991 0.052005 0.083844
0 0.653256 0.779280 0.061505 0.082183
0 0.711378 0.777834 0.042436 0.070697
0 0.092715 0.070580 0.044974 0.066831
0 0.983937 0.231551 0.030121 0.080118
0 0.614819 0.843493 0.047988 0.079274
0 0.910335 0.760671 0.040682 0.065589
0 0.787248 0.869032 0.052186 0.079149
0 0.483050 0.829424 0.047532 0.075139
0 0.754324 0.640879 0.044829 0.065182
0 0.026653 0.740814 0.047998 0.085435
0 0.284347 0.955715 0.061101 0.084778
0 0.068138 0.020449 0.051807 0.040899
0 0.679554 0.028841 0.049744 0.057678
0 0.348903 0.788065 0.051771 0.076686
0 0.378237 0.926121 0.053087 0.075664
0 0.975804 0.495692 0.046414 0.073077
0 0.968885 0.026726 0.051810 0.053453
0 0.960407 0.742201 0.046406 0.081270
0 0.487299 0.935490 0.054945 0.093541
0 0.068256 0.790717 0.048504 0.080537
0 0.518310 0.034423 0.043139 0.068818
0 0.746416 0.567091 0.039907 0.077168
0 0.820440 0.810897 0.050158 0.077034
0 0.842618 0.906376 0.050024 0.081179
0 0.961190 0.834200 0.053256 0.094706
0 0.142409 0.029419 0.052249 0.058838
0 0.385075 0.844454 0.051152 0.081088
0 0.970968 0.661404 0.054622 0.084435
0 0.179393 0.554758 0.049463 0.074934
0 0.664982 0.645977 0.053928 0.087992
0 0.330514 0.430176 0.051183 0.071155
0 0.571559 0.027874 0.050998 0.055701
0 0.613973 0.692669 0.048691 0.076376
0 0.921790 0.921265 0.060465 0.087489
0 0.216904 0.035743 0.051243 0.071487
0 0.094689 0.869511 0.048445 0.082765
0 0.148801 0.878058 0.050876 0.079517
0 0.601769 0.606695 0.052801 0.082983
0 0.711208 0.926580 0.059311 0.093904
0 0.640696 0.393340 0.053058 0.093795
0 0.901348 0.185664 0.051834 0.079287
0 0.278779 0.690403 0.053958 0.079811
0 0.796301 0.737717 0.053534 0.081491
0 0.288898 0.779714 0.063559 0.095991
0 0.665523 0.116006 0.049696 0.071378
0 0.040006 0.088162 0.052560 0.093222
0 0.205611 0.746302 0.048310 0.080821
0 0.137696 0.515325 0.047823 0.074775
0 0.058640 0.600455 0.050022 0.073464
0 0.852937 0.691997 0.054189 0.081544
0 0.461516 0.746459 0.060751 0.080286
0 0.281332 0.602523 0.055184 0.085345
0 0.043101 0.338182 0.047096 0.073534
0 0.291596 0.369496 0.051145 0.074378
0 0.557154 0.696484 0.057588 0.091476
0 0.733923 0.708534 0.054119 0.080775
0 0.750173 0.197813 0.051780 0.080026
0 0.400187 0.036907 0.048949 0.073815
0 0.218886 0.946683 0.053420 0.088232
0 0.059334 0.682331 0.052535 0.081432
0 0.234537 0.562292 0.049856 0.081406
0 0.268334 0.442424 0.049790 0.085441
0 0.353256 0.159337 0.045362 0.076616
0 0.680811 0.455082 0.064334 0.085385
0 0.862430 0.095776 0.044408 0.082106
0 0.643396 0.528768 0.052657 0.084480
0 0.113933 0.142454 0.051628 0.081945
0 0.366133 0.359332 0.051225 0.081135
0 0.802176 0.084242 0.063915 0.092536
0 0.183243 0.151495 0.055776 0.073849
0 0.441427 0.388318 0.050298 0.081255
0 0.792706 0.366286 0.049825 0.078730
0 0.486611 0.508497 0.049980 0.079322
0 0.623389 0.068213 0.052558 0.076851
0 0.332288 0.511237 0.052237 0.080246
0 0.258311 0.093113 0.056683 0.080829
0 0.795070 0.273766 0.048680 0.077246
0 0.070723 0.415496 0.056858 0.087676
0 0.586351 0.366211 0.055111 0.090581
0 0.970089 0.158711 0.049024 0.073492
0 0.345709 0.076169 0.051656 0.073697
0 0.523105 0.116263 0.049926 0.079019
0 0.163969 0.226963 0.049012 0.079101
0 0.510491 0.426557 0.051399 0.084312
0 0.413006 0.308368 0.052396 0.086120
0 0.448526 0.622603 0.053548 0.082761
0 0.065651 0.215481 0.050956 0.075886
0 0.239054 0.186546 0.054217 0.087122
0 0.617459 0.247646 0.050404 0.078219
0 0.846836 0.606924 0.060284 0.088811
0 0.561963 0.544840 0.053011 0.089460
0 0.316574 0.269240 0.050425 0.080113
0 0.168835 0.314631 0.051158 0.081821
0 0.749026 0.317477 0.051342 0.079817
0 0.062816 0.512829 0.054035 0.090524
0 0.401229 0.533385 0.059045 0.088575
0 0.944948 0.429135 0.052960 0.083940
0 0.554343 0.188559 0.048943 0.081782
0 0.452234 0.183868 0.053288 0.076774
0 0.391859 0.225063 0.053596 0.085340
0 0.860990 0.291887 0.049420 0.078317
0 0.648773 0.190289 0.053491 0.078218
0 0.848200 0.372562 0.053630 0.078390
0 0.502725 0.315383 0.055087 0.080990
0 0.159035 0.410175 0.055663 0.088071
0 0.968119 0.352796 0.056926 0.074636
0 0.892852 0.450919 0.048529 0.086983
0 0.571167 0.273948 0.046590 0.084130
0 0.699887 0.541986 0.052926 0.089723
0 0.266301 0.291557 0.054929 0.088253
0 0.441836 0.093709 0.058776 0.093650
0 0.692453 0.353154 0.055981 0.087790
0 0.901693 0.046124 0.063155 0.082082
0 0.720004 0.106117 0.057960 0.092106
0 0.812179 0.193835 0.055407 0.075918
0 0.915712 0.271814 0.057336 0.087118
1 0.523007 0.779499 0.045233 0.085816
2 0.166600 0.656734 0.023396 0.038141
2 0.199745 0.883194 0.022617 0.038141
2 0.202865 0.340882 0.014818 0.028605
2 0.280853 0.035757 0.024176 0.026222