0 0.605092 0.003027 0.032050 0.006032
0 0.430972 0.991243 0.020441 0.015137
0 0.309563 0.058328 0.042456 0.054927
0 0.005103 0.627206 0.010202 0.065668
0 0.552254 0.991985 0.035514 0.013348
0 0.991994 0.823001 0.014360 0.075295
0 0.200773 0.684476 0.044035 0.069290
0 0.056609 0.988198 0.040527 0.020682
0 0.237102 0.697094 0.049285 0.080758
0 0.900772 0.925350 0.053186 0.066919
0 0.923389 0.885383 0.051073 0.078189
0 0.011772 0.044527 0.023490 0.082421
0 0.294681 0.018905 0.047313 0.037733
0 0.012502 0.164424 0.024977 0.087663
0 0.115061 0.176303 0.053097 0.084641
0 0.485530 0.863935 0.040984 0.060101
0 0.939948 0.979464 0.051580 0.038034
0 0.469462 0.978352 0.047969 0.040088
0 0.143743 0.032240 0.045618 0.064462
0 0.074559 0.185363 0.049989 0.087622
0 0.661305 0.975017 0.053426 0.046903
0 0.984672 0.375403 0.028617 0.071280
0 0.980466 0.089843 0.037171 0.078439
0 0.862817 0.970647 0.052992 0.055610
0 0.262622 0.971362 0.051377 0.053932
0 0.052632 0.035914 0.053492 0.071828
0 0.335148 0.644473 0.048513 0.066393
0 0.123136 0.963755 0.052977 0.069380
0 0.116728 0.094190 0.047935 0.076309
0 0.279464 0.641770 0.052883 0.082110
0 0.165559 0.159172 0.048220 0.077911
0 0.977546 0.165926 0.043063 0.082998
0 0.078782 0.926967 0.050599 0.079187
0 0.322175 0.153321 0.048247 0.072246
0 0.278904 0.104674 0.050703 0.076348
0 0.635534 0.861636 0.048071 0.075506
0 0.670904 0.699728 0.053202 0.071753
0 0.310396 0.573484 0.049041 0.081711
0 0.303244 0.821490 0.048544 0.078818
0 0.025396 0.398833 0.050701 0.075030
0 0.738515 0.029791 0.055380 0.059581
0 0.027791 0.807119 0.043615 0.075633
0 0.403388 0.941431 0.043764 0.076224
0 0.089691 0.811681 0.055106 0.076327
0 0.322453 0.742830 0.050366 0.080955
0 0.686076 0.776498 0.056337 0.080703
0 0.258398 0.517567 0.052419 0.087383
0 0.382112 0.121382 0.049839 0.078231
0 0.182863 0.074010 0.049128 0.087942
0 0.210693 0.564655 0.047919 0.075857
0 0.521672 0.911236 0.048146 0.079486
0 0.219995 0.794135 0.048354 0.089992
0 0.856138 0.041029 0.045869 0.077667
0 0.848772 0.240647 0.045217 0.081713
0 0.525230 0.555590 0.046493 0.076564
0 0.758042 0.895695 0.056741 0.088950
0 0.376176 0.041531 0.051647 0.070735
0 0.597385 0.923077 0.051285 0.078671
0 0.886473 0.304795 0.049561 0.079716
0 0.870137 0.385823 0.050944 0.087306
0 0.393682 0.701019 0.044595 0.082111
0 0.169999 0.827857 0.050645 0.086629
0 0.433275 0.849021 0.048499 0.083042
0 0.815483 0.176725 0.047218 0.077700
0 0.775666 0.397249 0.048828 0.091072
0 0.797420 0.790401 0.052129 0.079726
0 0.792276 0.100878 0.050212 0.084228
0 0.956038 0.429278 0.052108 0.075955
0 0.509995 0.703512 0.048018 0.079607
0 0.591051 0.749500 0.049337 0.076093
0 0.535614 0.187016 0.053279 0.076629
0 0.421984 0.618181 0.051705 0.081662
0 0.879233 0.831031 0.055049 0.084387
0 0.759990 0.173727 0.053680 0.092498
0 0.477039 0.397999 0.050752 0.089068
0 0.918968 0.756401 0.054289 0.073641
0 0.053154 0.268244 0.054285 0.084310
0 0.172933 0.456391 0.046244 0.085809
0 0.648870 0.622979 0.054722 0.079901
0 0.671117 0.072983 0.057856 0.087158
0 0.702321 0.334298 0.051591 0.080154
0 0.170022 0.250816 0.049598 0.089737
0 0.548630 0.296252 0.054198 0.083873
0 0.146056 0.704492 0.052828 0.085250
0 0.735589 0.258573 0.054093 0.076851
0 0.082996 0.711610 0.055210 0.081999
0 0.497566 0.250865 0.054360 0.088563
0 0.536956 0.435805 0.059116 0.090806
0 0.102874 0.371396 0.060557 0.095019
0 0.720131 0.657405 0.057630 0.088862
0 0.764141 0.520137 0.051216 0.085376
0 0.362684 0.255957 0.046876 0.089944
0 0.939001 0.322360 0.049023 0.085367
0 0.443439 0.270193 0.054571 0.079517
0 0.602262 0.155761 0.056099 0.082438
0 0.144536 0.579911 0.053768 0.089828
0 0.527161 0.095245 0.057773 0.098427
0 0.851957 0.554014 0.059491 0.086811
0 0.905753 0.612499 0.051851 0.090813
0 0.934357 0.221791 0.054476 0.079745
0 0.615040 0.287646 0.051943 0.081589
0 0.932578 0.110124 0.050264 0.083392
0 0.252119 0.316096 0.054738 0.090133
1 0.542894 0.623361 0.053812 0.054827
1 0.729285 0.969607 0.063170 0.060787
2 0.222362 0.070918 0.022617 0.036949
2 0.338174 0.882002 0.023396 0.033373
2 0.282023 0.865316 0.015598 0.026222
2 0.097971 0.858164 0.014038 0.021454
2 0.689121 0.528010 0.026516 0.035757
2 0.650907 0.537545 0.023396 0.030989
2 0.836519 0.606675 0.020277 0.021454