0 0.716578 0.994335 0.029568 0.009481
0 0.405930 0.002567 0.042543 0.005016
0 0.002280 0.444399 0.004561 0.066829
0 0.606266 0.994385 0.030070 0.009418
0 0.995893 0.066053 0.007014 0.050510
0 0.251174 0.992413 0.038986 0.012554
0 0.007990 0.830191 0.015979 0.054507
0 0.994795 0.546162 0.009199 0.061635
0 0.370096 0.197769 0.051618 0.104994
0 0.790740 0.260684 0.053601 0.060800
0 0.007741 0.242325 0.015481 0.069877
0 0.468956 0.584972 0.051483 0.071238
0 0.419428 0.204351 0.045813 0.072375
0 0.405055 0.250353 0.044779 0.071561
0 0.302959 0.989857 0.039753 0.017631
0 0.010459 0.912277 0.020918 0.068374
0 0.790517 0.322106 0.050806 0.069913
0 0.493673 0.552176 0.050355 0.077298
0 0.972781 0.106634 0.041635 0.071612
0 0.592296 0.269664 0.046422 0.071081
0 0.990095 0.291210 0.017978 0.070339
0 0.678173 0.271793 0.042153 0.074766
0 0.601074 0.330345 0.044511 0.068935
0 0.987077 0.876326 0.023998 0.082754
0 0.898019 0.983819 0.044434 0.029102
0 0.574779 0.217622 0.046122 0.072568
0 0.639184 0.280870 0.044908 0.085995
0 0.179079 0.446058 0.047835 0.068339
0 0.986089 0.187425 0.025950 0.097127
0 0.014753 0.636264 0.029491 0.076386
0 0.935455 0.113934 0.046060 0.072700
0 0.021307 0.144266 0.042561 0.072704
0 0.334216 0.709248 0.045576 0.072547
0 0.295687 0.011413 0.042113 0.022826
0 0.096983 0.685467 0.042208 0.068395
0 0.031885 0.858025 0.046425 0.065272
0 0.225433 0.259106 0.043851 0.082175
0 0.290707 0.708258 0.048791 0.083431
0 0.463198 0.073546 0.049946 0.077473
0 0.669029 0.014112 0.055335 0.028224
0 0.040711 0.092885 0.052182 0.066965
0 0.981987 0.619368 0.033979 0.081430
0 0.598997 0.016323 0.045630 0.032647
0 0.195438 0.385750 0.042834 0.071054
0 0.977506 0.806176 0.042889 0.063306
0 0.707271 0.708187 0.044735 0.071321
0 0.243460 0.359018 0.049141 0.060320
0 0.594752 0.397988 0.054304 0.083254
0 0.740762 0.018897 0.055847 0.037795
0 0.665446 0.701404 0.050157 0.065764
0 0.128361 0.450090 0.051596 0.076374
0 0.498380 0.134831 0.055660 0.075388
0 0.947764 0.971845 0.048755 0.053096
0 0.208298 0.111999 0.036766 0.078045
0 0.044903 0.025067 0.044787 0.050134
0 0.968664 0.025822 0.050600 0.051564
0 0.121202 0.608671 0.050377 0.071496
0 0.039216 0.698907 0.049220 0.066942
0 0.143614 0.159781 0.037949 0.088904
0 0.266992 0.418169 0.043867 0.064444
0 0.980499 0.406162 0.036899 0.080622
0 0.336934 0.136716 0.042833 0.065845
0 0.107464 0.106502 0.049714 0.074530
0 0.323641 0.380439 0.046861 0.074623
0 0.495743 0.027737 0.048507 0.055470
0 0.023939 0.334166 0.047486 0.074531
0 0.401045 0.100520 0.045326 0.084413
0 0.231825 0.947120 0.043727 0.078250
0 0.101896 0.030279 0.044860 0.060559
0 0.947095 0.188042 0.046810 0.070006
0 0.241659 0.489979 0.043959 0.084155
0 0.026401 0.773217 0.048045 0.075415
0 0.143108 0.534759 0.051801 0.076523
0 0.214320 0.032463 0.048183 0.064850
0 0.850885 0.965273 0.048663 0.064488
0 0.900379 0.929915 0.048741 0.063162
0 0.483742 0.876511 0.044238 0.078709
0 0.644002 0.442321 0.049758 0.081555
0 0.194054 0.202774 0.048818 0.082638
0 0.092488 0.384126 0.044139 0.083884
0 0.423775 0.408827 0.047752 0.071270
0 0.728051 0.784733 0.044504 0.071627
0 0.782643 0.965993 0.050786 0.063979
0 0.790215 0.889982 0.045412 0.073849
0 0.703910 0.870805 0.042713 0.081509
0 0.754771 0.673919 0.051163 0.081202
0 0.774451 0.600878 0.059661 0.067757
0 0.081332 0.883957 0.050781 0.081293
0 0.275829 0.923170 0.045599 0.083425
0 0.750542 0.856746 0.046474 0.072671
0 0.900215 0.627977 0.040471 0.060873
0 0.139733 0.351102 0.048934 0.080111
0 0.367650 0.033239 0.042444 0.066401
0 0.926175 0.436568 0.046772 0.073398
0 0.253775 0.149696 0.049295 0.079750
0 0.173326 0.287806 0.047525 0.071317
0 0.066533 0.621215 0.052191 0.077510
0 0.128578 0.733582 0.048158 0.070027
0 0.874477 0.405987 0.051487 0.071896
0 0.782524 0.785931 0.044483 0.071537
0 0.802573 0.708643 0.042336 0.076808
0 0.052466 0.233089 0.051826 0.089333
0 0.653669 0.161714 0.040563 0.084972
0 0.051551 0.507402 0.048943 0.077285
0 0.392284 0.955156 0.045399 0.084323
0 0.452757 0.488758 0.047408 0.086516
0 0.273055 0.546332 0.050093 0.064863
0 0.804005 0.105653 0.042502 0.077976
0 0.478995 0.355981 0.047354 0.085750
0 0.860839 0.886000 0.047899 0.069590
0 0.301661 0.077833 0.048392 0.073112
0 0.401401 0.479334 0.045667 0.075871
0 0.267223 0.625426 0.051332 0.078259
0 0.642054 0.968214 0.050126 0.060389
0 0.122664 0.829986 0.043654 0.076273
0 0.848975 0.689619 0.044601 0.077222
0 0.619393 0.538754 0.053211 0.081082
0 0.582892 0.475830 0.051281 0.070173
0 0.255121 0.806702 0.042539 0.065792
0 0.368921 0.321639 0.046891 0.075942
0 0.369068 0.536240 0.047570 0.071907
0 0.853806 0.134075 0.049408 0.073170
0 0.103990 0.260417 0.049125 0.079372
0 0.756973 0.076762 0.045721 0.074160
0 0.164183 0.785585 0.048967 0.077778
0 0.698070 0.957867 0.051871 0.075795
0 0.688190 0.356922 0.050626 0.083177
0 0.714328 0.233797 0.045601 0.084991
0 0.735952 0.501056 0.042934 0.088904
0 0.347979 0.605481 0.050546 0.072749
0 0.865228 0.057326 0.047792 0.075845
0 0.700193 0.153766 0.044781 0.070590
0 0.786160 0.528403 0.057194 0.075837
0 0.791373 0.182268 0.053438 0.069753
0 0.843450 0.785039 0.054824 0.073055
0 0.762267 0.391484 0.054445 0.070153
0 0.567620 0.090836 0.045131 0.079602
0 0.931328 0.354481 0.042628 0.076024
0 0.312187 0.827175 0.046829 0.076034
0 0.601336 0.164086 0.053018 0.081699
0 0.967420 0.732769 0.050605 0.081202
0 0.412428 0.778999 0.046987 0.074040
0 0.814068 0.442177 0.055823 0.074493
0 0.855456 0.602436 0.047737 0.078344
0 0.498982 0.954033 0.053946 0.075952
0 0.603521 0.694473 0.049955 0.081670
0 0.545881 0.325144 0.041230 0.074631
0 0.650980 0.858925 0.052073 0.076965
0 0.911813 0.719212 0.046868 0.073396
0 0.542856 0.814787 0.054211 0.071915
0 0.509600 0.442812 0.046862 0.080853
0 0.453385 0.281513 0.049074 0.075298
0 0.659553 0.071425 0.051186 0.069896
0 0.690350 0.475943 0.045449 0.078559
0 0.166304 0.654369 0.048133 0.077630
0 0.456003 0.666068 0.052678 0.066452
0 0.891854 0.496958 0.050364 0.078208
0 0.643513 0.630165 0.049209 0.069311
0 0.431257 0.891680 0.052726 0.073730
0 0.849890 0.332573 0.044158 0.072998
0 0.452479 0.740879 0.049152 0.068851
0 0.563346 0.952535 0.047200 0.073754
0 0.550351 0.735112 0.056936 0.075592
0 0.356715 0.785674 0.052884 0.091027
4 0.294111 0.299762 0.113083 0.168057
2 0.345193 0.659714 0.023396 0.036949
2 0.505459 0.761621 0.025736 0.042908
2 0.939464 0.045292 0.021837 0.033373
1 0.592416 0.610846 0.043673 0.087008