0 0.993801 0.141576 0.010941 0.064985
0 0.226542 0.347292 0.048806 0.069214
0 0.995421 0.934365 0.007763 0.050559
0 0.253862 0.428932 0.047965 0.069663
0 0.213434 0.428414 0.048299 0.069784
0 0.264011 0.346035 0.049186 0.074874
0 0.037825 0.357253 0.046920 0.070053
0 0.393661 0.461888 0.047293 0.073692
0 0.947387 0.760000 0.047947 0.069746
0 0.057596 0.311124 0.043578 0.076931
0 0.006546 0.140533 0.013091 0.068676
0 0.944916 0.835759 0.044775 0.066031
0 0.428477 0.438375 0.052499 0.078016
0 0.461079 0.363873 0.047215 0.067673
0 0.946486 0.016245 0.043254 0.032491
0 0.482784 0.325044 0.050117 0.068234
0 0.978370 0.827998 0.041492 0.075541
0 0.364370 0.991227 0.035417 0.014725
0 0.456481 0.534829 0.048208 0.062910
0 0.957080 0.709281 0.046238 0.068294
0 0.110629 0.316270 0.049540 0.075852
0 0.347551 0.261669 0.047077 0.075358
0 0.482634 0.567746 0.050844 0.076181
0 0.472957 0.979012 0.069030 0.038775
0 0.570448 0.087071 0.041669 0.081026
0 0.137518 0.276711 0.047806 0.075486
0 0.533378 0.082214 0.046721 0.074462
0 0.007695 0.277923 0.015391 0.073170
0 0.113198 0.006052 0.036105 0.012104
0 0.356047 0.206304 0.052891 0.056542
0 0.911117 0.028726 0.042532 0.057258
0 0.382297 0.274449 0.039966 0.074875
0 0.008794 0.054179 0.017588 0.065307
0 0.267701 0.241447 0.044049 0.077176
0 0.230502 0.235528 0.039237 0.088159
0 0.991165 0.318284 0.015887 0.072353
0 0.104517 0.414920 0.075599 0.092307
0 0.990610 0.683699 0.017027 0.066264
0 0.010436 0.553119 0.020872 0.066145
0 0.710759 0.899049 0.044456 0.070025
0 0.651748 0.309527 0.039361 0.068515
0 0.965490 0.987171 0.044951 0.022738
0 0.353978 0.143197 0.046161 0.082521
0 0.718839 0.947981 0.047920 0.072999
0 0.332935 0.337408 0.048880 0.073912
0 0.644076 0.252690 0.048911 0.076202
0 0.517324 0.378558 0.049259 0.062129
0 0.627965 0.789547 0.049861 0.073349
0 0.022709 0.199580 0.045041 0.073186
0 0.012534 0.630294 0.025031 0.061026
0 0.984849 0.477657 0.028334 0.076456
0 0.576345 0.677620 0.048496 0.074694
0 0.300321 0.295980 0.043430 0.060621
0 0.553363 0.629398 0.048350 0.070840
0 0.629090 0.728397 0.057432 0.071597
0 0.378000 0.364381 0.050752 0.073859
0 0.269898 0.521036 0.046552 0.071469
0 0.382194 0.016967 0.046714 0.033933
0 0.554772 0.325742 0.044793 0.072750
0 0.323674 0.094457 0.052951 0.081035
0 0.222986 0.509407 0.048292 0.075066
0 0.850759 0.527988 0.058348 0.058565
0 0.304883 0.196007 0.048077 0.067116
0 0.654970 0.983405 0.045998 0.030065
0 0.575527 0.264186 0.049482 0.073132
0 0.551802 0.458057 0.050061 0.072161
0 0.260582 0.587860 0.048271 0.075957
0 0.646165 0.020590 0.053677 0.041181
0 0.569547 0.969765 0.053287 0.057421
0 0.143623 0.982088 0.045979 0.032529
0 0.758225 0.971149 0.039701 0.054512
0 0.419718 0.319212 0.053019 0.080760
0 0.241227 0.909956 0.064345 0.091658
0 0.140611 0.195822 0.059493 0.069400
0 0.164462 0.390513 0.047275 0.075966
0 0.869285 0.577918 0.045264 0.080583
0 0.482744 0.651495 0.046574 0.070850
0 0.266764 0.146005 0.045507 0.085134
0 0.419007 0.064781 0.048848 0.105701
0 0.159919 0.021315 0.047758 0.042629
0 0.950417 0.491295 0.046489 0.070624
0 0.180652 0.546807 0.054212 0.071516
0 0.475913 0.791548 0.047292 0.064013
0 0.183342 0.248707 0.046851 0.081779
0 0.785560 0.919243 0.042666 0.076192
0 0.029087 0.478217 0.045410 0.088625
0 0.742800 0.022317 0.047599 0.044633
0 0.968095 0.133917 0.047713 0.069142
0 0.920899 0.555376 0.046825 0.071766
0 0.969426 0.557529 0.051640 0.072766
0 0.083187 0.146929 0.049503 0.080381
0 0.530413 0.528570 0.053386 0.080158
0 0.332997 0.511240 0.050986 0.071737
0 0.384282 0.631184 0.047301 0.075669
0 0.025285 0.912512 0.050060 0.067937
0 0.351947 0.846247 0.045781 0.070535
0 0.306275 0.633907 0.045540 0.068490
0 0.120451 0.789139 0.046711 0.065026
0 0.816930 0.031132 0.044399 0.062265
0 0.413605 0.191763 0.047753 0.074364
0 0.619707 0.084316 0.045918 0.070908
0 0.579397 0.167111 0.048559 0.064407
0 0.476264 0.249179 0.051295 0.069993
0 0.117770 0.513987 0.055120 0.092384
0 0.602861 0.353754 0.046845 0.083500
0 0.504630 0.911030 0.047429 0.069918
0 0.064202 0.549747 0.050355 0.075226
0 0.428756 0.918257 0.054059 0.081282
0 0.757935 0.848215 0.057588 0.068847
0 0.216096 0.111535 0.053215 0.079894
0 0.239972 0.035556 0.050611 0.070951
0 0.827842 0.969522 0.054053 0.057657
0 0.529084 0.230108 0.050120 0.078294
0 0.298580 0.030168 0.053846 0.060336
0 0.153236 0.845008 0.047523 0.071994
0 0.646544 0.401936 0.046723 0.072694
0 0.485184 0.168693 0.049012 0.080013
0 0.872623 0.718349 0.047906 0.070689
0 0.589654 0.901914 0.051019 0.083436
0 0.093353 0.058239 0.051921 0.085028
0 0.678077 0.673079 0.047315 0.077087
0 0.170234 0.623089 0.042723 0.066525
0 0.809596 0.235185 0.042302 0.064142
0 0.072515 0.667905 0.049187 0.075900
0 0.700689 0.419523 0.045896 0.070192
0 0.896356 0.641761 0.045326 0.071451
0 0.231573 0.652491 0.050315 0.068322
0 0.874865 0.938406 0.045810 0.064594
0 0.158912 0.122452 0.052375 0.074512
0 0.679377 0.587259 0.052715 0.078201
0 0.123477 0.923390 0.044118 0.074698
0 0.074166 0.949036 0.051077 0.074587
0 0.699513 0.330182 0.044648 0.080467
0 0.644354 0.916559 0.049697 0.076669
0 0.821634 0.872546 0.048326 0.113714
0 0.776247 0.643421 0.044042 0.065741
0 0.830578 0.630245 0.048227 0.074651
0 0.361195 0.771005 0.057158 0.075307
0 0.626657 0.480919 0.048680 0.074697
0 0.181075 0.915845 0.052573 0.077134
0 0.970439 0.227303 0.049851 0.076502
0 0.654335 0.141582 0.049656 0.076049
0 0.298942 0.821792 0.043007 0.075805
0 0.726087 0.480232 0.047607 0.073933
0 0.919379 0.113092 0.045050 0.071929
0 0.320915 0.711872 0.051501 0.077330
0 0.265403 0.739852 0.051209 0.078211
0 0.788576 0.517146 0.053653 0.068237
0 0.029815 0.834579 0.049390 0.071331
0 0.047034 0.741334 0.048124 0.078524
0 0.929742 0.954603 0.047593 0.072685
0 0.789302 0.784764 0.046514 0.076491
0 0.822547 0.316035 0.045895 0.083742
0 0.112413 0.624418 0.045698 0.074752
0 0.869796 0.099508 0.045493 0.076481
0 0.751138 0.391096 0.046069 0.077827
0 0.140854 0.725449 0.055603 0.073705
0 0.686423 0.761018 0.047888 0.075883
0 0.740736 0.132834 0.049793 0.073079
0 0.770469 0.294122 0.044584 0.076415
0 0.731981 0.682955 0.050001 0.068982
0 0.872880 0.191166 0.047314 0.086103
0 0.806417 0.104158 0.049155 0.081461
0 0.793250 0.434797 0.050765 0.082943
0 0.237487 0.820444 0.050816 0.076647
0 0.902870 0.452389 0.049338 0.078626
0 0.188243 0.783662 0.050429 0.076407
0 0.737869 0.760484 0.044745 0.072834
0 0.847393 0.454298 0.049161 0.078002
0 0.882894 0.370045 0.054170 0.070859
0 0.880388 0.282555 0.048540 0.081275
1 0.710568 0.069726 0.036654 0.063170
1 0.448138 0.836710 0.057711 0.081049
2 0.519107 0.428486 0.023396 0.036949