0 0.653534 0.890747 0.047156 0.072604
0 0.303441 0.002785 0.034383 0.005571
0 0.307911 0.821068 0.037426 0.071747
0 0.469705 0.849903 0.039397 0.063738
0 0.163291 0.097177 0.054993 0.066250
0 0.946468 0.899637 0.047251 0.068528
0 0.502694 0.860621 0.044246 0.064087
0 0.340252 0.818769 0.038710 0.063775
0 0.872811 0.817798 0.040270 0.070543
0 0.474940 0.925847 0.042461 0.064036
0 0.051103 0.003285 0.027336 0.006554
0 0.142572 0.070374 0.040942 0.064855
0 0.978613 0.909879 0.038564 0.069635
0 0.990065 0.987698 0.018104 0.021702
0 0.195014 0.993375 0.033398 0.010922
0 0.533961 0.991641 0.032897 0.013892
0 0.090375 0.016715 0.044012 0.033429
0 0.837725 0.910471 0.044102 0.071700
0 0.167633 0.005562 0.035980 0.011124
0 0.815307 0.959918 0.043580 0.070287
0 0.007781 0.980891 0.015562 0.035618
0 0.476472 0.970791 0.041398 0.055468
0 0.104736 0.042238 0.046689 0.068764
0 0.485808 0.487482 0.047665 0.067970
0 0.573132 0.987984 0.038871 0.021102
0 0.050592 0.185210 0.053745 0.121167
0 0.463235 0.519484 0.048488 0.076726
0 0.366379 0.989353 0.040787 0.018222
0 0.895872 0.983128 0.041405 0.030847
0 0.087255 0.465101 0.044772 0.063463
0 0.546631 0.007283 0.036792 0.014529
0 0.123789 0.453288 0.045968 0.074076
0 0.039350 0.892584 0.048485 0.066337
0 0.032772 0.943943 0.045790 0.075105
0 0.215435 0.141264 0.058482 0.108216
0 0.667796 0.276703 0.046762 0.067491
0 0.680003 0.229386 0.047030 0.074787
0 0.093568 0.393043 0.045231 0.070157
0 0.943594 0.970642 0.047529 0.055758
0 0.572654 0.195801 0.043988 0.068899
0 0.298350 0.981379 0.046512 0.034104
0 0.720016 0.982370 0.046027 0.032190
0 0.012489 0.592391 0.024970 0.070050
0 0.248869 0.978138 0.044212 0.040676
0 0.351283 0.889353 0.047898 0.068955
0 0.771569 0.976908 0.047005 0.043053
0 0.982847 0.600506 0.032299 0.068588
0 0.017093 0.693586 0.034175 0.071886
0 0.422002 0.979600 0.049912 0.037681
0 0.158852 0.627278 0.048372 0.075342
0 0.590428 0.241188 0.047983 0.075069
0 0.812556 0.843555 0.059166 0.080161
0 0.075076 0.586362 0.043413 0.067031
0 0.114418 0.969227 0.047059 0.058294
0 0.042811 0.637711 0.042217 0.070934
0 0.104870 0.648438 0.046100 0.074273
0 0.015047 0.113399 0.030008 0.070053
0 0.532006 0.803584 0.050262 0.074324
0 0.115154 0.733360 0.041518 0.078726
0 0.461102 0.770499 0.041135 0.070372
0 0.181106 0.688701 0.047150 0.076231
0 0.304153 0.234584 0.048503 0.074913
0 0.013419 0.036690 0.026831 0.071771
0 0.109425 0.533362 0.056912 0.074767
0 0.637357 0.963134 0.047180 0.070242
0 0.924451 0.831709 0.040913 0.068296
0 0.779516 0.779224 0.048043 0.069349
0 0.020276 0.422349 0.040552 0.070452
0 0.158597 0.800688 0.047292 0.077673
0 0.070428 0.702877 0.048429 0.075872
0 0.272441 0.775077 0.044404 0.065225
0 0.293837 0.905146 0.048875 0.071990
0 0.336404 0.276766 0.048289 0.078236
0 0.531463 0.720574 0.047166 0.078986
0 0.597648 0.817171 0.049556 0.074221
0 0.724072 0.833068 0.045537 0.072975
0 0.955514 0.634758 0.049819 0.073954
0 0.187565 0.860481 0.050243 0.073518
0 0.661397 0.720197 0.045398 0.065214
0 0.612018 0.467727 0.053495 0.078164
0 0.051053 0.366661 0.045991 0.068518
0 0.572824 0.756993 0.047503 0.070091
0 0.671245 0.791797 0.045603 0.065159
0 0.739167 0.730373 0.049276 0.066968
0 0.217751 0.932228 0.049910 0.085740
0 0.318792 0.129825 0.063134 0.109949
0 0.467796 0.609791 0.052974 0.086794
0 0.820611 0.679726 0.045612 0.075272
0 0.419971 0.817113 0.046640 0.077047
0 0.295053 0.625736 0.048769 0.070840
0 0.151723 0.930710 0.047578 0.088389
0 0.090429 0.798470 0.052234 0.071125
0 0.039025 0.801627 0.043027 0.069329
0 0.788664 0.629674 0.050529 0.077649
0 0.467355 0.413184 0.055885 0.073066
0 0.201544 0.535000 0.049948 0.076980
0 0.889249 0.713501 0.048811 0.073096
0 0.655149 0.509334 0.047659 0.074224
0 0.386492 0.944465 0.050416 0.067133
0 0.146308 0.171279 0.040463 0.061437
0 0.773474 0.553299 0.043526 0.073040
0 0.315135 0.696823 0.049768 0.072499
0 0.564674 0.908493 0.051837 0.078084
0 0.101172 0.123121 0.046265 0.073460
0 0.261913 0.694836 0.047950 0.087990
0 0.730590 0.653362 0.051275 0.080660
0 0.216182 0.451841 0.056215 0.070756
0 0.135650 0.364172 0.049762 0.071658
0 0.955815 0.016660 0.047415 0.033320
0 0.414532 0.566950 0.045037 0.069905
0 0.520502 0.617506 0.051772 0.080321
0 0.286804 0.309695 0.047946 0.072858
0 0.621110 0.644700 0.045030 0.074421
0 0.843940 0.609560 0.047527 0.073088
0 0.016456 0.284130 0.032913 0.078046
0 0.261471 0.384560 0.052395 0.076530
0 0.982126 0.401679 0.033641 0.068418
0 0.795852 0.473627 0.049663 0.077136
0 0.576184 0.677890 0.048787 0.074331
0 0.966568 0.775816 0.044803 0.079158
0 0.034305 0.497780 0.050000 0.069268
0 0.723205 0.506853 0.047977 0.067330
0 0.181683 0.232362 0.042679 0.073131
0 0.841349 0.190575 0.047371 0.070638
0 0.508215 0.253552 0.052955 0.072674
0 0.820345 0.537778 0.043516 0.076384
0 0.351675 0.025311 0.041734 0.050621
0 0.728977 0.415105 0.052356 0.078048
0 0.978610 0.062977 0.040663 0.072332
0 0.552980 0.446143 0.050441 0.072255
0 0.688947 0.367729 0.049495 0.083970
0 0.232689 0.017457 0.046520 0.034914
0 0.193494 0.381129 0.045709 0.071869
0 0.228055 0.256374 0.044849 0.083040
0 0.415850 0.728754 0.052089 0.080039
0 0.673296 0.642260 0.049651 0.081387
0 0.292766 0.044586 0.049689 0.070691
0 0.353229 0.197539 0.045640 0.078878
0 0.419830 0.343748 0.047947 0.075548
0 0.138518 0.264350 0.046011 0.077610
0 0.327325 0.560214 0.047899 0.077871
0 0.374047 0.500422 0.053940 0.067568
0 0.972292 0.487700 0.052673 0.067237
0 0.930938 0.421522 0.054405 0.073234
0 0.627783 0.162604 0.045161 0.071928
0 0.060691 0.292286 0.046124 0.070648
0 0.339124 0.424603 0.051130 0.076156
0 0.396825 0.019430 0.037967 0.038835
0 0.522074 0.184019 0.046572 0.074798
0 0.774908 0.020265 0.044604 0.040464
0 0.626956 0.020131 0.049643 0.040242
0 0.545379 0.367256 0.045473 0.074144
0 0.980693 0.233359 0.036498 0.070400
0 0.909884 0.574074 0.047478 0.072486
0 0.472457 0.166714 0.045515 0.068933
0 0.830307 0.406670 0.048513 0.072936
0 0.402654 0.256499 0.048443 0.080683
0 0.451020 0.246946 0.042938 0.084086
0 0.772091 0.094957 0.044594 0.070471
0 0.927843 0.086022 0.044584 0.073164
0 0.866099 0.121434 0.051767 0.075038
0 0.839931 0.036516 0.046599 0.073031
0 0.556284 0.079116 0.044269 0.076393
0 0.776747 0.265002 0.047583 0.076625
0 0.888541 0.360989 0.049273 0.075316
0 0.378952 0.079607 0.046658 0.075100
0 0.620475 0.083417 0.047031 0.074053
0 0.608284 0.341924 0.048357 0.082577
0 0.504893 0.048128 0.045946 0.078104
0 0.445458 0.032646 0.048088 0.065147
0 0.712805 0.054920 0.049191 0.076978
0 0.830334 0.270066 0.050677 0.079250
0 0.906209 0.219434 0.049691 0.076718
0 0.928993 0.292668 0.043042 0.075119
1 0.489862 0.713945 0.038214 0.083433
1 0.690681 0.930870 0.043673 0.061979
2 0.715637 0.148987 0.028076 0.040524
2 0.761650 0.154350 0.032755 0.044100
2 0.605284 0.585221 0.030415 0.042908
2 0.659876 0.336114 0.021057 0.030989
2 0.701210 0.690703 0.019497 0.027414
2 0.267205 0.837306 0.024956 0.034565
2 0.390427 0.311085 0.018717 0.030989