0 0.300197 0.973870 0.042690 0.049736
0 0.076952 0.820487 0.050277 0.064286
0 0.267962 0.992864 0.036648 0.012716
0 0.171185 0.727066 0.044642 0.065495
0 0.432514 0.005524 0.033915 0.011003
0 0.268527 0.956893 0.050127 0.067279
0 0.743403 0.994173 0.035572 0.009840
0 0.075049 0.872904 0.045052 0.063398
0 0.465738 0.787482 0.040263 0.065936
0 0.202629 0.747278 0.048016 0.066216
0 0.996320 0.670974 0.006366 0.047270
0 0.434945 0.803160 0.047432 0.079377
0 0.599196 0.004411 0.033997 0.008821
0 0.004158 0.797638 0.008317 0.062359
0 0.203955 0.991543 0.038023 0.014471
0 0.008616 0.900677 0.017232 0.070608
0 0.341889 0.872632 0.051038 0.066800
0 0.068333 0.988006 0.044882 0.021473
0 0.360401 0.818164 0.045484 0.075692
0 0.961512 0.990884 0.039437 0.015461
0 0.886699 0.535681 0.044722 0.060816
0 0.987815 0.600814 0.022381 0.068018
0 0.676624 0.801336 0.064714 0.106610
0 0.649198 0.733870 0.045777 0.078009
0 0.618758 0.711619 0.043507 0.064368
0 0.722083 0.954227 0.039559 0.079528
0 0.043795 0.194474 0.045250 0.071406
0 0.436620 0.705861 0.057197 0.097951
0 0.081032 0.199829 0.043607 0.072938
0 0.213067 0.670890 0.045942 0.072357
0 0.872577 0.985093 0.051481 0.026872
0 0.861017 0.684178 0.068498 0.084610
0 0.892043 0.591032 0.042856 0.064680
0 0.985806 0.745373 0.026504 0.069524
0 0.592658 0.632300 0.040882 0.068778
0 0.282763 0.818548 0.076720 0.084193
0 0.761383 0.936019 0.043260 0.062454
0 0.608180 0.980895 0.052810 0.035083
0 0.984030 0.934798 0.030068 0.080906
0 0.640819 0.883760 0.043145 0.074269
0 0.705438 0.712788 0.038150 0.074437
0 0.346522 0.956527 0.050276 0.073623
0 0.452035 0.636086 0.056435 0.061029
0 0.554539 0.632687 0.047880 0.070743
0 0.989120 0.018947 0.020248 0.037893
0 0.793397 0.978565 0.048718 0.039897
0 0.253989 0.697474 0.049604 0.068161
0 0.168022 0.381833 0.044598 0.075749
0 0.433788 0.886753 0.047098 0.071950
0 0.655151 0.959320 0.046051 0.068310
0 0.580904 0.856457 0.073381 0.074834
0 0.699049 0.888960 0.048274 0.067073
0 0.142103 0.422479 0.048767 0.067347
0 0.612898 0.781748 0.038975 0.065071
0 0.233066 0.896740 0.046313 0.070752
0 0.480772 0.978139 0.047335 0.040587
0 0.399133 0.937746 0.048632 0.073838
0 0.987043 0.489658 0.023856 0.076612
0 0.905251 0.746194 0.052096 0.057853
0 0.887757 0.935846 0.047864 0.073594
0 0.311822 0.735680 0.046155 0.068679
0 0.977523 0.849075 0.043002 0.073346
0 0.932973 0.895312 0.044131 0.075176
0 0.826563 0.936714 0.043856 0.067445
0 0.014076 0.594483 0.028116 0.073862
0 0.132546 0.932297 0.050732 0.072733
0 0.715208 0.649658 0.055967 0.071504
0 0.542511 0.963711 0.050910 0.068901
0 0.503368 0.657054 0.047609 0.080941
0 0.417066 0.507577 0.048282 0.066770
0 0.234361 0.388595 0.060399 0.097358
0 0.513391 0.836793 0.047902 0.081053
0 0.373947 0.551747 0.042568 0.074983
0 0.017238 0.510777 0.034475 0.077222
0 0.303038 0.553689 0.052241 0.075126
0 0.021953 0.734143 0.043892 0.067330
0 0.119862 0.686021 0.049767 0.074001
0 0.959100 0.775646 0.052008 0.072559
0 0.162124 0.640666 0.044598 0.074830
0 0.284831 0.619719 0.049583 0.072443
0 0.567134 0.705468 0.048827 0.069020
0 0.801951 0.846714 0.051495 0.070349
0 0.815770 0.622158 0.041727 0.081385
0 0.417637 0.582545 0.044274 0.069875
0 0.916260 0.817067 0.046074 0.071501
0 0.014018 0.280412 0.028037 0.071325
0 0.331390 0.422509 0.042037 0.063578
0 0.950497 0.011932 0.043078 0.023865
0 0.015507 0.127646 0.030994 0.078144
0 0.337454 0.497061 0.046080 0.071680
0 0.582047 0.484371 0.050310 0.058082
0 0.233114 0.599915 0.045693 0.069371
0 0.861719 0.794129 0.048170 0.073520
0 0.104181 0.479226 0.049588 0.064026
0 0.707471 0.433409 0.046530 0.069154
0 0.754661 0.763218 0.047488 0.075959
0 0.199818 0.539010 0.049248 0.066442
0 0.582995 0.554640 0.044388 0.070294
0 0.654138 0.650062 0.053929 0.080694
0 0.019253 0.044032 0.038466 0.065199
0 0.133854 0.573891 0.045719 0.072765
0 0.022153 0.431255 0.044294 0.069590
0 0.074496 0.428447 0.047057 0.062536
0 0.021371 0.352775 0.042721 0.065649
0 0.531321 0.532307 0.042519 0.071668
0 0.834080 0.176378 0.048955 0.077475
0 0.219531 0.104273 0.048692 0.073005
0 0.193502 0.455995 0.048651 0.066292
0 0.777651 0.685956 0.052821 0.073023
0 0.798940 0.547460 0.048879 0.065137
0 0.749953 0.471885 0.044797 0.068151
0 0.693666 0.504837 0.044955 0.069019
0 0.955449 0.655131 0.045606 0.076236
0 0.984651 0.163022 0.028704 0.070344
0 0.779540 0.019975 0.048564 0.039951
0 0.063583 0.526626 0.045157 0.065308
0 0.859229 0.113017 0.048011 0.070118
0 0.801623 0.468999 0.047945 0.068699
0 0.057806 0.605997 0.048659 0.077002
0 0.641101 0.547248 0.047007 0.078267
0 0.090562 0.357221 0.046584 0.068566
0 0.326331 0.352693 0.044732 0.069718
0 0.725728 0.145959 0.043640 0.063662
0 0.095105 0.017128 0.045850 0.034257
0 0.054114 0.274825 0.044104 0.064230
0 0.526065 0.439469 0.048588 0.067751
0 0.747652 0.379314 0.046003 0.071546
0 0.785819 0.279830 0.046820 0.068027
0 0.061311 0.078414 0.048813 0.067734
0 0.932855 0.478275 0.048648 0.056387
0 0.318294 0.227547 0.042261 0.072567
0 0.552259 0.351489 0.044848 0.060473
0 0.662361 0.400077 0.045677 0.075834
0 0.594006 0.413684 0.048778 0.074827
0 0.505957 0.329112 0.041959 0.071320
0 0.403562 0.034263 0.049381 0.068143
0 0.353786 0.164859 0.046666 0.074482
0 0.804177 0.385786 0.044181 0.074910
0 0.453452 0.469913 0.046296 0.074561
0 0.381063 0.318274 0.045957 0.068904
0 0.755307 0.211750 0.050625 0.078748
0 0.947567 0.552798 0.050190 0.068691
0 0.429760 0.298936 0.044801 0.075068
0 0.212576 0.299800 0.048436 0.069703
0 0.804875 0.069684 0.042743 0.065900
0 0.697059 0.210444 0.045504 0.071283
0 0.515471 0.127480 0.044219 0.069366
0 0.891014 0.036926 0.048759 0.071109
0 0.174550 0.041071 0.045244 0.074690
0 0.975977 0.089936 0.043267 0.071935
0 0.240155 0.180669 0.053196 0.071046
0 0.392517 0.232899 0.047008 0.073284
0 0.587721 0.209730 0.054694 0.070983
0 0.534012 0.229451 0.045793 0.067951
0 0.842202 0.277706 0.049534 0.066609
0 0.477248 0.039257 0.044481 0.078514
0 0.137897 0.109746 0.047425 0.071709
0 0.230905 0.031398 0.050291 0.062795
0 0.744615 0.072011 0.046804 0.071932
0 0.330493 0.062704 0.046566 0.068824
0 0.412637 0.109796 0.049657 0.076474
0 0.281597 0.113263 0.050065 0.067422
0 0.612254 0.282157 0.050919 0.073061
0 0.913644 0.279913 0.055896 0.077924
0 0.931770 0.191178 0.042986 0.073419
0 0.937960 0.350217 0.047217 0.070726
0 0.600206 0.129478 0.045994 0.063125
0 0.552723 0.060196 0.049368 0.076616
1 0.290212 0.417163 0.038214 0.088200
2 0.633360 0.407628 0.022617 0.038141
2 0.434100 0.411800 0.023396 0.034565
2 0.310099 0.672229 0.029636 0.040524
2 0.140474 0.519666 0.027296 0.038141
2 0.172840 0.775924 0.023396 0.030989
2 0.245758 0.794994 0.021057 0.033373
2 0.700040 0.986293 0.023396 0.027414