0 0.546201 0.889108 0.051572 0.070116
0 0.002791 0.853577 0.005581 0.060182
0 0.561523 0.943661 0.052313 0.070938
0 0.513534 0.933688 0.046589 0.071943
0 0.606604 0.992720 0.038689 0.012274
0 0.435920 0.974692 0.051757 0.047767
0 0.138009 0.016299 0.043946 0.032597
0 0.386070 0.974488 0.046591 0.048306
0 0.966201 0.984553 0.043360 0.028475
0 0.190336 0.991517 0.042446 0.014489
0 0.061902 0.990385 0.039570 0.017019
0 0.189406 0.804842 0.048090 0.083975
0 0.987630 0.371625 0.022800 0.072331
0 0.663577 0.989413 0.043732 0.018521
0 0.992984 0.222086 0.012653 0.075572
0 0.063230 0.007784 0.041329 0.015568
0 0.152913 0.557398 0.043236 0.075604
0 0.990948 0.570904 0.016817 0.073999
0 0.148681 0.767185 0.047014 0.077345
0 0.142573 0.715425 0.049091 0.068259
0 0.012216 0.554516 0.024431 0.076561
0 0.789409 0.981504 0.050606 0.034219
0 0.015595 0.969440 0.031189 0.058393
0 0.190696 0.010551 0.046994 0.021103
0 0.717378 0.727336 0.042505 0.076858
0 0.118438 0.034412 0.055545 0.064928
0 0.983583 0.944256 0.031406 0.068190
0 0.877553 0.014688 0.051376 0.029376
0 0.111652 0.553377 0.045278 0.065929
0 0.514964 0.772580 0.059368 0.095359
0 0.492313 0.606723 0.051333 0.077374
0 0.138656 0.979996 0.045544 0.037806
0 0.975084 0.018943 0.047186 0.037887
0 0.088282 0.743246 0.043805 0.082343
0 0.626123 0.805252 0.049774 0.065380
0 0.982551 0.860871 0.033363 0.071881
0 0.647396 0.868865 0.051814 0.065910
0 0.149477 0.487003 0.045101 0.072709
0 0.571160 0.823917 0.054262 0.080741
0 0.744699 0.957227 0.046709 0.079096
0 0.810799 0.824630 0.045500 0.064377
0 0.973223 0.629862 0.046376 0.072903
0 0.127308 0.098444 0.046150 0.072400
0 0.022010 0.635090 0.044020 0.074790
0 0.102334 0.672842 0.053860 0.083419
0 0.843416 0.946396 0.047311 0.082452
0 0.441522 0.022240 0.045729 0.044479
0 0.746889 0.875313 0.050907 0.070720
0 0.698848 0.806717 0.053161 0.074889
0 0.694501 0.022354 0.045767 0.044709
0 0.951764 0.686640 0.054234 0.065857
0 0.751693 0.686951 0.048750 0.077360
0 0.306939 0.624246 0.042873 0.069141
0 0.021079 0.465885 0.042158 0.070712
0 0.878205 0.891833 0.048232 0.072994
0 0.191662 0.938448 0.046438 0.075005
0 0.656719 0.291713 0.046798 0.076038
0 0.211659 0.179973 0.043688 0.072131
0 0.928838 0.846962 0.049864 0.080170
0 0.680637 0.231253 0.042645 0.065572
0 0.659377 0.754089 0.048367 0.079890
0 0.019359 0.382630 0.038718 0.080096
0 0.091954 0.957669 0.051742 0.066349
0 0.369320 0.028346 0.051266 0.056680
0 0.619330 0.022341 0.049913 0.044662
0 0.763138 0.800180 0.046113 0.072027
0 0.117849 0.406058 0.050021 0.066360
0 0.585060 0.749120 0.050594 0.070652
0 0.321585 0.697447 0.046041 0.082239
0 0.671275 0.677957 0.043659 0.065867
0 0.653499 0.160413 0.047462 0.084800
0 0.897448 0.681037 0.044282 0.070855
0 0.251174 0.028106 0.051908 0.056213
0 0.608831 0.188520 0.043143 0.078860
0 0.852499 0.175557 0.045882 0.069197
0 0.325458 0.866592 0.055357 0.081254
0 0.724069 0.463849 0.046198 0.070025
0 0.448698 0.790350 0.048588 0.071927
0 0.070876 0.601469 0.053171 0.079330
0 0.940045 0.761017 0.046707 0.077098
0 0.048277 0.816047 0.054849 0.071086
0 0.243928 0.755821 0.051314 0.078682
0 0.092246 0.881519 0.050428 0.070324
0 0.800804 0.392439 0.048348 0.068644
0 0.231105 0.106824 0.044944 0.071430
0 0.048847 0.076945 0.045705 0.065401
0 0.685179 0.092492 0.040809 0.084718
0 0.097941 0.478194 0.048745 0.079458
0 0.502458 0.553629 0.054516 0.076585
0 0.801400 0.312936 0.043721 0.064628
0 0.774435 0.475428 0.045282 0.067964
0 0.215793 0.594051 0.052353 0.080349
0 0.819213 0.501319 0.044064 0.070503
0 0.029998 0.225667 0.051018 0.076370
0 0.938947 0.119219 0.042995 0.078781
0 0.898910 0.152333 0.045356 0.085752
0 0.848154 0.613008 0.047862 0.073681
0 0.054843 0.154052 0.047767 0.067206
0 0.585605 0.621466 0.047257 0.072890
0 0.768371 0.033208 0.050525 0.065257
0 0.394909 0.568548 0.043381 0.065890
0 0.312715 0.194340 0.047777 0.083161
0 0.367653 0.758615 0.049980 0.075883
0 0.923087 0.036426 0.050851 0.072649
0 0.526658 0.079631 0.045576 0.064793
0 0.339633 0.087869 0.048540 0.071707
0 0.734239 0.106262 0.047548 0.076690
0 0.566937 0.034833 0.046413 0.069523
0 0.280747 0.095117 0.046179 0.073561
0 0.740774 0.568092 0.049737 0.070163
0 0.567332 0.227027 0.049171 0.061541
0 0.031530 0.735714 0.048443 0.082121
0 0.848996 0.761796 0.053343 0.079334
0 0.511950 0.286314 0.048227 0.081345
0 0.370105 0.164306 0.052964 0.068122
0 0.904280 0.589073 0.051175 0.079935
0 0.065951 0.378082 0.043279 0.067761
0 0.441786 0.352365 0.051741 0.064537
0 0.576978 0.409226 0.051794 0.075280
0 0.478925 0.232275 0.046114 0.069314
0 0.269736 0.593566 0.046086 0.071345
0 0.555438 0.482113 0.046324 0.075181
0 0.927361 0.515568 0.055610 0.067679
0 0.841878 0.253843 0.050019 0.079348
0 0.732354 0.189229 0.051152 0.074368
0 0.605829 0.344032 0.045408 0.064824
0 0.447368 0.432371 0.045548 0.082130
0 0.504900 0.682194 0.051189 0.073040
0 0.460814 0.076201 0.050346 0.068792
0 0.920168 0.284340 0.053901 0.079160
0 0.614148 0.085312 0.050773 0.071659
0 0.639493 0.594322 0.051639 0.071320
0 0.666698 0.516312 0.051500 0.082037
0 0.787742 0.119816 0.050687 0.079442
0 0.722825 0.274368 0.053649 0.072041
0 0.938739 0.437382 0.047202 0.072295
0 0.399632 0.472409 0.049695 0.067087
0 0.555619 0.144585 0.049187 0.072324
0 0.445206 0.558585 0.046720 0.074451
0 0.561846 0.306955 0.047232 0.077937
0 0.946515 0.356306 0.048193 0.071838
0 0.883629 0.402722 0.049169 0.082546
0 0.327384 0.302142 0.048685 0.074661
0 0.199371 0.299504 0.048365 0.078295
0 0.305344 0.484256 0.050922 0.077148
0 0.403596 0.094092 0.051268 0.075588
0 0.559261 0.560155 0.047915 0.066710
0 0.956312 0.219416 0.049178 0.077507
0 0.500727 0.159650 0.051671 0.073087
0 0.330875 0.557770 0.052251 0.073269
0 0.704184 0.385116 0.051205 0.082181
0 0.189650 0.445343 0.049326 0.078516
0 0.153417 0.354655 0.053640 0.072130
0 0.349101 0.411901 0.048027 0.076617
0 0.058271 0.300911 0.051052 0.070679
0 0.426981 0.193636 0.053444 0.081764
0 0.112041 0.301215 0.046070 0.073783
0 0.413285 0.289532 0.054384 0.079788
1 0.270715 0.384982 0.053812 0.066746
1 0.189607 0.863528 0.046013 0.065554
2 0.211834 0.053635 0.024956 0.042908
2 0.967539 0.557807 0.031195 0.047676
2 0.756971 0.316448 0.018717 0.027414
2 0.651297 0.919547 0.017937 0.027414
2 0.960520 0.889154 0.015598 0.028605
2 0.946092 0.967819 0.017937 0.028605