0 0.528310 0.993857 0.032906 0.010451
0 0.997187 0.927087 0.004640 0.039882
0 0.649514 0.871118 0.031567 0.043119
0 0.860304 0.994804 0.037559 0.008607
0 0.644944 0.993345 0.044078 0.011429
0 0.259465 0.199403 0.040209 0.076443
0 0.263907 0.150477 0.038886 0.049972
0 0.137493 0.003426 0.027737 0.006853
0 0.528577 0.308384 0.046467 0.072522
0 0.340397 0.484646 0.049844 0.051830
0 0.560349 0.295324 0.042515 0.077010
0 0.003983 0.347094 0.007965 0.064823
0 0.004788 0.593173 0.009576 0.061147
0 0.297496 0.484086 0.043353 0.061914
0 0.994903 0.513128 0.008756 0.062190
0 0.402194 0.990957 0.030615 0.015464
0 0.280197 0.274781 0.047812 0.065722
0 0.244960 0.986176 0.044076 0.024903
0 0.307526 0.230152 0.047073 0.066480
0 0.562017 0.008460 0.041842 0.016921
0 0.804360 0.007956 0.036654 0.015899
0 0.988400 0.030927 0.021595 0.061585
0 0.329783 0.018526 0.040581 0.037053
0 0.395969 0.086965 0.040387 0.074529
0 0.436436 0.081532 0.045300 0.067883
0 0.016109 0.081429 0.032191 0.077924
0 0.014301 0.826475 0.028599 0.072445
0 0.284856 0.042826 0.050438 0.084615
0 0.952716 0.019557 0.048756 0.039114
0 0.975887 0.972499 0.046323 0.051924
0 0.024182 0.898373 0.048364 0.072899
0 0.221109 0.140181 0.050486 0.075465
0 0.445756 0.025057 0.051981 0.050114
0 0.851137 0.021121 0.049799 0.042243
0 0.042479 0.027915 0.041572 0.055794
0 0.647301 0.018598 0.052034 0.037196
0 0.057145 0.977404 0.046238 0.042018
0 0.377927 0.023000 0.044912 0.046000
0 0.782340 0.972738 0.042535 0.051594
0 0.739283 0.019227 0.046841 0.038455
0 0.214303 0.955585 0.044328 0.066153
0 0.091960 0.020976 0.050950 0.041952
0 0.784503 0.135259 0.048307 0.068826
0 0.124524 0.078838 0.045496 0.075667
0 0.032229 0.136853 0.049520 0.071778
0 0.211995 0.730404 0.055021 0.075915
0 0.314759 0.392781 0.046165 0.066767
0 0.503434 0.175519 0.047436 0.076544
0 0.488704 0.100786 0.052435 0.071308
0 0.390987 0.407905 0.044567 0.069884
0 0.073381 0.088282 0.048988 0.080312
0 0.902298 0.369863 0.046343 0.078657
0 0.237678 0.066662 0.046072 0.072026
0 0.017241 0.266013 0.034453 0.069719
0 0.568811 0.975549 0.046926 0.046040
0 0.329033 0.298133 0.045499 0.068916
0 0.792453 0.888953 0.044651 0.072150
0 0.517921 0.413105 0.041136 0.064081
0 0.485862 0.350620 0.051321 0.082730
0 0.024600 0.656394 0.047605 0.079846
0 0.092268 0.448275 0.054644 0.078888
0 0.854669 0.688168 0.041739 0.066956
0 0.453117 0.537558 0.044237 0.069598
0 0.894617 0.734288 0.047299 0.076045
0 0.045097 0.772976 0.046513 0.076440
0 0.486028 0.469880 0.039192 0.068847
0 0.929825 0.680433 0.047176 0.081619
0 0.978578 0.177583 0.040714 0.079702
0 0.819511 0.078503 0.055289 0.075167
0 0.243398 0.532750 0.042175 0.065639
0 0.115091 0.942044 0.056654 0.072394
0 0.079891 0.836019 0.050142 0.071011
0 0.176093 0.684938 0.048487 0.076249
0 0.944741 0.388929 0.047530 0.074094
0 0.224384 0.879413 0.048978 0.074982
0 0.380068 0.261429 0.046343 0.067748
0 0.196609 0.214744 0.050366 0.077358
0 0.562355 0.520247 0.057483 0.063312
0 0.534461 0.060013 0.052663 0.077020
0 0.426521 0.605975 0.047705 0.087795
0 0.369164 0.334217 0.043851 0.065963
0 0.124661 0.163660 0.048463 0.076595
0 0.877273 0.074892 0.050083 0.075889
0 0.398297 0.674626 0.046295 0.075627
0 0.477092 0.613873 0.045904 0.076004
0 0.572950 0.398220 0.047577 0.071031
0 0.168774 0.917992 0.049334 0.076140
0 0.100533 0.368643 0.048222 0.071044
0 0.365109 0.735097 0.047644 0.072291
0 0.573116 0.135927 0.047790 0.078226
0 0.550782 0.213208 0.055284 0.072625
0 0.430256 0.345799 0.043910 0.068936
0 0.429297 0.465798 0.043374 0.076536
0 0.189700 0.603641 0.042613 0.063289
0 0.447279 0.966276 0.047621 0.064488
0 0.129660 0.612587 0.044771 0.083297
0 0.268420 0.354344 0.048135 0.078369
0 0.756116 0.835578 0.049516 0.074301
0 0.734515 0.962395 0.046840 0.064394
0 0.692774 0.633468 0.052740 0.068339
0 0.877529 0.917224 0.046765 0.079270
0 0.692354 0.391956 0.046262 0.084496
0 0.560145 0.817608 0.050515 0.081664
0 0.939882 0.909305 0.051554 0.080076
0 0.717836 0.189269 0.052378 0.080826
0 0.899962 0.210683 0.045592 0.067511
0 0.138484 0.535954 0.047863 0.062987
0 0.283167 0.586984 0.051340 0.082970
0 0.597605 0.586678 0.047999 0.083827
0 0.702067 0.057598 0.048888 0.070312
0 0.074284 0.520556 0.051121 0.074765
0 0.237309 0.654775 0.051960 0.070674
0 0.270807 0.910728 0.047166 0.078767
0 0.805961 0.558974 0.049332 0.080050
0 0.122020 0.243314 0.046351 0.070543
0 0.742648 0.104206 0.041816 0.085285
0 0.815475 0.395161 0.048767 0.073401
0 0.810911 0.474940 0.047157 0.071981
0 0.082785 0.285974 0.050229 0.067847
0 0.725264 0.452961 0.048196 0.071585
0 0.504449 0.548503 0.047959 0.069598
0 0.143334 0.410334 0.043994 0.071546
0 0.240564 0.782563 0.046435 0.070611
0 0.787544 0.757145 0.049414 0.075150
0 0.765929 0.338583 0.045335 0.071305
0 0.700555 0.784041 0.040525 0.071070
0 0.972548 0.648223 0.049009 0.079647
0 0.864008 0.264445 0.046840 0.080880
0 0.071338 0.701690 0.050171 0.075369
0 0.810240 0.650268 0.047604 0.086787
0 0.906773 0.831489 0.054016 0.081885
0 0.522972 0.707803 0.059346 0.069482
0 0.465546 0.802108 0.047855 0.085670
0 0.837531 0.172798 0.048257 0.074704
0 0.245580 0.453860 0.045994 0.075403
0 0.707604 0.529908 0.046422 0.076826
0 0.663963 0.209500 0.042759 0.077251
0 0.626765 0.414389 0.050787 0.080170
0 0.720737 0.702494 0.047083 0.074265
0 0.341804 0.951367 0.045434 0.077636
0 0.641618 0.948821 0.051169 0.079973
0 0.623108 0.498724 0.050918 0.075068
0 0.875250 0.453603 0.057261 0.070845
0 0.620264 0.718728 0.046470 0.073440
0 0.588511 0.901447 0.047902 0.079456
0 0.341902 0.644914 0.047593 0.075175
0 0.948018 0.757835 0.048254 0.076489
0 0.624536 0.097245 0.053189 0.072886
0 0.033576 0.368237 0.046686 0.074596
0 0.199635 0.402839 0.044912 0.070068
0 0.117918 0.745630 0.049045 0.078435
0 0.452090 0.890376 0.047538 0.072295
0 0.653094 0.800939 0.045643 0.074067
0 0.967627 0.467450 0.049994 0.085177
0 0.610826 0.223807 0.052357 0.079697
0 0.920717 0.138213 0.054632 0.074689
0 0.739432 0.267966 0.050856 0.075707
1 0.858356 0.622169 0.035875 0.057211
1 0.533535 0.932658 0.039774 0.032181
3 0.326086 0.117998 0.103724 0.164482