0 0.323800 0.995305 0.032203 0.007845
0 0.995510 0.699105 0.007934 0.056900
0 0.090367 0.992226 0.027671 0.013372
0 0.997269 0.541858 0.004871 0.051147
0 0.996403 0.616584 0.006286 0.045641
0 0.994384 0.024890 0.009912 0.049780
0 0.191820 0.895266 0.048632 0.069610
0 0.244291 0.990163 0.039577 0.016710
0 0.214886 0.927714 0.045763 0.078903
0 0.584718 0.007181 0.041292 0.014362
0 0.992677 0.909223 0.013056 0.061749
0 0.432860 0.157846 0.041959 0.070234
0 0.178968 0.988183 0.037914 0.020551
0 0.992536 0.323827 0.013261 0.058462
0 0.580166 0.948394 0.039818 0.058995
0 0.167318 0.301548 0.046424 0.075539
0 0.135695 0.319215 0.048807 0.076937
0 0.989152 0.775070 0.019903 0.066585
0 0.853978 0.894153 0.059548 0.101549
0 0.397883 0.167483 0.043409 0.085491
0 0.743284 0.857805 0.044526 0.073374
0 0.608676 0.982483 0.041672 0.032067
0 0.012453 0.422525 0.024906 0.083358
0 0.018431 0.900450 0.036862 0.077785
0 0.449604 0.566979 0.053955 0.072359
0 0.472417 0.012727 0.038809 0.025455
0 0.848216 0.984058 0.054906 0.028759
0 0.538204 0.946183 0.050779 0.065231
0 0.486707 0.533561 0.050693 0.070799
0 0.757851 0.913279 0.051027 0.069218
0 0.034747 0.485787 0.044708 0.075163
0 0.968311 0.973866 0.049277 0.049248
0 0.495554 0.981375 0.057881 0.034145
0 0.016239 0.030029 0.032466 0.060000
0 0.652810 0.148037 0.048539 0.072361
0 0.680904 0.189571 0.047669 0.078637
0 0.264243 0.162976 0.044048 0.072147
0 0.777893 0.972419 0.045782 0.052137
0 0.016803 0.718023 0.033525 0.071531
0 0.129503 0.025709 0.053100 0.051417
0 0.120452 0.966822 0.046308 0.063301
0 0.016853 0.124941 0.033647 0.079510
0 0.055635 0.432644 0.046464 0.074345
0 0.033371 0.962620 0.052421 0.071515
0 0.016844 0.801373 0.033654 0.075157
0 0.449348 0.220056 0.051132 0.071187
0 0.160391 0.164709 0.056607 0.069746
0 0.425058 0.023056 0.039929 0.046113
0 0.487528 0.131237 0.046491 0.064596
0 0.420561 0.975625 0.049908 0.045521
0 0.365513 0.974434 0.049317 0.047937
0 0.308550 0.135062 0.055412 0.076470
0 0.274821 0.020075 0.040153 0.040116
0 0.663653 0.972900 0.043054 0.051200
0 0.528964 0.020174 0.042211 0.040348
0 0.881789 0.835362 0.047521 0.070143
0 0.549981 0.324528 0.049438 0.085494
0 0.592062 0.288226 0.054067 0.075232
0 0.353935 0.512185 0.037283 0.072483
0 0.058563 0.042851 0.046342 0.073970
0 0.892742 0.024612 0.051207 0.049157
0 0.115642 0.649930 0.045337 0.074142
0 0.750088 0.105321 0.048915 0.061346
0 0.213137 0.138815 0.047185 0.078342
0 0.337504 0.026034 0.041416 0.052038
0 0.103588 0.196581 0.043943 0.066006
0 0.565649 0.872005 0.048095 0.085749
0 0.147325 0.913475 0.038281 0.076588
0 0.531408 0.118691 0.044317 0.076309
0 0.165536 0.092378 0.053221 0.068184
0 0.601531 0.042583 0.053054 0.065142
0 0.411228 0.083598 0.050107 0.070826
0 0.646890 0.762005 0.047667 0.067494
0 0.241751 0.077558 0.047742 0.064067
0 0.760851 0.039872 0.049858 0.073771
0 0.501782 0.276603 0.044337 0.075801
0 0.837654 0.800456 0.045313 0.068811
0 0.978053 0.217007 0.041863 0.070499
0 0.918685 0.895211 0.047372 0.078273
0 0.970474 0.690987 0.044883 0.078393
0 0.690220 0.106472 0.047722 0.077763
0 0.200188 0.219990 0.046302 0.072855
0 0.352937 0.429264 0.044937 0.076172
0 0.791666 0.840612 0.044008 0.076617
0 0.967236 0.832820 0.050380 0.073261
0 0.610014 0.115090 0.047465 0.070965
0 0.687351 0.815423 0.046249 0.077426
0 0.513109 0.684502 0.048825 0.070092
0 0.606641 0.669187 0.046175 0.072601
0 0.971996 0.136124 0.044276 0.066156
0 0.859904 0.483501 0.043008 0.068771
0 0.373959 0.700913 0.043697 0.068415
0 0.690786 0.904274 0.050839 0.079233
0 0.897188 0.684414 0.046569 0.069226
0 0.076909 0.125411 0.053895 0.072900
0 0.400768 0.764910 0.047424 0.066100
0 0.246644 0.772940 0.050644 0.078363
0 0.722619 0.219575 0.045524 0.077557
0 0.964810 0.058173 0.051331 0.080401
0 0.286788 0.959835 0.050873 0.076683
0 0.334219 0.209799 0.048577 0.068903
0 0.287056 0.258820 0.044453 0.068920
0 0.794949 0.754841 0.052609 0.065414
0 0.041829 0.223543 0.048620 0.086945
0 0.325009 0.357028 0.047370 0.074392
0 0.854456 0.322244 0.044831 0.067371
0 0.565135 0.207211 0.045606 0.072568
0 0.228217 0.631965 0.047525 0.068343
0 0.311096 0.472442 0.046045 0.078459
0 0.550391 0.762604 0.044767 0.065805
0 0.700832 0.733307 0.041090 0.076985
0 0.549148 0.413398 0.049839 0.074105
0 0.241599 0.859675 0.046148 0.076709
0 0.514318 0.837268 0.046976 0.082981
0 0.022968 0.340507 0.041856 0.075476
0 0.626427 0.232426 0.049938 0.079239
0 0.245399 0.292464 0.044729 0.080068
0 0.265325 0.380286 0.043332 0.069631
0 0.897646 0.763802 0.048912 0.071964
0 0.690078 0.030835 0.053827 0.061618
0 0.323946 0.571557 0.045248 0.070222
0 0.129699 0.748735 0.041891 0.078519
0 0.135067 0.420853 0.049496 0.069111
0 0.456136 0.306156 0.042229 0.068691
0 0.073596 0.311902 0.041040 0.071998
0 0.444702 0.906368 0.047657 0.069733
0 0.108706 0.504401 0.051873 0.075909
0 0.474520 0.782514 0.049155 0.071341
0 0.879391 0.206081 0.044278 0.072329
0 0.327396 0.856728 0.046975 0.073651
0 0.858092 0.401614 0.050254 0.076733
0 0.658929 0.689490 0.050655 0.063181
0 0.921284 0.278471 0.047215 0.078341
0 0.165063 0.819984 0.046394 0.072946
0 0.743287 0.781157 0.047911 0.073385
0 0.033058 0.647199 0.048303 0.076162
0 0.359639 0.629313 0.058989 0.072686
0 0.819307 0.170016 0.050977 0.075572
0 0.609946 0.826825 0.047277 0.076279
0 0.611753 0.364228 0.050395 0.073963
0 0.406194 0.276921 0.042327 0.073260
0 0.905950 0.506521 0.046809 0.081396
0 0.923496 0.165744 0.047560 0.081589
0 0.955828 0.611015 0.049228 0.070752
0 0.950249 0.419153 0.047015 0.070881
0 0.891427 0.601675 0.048334 0.071202
0 0.202691 0.463100 0.046611 0.072457
0 0.763043 0.260938 0.041582 0.067177
0 0.375464 0.833541 0.044760 0.072886
0 0.353283 0.287011 0.050796 0.078154
0 0.775318 0.658719 0.039777 0.091051
0 0.402149 0.500186 0.050397 0.086268
0 0.205797 0.713671 0.051568 0.080463
0 0.161819 0.578892 0.047339 0.084588
0 0.446208 0.390922 0.050018 0.077679
0 0.812953 0.272238 0.047628 0.071398
0 0.072603 0.723412 0.052849 0.079213
0 0.261516 0.578687 0.049423 0.072718
0 0.269414 0.688416 0.050973 0.078400
0 0.724287 0.650671 0.041811 0.069950
0 0.609887 0.587249 0.050745 0.080781
0 0.770435 0.548967 0.050348 0.077067
0 0.662110 0.576244 0.046086 0.071327
0 0.672962 0.486349 0.046769 0.070090
1 0.491421 0.632896 0.033535 0.050060
2 0.931275 0.375447 0.022617 0.038141
2 0.889551 0.272348 0.017157 0.027414
2 0.467245 0.050060 0.030415 0.042908