0 0.310292 0.002852 0.031728 0.005606
0 0.713328 0.003600 0.028980 0.007200
0 0.112518 0.995717 0.040953 0.007682
0 0.442857 0.994160 0.030911 0.009882
0 0.003835 0.564781 0.007670 0.055837
0 0.003813 0.354183 0.007627 0.058424
0 0.987369 0.988924 0.023606 0.019509
0 0.005912 0.877591 0.011824 0.072358
0 0.994104 0.319872 0.010353 0.064469
0 0.994069 0.126786 0.010393 0.056407
0 0.994065 0.685594 0.010361 0.063662
0 0.749577 0.984225 0.050301 0.028766
0 0.992367 0.506392 0.013734 0.068171
0 0.030399 0.987100 0.053735 0.023241
0 0.562499 0.988774 0.038806 0.019621
0 0.255608 0.099331 0.063493 0.066075
0 0.988928 0.033770 0.020657 0.067345
0 0.796070 0.136204 0.047404 0.073039
0 0.820181 0.185330 0.049618 0.079774
0 0.755398 0.021222 0.042661 0.042381
0 0.245406 0.988109 0.052232 0.020971
0 0.266251 0.032179 0.041682 0.064336
0 0.787605 0.964903 0.049644 0.067250
0 0.957696 0.014593 0.045360 0.029139
0 0.840643 0.016945 0.046185 0.033891
0 0.019496 0.027036 0.038993 0.054008
0 0.757931 0.078701 0.052658 0.085580
0 0.214306 0.039357 0.051263 0.078623
0 0.375420 0.021525 0.040730 0.043011
0 0.019654 0.194697 0.039307 0.075762
0 0.468247 0.967848 0.047789 0.060887
0 0.069869 0.136930 0.037029 0.068480
0 0.517129 0.971891 0.045395 0.053132
0 0.368265 0.100193 0.048203 0.084235
0 0.157619 0.031475 0.053601 0.062915
0 0.177133 0.972165 0.049662 0.052865
0 0.139532 0.916089 0.043338 0.074048
0 0.288137 0.425821 0.041974 0.073517
0 0.116813 0.683140 0.042734 0.066136
0 0.570340 0.830121 0.057715 0.059922
0 0.165080 0.101390 0.049335 0.068781
0 0.588229 0.953200 0.051099 0.082937
0 0.372457 0.754746 0.046488 0.075804
0 0.316364 0.130908 0.050946 0.085089
0 0.058420 0.949504 0.046693 0.069785
0 0.352895 0.920084 0.048909 0.074966
0 0.212947 0.921867 0.048018 0.078901
0 0.919521 0.964990 0.048423 0.067281
0 0.253240 0.844401 0.051328 0.073959
0 0.022530 0.117674 0.044970 0.072337
0 0.250799 0.216200 0.047032 0.074875
0 0.655061 0.073815 0.053151 0.080880
0 0.300041 0.963924 0.052072 0.069147
0 0.872799 0.217496 0.052512 0.077127
0 0.514598 0.404633 0.054515 0.073110
0 0.305952 0.214951 0.050877 0.077127
0 0.130014 0.458022 0.047415 0.076439
0 0.525852 0.028389 0.046307 0.056778
0 0.398204 0.960738 0.044582 0.073273
0 0.091185 0.217785 0.051251 0.086405
0 0.405228 0.676634 0.052165 0.085121
0 0.906308 0.150552 0.042590 0.088537
0 0.455440 0.895714 0.050291 0.075591
0 0.395435 0.198519 0.053270 0.080925
0 0.871182 0.848494 0.044482 0.070392
0 0.253089 0.760030 0.048135 0.079797
0 0.211238 0.284553 0.051121 0.069492
0 0.614512 0.885504 0.049808 0.079345
0 0.459464 0.818962 0.054774 0.068654
0 0.153145 0.734979 0.043017 0.072162
0 0.867920 0.066343 0.050913 0.080081
0 0.433056 0.294469 0.047042 0.071972
0 0.832696 0.914454 0.043793 0.093248
0 0.455736 0.228033 0.044522 0.072875
0 0.432856 0.739242 0.047968 0.077513
0 0.694112 0.134504 0.053702 0.080592
0 0.201436 0.364269 0.053225 0.080485
0 0.116284 0.605861 0.044751 0.071794
0 0.112710 0.112347 0.045235 0.072528
0 0.459826 0.360054 0.050619 0.082328
0 0.612629 0.127220 0.045999 0.073340
0 0.185079 0.850034 0.050067 0.081691
0 0.709345 0.826277 0.048506 0.084320
0 0.565546 0.665665 0.043500 0.073461
0 0.422896 0.062564 0.045770 0.070015
0 0.047732 0.625176 0.049520 0.080367
0 0.962582 0.908747 0.053396 0.074803
0 0.439859 0.143785 0.049550 0.081322
0 0.051841 0.295123 0.051036 0.080870
0 0.378569 0.289824 0.050556 0.077447
0 0.024481 0.770204 0.048148 0.078354
0 0.662797 0.702347 0.046034 0.084425
0 0.556920 0.746044 0.052377 0.076805
0 0.518820 0.860481 0.050377 0.082024
0 0.848764 0.419076 0.048379 0.078373
0 0.232378 0.443348 0.052072 0.084092
0 0.542611 0.308352 0.048956 0.072028
0 0.560752 0.087979 0.052743 0.076605
0 0.954862 0.160907 0.046425 0.078384
0 0.561693 0.192030 0.051148 0.083333
0 0.057023 0.537046 0.048136 0.080823
0 0.199845 0.767913 0.047749 0.075527
0 0.054097 0.450581 0.052572 0.080287
0 0.778133 0.779397 0.050750 0.088112
0 0.475411 0.053555 0.046442 0.076958
0 0.507094 0.216258 0.044989 0.079551
0 0.150765 0.237425 0.049284 0.079604
0 0.904876 0.805532 0.043848 0.079930
0 0.868084 0.301211 0.050111 0.070890
0 0.661978 0.365773 0.045315 0.076254
0 0.315719 0.506410 0.050965 0.078341
0 0.886406 0.370776 0.047805 0.068672
0 0.150848 0.531096 0.057540 0.078501
0 0.414393 0.585202 0.052372 0.084138
0 0.371896 0.501591 0.051094 0.076135
0 0.276660 0.616862 0.051698 0.079779
0 0.392463 0.408803 0.050814 0.076726
0 0.815421 0.307491 0.044133 0.076448
0 0.953841 0.824319 0.048709 0.073903
0 0.687133 0.298667 0.046049 0.071865
0 0.662386 0.450685 0.052099 0.071557
0 0.303845 0.735208 0.053122 0.087608
0 0.745223 0.421277 0.048212 0.082203
0 0.712002 0.735563 0.050611 0.086121
0 0.777453 0.689428 0.051989 0.076441
0 0.963453 0.462736 0.048444 0.080440
0 0.518346 0.609620 0.047518 0.076916
0 0.571489 0.384429 0.051605 0.087354
0 0.778210 0.599244 0.051256 0.083617
0 0.723400 0.553859 0.044638 0.073705
0 0.487333 0.701893 0.053175 0.086390
0 0.446375 0.513816 0.044528 0.073766
0 0.217921 0.609375 0.052654 0.084079
0 0.768401 0.346384 0.051000 0.075827
0 0.921776 0.706431 0.046579 0.082031
0 0.666254 0.540336 0.055513 0.080604
0 0.913298 0.615513 0.048898 0.074978
0 0.505650 0.499280 0.047544 0.077472
0 0.802973 0.517247 0.050522 0.081500
1 0.686782 0.038141 0.048353 0.076281
1 0.391206 0.836710 0.045233 0.083433
1 0.597485 0.292014 0.046013 0.083433
2 0.092902 0.464243 0.022617 0.034565
2 0.919966 0.222288 0.037434 0.053635
2 0.993908 0.377235 0.012184 0.041716
2 0.893840 0.433850 0.024176 0.038141
2 0.788556 0.255066 0.024176 0.042908
2 0.787776 0.187723 0.021057 0.036949
2 0.519497 0.078069 0.022617 0.032181
2 0.827550 0.787247 0.024176 0.039333
2 0.812343 0.815852 0.021837 0.036949
2 0.786217 0.879023 0.019497 0.032181
2 0.967539 0.963051 0.020277 0.028605