0 0.770688 0.306737 0.057094 0.081634
0 0.774425 0.381719 0.048040 0.074084
0 0.828097 0.123460 0.047352 0.075629
0 0.996140 0.188130 0.006455 0.048690
0 0.505449 0.664627 0.082029 0.085889
0 0.637551 0.446224 0.048891 0.071144
0 0.522863 0.285415 0.057003 0.114813
0 0.676676 0.677446 0.055530 0.076221
0 0.481734 0.592893 0.044621 0.082128
0 0.993420 0.703863 0.011295 0.063464
0 0.723801 0.663758 0.057293 0.091080
0 0.994994 0.637856 0.008395 0.057058
0 0.502637 0.430193 0.069340 0.094259
0 0.928828 0.374346 0.053433 0.160759
0 0.633871 0.327402 0.065349 0.074507
0 0.004686 0.542122 0.009371 0.072147
0 0.142481 0.893038 0.043204 0.069623
0 0.454327 0.400347 0.055020 0.084929
0 0.462210 0.518118 0.073247 0.088938
0 0.955934 0.273243 0.048637 0.079785
0 0.727586 0.094450 0.146903 0.137009
0 0.168923 0.991666 0.043325 0.014243
0 0.411921 0.006946 0.037277 0.013841
0 0.934770 0.588257 0.048242 0.116204
0 0.966501 0.191870 0.046414 0.095978
0 0.196752 0.125748 0.095968 0.110008
0 0.335309 0.310871 0.068829 0.137683
0 0.016800 0.989457 0.033600 0.018477
0 0.820235 0.505631 0.060062 0.106459
0 0.788992 0.452525 0.047850 0.077641
0 0.449309 0.990950 0.041329 0.015234
0 0.895596 0.613541 0.045913 0.069572
0 0.712181 0.016134 0.078796 0.032269
0 0.298322 0.010719 0.050348 0.021395
0 0.255619 0.271227 0.064620 0.223860
0 0.989209 0.424593 0.019839 0.108986
0 0.454852 0.855653 0.049514 0.078792
0 0.469710 0.155791 0.094351 0.085110
0 0.143633 0.720413 0.054719 0.080508
0 0.008609 0.187214 0.017165 0.064327
0 0.682441 0.518940 0.103121 0.103208
0 0.420826 0.831937 0.050815 0.084451
0 0.985223 0.329133 0.027690 0.072970
0 0.151140 0.401676 0.063958 0.101200
0 0.986232 0.052905 0.025964 0.094034
0 0.527173 0.989278 0.041497 0.018557
0 0.960328 0.012894 0.047784 0.025697
0 0.333317 0.076433 0.090501 0.152297
0 0.106298 0.745142 0.043717 0.074120
0 0.432218 0.081794 0.054558 0.080084
0 0.258870 0.896324 0.043601 0.066259
0 0.684078 0.193251 0.045964 0.079939
0 0.012652 0.922828 0.025304 0.074424
0 0.168807 0.948585 0.041993 0.076042
0 0.735175 0.215362 0.050236 0.084640
0 0.981872 0.969994 0.034329 0.057112
0 0.819915 0.025361 0.042318 0.050702
0 0.988441 0.781328 0.021298 0.070136
0 0.711689 0.986151 0.055366 0.024735
0 0.395473 0.198733 0.042482 0.101418
0 0.188786 0.469410 0.047351 0.081387
0 0.575469 0.572033 0.046998 0.073022
0 0.621927 0.595090 0.046983 0.077928
0 0.464644 0.251593 0.059381 0.091816
0 0.902998 0.051098 0.067821 0.101982
0 0.222943 0.926024 0.052641 0.070403
0 0.126830 0.960027 0.048961 0.076676
0 0.294423 0.455638 0.059104 0.079865
0 0.103651 0.857207 0.044065 0.095088
0 0.224035 0.982578 0.050968 0.032136
0 0.986003 0.857277 0.026154 0.074892
0 0.348307 0.503925 0.060339 0.103374
0 0.706404 0.319767 0.063862 0.140584
0 0.405577 0.310834 0.056951 0.126414
0 0.148350 0.019235 0.047733 0.038389
0 0.856503 0.576400 0.049792 0.076312
0 0.026441 0.857527 0.052859 0.067515
0 0.388140 0.978349 0.055509 0.039985
0 0.589077 0.657786 0.042765 0.068561
0 0.500635 0.043607 0.056639 0.087151
0 0.060137 0.462522 0.071773 0.135141
0 0.900874 0.509937 0.048622 0.075966
0 0.629054 0.039908 0.046572 0.078597
0 0.215785 0.648125 0.080527 0.100327
0 0.806105 0.757304 0.040702 0.085564
0 0.045587 0.791197 0.050348 0.090313
0 0.805668 0.676863 0.046101 0.069528
0 0.065214 0.212845 0.043348 0.084585
0 0.277118 0.530732 0.059296 0.076756
0 0.632023 0.709833 0.046082 0.074919
0 0.420461 0.653533 0.052755 0.135282
0 0.743911 0.586733 0.055327 0.077188
0 0.549100 0.738613 0.045016 0.072686
0 0.249073 0.715944 0.047779 0.071766
0 0.386977 0.772357 0.052169 0.073942
0 0.964474 0.922069 0.051621 0.080149
0 0.111166 0.513362 0.046977 0.075731
0 0.073957 0.137366 0.047980 0.078632
0 0.765495 0.778279 0.045188 0.095113
0 0.291717 0.968057 0.039834 0.060953
0 0.204860 0.561117 0.049032 0.084859
0 0.915126 0.696573 0.060279 0.090438
0 0.760543 0.866484 0.045484 0.072306
0 0.347173 0.698872 0.047634 0.082509
0 0.565837 0.049076 0.048886 0.081356
0 0.494750 0.774368 0.052254 0.074967
0 0.324750 0.599858 0.054069 0.077812
0 0.161325 0.196772 0.046916 0.078108
0 0.159520 0.312800 0.044895 0.070262
0 0.589160 0.255293 0.068805 0.090123
0 0.025710 0.262340 0.049550 0.081004
0 0.350428 0.889136 0.056812 0.106152
0 0.030696 0.348357 0.061391 0.081940
0 0.879177 0.782956 0.049861 0.065143
0 0.816672 0.875133 0.047295 0.082265
0 0.475149 0.933027 0.044340 0.076455
0 0.660506 0.831352 0.048394 0.086835
0 0.033599 0.673808 0.047413 0.083807
0 0.544613 0.820610 0.046932 0.079185
0 0.707094 0.790388 0.054966 0.080771
0 0.300274 0.809747 0.047897 0.100038
0 0.943449 0.808457 0.046309 0.075279
0 0.588839 0.966543 0.051574 0.063766
0 0.911847 0.952494 0.049048 0.079073
0 0.611923 0.167961 0.071767 0.078940
0 0.081415 0.051665 0.051472 0.081546
0 0.698602 0.932584 0.056069 0.083540
0 0.546233 0.923468 0.054717 0.083058
0 0.638270 0.955501 0.048988 0.078719
1 0.388477 0.445173 0.028856 0.084625
2 0.302690 0.364720 0.017937 0.030989
2 0.561221 0.507151 0.017157 0.029797
2 0.944533 0.724672 0.017937 0.028605
2 0.797135 0.261025 0.016378 0.030989
2 0.117858 0.679380 0.019497 0.028605
3 0.166990 0.839094 0.095925 0.162098
0 0.838859 0.264005 0.042114 0.075089
0 0.810393 0.193683 0.039774 0.065554